00  0   3.82618e-11  -6.04102e-07   0.130267    -1.21105
01  0   3.03441e-11  -6.91515e-07   0.132255    -0.877077
02  0   2.76957e-11  -8.19216e-07   0.135353    0.40325
03  0   4.92834e-11  -7.15154e-07   0.130984    0.57686
04  0   9.58551e-12  -5.98699e-07   0.132531    0.759394
05  0   2.64927e-11  -4.29407e-07   0.13041     -0.19761
06  0   2.14098e-11  -5.33965e-07   0.133775    0.222592
07  0   1.95337e-11  -5.63128e-07   0.131885    0.507799
08  0   3.23371e-11  -6.4175e-07    0.133659    0.0252863
09  0   3.90246e-11  -8.86068e-07   0.133505    -0.369099
10  0   2.04813e-11  -6.54957e-07   0.13269     1.54051
11  0   2.63094e-11  -2.95187e-07   0.1297      1.58134
12  0   7.76696e-11  -6.15977e-07   0.132621    0.0818081
13  0   2.6411e-11   -8.12557e-07   0.133613    1.28186
14  0   2.47795e-11  -4.36573e-07   0.131358    1.94077
15  0   3.86156e-12  -4.05076e-07   0.127612    -0.240314
16  0   1.39198e-11  -1.14055e-07   0.126322    1.21492
17  0   6.65136e-11  -5.28067e-07   0.125936    -0.450341
18  0   1.15327e-11  -5.1941e-07    0.132974    0.639145
19  0   7.83891e-11  -4.17979e-07   0.125456    1.06912
20  0   4.6894e-11   -1.07453e-06   0.135675    1.11912
21  0   9.4145e-11   -1.27681e-06   0.132021    -2.61547
22  0   3.46626e-11  -2.98499e-07   0.129735    0.428746
23  0   4.21211e-11  -5.33242e-07   0.130261    -0.762664
24  0   4.31209e-11  -1.52628e-07   0.126887    2.89761
25  0   6.41084e-12  -4.53714e-07   0.132713    2.05372
26  0   7.34058e-11  -1.21036e-06   0.133232    -0.981521
27  0   1.34719e-11  -3.77095e-07   0.127859    0.0628788
28  0   3.35767e-11  -3.90541e-07   0.132034    -0.386649
29  0   6.6889e-11   -6.66366e-07   0.129264    -0.47295
30  0   7.81648e-11  -8.2508e-07    0.129337    -1.4693
31  0   3.07812e-11  -5.56002e-07   0.131048    0.535996
32  0   1.56762e-11  -4.44691e-07   0.130121    1.0545
33  0   0            -4.49858e-07   0.134084    -1.20344
34  0   1.72216e-11  -6.65208e-07   0.133114    -0.917781
35  0   2.86529e-11  -6.25838e-07   0.132562    -0.0389994
36  0   0               0           0               0
37  0   0               0           0               0
38  0   0               0           0               0
