00  -2.05472e-15 8.92162e-11 -9.77159e-07 0.13132 -2.93121
01  7.14385e-16    7.09055e-12  -4.62365e-07   0.131483    -1.58236
02   -3.02806e-15 8.20697e-11 -1.0854e-06 0.135672 -0.998793
03  1.23415e-15 1.38666e-11 -3.94039e-07 0.129929 0.347702
04  7.25828e-16 -3.96208e-12 -5.44463e-07 0.132578 -0.68084
05  3.97601e-17 1.84598e-11 -3.10291e-07 0.129903 -1.07294
06  2.56305e-15 -3.53503e-11 -1.50832e-07 0.132913 -0.53107
07  8.42177e-17 1.44714e-11 -4.93673e-07 0.131538 -0.411343
08  -6.85964e-16 4.48975e-11 -7.19015e-07 0.133855 -1.44547
09  2.89573e-15 -2.60167e-11 -4.16985e-07 0.13223 -0.690761
10  1.79915e-15 -2.32296e-11 -3.14294e-07 0.131723 1.0112
11  2.55495e-15 -2.90463e-11 6.96147e-08 0.128887 0.79335
12  -5.07321e-15 1.74506e-10 -1.18772e-06 0.133065 -1.85329
13  1.51929e-15 -1.41942e-11 -4.69903e-07 0.132615 0.738275
14  4.04817e-15 -7.0975e-11 2.88383e-07  0.12941 2.05663
15  -1.33983e-15 3.36082e-11 -6.22467e-07 0.128181 -1.93832
16  4.30431e-15 -8.42e-11 5.85859e-07 0.124582 1.16703
17  2.06398e-15 1.79291e-11 -1.6323e-07 0.124938 -0.933376
18  1.20763e-15 -1.68854e-11 -3.07374e-07 0.132389 -0.231679
19  2.22744e-15 2.77456e-11 -6.60377e-08 0.124638 0.37097
20  -4.85132e-15 1.43078e-10 -1.64739e-06 0.136753 -0.762685
21  4.81123e-16 7.62055e-11 -1.08505e-06 0.131327 -3.29267
22  1.67845e-15 -3.1022e-12 -5.24655e-08 0.129274 -0.598676
23  3.46782e-15 -2.93707e-11 -1.05931e-07 0.129539 -1.7238
24  6.31523e-15 -9.73362e-11 8.14215e-07 0.124675 3.11127
25  1.76239e-15 -3.48493e-11 -1.62273e-07 0.132065 1.13751
26  3.53733e-15 -1.04308e-11 -5.83749e-07 0.131611 -1.13407
27  1.5756e-15 -2.37582e-11 -1.10442e-07 0.127232 -0.784795
28  2.40742e-16 2.46452e-11 -3.06853e-07 0.13181 -1.50564
29  4.2625e-15 -2.67096e-11 -2.71186e-08 0.127769 -0.741211
30  6.39285e-15 -6.50376e-11 1.92004e-07 0.126761 -0.792436
31  5.51336e-15 -8.88872e-11 2.41544e-07 0.129256 0.481229
32  2.0615e-15 -3.10535e-11 -1.28957e-07 0.129452 0.220701
33  1.10785e-15 -2.0478e-11 -3.34663e-07 0.133694 -1.31827
34  -1.73402e-15 5.16221e-11 -8.75832e-07 0.133544 -2.47293
35  -5.24364e-16 3.44993e-11 -6.13658e-07 0.132339 -1.07395
36  0   0               0           0               0
37  0   0               0           0               0
38  0   0               0           0               0
