00  0   9.29494e-11 -1.74731e-06    0.156153    -8.64478
01  0   8.52790e-11 -1.80212e-06    0.161413    -9.27731
02  0   8.37819e-11 -1.91929e-06    0.144337    -6.72398
03  0   1.10876e-10 -1.92448e-06    0.13923     -6.42827
04  0   6.83378e-11 -1.74702e-06    0.157994    -8.64369
05  0   8.27222e-11 -1.41486e-06    0.149686    -6.07848
06  0   4.95458e-11 -1.16686e-06    0.143095    -6.74646
07  0   6.42644e-11 -1.49541e-06    0.15156     -7.61203
08  0   1.09977e-10 -2.02605e-06    0.149905    -7.56965
09  0   2.11134e-10 -3.47625e-06    0.181597    -9.43548
10  0   8.27671e-11 -1.80363e-06    0.149913    -7.02761
11  0   1.29184e-10 -2.07713e-06    0.153593    -6.70665
12  0   1.22586e-10 -2.16408e-06    0.15644     -9.34202
13  0   1.29239e-10 -2.80006e-06    0.163823    -6.18623
14  0   1.11942e-10 -2.26809e-06    0.168959    -7.21241
15  0   8.58437e-11 -1.99202e-06    0.142975    -8.12083
16  0   1.16722e-10 -1.45840e-06    0.167273    -6.5312
17  0   3.00241e-10 -3.02888e-06    0.183416    -7.47184
18  0   1.07879e-10 -2.21538e-06    0.15473     -6.33488
19  0   1.99525e-10 -2.45975e-06    0.154921    -8.18172
20  0   2.85464e-10 -4.63048e-06    0.191593    -11.1562
21  0   2.32328e-10 -3.26959e-06    0.165117    -8.66759
22  0   8.74521e-11 -1.29523e-06    0.133639    -5.42457
23  0   1.51412e-10 -2.16303e-06    0.161505    -9.12728
24  0   1.31475e-10 -1.64722e-06    0.148512    -6.59564
25  0   1.31946e-10 -2.73977e-06    0.166163    -9.82721
26  0   2.57405e-10 -3.91210e-06    0.177111    -10.5014
27  0   1.05677e-10 -1.79898e-06    0.147857    -4.9551
28  0   7.02724e-11 -1.70273e-06    0.149977    -7.87168
29  0   2.05224e-10 -2.70751e-06    0.164395    -12.4097
30  0   2.85464e-10 -3.55888e-06    0.168224    -9.37745
31  0   2.17183e-10 -3.39893e-06    0.17069     -8.46588
32  0   1.20089e-10 -2.27120e-06    0.162948    -7.38674
33  0   8.35602e-11 -1.95119e-06    0.156516    -8.41085
34  0  -1.61744e-12 -2.18368e-07    0.101109     3.666
35  0   8.92762e-11 -1.68834e-06    0.110445    -7.1885
36  0   0               0           0               0
37  0   0               0           0               0
38  0   0               0           0               0 
39  0   0               0           0               0 
40  0   0               0           0               0 
41  0   0               0           0               0
42  0   0               0           0               0 
43  0   0               0           0               0
44  0   0               0           0               0  
45  0   0               0           0               0 
46  0   0               0           0               0 
47  0   0               0           0               0 
48  0   0               0           0               0 
49  0   0               0           0               0
