#Root	file	name	:Source_run_5700.root		
	0	1462.5	1.00376	28266	28283
	1	1465.71	1.00156	28266	28283
	2	1465.22	1.00189	28266	28283
	3	1458.59	1.00645	28266	28283
	4	1466.01	1.00136	28266	28283
	5	1479.06	0.992521	28266	28283
	6	1472.87	0.996692	28266	28283
	7	1460.39	1.00521	28266	28283
	8	1482.84	0.98999	28266	28283
	9	1460.34	1.00524	28266	28283
	10	1464.04	1.0027	28266	28283
	11	1460.74	1.00497	28266	28283
	12	1450.71	1.01192	28266	28283
	13	1463.29	1.00322	28266	28283
	14	1483.94	0.989258	28266	28283
	15	1447.87	1.0139	28266	28283
	16	1466.79	1.00083	28266	28283
	17	1476.77	0.994064	28266	28283
	18	1471.52	0.997607	28266	28283
	19	1464.39	1.00247	28266	28283
	20	1461.94	1.00414	28266	28283
	21	1464.52	1.00238	28266	28283
	22	1473.93	0.995975	28266	28283
	23	1469.68	0.998855	28266	28283
	24	1460.12	1.0054	28266	28283
	25	1465.76	1.00153	28266	28283
	26	1457.27	1.00737	28266	28283
	27	1484.32	0.989006	28266	28283
	28	1458.97	1.00619	28266	28283
	29	1466.6	1.00096	28266	28283
	30	1454.06	1.00959	28266	28283
	31	1448.86	1.01321	28266	28283
	32	1473.13	0.996515	28266	28283
	33	1468.49	0.999668	28266	28283
	34	3271.1	0.448779	28266	28283
	35	1469.69	0.998851	28266	28283
#Root	file	name	:Source_run_5710.root		
	0	1463.3	1.00321	28283	28299
	1	1466.07	1.00132	28283	28299
	2	1466.13	1.00128	28283	28299
	3	1460.15	1.00538	28283	28299
	4	1467.03	1.00066	28283	28299
	5	1479.43	0.992277	28283	28299
	6	1472.22	0.997133	28283	28299
	7	1461.96	1.00413	28283	28299
	8	1483	0.989885	28283	28299
	9	1460.1	1.00541	28283	28299
	10	1464.33	1.0025	28283	28299
	11	1463.57	1.00303	28283	28299
	12	1450.22	1.01226	28283	28299
	13	1464.16	1.00262	28283	28299
	14	1484.1	0.989149	28283	28299
	15	1449.15	1.01301	28283	28299
	16	1467.24	1.00052	28283	28299
	17	1477.64	0.993476	28283	28299
	18	1470.14	0.998547	28283	28299
	19	1465.73	1.00155	28283	28299
	20	1461.82	1.00423	28283	28299
	21	1464.92	1.00211	28283	28299
	22	1473.68	0.996147	28283	28299
	23	1469.53	0.998958	28283	28299
	24	1461.51	1.00444	28283	28299
	25	1465.76	1.00153	28283	28299
	26	1456.94	1.00759	28283	28299
	27	1484.8	0.988686	28283	28299
	28	1458.59	1.00645	28283	28299
	29	1467.82	1.00012	28283	28299
	30	1455.16	1.00883	28283	28299
	31	1448.87	1.0132	28283	28299
	32	1474.42	0.995643	28283	28299
	33	1468.27	0.999817	28283	28299
	34	3696.18	0.397167	28283	28299
	35	1469.95	0.998676	28283	28299
#Root	file	name	:Source_run_5720.root		0
	0	1464.5	1.00239	28299	28316
	1	1466.07	1.00132	28299	28316
	2	1465.96	1.00139	28299	28316
	3	1459.79	1.00562	28299	28316
	4	1467.32	1.00046	28299	28316
	5	1479.85	0.991993	28299	28316
	6	1472.42	0.996999	28299	28316
	7	1461	1.00479	28299	28316
	8	1481.82	0.990673	28299	28316
	9	1461.54	1.00442	28299	28316
	10	1464.03	1.00271	28299	28316
	11	1462.9	1.00349	28299	28316
	12	1449.09	1.01305	28299	28316
	13	1464.1	1.00266	28299	28316
	14	1484.33	0.989	28299	28316
	15	1447.73	1.014	28299	28316
	16	1467.3	1.00048	28299	28316
	17	1477.59	0.993511	28299	28316
	18	1470.51	0.998296	28299	28316
	19	1464.89	1.00212	28299	28316
	20	1462.3	1.0039	28299	28316
	21	1466.18	1.00124	28299	28316
	22	1473.43	0.996313	28299	28316
	23	1469.23	0.999162	28299	28316
	24	1461.03	1.00477	28299	28316
	25	1466.56	1.00098	28299	28316
	26	1457.24	1.00739	28299	28316
	27	1485.01	0.988543	28299	28316
	28	1459.47	1.00585	28299	28316
	29	1468.98	0.99933	28299	28316
	30	1454.88	1.00902	28299	28316
	31	1450.04	1.01239	28299	28316
	32	1473.03	0.996586	28299	28316
	33	1468.9	0.999388	28299	28316
	34	1909	0.768987	28299	28316
	35	1469.68	0.99886	28299	28316
#Root	file	name	:Source_run_5730.root		0
	0	1463.11	1.00334	28316	28334
	1	1468.4	0.999726	28316	28334
	2	1467.33	1.00045	28316	28334
	3	1460.78	1.00494	28316	28334
	4	1466.71	1.00088	28316	28334
	5	1479.14	0.992466	28316	28334
	6	1472.83	0.996719	28316	28334
	7	1463.06	1.00338	28316	28334
	8	1482.38	0.990302	28316	28334
	9	1462.16	1.00399	28316	28334
	10	1463.51	1.00307	28316	28334
	11	1461.96	1.00413	28316	28334
	12	1450.73	1.0119	28316	28334
	13	1464.28	1.00254	28316	28334
	14	1484.12	0.989136	28316	28334
	15	1448.32	1.01359	28316	28334
	16	1468.63	0.999571	28316	28334
	17	1477.02	0.993894	28316	28334
	18	1469.26	0.999145	28316	28334
	19	1466.92	1.00073	28316	28334
	20	1462.08	1.00405	28316	28334
	21	1467.11	1.00061	28316	28334
	22	1473.32	0.996388	28316	28334
	23	1468.76	0.99948	28316	28334
	24	1463.01	1.00341	28316	28334
	25	1466.73	1.00086	28316	28334
	26	1457.2	1.00741	28316	28334
	27	1484.23	0.989062	28316	28334
	28	1460.09	1.00542	28316	28334
	29	1469.75	0.99881	28316	28334
	30	1455.33	1.00871	28316	28334
	31	1449.91	1.01248	28316	28334
	32	1473.69	0.996139	28316	28334
	33	1472.46	0.996968	28316	28334
	34	1169.97	1.25474	28316	28334
	35	1469.95	0.998674	28316	28334
#Root	file	name	:Source_run_5740.root		0
	0	1463.67	1.00296	28334	28350
	1	1467.15	1.00058	28334	28350
	2	1467.56	1.0003	28334	28350
	3	1461.84	1.00421	28334	28350
	4	1467.78	1.00015	28334	28350
	5	1478.81	0.99269	28334	28350
	6	1472.29	0.997088	28334	28350
	7	1462.41	1.00382	28334	28350
	8	1483.09	0.989823	28334	28350
	9	1460.72	1.00499	28334	28350
	10	1461.64	1.00435	28334	28350
	11	1463.38	1.00316	28334	28350
	12	1451.6	1.0113	28334	28350
	13	1464.66	1.00228	28334	28350
	14	1484.1	0.98915	28334	28350
	15	1448.57	1.01341	28334	28350
	16	1467.02	1.00067	28334	28350
	17	1477.76	0.993392	28334	28350
	18	1470.97	0.997984	28334	28350
	19	1466.27	1.00118	28334	28350
	20	1460.75	1.00496	28334	28350
	21	1465.98	1.00138	28334	28350
	22	1474.5	0.995594	28334	28350
	23	1468.18	0.99988	28334	28350
	24	1460.6	1.00507	28334	28350
	25	1466.66	1.00091	28334	28350
	26	1457.13	1.00746	28334	28350
	27	1485.5	0.988223	28334	28350
	28	1459.24	1.006	28334	28350
	29	1468.05	0.999964	28334	28350
	30	1454.06	1.00958	28334	28350
	31	1450.21	1.01226	28334	28350
	32	1474.5	0.99559	28334	28350
	33	1468.86	0.999413	28334	28350
	34	3911.53	0.3753	28334	28350
	35	1470.12	0.998557	28334	28350
#Root	file	name	:Source_run_5750.root		0
	0	1462.88	1.0035	28350	28385
	1	1467.52	1.00033	28350	28385
	2	1468.39	0.999734	28350	28385
	3	1459.97	1.0055	28350	28385
	4	1468.11	0.999922	28350	28385
	5	1479.22	0.992412	28350	28385
	6	1473.11	0.99653	28350	28385
	7	1462.47	1.00378	28350	28385
	8	1482.14	0.990463	28350	28385
	9	1460.92	1.00484	28350	28385
	10	1463.75	1.00291	28350	28385
	11	1463.18	1.0033	28350	28385
	12	1451.2	1.01158	28350	28385
	13	1464.9	1.00212	28350	28385
	14	1483.41	0.989615	28350	28385
	15	1447.53	1.01414	28350	28385
	16	1466.3	1.00116	28350	28385
	17	1477.33	0.993687	28350	28385
	18	1471.01	0.997953	28350	28385
	19	1467.15	1.00058	28350	28385
	20	1461.03	1.00477	28350	28385
	21	1466.79	1.00083	28350	28385
	22	1474.68	0.995471	28350	28385
	23	1469.06	0.999278	28350	28385
	24	1461.96	1.00413	28350	28385
	25	1466.91	1.00074	28350	28385
	26	1458.7	1.00637	28350	28385
	27	1485.35	0.988322	28350	28385
	28	1459.1	1.0061	28350	28385
	29	1468.61	0.999586	28350	28385
	30	1456.01	1.00824	28350	28385
	31	1450.69	1.01193	28350	28385
	32	1473.51	0.996263	28350	28385
	33	1468.37	0.999745	28350	28385
	34	2068.84	0.709577	28350	28385
	35	1470.79	0.998104	28350	28385
#Root	file	name	:Source_run_5770.root		0
	0	1463.05	1.00338	28385	28402
	1	1467.21	1.00054	28385	28402
	2	1466.31	1.00116	28385	28402
	3	1460.16	1.00537	28385	28402
	4	1466.95	1.00072	28385	28402
	5	1479.52	0.992215	28385	28402
	6	1472.93	0.996654	28385	28402
	7	1462.26	1.00393	28385	28402
	8	1482.91	0.989945	28385	28402
	9	1460.65	1.00503	28385	28402
	10	1464.43	1.00244	28385	28402
	11	1462.68	1.00364	28385	28402
	12	1449.86	1.01251	28385	28402
	13	1464.44	1.00243	28385	28402
	14	1483.79	0.989358	28385	28402
	15	1448.06	1.01377	28385	28402
	16	1469.63	0.998892	28385	28402
	17	1478.06	0.993193	28385	28402
	18	1469.75	0.998812	28385	28402
	19	1465.46	1.00173	28385	28402
	20	1461.73	1.00429	28385	28402
	21	1467.24	1.00052	28385	28402
	22	1475.13	0.995164	28385	28402
	23	1470.49	0.998304	28385	28402
	24	1463.02	1.0034	28385	28402
	25	1467.25	1.00051	28385	28402
	26	1458.74	1.00635	28385	28402
	27	1485.11	0.988481	28385	28402
	28	1460.35	1.00524	28385	28402
	29	1468.81	0.999446	28385	28402
	30	1454.16	1.00952	28385	28402
	31	1448.04	1.01379	28385	28402
	32	1473.37	0.996355	28385	28402
	33	1469.25	0.999148	28385	28402
	34	3100.3	0.473502	28385	28402
	35	1470.18	0.998519	28385	28402
#Root	file	name	:Source_run_5780.root		0
	0	1465.26	1.00187	28402	28419
	1	1467.58	1.00028	28402	28419
	2	1466.76	1.00084	28402	28419
	3	1460.29	1.00528	28402	28419
	4	1467.38	1.00042	28402	28419
	5	1479.02	0.992551	28402	28419
	6	1472.71	0.996805	28402	28419
	7	1462.61	1.00369	28402	28419
	8	1482.51	0.990212	28402	28419
	9	1461.24	1.00463	28402	28419
	10	1463.4	1.00314	28402	28419
	11	1463.54	1.00305	28402	28419
	12	1449.34	1.01288	28402	28419
	13	1464.55	1.00236	28402	28419
	14	1484.22	0.989074	28402	28419
	15	1449.6	1.0127	28402	28419
	16	1468.2	0.999861	28402	28419
	17	1477.17	0.993789	28402	28419
	18	1471.09	0.997899	28402	28419
	19	1464.2	1.00259	28402	28419
	20	1462.91	1.00348	28402	28419
	21	1465.93	1.00141	28402	28419
	22	1474.16	0.99582	28402	28419
	23	1469.15	0.99922	28402	28419
	24	1462.7	1.00362	28402	28419
	25	1466.09	1.0013	28402	28419
	26	1458.4	1.00659	28402	28419
	27	1485.04	0.988522	28402	28419
	28	1460.19	1.00535	28402	28419
	29	1468.19	0.99987	28402	28419
	30	1455.56	1.00855	28402	28419
	31	1450.35	1.01217	28402	28419
	32	1474.81	0.995381	28402	28419
	33	1468.05	0.999967	28402	28419
	34	3429.22	0.428086	28402	28419
	35	1469.06	0.999278	28402	28419
#Root	file	name	:Source_run_5790.root		0
	0	1463.03	1.00339	28419	28436
	1	1466.88	1.00076	28419	28436
	2	1467.88	1.00008	28419	28436
	3	1460.85	1.0049	28419	28436
	4	1467.33	1.00046	28419	28436
	5	1478.26	0.99306	28419	28436
	6	1472.5	0.996947	28419	28436
	7	1463.69	1.00294	28419	28436
	8	1482.53	0.990196	28419	28436
	9	1462.41	1.00382	28419	28436
	10	1463.48	1.00309	28419	28436
	11	1463.25	1.00324	28419	28436
	12	1450.43	1.01211	28419	28436
	13	1464.97	1.00207	28419	28436
	14	1483.54	0.989526	28419	28436
	15	1448.54	1.01344	28419	28436
	16	1467.46	1.00037	28419	28436
	17	1478.24	0.993075	28419	28436
	18	1470.03	0.998616	28419	28436
	19	1465.83	1.00148	28419	28436
	20	1462.39	1.00384	28419	28436
	21	1466.58	1.00097	28419	28436
	22	1474.71	0.99545	28419	28436
	23	1468.03	0.999981	28419	28436
	24	1461.19	1.00466	28419	28436
	25	1466.77	1.00084	28419	28436
	26	1457.32	1.00733	28419	28436
	27	1485.56	0.988177	28419	28436
	28	1459.57	1.00578	28419	28436
	29	1469.85	0.998739	28419	28436
	30	1457.1	1.00748	28419	28436
	31	1449.83	1.01253	28419	28436
	32	1474.12	0.995846	28419	28436
	33	1469.39	0.999054	28419	28436
	34	3766.39	0.389763	28419	28436
	35	1468.41	0.999718	28419	28436
#Root	file	name	:Source_run_5800.root		0
	0	1463.12	1.00334	28436	28453
	1	1466.8	1.00082	28436	28453
	2	1469.69	0.998851	28436	28453
	3	1460.49	1.00514	28436	28453
	4	1467.2	1.00055	28436	28453
	5	1479.57	0.992182	28436	28453
	6	1473.52	0.996251	28436	28453
	7	1462.46	1.00379	28436	28453
	8	1483.2	0.989752	28436	28453
	9	1461.3	1.00459	28436	28453
	10	1462.97	1.00344	28436	28453
	11	1464.41	1.00245	28436	28453
	12	1449.3	1.0129	28436	28453
	13	1465.17	1.00193	28436	28453
	14	1483.89	0.989294	28436	28453
	15	1447.89	1.01389	28436	28453
	16	1467.41	1.0004	28436	28453
	17	1479.47	0.992248	28436	28453
	18	1469.82	0.998763	28436	28453
	19	1465.3	1.00185	28436	28453
	20	1461.46	1.00448	28436	28453
	21	1466.38	1.0011	28436	28453
	22	1474.75	0.995425	28436	28453
	23	1468.4	0.999729	28436	28453
	24	1462.29	1.0039	28436	28453
	25	1467.61	1.00027	28436	28453
	26	1458.31	1.00664	28436	28453
	27	1485.42	0.988272	28436	28453
	28	1460.37	1.00522	28436	28453
	29	1469.73	0.998824	28436	28453
	30	1456.04	1.00822	28436	28453
	31	1449.27	1.01292	28436	28453
	32	1473.7	0.996132	28436	28453
	33	1469.6	0.998908	28436	28453
	34	3292.78	0.445823	28436	28453
	35	1468.67	0.999544	28436	28453
#Root	file	name	:Source_run_5810.root		0
	0	1464.52	1.00238	28453	28472
	1	1467.43	1.00039	28453	28472
	2	1466.29	1.00117	28453	28472
	3	1460.45	1.00517	28453	28472
	4	1467.76	1.00016	28453	28472
	5	1480.09	0.991831	28453	28472
	6	1472.33	0.997061	28453	28472
	7	1462.16	1.00399	28453	28472
	8	1482.94	0.989928	28453	28472
	9	1460.1	1.00541	28453	28472
	10	1464.06	1.00269	28453	28472
	11	1463.04	1.00339	28453	28472
	12	1449.81	1.01255	28453	28472
	13	1464.39	1.00247	28453	28472
	14	1483.32	0.989673	28453	28472
	15	1447.88	1.0139	28453	28472
	16	1468.69	0.999531	28453	28472
	17	1477.99	0.993239	28453	28472
	18	1470.72	0.998152	28453	28472
	19	1465.4	1.00178	28453	28472
	20	1463.13	1.00333	28453	28472
	21	1467.19	1.00055	28453	28472
	22	1474.51	0.995583	28453	28472
	23	1467.92	1.00005	28453	28472
	24	1462.89	1.0035	28453	28472
	25	1466.11	1.00129	28453	28472
	26	1458.47	1.00653	28453	28472
	27	1484.99	0.988557	28453	28472
	28	1460	1.00548	28453	28472
	29	1469.6	0.998909	28453	28472
	30	1456.25	1.00807	28453	28472
	31	1451.53	1.01135	28453	28472
	32	1473.14	0.996514	28453	28472
	33	1468.78	0.999467	28453	28472
	34	3329.73	0.440877	28453	28472
	35	1469.1	0.999254	28453	28472
#Root	file	name	:Source_run_5820.root		0
	0	1463.85	1.00283	28472	28489
	1	1468.08	0.999943	28472	28489
	2	1466.88	1.00076	28472	28489
	3	1459.72	1.00567	28472	28489
	4	1468.78	0.999471	28472	28489
	5	1480.35	0.991654	28472	28489
	6	1472.28	0.99709	28472	28489
	7	1462.85	1.00352	28472	28489
	8	1483.22	0.98974	28472	28489
	9	1460.47	1.00516	28472	28489
	10	1464.56	1.00235	28472	28489
	11	1463.46	1.0031	28472	28489
	12	1449.71	1.01262	28472	28489
	13	1464.71	1.00225	28472	28489
	14	1484.36	0.98898	28472	28489
	15	1447.63	1.01407	28472	28489
	16	1469.9	0.998705	28472	28489
	17	1478.57	0.992849	28472	28489
	18	1472.33	0.99706	28472	28489
	19	1464.46	1.00242	28472	28489
	20	1461.3	1.00458	28472	28489
	21	1465.86	1.00146	28472	28489
	22	1472.82	0.99673	28472	28489
	23	1468.8	0.999457	28472	28489
	24	1462.32	1.00388	28472	28489
	25	1466.52	1.00101	28472	28489
	26	1457.52	1.00719	28472	28489
	27	1485.14	0.98846	28472	28489
	28	1460.74	1.00497	28472	28489
	29	1470.24	0.998477	28472	28489
	30	1455.58	1.00853	28472	28489
	31	1450.63	1.01197	28472	28489
	32	1473.19	0.996478	28472	28489
	33	1470.16	0.998534	28472	28489
	34	3356.6	0.437348	28472	28489
	35	1467.91	1.00006	28472	28489
#Root	file	name	:Source_run_5830.root		0
	0	1462.76	1.00358	28489	28507
	1	1466.45	1.00106	28489	28507
	2	1467.3	1.00048	28489	28507
	3	1460.96	1.00482	28489	28507
	4	1468	1	28489	28507
	5	1478.27	0.993054	28489	28507
	6	1472.56	0.996903	28489	28507
	7	1464.24	1.00256	28489	28507
	8	1482.89	0.989956	28489	28507
	9	1459.73	1.00567	28489	28507
	10	1464.6	1.00232	28489	28507
	11	1462.25	1.00394	28489	28507
	12	1448.68	1.01333	28489	28507
	13	1464.18	1.00261	28489	28507
	14	1482.62	0.990141	28489	28507
	15	1448.21	1.01367	28489	28507
	16	1468.1	0.999935	28489	28507
	17	1477.93	0.993284	28489	28507
	18	1470.72	0.998149	28489	28507
	19	1466.26	1.00119	28489	28507
	20	1462.19	1.00397	28489	28507
	21	1465.75	1.00154	28489	28507
	22	1473.91	0.99599	28489	28507
	23	1469.07	0.999275	28489	28507
	24	1460.93	1.00484	28489	28507
	25	1466.19	1.00123	28489	28507
	26	1458.5	1.00651	28489	28507
	27	1484.85	0.988653	28489	28507
	28	1457.57	1.00716	28489	28507
	29	1468.52	0.999646	28489	28507
	30	1456.95	1.00758	28489	28507
	31	1450.91	1.01178	28489	28507
	32	1473.5	0.996269	28489	28507
	33	1469.42	0.999033	28489	28507
	34	2937.23	0.499791	28489	28507
	35	1465.21	1.0019	28489	28507
#Root	file	name	:Source_run_5840.root		0
	0	1464.99	1.00206	28507	28525
	1	1468.56	0.999621	28507	28525
	2	1467.82	1.00013	28507	28525
	3	1460.1	1.00541	28507	28525
	4	1468.3	0.999793	28507	28525
	5	1479.3	0.992361	28507	28525
	6	1472.7	0.996811	28507	28525
	7	1463.46	1.0031	28507	28525
	8	1482.18	0.99043	28507	28525
	9	1460.89	1.00487	28507	28525
	10	1463.96	1.00276	28507	28525
	11	1464.4	1.00246	28507	28525
	12	1450.06	1.01237	28507	28525
	13	1465.58	1.00165	28507	28525
	14	1483.41	0.989611	28507	28525
	15	1447.1	1.01445	28507	28525
	16	1470.45	0.998331	28507	28525
	17	1477.46	0.993596	28507	28525
	18	1471.92	0.997335	28507	28525
	19	1465.19	1.00192	28507	28525
	20	1461.76	1.00427	28507	28525
	21	1467.87	1.00009	28507	28525
	22	1476.1	0.994514	28507	28525
	23	1468.6	0.999594	28507	28525
	24	1462.25	1.00393	28507	28525
	25	1468.78	0.999467	28507	28525
	26	1457.31	1.00734	28507	28525
	27	1484.19	0.98909	28507	28525
	28	1459.72	1.00567	28507	28525
	29	1472.73	0.996792	28507	28525
	30	1456.51	1.00789	28507	28525
	31	1454.08	1.00957	28507	28525
	32	1475.59	0.994857	28507	28525
	33	1470.93	0.998009	28507	28525
	34	3154.53	0.465363	28507	28525
	35	1465.66	1.00159	28507	28525
#Root	file	name	:Source_run_5850.root		0
	0	1461.6	1.00438	28525	28561
	1	1468.11	0.999928	28525	28561
	2	1466.23	1.00121	28525	28561
	3	1459.97	1.0055	28525	28561
	4	1466.71	1.00088	28525	28561
	5	1478.25	0.993066	28525	28561
	6	1471.44	0.997664	28525	28561
	7	1462.23	1.00394	28525	28561
	8	1482.7	0.990086	28525	28561
	9	1459.71	1.00568	28525	28561
	10	1464.5	1.00239	28525	28561
	11	1463.27	1.00323	28525	28561
	12	1448.35	1.01357	28525	28561
	13	1463.57	1.00303	28525	28561
	14	1483.16	0.989782	28525	28561
	15	1446.1	1.01514	28525	28561
	16	1469.03	0.999302	28525	28561
	17	1477.46	0.993596	28525	28561
	18	1469.82	0.998763	28525	28561
	19	1466.5	1.00102	28525	28561
	20	1461.64	1.00435	28525	28561
	21	1465.3	1.00184	28525	28561
	22	1473.35	0.996369	28525	28561
	23	1467.97	1.00002	28525	28561
	24	1461.04	1.00477	28525	28561
	25	1467.07	1.00063	28525	28561
	26	1457.19	1.00742	28525	28561
	27	1484.14	0.989126	28525	28561
	28	1458.38	1.00659	28525	28561
	29	1469.93	0.998688	28525	28561
	30	1456.77	1.00771	28525	28561
	31	1452.35	1.01078	28525	28561
	32	1474.48	0.995606	28525	28561
	33	1470.25	0.998467	28525	28561
	34	2894.91	0.507098	28525	28561
	35	1468.39	0.999736	28525	28561
#Root	file	name	:Source_run_5870.root		0
	0	1461.22	1.00464	28561	28579
	1	1468.16	0.999891	28561	28579
	2	1466.96	1.00071	28561	28579
	3	1460.13	1.00539	28561	28579
	4	1467.35	1.00044	28561	28579
	5	1478.02	0.993218	28561	28579
	6	1471.52	0.997607	28561	28579
	7	1462.41	1.00382	28561	28579
	8	1481.5	0.990886	28561	28579
	9	1459.72	1.00567	28561	28579
	10	1463.82	1.00286	28561	28579
	11	1464.06	1.00269	28561	28579
	12	1447.92	1.01387	28561	28579
	13	1465.19	1.00192	28561	28579
	14	1482.17	0.990437	28561	28579
	15	1446.38	1.01495	28561	28579
	16	1469.56	0.99894	28561	28579
	17	1476.42	0.994298	28561	28579
	18	1471.19	0.997834	28561	28579
	19	1465.37	1.00179	28561	28579
	20	1461.84	1.00422	28561	28579
	21	1465.52	1.00169	28561	28579
	22	1474.13	0.995844	28561	28579
	23	1467.27	1.0005	28561	28579
	24	1459.52	1.00581	28561	28579
	25	1466.68	1.0009	28561	28579
	26	1456.63	1.0078	28561	28579
	27	1482.67	0.990108	28561	28579
	28	1457.39	1.00728	28561	28579
	29	1472.05	0.997251	28561	28579
	30	1456.46	1.00792	28561	28579
	31	1453.34	1.01009	28561	28579
	32	1473.5	0.99627	28561	28579
	33	1470.15	0.998537	28561	28579
	34	3746.71	0.39181	28561	28579
	35	1462.99	1.00342	28561	28579
#Root	file	name	:Source_run_5880.root		0
	0	1460.36	1.00523	28579	28598
	1	1467.45	1.00037	28579	28598
	2	1466.35	1.00112	28579	28598
	3	1459.46	1.00585	28579	28598
	4	1466.99	1.00069	28579	28598
	5	1476.83	0.994018	28579	28598
	6	1471.57	0.997572	28579	28598
	7	1463.17	1.0033	28579	28598
	8	1480.12	0.991811	28579	28598
	9	1459.79	1.00562	28579	28598
	10	1463.43	1.00312	28579	28598
	11	1463.15	1.00331	28579	28598
	12	1447.32	1.01429	28579	28598
	13	1464.34	1.0025	28579	28598
	14	1481.81	0.990678	28579	28598
	15	1444.24	1.01645	28579	28598
	16	1468.63	0.999573	28579	28598
	17	1476.62	0.994164	28579	28598
	18	1470.95	0.997993	28579	28598
	19	1464.93	1.00209	28579	28598
	20	1462.58	1.00371	28579	28598
	21	1465.4	1.00177	28579	28598
	22	1473.96	0.995954	28579	28598
	23	1467.03	1.00066	28579	28598
	24	1460.46	1.00517	28579	28598
	25	1465.63	1.00162	28579	28598
	26	1456.95	1.00758	28579	28598
	27	1482.11	0.99048	28579	28598
	28	1458.1	1.00679	28579	28598
	29	1472.56	0.996904	28579	28598
	30	1454.94	1.00898	28579	28598
	31	1452.27	1.01083	28579	28598
	32	1472.6	0.996876	28579	28598
	33	1469.8	0.998775	28579	28598
	34	2647.56	0.554473	28579	28598
	35	1460.95	1.00483	28579	28598
#Root	file	name	:Source_run_5890.root		0
	0	1460.55	1.0051	28598	28616
	1	1467.34	1.00045	28598	28616
	2	1464.96	1.00208	28598	28616
	3	1458.89	1.00624	28598	28616
	4	1466.9	1.00075	28598	28616
	5	1477.24	0.993742	28598	28616
	6	1471.16	0.997854	28598	28616
	7	1462.8	1.00355	28598	28616
	8	1480.36	0.991651	28598	28616
	9	1459.38	1.00591	28598	28616
	10	1462.39	1.00384	28598	28616
	11	1461.87	1.00419	28598	28616
	12	1446.64	1.01476	28598	28616
	13	1464.02	1.00272	28598	28616
	14	1481.28	0.991033	28598	28616
	15	1445.94	1.01526	28598	28616
	16	1467.53	1.00032	28598	28616
	17	1475.72	0.99477	28598	28616
	18	1470.15	0.998539	28598	28616
	19	1465.08	1.00199	28598	28616
	20	1461.77	1.00426	28598	28616
	21	1464.88	1.00213	28598	28616
	22	1473.22	0.996458	28598	28616
	23	1466.12	1.00128	28598	28616
	24	1459.43	1.00587	28598	28616
	25	1465.1	1.00198	28598	28616
	26	1456.7	1.00776	28598	28616
	27	1484.09	0.989161	28598	28616
	28	1458.75	1.00634	28598	28616
	29	1470.05	0.998606	28598	28616
	30	1453.74	1.00981	28598	28616
	31	1453.33	1.01009	28598	28616
	32	1474.42	0.995645	28598	28616
	33	1469.18	0.999197	28598	28616
	34	1403.03	1.04631	28598	28616
	35	1460.98	1.00481	28598	28616
#Root	file	name	:Source_run_5900.root		0
	0	1460.74	1.00497	28616	28634
	1	1467.13	1.00059	28616	28634
	2	1464.06	1.00269	28616	28634
	3	1458.54	1.00649	28616	28634
	4	1465.82	1.00149	28616	28634
	5	1476.56	0.994205	28616	28634
	6	1472.12	0.997203	28616	28634
	7	1462.72	1.00361	28616	28634
	8	1480.07	0.991848	28616	28634
	9	1459.09	1.00611	28616	28634
	10	1461.99	1.00411	28616	28634
	11	1461.84	1.00421	28616	28634
	12	1447.15	1.0144	28616	28634
	13	1462.55	1.00372	28616	28634
	14	1480.99	0.991231	28616	28634
	15	1444.74	1.0161	28616	28634
	16	1467.72	1.00019	28616	28634
	17	1474.65	0.995487	28616	28634
	18	1470.35	0.998399	28616	28634
	19	1463.98	1.00275	28616	28634
	20	1460.6	1.00506	28616	28634
	21	1464.37	1.00248	28616	28634
	22	1472.52	0.996929	28616	28634
	23	1467.27	1.0005	28616	28634
	24	1459.04	1.00614	28616	28634
	25	1466.77	1.00084	28616	28634
	26	1455.45	1.00862	28616	28634
	27	1482.08	0.9905	28616	28634
	28	1457.2	1.00741	28616	28634
	29	1471.17	0.997844	28616	28634
	30	1455.08	1.00888	28616	28634
	31	1452.86	1.01042	28616	28634
	32	1472.1	0.997212	28616	28634
	33	1469.42	0.99903	28616	28634
	34	3753.77	0.391074	28616	28634
	35	1460.61	1.00506	28616	28634
#Root	file	name	:Source_run_5910.root		0
	0	1458.61	1.00644	28634	28683
	1	1465.57	1.00166	28634	28683
	2	1464.09	1.00267	28634	28683
	3	1458.17	1.00674	28634	28683
	4	1466.36	1.00112	28634	28683
	5	1475.37	0.995006	28634	28683
	6	1469.59	0.998916	28634	28683
	7	1462.71	1.00362	28634	28683
	8	1479.31	0.992357	28634	28683
	9	1458.36	1.00661	28634	28683
	10	1461.93	1.00415	28634	28683
	11	1462.38	1.00384	28634	28683
	12	1444.95	1.01595	28634	28683
	13	1462.83	1.00353	28634	28683
	14	1479.8	0.992028	28634	28683
	15	1445.48	1.01558	28634	28683
	16	1467.64	1.00024	28634	28683
	17	1474.98	0.99527	28634	28683
	18	1468.41	0.999718	28634	28683
	19	1463.52	1.00306	28634	28683
	20	1461.26	1.00461	28634	28683
	21	1463.08	1.00336	28634	28683
	22	1471.53	0.997599	28634	28683
	23	1464.82	1.00217	28634	28683
	24	1458.78	1.00632	28634	28683
	25	1465.28	1.00186	28634	28683
	26	1455.91	1.00831	28634	28683
	27	1480.6	0.991493	28634	28683
	28	1455.39	1.00867	28634	28683
	29	1470.54	0.998275	28634	28683
	30	1454.34	1.0094	28634	28683
	31	1453.55	1.00994	28634	28683
	32	1472.73	0.99679	28634	28683
	33	1468.52	0.999643	28634	28683
	34	1895.55	0.774443	28634	28683
	35	1457.84	1.00697	28634	28683
#Root	file	name	:Source_run_5920.root		0
	0	1458.85	1.00627	28683	28701
	1	1464.4	1.00246	28683	28701
	2	1462.84	1.00353	28683	28701
	3	1455.78	1.00839	28683	28701
	4	1466.21	1.00122	28683	28701
	5	1472.49	0.99695	28683	28701
	6	1467.24	1.00052	28683	28701
	7	1459.99	1.00549	28683	28701
	8	1476.77	0.994063	28683	28701
	9	1457.62	1.00712	28683	28701
	10	1460.98	1.00481	28683	28701
	11	1462.16	1.004	28683	28701
	12	1444.47	1.01629	28683	28701
	13	1461.38	1.00453	28683	28701
	14	1475.36	0.995009	28683	28701
	15	1444.41	1.01633	28683	28701
	16	1465.5	1.00171	28683	28701
	17	1471.06	0.997921	28683	28701
	18	1468.02	0.999983	28683	28701
	19	1461.71	1.0043	28683	28701
	20	1461.09	1.00473	28683	28701
	21	1463.13	1.00333	28683	28701
	22	1469.68	0.998854	28683	28701
	23	1462.29	1.00391	28683	28701
	24	1455.99	1.00825	28683	28701
	25	1464.03	1.00271	28683	28701
	26	1453.59	1.00991	28683	28701
	27	1479.49	0.992233	28683	28701
	28	1455.28	1.00874	28683	28701
	29	1466.38	1.00111	28683	28701
	30	1451.27	1.01153	28683	28701
	31	1450.47	1.01208	28683	28701
	32	1470.43	0.998348	28683	28701
	33	1468.5	0.999659	28683	28701
	34	2330.88	0.629805	28683	28701
	35	1455.88	1.00832	28683	28701
#Root	file	name	:Source_run_5930.root		0
	0	1456.43	1.00794	28701	28719
	1	1462.96	1.00345	28701	28719
	2	1461.61	1.00437	28701	28719
	3	1454.93	1.00898	28701	28719
	4	1464.56	1.00235	28701	28719
	5	1472.14	0.997186	28701	28719
	6	1466.16	1.00126	28701	28719
	7	1458.74	1.00634	28701	28719
	8	1475.8	0.994717	28701	28719
	9	1456.76	1.00771	28701	28719
	10	1460.82	1.00491	28701	28719
	11	1459.1	1.0061	28701	28719
	12	1442.55	1.01764	28701	28719
	13	1461.01	1.00478	28701	28719
	14	1476.14	0.994488	28701	28719
	15	1442.78	1.01748	28701	28719
	16	1465.61	1.00163	28701	28719
	17	1469.37	0.999066	28701	28719
	18	1466.42	1.00108	28701	28719
	19	1459.96	1.00551	28701	28719
	20	1459.79	1.00563	28701	28719
	21	1461.39	1.00452	28701	28719
	22	1470.45	0.998334	28701	28719
	23	1462.38	1.00384	28701	28719
	24	1455.1	1.00887	28701	28719
	25	1463.15	1.00331	28701	28719
	26	1453.51	1.00997	28701	28719
	27	1478.97	0.992584	28701	28719
	28	1453.93	1.00968	28701	28719
	29	1466.83	1.0008	28701	28719
	30	1452.27	1.01083	28701	28719
	31	1451.39	1.01145	28701	28719
	32	1468.29	0.999802	28701	28719
	33	1467.82	1.00012	28701	28719
	34	2044.64	0.717974	28701	28719
	35	1456.94	1.00759	28701	28719
#Root	file	name	:Source_run_5940.root		0
	0	1457.5	1.00721	28719	28737
	1	1462.92	1.00347	28719	28737
	2	1460.91	1.00485	28719	28737
	3	1455.69	1.00846	28719	28737
	4	1463.21	1.00327	28719	28737
	5	1472.53	0.996927	28719	28737
	6	1465.27	1.00187	28719	28737
	7	1460.31	1.00526	28719	28737
	8	1474.09	0.995869	28719	28737
	9	1456.31	1.00803	28719	28737
	10	1460.15	1.00538	28719	28737
	11	1460.29	1.00528	28719	28737
	12	1443.03	1.0173	28719	28737
	13	1459.66	1.00571	28719	28737
	14	1474.82	0.995376	28719	28737
	15	1443.23	1.01716	28719	28737
	16	1464.55	1.00236	28719	28737
	17	1469.66	0.998868	28719	28737
	18	1465.46	1.00173	28719	28737
	19	1460.02	1.00546	28719	28737
	20	1458.03	1.00684	28719	28737
	21	1461.09	1.00473	28719	28737
	22	1470.07	0.998591	28719	28737
	23	1461.87	1.00419	28719	28737
	24	1455.76	1.00841	28719	28737
	25	1463.11	1.00334	28719	28737
	26	1453.41	1.01004	28719	28737
	27	1476.79	0.994046	28719	28737
	28	1453.56	1.00993	28719	28737
	29	1466.25	1.00119	28719	28737
	30	1449.78	1.01257	28719	28737
	31	1451.32	1.01149	28719	28737
	32	1467.74	1.00017	28719	28737
	33	1466.46	1.00105	28719	28737
	34	1277.96	1.14871	28719	28737
	35	1458.95	1.0062	28719	28737
#Root	file	name	:Source_run_5950.root		0
	0	1455.96	1.00827	28737	28755
	1	1463.8	1.00287	28737	28755
	2	1460.85	1.00489	28737	28755
	3	1455.83	1.00836	28737	28755
	4	1462.53	1.00374	28737	28755
	5	1470.33	0.998417	28737	28755
	6	1465.42	1.00176	28737	28755
	7	1458.99	1.00617	28737	28755
	8	1473.96	0.995959	28737	28755
	9	1455.22	1.00878	28737	28755
	10	1460.34	1.00525	28737	28755
	11	1459.67	1.00571	28737	28755
	12	1441.98	1.01805	28737	28755
	13	1458.48	1.00653	28737	28755
	14	1473.26	0.996431	28737	28755
	15	1442.8	1.01746	28737	28755
	16	1464.11	1.00265	28737	28755
	17	1467.57	1.00029	28737	28755
	18	1465.25	1.00188	28737	28755
	19	1458.63	1.00642	28737	28755
	20	1459.14	1.00607	28737	28755
	21	1459.92	1.00553	28737	28755
	22	1467.16	1.00057	28737	28755
	23	1461.08	1.00473	28737	28755
	24	1454.7	1.00914	28737	28755
	25	1462.53	1.00374	28737	28755
	26	1452.39	1.01075	28737	28755
	27	1477.45	0.993606	28737	28755
	28	1453.78	1.00978	28737	28755
	29	1465.14	1.00196	28737	28755
	30	1449.49	1.01277	28737	28755
	31	1451.41	1.01143	28737	28755
	32	1468.11	0.999928	28737	28755
	33	1466.87	1.00077	28737	28755
	34	3429.36	0.428068	28737	28755
	35	1452.34	1.01078	28737	28755
#Root	file	name	:Source_run_5960.root		0
	0	1455.41	1.00865	28755	28773
	1	1462.14	1.00401	28755	28773
	2	1461.25	1.00462	28755	28773
	3	1453.91	1.00969	28755	28773
	4	1462.67	1.00364	28755	28773
	5	1469.35	0.999085	28755	28773
	6	1463.86	1.00283	28755	28773
	7	1457.94	1.0069	28755	28773
	8	1472.8	0.996743	28755	28773
	9	1455.57	1.00854	28755	28773
	10	1459.19	1.00603	28755	28773
	11	1459.78	1.00563	28755	28773
	12	1441.44	1.01843	28755	28773
	13	1458.25	1.00669	28755	28773
	14	1471.69	0.997492	28755	28773
	15	1443.55	1.01693	28755	28773
	16	1463.56	1.00303	28755	28773
	17	1467.05	1.00064	28755	28773
	18	1466.09	1.0013	28755	28773
	19	1456.98	1.00756	28755	28773
	20	1457.13	1.00746	28755	28773
	21	1459.88	1.00556	28755	28773
	22	1467.46	1.00037	28755	28773
	23	1461.32	1.00457	28755	28773
	24	1453.79	1.00977	28755	28773
	25	1461.2	1.00465	28755	28773
	26	1452.27	1.01083	28755	28773
	27	1476.38	0.994321	28755	28773
	28	1452.09	1.01096	28755	28773
	29	1464.18	1.00261	28755	28773
	30	1449.32	1.01289	28755	28773
	31	1450.29	1.01221	28755	28773
	32	1466.53	1.00101	28755	28773
	33	1465.93	1.00141	28755	28773
	34	3912.15	0.375241	28755	28773
	35	1456.45	1.00793	28755	28773
#Root	file	name	:Source_run_5970.root		0
	0	1455.26	1.00876	28773	28791
	1	1461.88	1.00419	28773	28791
	2	1460.62	1.00505	28773	28791
	3	1452.56	1.01063	28773	28791
	4	1461.57	1.0044	28773	28791
	5	1469.16	0.99921	28773	28791
	6	1462.11	1.00403	28773	28791
	7	1458.54	1.00649	28773	28791
	8	1473.25	0.996433	28773	28791
	9	1455.58	1.00853	28773	28791
	10	1459.18	1.00604	28773	28791
	11	1458.97	1.00619	28773	28791
	12	1441.36	1.01848	28773	28791
	13	1459.9	1.00555	28773	28791
	14	1473.11	0.996531	28773	28791
	15	1442.67	1.01756	28773	28791
	16	1463.95	1.00276	28773	28791
	17	1468.04	0.999974	28773	28791
	18	1463.37	1.00317	28773	28791
	19	1458.93	1.00622	28773	28791
	20	1457.49	1.00721	28773	28791
	21	1458.45	1.00655	28773	28791
	22	1469.07	0.999272	28773	28791
	23	1460.36	1.00523	28773	28791
	24	1453.8	1.00977	28773	28791
	25	1462.55	1.00373	28773	28791
	26	1452.87	1.01042	28773	28791
	27	1477.36	0.993662	28773	28791
	28	1453.75	1.0098	28773	28791
	29	1465.15	1.00194	28773	28791
	30	1449.12	1.01303	28773	28791
	31	1451.6	1.0113	28773	28791
	32	1466.61	1.00094	28773	28791
	33	1465.61	1.00163	28773	28791
	34	1350.93	1.08666	28773	28791
	35	1457.86	1.00695	28773	28791
#Root	file	name	:Source_run_5980.root		0
	0	1455.7	1.00845	28791	28809
	1	1462.88	1.0035	28791	28809
	2	1460.66	1.00502	28791	28809
	3	1453.28	1.01013	28791	28809
	4	1462.67	1.00365	28791	28809
	5	1468.59	0.999596	28791	28809
	6	1462.06	1.00407	28791	28809
	7	1458.41	1.00658	28791	28809
	8	1472.29	0.997086	28791	28809
	9	1455.54	1.00856	28791	28809
	10	1460.15	1.00538	28791	28809
	11	1458.84	1.00628	28791	28809
	12	1440.19	1.01931	28791	28809
	13	1459.41	1.00588	28791	28809
	14	1472.75	0.996772	28791	28809
	15	1442.76	1.0175	28791	28809
	16	1462.6	1.00369	28791	28809
	17	1465.64	1.00161	28791	28809
	18	1462.96	1.00345	28791	28809
	19	1457.18	1.00742	28791	28809
	20	1458.2	1.00672	28791	28809
	21	1459.02	1.00616	28791	28809
	22	1467.77	1.00016	28791	28809
	23	1460.5	1.00514	28791	28809
	24	1452.73	1.01051	28791	28809
	25	1462.73	1.0036	28791	28809
	26	1451.56	1.01132	28791	28809
	27	1475.78	0.994727	28791	28809
	28	1453.86	1.00973	28791	28809
	29	1463.3	1.00321	28791	28809
	30	1448.37	1.01355	28791	28809
	31	1450.97	1.01174	28791	28809
	32	1465.98	1.00138	28791	28809
	33	1466.27	1.00118	28791	28809
	34	3580.93	0.40995	28791	28809
	35	1455.43	1.00863	28791	28809
#Root	file	name	:Source_run_5990.root		0
	0	1454.32	1.0094	28809	28820
	1	1461.47	1.00447	28809	28820
	2	1459.25	1.006	28809	28820
	3	1453.82	1.00975	28809	28820
	4	1461.97	1.00413	28809	28820
	5	1468.11	0.999924	28809	28820
	6	1461.88	1.00419	28809	28820
	7	1457.64	1.00711	28809	28820
	8	1470.04	0.998611	28809	28820
	9	1453.7	1.00984	28809	28820
	10	1458.31	1.00665	28809	28820
	11	1459.53	1.0058	28809	28820
	12	1438.65	1.0204	28809	28820
	13	1458.38	1.00659	28809	28820
	14	1472.34	0.997054	28809	28820
	15	1443.44	1.01702	28809	28820
	16	1462.38	1.00384	28809	28820
	17	1465.06	1.002	28809	28820
	18	1462.18	1.00398	28809	28820
	19	1457.01	1.00755	28809	28820
	20	1456.77	1.00771	28809	28820
	21	1458.78	1.00632	28809	28820
	22	1467.74	1.00018	28809	28820
	23	1461.32	1.00457	28809	28820
	24	1452.93	1.01038	28809	28820
	25	1463.09	1.00335	28809	28820
	26	1451.38	1.01145	28809	28820
	27	1476.83	0.994018	28809	28820
	28	1452.54	1.01064	28809	28820
	29	1464.37	1.00248	28809	28820
	30	1447.83	1.01393	28809	28820
	31	1451.29	1.01152	28809	28820
	32	1465.59	1.00165	28809	28820
	33	1465.94	1.00141	28809	28820
	34	1381.66	1.06249	28809	28820
	35	1453.95	1.00966	28809	28820
