# Calibration file of tamex_id 0 @ channel 9
# fine_T bin		 Calibration value
1		0
2		0
3		0
4		0
5		0
6		0
7		0
8		0
9		0
10		0
11		0
12		0
13		0
14		0
15		0
16		0
17		0.00310054
18		0.00666437
19		0.00770976
20		0.0105252
21		0.0138158
22		0.0159303
23		0.0174509
24		0.0185082
25		0.022167
26		0.0235332
27		0.0260397
28		0.0277385
29		0.0284513
30		0.0313499
31		0.0324547
32		0.0332149
33		0.0345454
34		0.0381805
35		0.0406277
36		0.0423027
37		0.0452726
38		0.0459972
39		0.0472446
40		0.050844
41		0.0517112
42		0.05341
43		0.0548355
44		0.0556196
45		0.0566412
46		0.0608584
47		0.0648143
48		0.0651825
49		0.0659191
50		0.066513
51		0.0714668
52		0.0719538
53		0.0750425
54		0.0761829
55		0.079129
56		0.0804476
57		0.0821464
58		0.0837976
59		0.0879911
60		0.0891434
61		0.0899749
62		0.0916143
63		0.0944654
64		0.0972689
65		0.0988014
66		0.100429
67		0.100952
68		0.10347
69		0.104705
70		0.108388
71		0.110004
72		0.111108
73		0.114328
74		0.115908
75		0.118581
76		0.119044
77		0.12161
78		0.123629
79		0.126374
80		0.127787
81		0.129664
82		0.131078
83		0.132824
84		0.133311
85		0.138099
86		0.138764
87		0.140855
88		0.141472
89		0.145666
90		0.147923
91		0.14936
92		0.150358
93		0.153566
94		0.154706
95		0.156179
96		0.157818
97		0.160432
98		0.163972
99		0.164875
100		0.16617
101		0.166514
102		0.170339
103		0.173155
104		0.175044
105		0.175412
106		0.176944
107		0.180401
108		0.181494
109		0.184583
110		0.185866
111		0.18981
112		0.190487
113		0.191057
114		0.192887
115		0.197935
116		0.198601
117		0.1998
118		0.201582
119		0.206655
120		0.207867
121		0.208829
122		0.210931
123		0.212785
124		0.215066
125		0.217394
126		0.217845
127		0.221861
128		0.222051
129		0.222752
130		0.226256
131		0.228038
132		0.230176
133		0.232136
134		0.233669
135		0.235344
136		0.238112
137		0.239264
138		0.240286
139		0.242697
140		0.244277
141		0.247188
142		0.24948
143		0.250716
144		0.254125
145		0.256786
146		0.257131
147		0.258259
148		0.260849
149		0.265256
150		0.26642
151		0.266765
152		0.268571
153		0.271707
154		0.273596
155		0.2759
156		0.27748
157		0.278811
158		0.280474
159		0.282386
160		0.284287
161		0.28816
162		0.289205
163		0.291557
164		0.291676
165		0.293933
166		0.296071
167		0.299445
168		0.300728
169		0.301607
170		0.303318
171		0.307001
172		0.309246
173		0.310909
174		0.311634
175		0.316492
176		0.316754
177		0.318048
178		0.320222
179		0.322765
180		0.32419
181		0.326911
182		0.327053
183		0.330284
184		0.332803
185		0.332957
186		0.33449
187		0.338172
188		0.340465
189		0.341582
190		0.342675
191		0.345834
192		0.347795
193		0.348876
194		0.351382
195		0.353176
196		0.354887
197		0.35617
198		0.359199
199		0.360292
200		0.362775
201		0.365566
202		0.367479
203		0.36894
204		0.370366
205		0.374987
206		0.377422
207		0.378527
208		0.379335
209		0.383445
210		0.385417
211		0.38626
212		0.389539
213		0.393043
214		0.393471
215		0.394136
216		0.395562
217		0.399767
218		0.402131
219		0.403022
220		0.404483
221		0.407026
222		0.407239
223		0.41034
224		0.41312
225		0.414438
226		0.417266
227		0.418038
228		0.419131
229		0.423122
230		0.424619
231		0.425688
232		0.42829
233		0.428622
234		0.431426
235		0.433624
236		0.435441
237		0.437247
238		0.438102
239		0.441274
240		0.44346
241		0.44498
242		0.447404
243		0.449495
244		0.450017
245		0.45187
246		0.455042
247		0.456955
248		0.457786
249		0.459366
250		0.460946
251		0.466803
252		0.467789
253		0.468098
254		0.469048
255		0.473028
256		0.476128
257		0.476984
258		0.479942
259		0.480987
260		0.483719
261		0.484408
262		0.487045
263		0.490265
264		0.492094
265		0.49491
266		0.495587
267		0.495979
268		0.499341
269		0.500683
270		0.501123
271		0.504223
272		0.504948
273		0.509557
274		0.5104
275		0.512277
276		0.512503
277		0.51596
278		0.51855
279		0.518966
280		0.52127
281		0.523408
282		0.524121
283		0.526663
284		0.529526
285		0.533862
286		0.53448
287		0.534955
288		0.541525
289		0.543817
290		0.544471
291		0.544673
292		0.549745
293		0.550494
294		0.551456
295		0.552572
296		0.552572
297		0.554758
298		0.557134
299		0.55856
300		0.560959
301		0.561933
302		0.561981
303		0.564511
304		0.564975
305		0.56798
306		0.569643
307		0.57076
308		0.573694
309		0.574894
310		0.577876
311		0.580168
312		0.582247
313		0.583804
314		0.58549
315		0.58637
316		0.588781
317		0.593473
318		0.59383
319		0.594495
320		0.595362
321		0.599342
322		0.601005
323		0.603785
324		0.605377
325		0.606719
326		0.607515
327		0.608489
328		0.610782
329		0.615237
330		0.615819
331		0.617803
332		0.619038
333		0.620654
334		0.623885
335		0.626249
336		0.626344
337		0.628696
338		0.63062
339		0.632105
340		0.634695
341		0.63713
342		0.637677
343		0.642322
344		0.644246
345		0.645494
346		0.649224
347		0.652407
348		0.653536
349		0.654831
350		0.65824
351		0.661174
352		0.663431
353		0.663467
354		0.66355
355		0.664703
356		0.666164
357		0.669181
358		0.669882
359		0.670678
360		0.672246
361		0.674277
362		0.675584
363		0.678114
364		0.678804
365		0.679849
366		0.682557
367		0.685575
368		0.688913
369		0.690588
370		0.691598
371		0.692988
372		0.695055
373		0.696908
374		0.699676
375		0.701434
376		0.703026
377		0.704808
378		0.706031
379		0.707682
380		0.712197
381		0.713907
382		0.714525
383		0.715998
384		0.71734
385		0.720346
386		0.72448
387		0.725656
388		0.72606
389		0.727925
390		0.730016
391		0.730883
392		0.736051
393		0.737239
394		0.7387
395		0.739757
396		0.741076
397		0.744319
398		0.746683
399		0.748441
400		0.750627
401		0.752005
402		0.7533
403		0.755165
404		0.75558
405		0.759976
406		0.762078
407		0.763207
408		0.764276
409		0.768992
410		0.769444
411		0.771095
412		0.772342
413		0.774956
414		0.778531
415		0.778959
416		0.779541
417		0.782511
418		0.784554
419		0.787298
420		0.788475
421		0.790375
422		0.791813
423		0.795697
424		0.796374
425		0.799035
426		0.801447
427		0.802183
428		0.803276
429		0.80608
430		0.806793
431		0.812233
432		0.812839
433		0.813861
434		0.81518
435		0.818755
436		0.8203
437		0.822806
438		0.824267
439		0.825895
440		0.828176
441		0.829399
442		0.831359
443		0.835208
444		0.837073
445		0.838582
446		0.838927
447		0.840673
448		0.844451
449		0.846114
450		0.847741
451		0.849131
452		0.850972
453		0.854109
454		0.855415
455		0.856983
456		0.858254
457		0.862365
458		0.864717
459		0.865584
460		0.867782
461		0.869385
462		0.872914
463		0.873401
464		0.875812
465		0.878141
466		0.878473
467		0.879721
468		0.883284
469		0.885839
470		0.88806
471		0.888523
472		0.890079
473		0.892645
474		0.894867
475		0.897255
476		0.898229
477		0.901662
478		0.903551
479		0.904073
480		0.904964
481		0.909336
482		0.912876
483		0.913981
484		0.914599
485		0.916796
486		0.917711
487		0.920788
488		0.923983
489		0.924946
490		0.927286
491		0.929139
492		0.9294
493		0.932525
494		0.934033
495		0.936564
496		0.939415
497		0.9397
498		0.941007
499		0.944784
500		0.946055
501		0.946649
502		0.949702
503		0.951306
504		0.952791
505		0.955999
506		0.95759
507		0.959824
508		0.96138
509		0.962948
510		0.964005
511		0.967486
512		0.968151
513		0.970848
514		0.972784
515		0.974982
516		0.977025
517		0.977512
518		0.978902
519		0.981729
520		0.982977
521		0.987645
522		0.988275
523		0.989154
524		0.990888
525		0.992124
526		0.992837
527		0.993597
528		0.99589
529		0.996567
530		0.99747
531		0.997755
532		0.99798
533		1
534		1
535		1
536		1
537		1
538		1
539		1
540		1
541		1
542		1
543		1
544		1
545		1
546		1
547		1
548		1
549		1
550		1
551		1
552		1
553		1
554		1
555		1
556		1
557		1
558		1
559		1
560		1
561		1
562		1
563		1
564		1
565		1
566		1
567		1
568		1
569		1
570		1
571		1
572		1
573		1
574		1
575		1
576		1
577		1
578		1
579		1
580		1
581		1
582		1
583		1
584		1
585		1
586		1
587		1
588		1
589		1
590		1
591		1
592		1
593		1
594		1
595		1
596		1
597		1
598		1
599		1
600		1
