# Calibration file of tamex_id 0 @ channel 7
# fine_T bin		 Calibration value
1		0
2		0
3		0
4		0
5		0
6		0
7		0
8		0
9		0
10		0
11		0
12		0
13		0
14		0
15		0
16		0
17		0.00194886
18		0.00534382
19		0.00723049
20		0.0103663
21		0.0147564
22		0.0156738
23		0.017659
24		0.0193487
25		0.0214738
26		0.0242416
27		0.0255685
28		0.0264859
29		0.0290723
30		0.0314772
31		0.0332603
32		0.0338615
33		0.035235
34		0.0364634
35		0.0403301
36		0.0425381
37		0.0429476
38		0.0444921
39		0.0476849
40		0.0490274
41		0.0504113
42		0.0540654
43		0.056517
44		0.0582275
45		0.0592537
46		0.0595906
47		0.0636128
48		0.0656653
49		0.0673861
50		0.068941
51		0.0701487
52		0.0724915
53		0.0731342
54		0.0780478
55		0.078561
56		0.0792503
57		0.0818315
58		0.0838892
59		0.0853872
60		0.0880202
61		0.0915395
62		0.0922704
63		0.0928405
64		0.0959504
65		0.0993246
66		0.100159
67		0.102455
68		0.102911
69		0.106923
70		0.108494
71		0.110417
72		0.110779
73		0.112277
74		0.116579
75		0.118057
76		0.119161
77		0.120456
78		0.122949
79		0.125339
80		0.127226
81		0.130076
82		0.130942
83		0.132455
84		0.135907
85		0.136814
86		0.139551
87		0.141479
88		0.14306
89		0.144724
90		0.147341
91		0.149881
92		0.151426
93		0.152343
94		0.153328
95		0.158293
96		0.159408
97		0.160807
98		0.161652
99		0.165171
100		0.168188
101		0.168437
102		0.170261
103		0.172283
104		0.174237
105		0.176279
106		0.178108
107		0.180384
108		0.181934
109		0.183903
110		0.184567
111		0.187988
112		0.189511
113		0.191517
114		0.193217
115		0.195985
116		0.197576
117		0.200095
118		0.201339
119		0.202417
120		0.206253
121		0.207315
122		0.2097
123		0.211084
124		0.212017
125		0.215681
126		0.217293
127		0.219434
128		0.221652
129		0.225285
130		0.226752
131		0.227286
132		0.229054
133		0.231853
134		0.232537
135		0.23489
136		0.237461
137		0.241794
138		0.242105
139		0.243572
140		0.244556
141		0.246764
142		0.250315
143		0.252341
144		0.254881
145		0.257566
146		0.258105
147		0.259702
148		0.261785
149		0.26561
150		0.266616
151		0.26828
152		0.270866
153		0.272167
154		0.275018
155		0.275443
156		0.278211
157		0.278687
158		0.282953
159		0.284394
160		0.286607
161		0.288043
162		0.288276
163		0.292345
164		0.295859
165		0.296155
166		0.298285
167		0.300052
168		0.302582
169		0.30396
170		0.306775
171		0.309496
172		0.310128
173		0.311289
174		0.314171
175		0.31711
176		0.319427
177		0.320557
178		0.32135
179		0.324123
180		0.325724
181		0.327932
182		0.33083
183		0.331498
184		0.335453
185		0.337019
186		0.338154
187		0.340471
188		0.34173
189		0.343539
190		0.346872
191		0.348416
192		0.349075
193		0.353185
194		0.354703
195		0.355476
196		0.358326
197		0.36084
198		0.36154
199		0.364261
200		0.36493
201		0.368403
202		0.370787
203		0.373513
204		0.373897
205		0.376556
206		0.379297
207		0.380251
208		0.381189
209		0.384289
210		0.386264
211		0.387907
212		0.390104
213		0.391587
214		0.39238
215		0.397651
216		0.398506
217		0.400237
218		0.401766
219		0.404633
220		0.40639
221		0.409049
222		0.410598
223		0.412931
224		0.414019
225		0.41518
226		0.417477
227		0.420094
228		0.421799
229		0.424505
230		0.424956
231		0.427019
232		0.430139
233		0.430937
234		0.433353
235		0.435555
236		0.437359
237		0.441386
238		0.44176
239		0.442895
240		0.443874
241		0.448917
242		0.451219
243		0.451815
244		0.454329
245		0.456355
246		0.458724
247		0.460248
248		0.462103
249		0.464327
250		0.46612
251		0.468323
252		0.470039
253		0.471376
254		0.473657
255		0.474507
256		0.47602
257		0.479358
258		0.479933
259		0.482971
260		0.48506
261		0.486791
262		0.488584
263		0.490336
264		0.491176
265		0.496001
266		0.497064
267		0.498655
268		0.50164
269		0.503724
270		0.505362
271		0.507321
272		0.50969
273		0.510364
274		0.513251
275		0.515371
276		0.517387
277		0.518087
278		0.519984
279		0.523918
280		0.524623
281		0.527162
282		0.527644
283		0.53177
284		0.535595
285		0.538881
286		0.54168
287		0.542416
288		0.543572
289		0.545998
290		0.549574
291		0.549896
292		0.552938
293		0.554218
294		0.556349
295		0.560055
296		0.562081
297		0.565036
298		0.56926
299		0.572489
300		0.574655
301		0.577739
302		0.579626
303		0.581834
304		0.584897
305		0.585763
306		0.586877
307		0.589319
308		0.591324
309		0.591858
310		0.595917
311		0.597819
312		0.59911
313		0.601914
314		0.602318
315		0.604059
316		0.608185
317		0.608615
318		0.611342
319		0.612684
320		0.614954
321		0.617199
322		0.618075
323		0.618951
324		0.622911
325		0.624818
326		0.627876
327		0.628301
328		0.629452
329		0.632847
330		0.633743
331		0.635982
332		0.638227
333		0.640932
334		0.642223
335		0.643223
336		0.643736
337		0.646504
338		0.651262
339		0.652232
340		0.655564
341		0.657057
342		0.660955
343		0.663977
344		0.664889
345		0.667983
346		0.670264
347		0.671689
348		0.673882
349		0.675416
350		0.67696
351		0.677106
352		0.680615
353		0.682833
354		0.685015
355		0.6884
356		0.689913
357		0.693676
358		0.696351
359		0.699637
360		0.701824
361		0.704359
362		0.706489
363		0.708121
364		0.70977
365		0.713538
366		0.713818
367		0.714689
368		0.716679
369		0.719721
370		0.72196
371		0.724853
372		0.725589
373		0.728471
374		0.729538
375		0.731658
376		0.7344
377		0.736598
378		0.739666
379		0.740304
380		0.74118
381		0.742501
382		0.744932
383		0.747539
384		0.749996
385		0.750794
386		0.75323
387		0.754557
388		0.758445
389		0.759144
390		0.760046
391		0.764167
392		0.76455
393		0.76496
394		0.768427
395		0.770356
396		0.77203
397		0.774165
398		0.776627
399		0.778731
400		0.780411
401		0.781618
402		0.784366
403		0.785273
404		0.78832
405		0.791622
406		0.792171
407		0.793856
408		0.796199
409		0.798837
410		0.800931
411		0.801791
412		0.803828
413		0.80472
414		0.808265
415		0.809799
416		0.811505
417		0.814899
418		0.816066
419		0.816403
420		0.818662
421		0.822234
422		0.823835
423		0.8251
424		0.826987
425		0.828474
426		0.831133
427		0.832501
428		0.833942
429		0.837529
430		0.838892
431		0.840084
432		0.84039
433		0.843158
434		0.845853
435		0.847522
436		0.848911
437		0.851176
438		0.853887
439		0.858339
440		0.858604
441		0.859236
442		0.861973
443		0.863507
444		0.865814
445		0.868747
446		0.869302
447		0.872821
448		0.874091
449		0.876035
450		0.876698
451		0.879668
452		0.880886
453		0.883498
454		0.88566
455		0.889521
456		0.890376
457		0.891258
458		0.892092
459		0.89473
460		0.897172
461		0.900504
462		0.901603
463		0.903894
464		0.904755
465		0.906107
466		0.908554
467		0.912477
468		0.913317
469		0.913991
470		0.91468
471		0.91735
472		0.919469
473		0.922678
474		0.923321
475		0.925129
476		0.927757
477		0.930007
478		0.931204
479		0.933111
480		0.935667
481		0.938346
482		0.939554
483		0.939979
484		0.942617
485		0.944976
486		0.947039
487		0.949112
488		0.950263
489		0.952268
490		0.954673
491		0.955466
492		0.959131
493		0.961411
494		0.96321
495		0.964646
496		0.965418
497		0.967896
498		0.968963
499		0.97197
500		0.974836
501		0.975235
502		0.977697
503		0.97792
504		0.982414
505		0.98289
506		0.985047
507		0.987047
508		0.987752
509		0.988737
510		0.990489
511		0.992173
512		0.992521
513		0.994599
514		0.994687
515		0.994734
516		0.995009
517		0.996361
518		0.998253
519		0.999399
520		0.999565
521		1
522		1
523		1
524		1
525		1
526		1
527		1
528		1
529		1
530		1
531		1
532		1
533		1
534		1
535		1
536		1
537		1
538		1
539		1
540		1
541		1
542		1
543		1
544		1
545		1
546		1
547		1
548		1
549		1
550		1
551		1
552		1
553		1
554		1
555		1
556		1
557		1
558		1
559		1
560		1
561		1
562		1
563		1
564		1
565		1
566		1
567		1
568		1
569		1
570		1
571		1
572		1
573		1
574		1
575		1
576		1
577		1
578		1
579		1
580		1
581		1
582		1
583		1
584		1
585		1
586		1
587		1
588		1
589		1
590		1
591		1
592		1
593		1
594		1
595		1
596		1
597		1
598		1
599		1
600		1
