# Calibration file of tamex_id 0 @ channel 5
# fine_T bin		 Calibration value
1		0
2		0
3		0
4		0
5		0
6		0
7		0
8		0
9		0
10		0
11		0
12		0
13		0
14		0
15		0
16		0
17		0.0025865
18		0.00825967
19		0.00935538
20		0.0106243
21		0.0150889
22		0.0187477
23		0.019787
24		0.0203378
25		0.0222781
26		0.0248744
27		0.0263924
28		0.0273032
29		0.0300493
30		0.031723
31		0.0341947
32		0.0353332
33		0.0370673
34		0.0377232
35		0.0417927
36		0.0452919
37		0.0461016
38		0.0476099
39		0.0510955
40		0.0521893
41		0.054406
42		0.0557839
43		0.0575764
44		0.0598106
45		0.0619514
46		0.0628253
47		0.0671711
48		0.0684498
49		0.0698296
50		0.072313
51		0.0738135
52		0.0746251
53		0.078354
54		0.080921
55		0.0817482
56		0.083019
57		0.0842471
58		0.0861174
59		0.0902745
60		0.0932191
61		0.0940618
62		0.0950018
63		0.0967825
64		0.101572
65		0.103596
66		0.104332
67		0.106344
68		0.107076
69		0.111253
70		0.112911
71		0.114368
72		0.115674
73		0.118465
74		0.120913
75		0.123336
76		0.124819
77		0.126633
78		0.127807
79		0.128369
80		0.132857
81		0.134323
82		0.136308
83		0.137524
84		0.139328
85		0.141689
86		0.144743
87		0.146524
88		0.148419
89		0.149855
90		0.152037
91		0.152561
92		0.1559
93		0.157948
94		0.160417
95		0.161655
96		0.164423
97		0.165088
98		0.167694
99		0.171565
100		0.172461
101		0.173642
102		0.175391
103		0.178134
104		0.17994
105		0.182437
106		0.184151
107		0.18614
108		0.187989
109		0.189772
110		0.191362
111		0.193876
112		0.196874
113		0.19815
114		0.198382
115		0.202751
116		0.204423
117		0.205153
118		0.209109
119		0.210267
120		0.21247
121		0.214619
122		0.21495
123		0.216197
124		0.220833
125		0.222309
126		0.224076
127		0.225868
128		0.22638
129		0.23027
130		0.232403
131		0.234282
132		0.236298
133		0.239163
134		0.239532
135		0.241895
136		0.243483
137		0.247558
138		0.249049
139		0.249596
140		0.250365
141		0.254074
142		0.258331
143		0.259399
144		0.259763
145		0.261567
146		0.262912
147		0.26659
148		0.26899
149		0.270843
150		0.273176
151		0.274836
152		0.276078
153		0.277656
154		0.280521
155		0.283834
156		0.286179
157		0.286358
158		0.287391
159		0.290332
160		0.292989
161		0.294886
162		0.296145
163		0.299218
164		0.301918
165		0.302568
166		0.30501
167		0.307064
168		0.309387
169		0.31087
170		0.313776
171		0.315734
172		0.318768
173		0.319044
174		0.320319
175		0.323939
176		0.327146
177		0.327804
178		0.329133
179		0.331233
180		0.333419
181		0.334904
182		0.337539
183		0.338849
184		0.340182
185		0.343384
186		0.345248
187		0.346534
188		0.349284
189		0.352558
190		0.352941
191		0.354777
192		0.356791
193		0.359938
194		0.36218
195		0.363554
196		0.363918
197		0.367191
198		0.369854
199		0.37102
200		0.372582
201		0.374558
202		0.37809
203		0.379094
204		0.380194
205		0.385116
206		0.38531
207		0.386099
208		0.389929
209		0.391285
210		0.393553
211		0.395094
212		0.397178
213		0.399851
214		0.40217
215		0.405216
216		0.405438
217		0.408332
218		0.409496
219		0.412419
220		0.414428
221		0.417608
222		0.418882
223		0.42101
224		0.421911
225		0.423549
226		0.426893
227		0.430591
228		0.431502
229		0.43271
230		0.43329
231		0.437685
232		0.43943
233		0.441305
234		0.443027
235		0.444436
236		0.445931
237		0.448706
238		0.450134
239		0.454109
240		0.456109
241		0.457326
242		0.457608
243		0.460418
244		0.46382
245		0.465753
246		0.467323
247		0.46782
248		0.470217
249		0.472722
250		0.474913
251		0.476585
252		0.477015
253		0.480322
254		0.482253
255		0.483862
256		0.485982
257		0.487865
258		0.488864
259		0.491894
260		0.493943
261		0.496983
262		0.498231
263		0.500103
264		0.501434
265		0.503885
266		0.507135
267		0.510346
268		0.511407
269		0.511714
270		0.513851
271		0.517981
272		0.520013
273		0.521136
274		0.522414
275		0.524676
276		0.528165
277		0.529405
278		0.53139
279		0.533405
280		0.535687
281		0.53676
282		0.538307
283		0.543342
284		0.544934
285		0.547775
286		0.551284
287		0.554464
288		0.556424
289		0.557569
290		0.562664
291		0.562722
292		0.563711
293		0.564186
294		0.565832
295		0.569211
296		0.574312
297		0.574827
298		0.577768
299		0.580707
300		0.584841
301		0.585825
302		0.58885
303		0.590923
304		0.592904
305		0.596422
306		0.59766
307		0.598563
308		0.600118
309		0.604279
310		0.605357
311		0.607055
312		0.609271
313		0.612691
314		0.614351
315		0.615388
316		0.617907
317		0.620616
318		0.621597
319		0.624323
320		0.62609
321		0.628521
322		0.631117
323		0.632038
324		0.632624
325		0.636028
326		0.638961
327		0.640146
328		0.64115
329		0.645011
330		0.646494
331		0.649145
332		0.651243
333		0.652757
334		0.654598
335		0.655583
336		0.659207
337		0.660923
338		0.662582
339		0.665773
340		0.667289
341		0.67145
342		0.673408
343		0.678202
344		0.679928
345		0.681471
346		0.682468
347		0.684467
348		0.688665
349		0.689992
350		0.690406
351		0.69151
352		0.693098
353		0.696373
354		0.697997
355		0.69923
356		0.701772
357		0.706844
358		0.710972
359		0.71212
360		0.712414
361		0.718247
362		0.719981
363		0.720859
364		0.723698
365		0.725835
366		0.726717
367		0.728581
368		0.731335
369		0.733059
370		0.736249
371		0.737985
372		0.738783
373		0.741819
374		0.743567
375		0.746383
376		0.748061
377		0.750326
378		0.751237
379		0.754987
380		0.75568
381		0.757136
382		0.758983
383		0.762721
384		0.763899
385		0.765002
386		0.76724
387		0.769323
388		0.77118
389		0.774276
390		0.775889
391		0.776829
392		0.777861
393		0.782049
394		0.78261
395		0.786181
396		0.787485
397		0.789445
398		0.790449
399		0.792891
400		0.795087
401		0.7978
402		0.798253
403		0.799674
404		0.802546
405		0.805499
406		0.80827
407		0.809226
408		0.809592
409		0.813762
410		0.815349
411		0.816259
412		0.818445
413		0.819673
414		0.822191
415		0.823803
416		0.826444
417		0.829655
418		0.830729
419		0.832479
420		0.833396
421		0.836227
422		0.840355
423		0.841287
424		0.843187
425		0.843858
426		0.844172
427		0.846669
428		0.848889
429		0.852698
430		0.85502
431		0.855397
432		0.855995
433		0.858834
434		0.862633
435		0.865202
436		0.865736
437		0.866613
438		0.869075
439		0.871761
440		0.874262
441		0.875811
442		0.877572
443		0.879312
444		0.882434
445		0.883374
446		0.88619
447		0.887107
448		0.889909
449		0.892922
450		0.89371
451		0.896447
452		0.897616
453		0.901256
454		0.903414
455		0.904673
456		0.905395
457		0.907943
458		0.909737
459		0.910806
460		0.914153
461		0.916926
462		0.918149
463		0.919573
464		0.920975
465		0.924997
466		0.92672
467		0.928586
468		0.930077
469		0.932436
470		0.934917
471		0.935801
472		0.936848
473		0.941143
474		0.942696
475		0.943928
476		0.945536
477		0.947661
478		0.949588
479		0.95189
480		0.953885
481		0.954531
482		0.958081
483		0.959212
484		0.96142
485		0.963133
486		0.964984
487		0.967753
488		0.968269
489		0.970184
490		0.97337
491		0.9757
492		0.97671
493		0.979419
494		0.980892
495		0.982626
496		0.986443
497		0.986725
498		0.987669
499		0.990148
500		0.991822
501		0.992256
502		0.993009
503		0.993986
504		0.994574
505		0.994883
506		0.9977
507		0.99868
508		0.999138
509		0.99951
510		1
511		1
512		1
513		1
514		1
515		1
516		1
517		1
518		1
519		1
520		1
521		1
522		1
523		1
524		1
525		1
526		1
527		1
528		1
529		1
530		1
531		1
532		1
533		1
534		1
535		1
536		1
537		1
538		1
539		1
540		1
541		1
542		1
543		1
544		1
545		1
546		1
547		1
548		1
549		1
550		1
551		1
552		1
553		1
554		1
555		1
556		1
557		1
558		1
559		1
560		1
561		1
562		1
563		1
564		1
565		1
566		1
567		1
568		1
569		1
570		1
571		1
572		1
573		1
574		1
575		1
576		1
577		1
578		1
579		1
580		1
581		1
582		1
583		1
584		1
585		1
586		1
587		1
588		1
589		1
590		1
591		1
592		1
593		1
594		1
595		1
596		1
597		1
598		1
599		1
600		1
