# Calibration file of tamex_id 2 @ channel 7
# fine_T bin		 Calibration value
1		0
2		0
3		0
4		0
5		0
6		0
7		0
8		0
9		0
10		0
11		0
12		0
13		0
14		0
15		0
16		0
17		0.00396933
18		0.00712305
19		0.00831929
20		0.0093524
21		0.0160405
22		0.0173454
23		0.0179979
24		0.0186504
25		0.0224566
26		0.0246316
27		0.0254472
28		0.0274591
29		0.028166
30		0.0303409
31		0.031374
32		0.0333315
33		0.0340928
34		0.0387146
35		0.0418139
36		0.0420858
37		0.044152
38		0.0457833
39		0.0468708
40		0.0500245
41		0.0525801
42		0.0534501
43		0.0560057
44		0.0565494
45		0.0575281
46		0.0599206
47		0.06302
48		0.0656299
49		0.0667174
50		0.0672612
51		0.0711761
52		0.0719917
53		0.0748736
54		0.0762329
55		0.0783535
56		0.0803654
57		0.0819423
58		0.0821054
59		0.0866728
60		0.0884672
61		0.0893916
62		0.0896634
63		0.093524
64		0.0947202
65		0.0960252
66		0.0990158
67		0.100756
68		0.102713
69		0.103529
70		0.106193
71		0.108205
72		0.111685
73		0.114023
74		0.114186
75		0.115165
76		0.119026
77		0.120494
78		0.121364
79		0.124137
80		0.125551
81		0.129629
82		0.130607
83		0.131205
84		0.131477
85		0.13474
86		0.137132
87		0.138818
88		0.141972
89		0.144092
90		0.14518
91		0.146539
92		0.149095
93		0.152629
94		0.154641
95		0.155348
96		0.156761
97		0.158393
98		0.161818
99		0.162471
100		0.164483
101		0.16557
102		0.167691
103		0.169648
104		0.172476
105		0.174651
106		0.175629
107		0.177424
108		0.178946
109		0.179436
110		0.184492
111		0.186015
112		0.18732
113		0.188027
114		0.188897
115		0.192322
116		0.194769
117		0.196237
118		0.197434
119		0.200261
120		0.202055
121		0.203958
122		0.204828
123		0.208689
124		0.210864
125		0.212223
126		0.213365
127		0.218531
128		0.219238
129		0.22076
130		0.223153
131		0.225436
132		0.226089
133		0.227557
134		0.228155
135		0.230276
136		0.233538
137		0.236257
138		0.237181
139		0.238649
140		0.241205
141		0.242673
142		0.245446
143		0.248382
144		0.250285
145		0.252243
146		0.252352
147		0.253874
148		0.256484
149		0.261052
150		0.262683
151		0.263335
152		0.265293
153		0.269697
154		0.271274
155		0.273884
156		0.276222
157		0.27731
158		0.278397
159		0.279974
160		0.280572
161		0.285248
162		0.287151
163		0.288728
164		0.291066
165		0.292263
166		0.295688
167		0.296721
168		0.298624
169		0.298896
170		0.300962
171		0.302539
172		0.305095
173		0.30553
174		0.307324
175		0.312381
176		0.31249
177		0.313414
178		0.316568
179		0.317982
180		0.319341
181		0.320918
182		0.323637
183		0.326845
184		0.328041
185		0.328693
186		0.329292
187		0.333478
188		0.336197
189		0.337013
190		0.338318
191		0.340058
192		0.343157
193		0.343755
194		0.347398
195		0.349247
196		0.349736
197		0.35115
198		0.354195
199		0.354793
200		0.359687
201		0.36072
202		0.361318
203		0.362242
204		0.363221
205		0.367517
206		0.368332
207		0.369311
208		0.370779
209		0.374966
210		0.376325
211		0.377848
212		0.378935
213		0.381491
214		0.384373
215		0.384482
216		0.385243
217		0.390082
218		0.39068
219		0.391441
220		0.395683
221		0.396553
222		0.398836
223		0.399761
224		0.400359
225		0.40373
226		0.406286
227		0.407917
228		0.409276
229		0.410908
230		0.412702
231		0.414931
232		0.41678
233		0.419227
234		0.420912
235		0.422217
236		0.424555
237		0.425806
238		0.42896
239		0.432603
240		0.433092
241		0.43505
242		0.435322
243		0.43804
244		0.439835
245		0.442336
246		0.444293
247		0.44723
248		0.44848
249		0.45022
250		0.451199
251		0.456419
252		0.456745
253		0.458431
254		0.459464
255		0.461041
256		0.464956
257		0.465608
258		0.468055
259		0.470176
260		0.471154
261		0.474308
262		0.475504
263		0.476266
264		0.480181
265		0.483987
266		0.484422
267		0.484965
268		0.485672
269		0.489207
270		0.49111
271		0.492904
272		0.4941
273		0.495786
274		0.498342
275		0.498722
276		0.500408
277		0.502311
278		0.5059
279		0.50677
280		0.509815
281		0.510195
282		0.512751
283		0.515959
284		0.517808
285		0.521994
286		0.523571
287		0.525094
288		0.529607
289		0.530151
290		0.532869
291		0.533685
292		0.537437
293		0.537546
294		0.541297
295		0.541841
296		0.545104
297		0.547224
298		0.549454
299		0.551302
300		0.557555
301		0.558697
302		0.560328
303		0.562123
304		0.56495
305		0.568376
306		0.570007
307		0.571584
308		0.572454
309		0.573922
310		0.575716
311		0.580229
312		0.580936
313		0.583709
314		0.585449
315		0.588712
316		0.590234
317		0.592246
318		0.593769
319		0.59714
320		0.598064
321		0.600076
322		0.601599
323		0.604807
324		0.605514
325		0.607471
326		0.6097
327		0.610407
328		0.611984
329		0.614975
330		0.617204
331		0.619053
332		0.621608
333		0.623838
334		0.624545
335		0.626285
336		0.628296
337		0.631287
338		0.634006
339		0.637051
340		0.638899
341		0.641238
342		0.644283
343		0.646403
344		0.646784
345		0.649774
346		0.652384
347		0.654777
348		0.657061
349		0.657061
350		0.658202
351		0.660975
352		0.661737
353		0.66625
354		0.667065
355		0.668262
356		0.672231
357		0.676146
358		0.678375
359		0.679572
360		0.680822
361		0.684683
362		0.686912
363		0.69012
364		0.690392
365		0.692621
366		0.694144
367		0.696699
368		0.698331
369		0.700234
370		0.702246
371		0.70317
372		0.705128
373		0.709042
374		0.710565
375		0.710891
376		0.713066
377		0.715132
378		0.715894
379		0.717851
380		0.719319
381		0.722473
382		0.723778
383		0.726605
384		0.727204
385		0.729759
386		0.731553
387		0.734435
388		0.736012
389		0.737807
390		0.739003
391		0.73971
392		0.740145
393		0.743951
394		0.746506
395		0.749715
396		0.750585
397		0.751672
398		0.753684
399		0.755043
400		0.759719
401		0.761459
402		0.762166
403		0.764015
404		0.765102
405		0.766136
406		0.769017
407		0.772171
408		0.773966
409		0.77489
410		0.775923
411		0.778479
412		0.780762
413		0.783318
414		0.784732
415		0.786526
416		0.787994
417		0.789136
418		0.79354
419		0.796259
420		0.797673
421		0.800283
422		0.800881
423		0.802675
424		0.805231
425		0.806264
426		0.808276
427		0.809744
428		0.811212
429		0.812517
430		0.814148
431		0.814801
432		0.818063
433		0.820184
434		0.82225
435		0.823283
436		0.824316
437		0.827851
438		0.830569
439		0.831766
440		0.834647
441		0.83568
442		0.83742
443		0.837855
444		0.841172
445		0.843945
446		0.846664
447		0.84922
448		0.849981
449		0.850797
450		0.852972
451		0.855745
452		0.859061
453		0.859551
454		0.8614
455		0.862705
456		0.865151
457		0.86613
458		0.868251
459		0.869991
460		0.871568
461		0.872709
462		0.875863
463		0.87918
464		0.882551
465		0.88353
466		0.884454
467		0.886466
468		0.887662
469		0.889783
470		0.892937
471		0.894622
472		0.896852
473		0.897178
474		0.897939
475		0.901093
476		0.903431
477		0.905117
478		0.907183
479		0.907563
480		0.911696
481		0.91224
482		0.91398
483		0.915176
484		0.918221
485		0.920885
486		0.921973
487		0.923332
488		0.925018
489		0.927519
490		0.930944
491		0.931869
492		0.932902
493		0.934261
494		0.935294
495		0.939155
496		0.941004
497		0.944701
498		0.945952
499		0.946278
500		0.949051
501		0.950247
502		0.953129
503		0.954434
504		0.956065
505		0.958947
506		0.960687
507		0.961775
508		0.965092
509		0.968463
510		0.96868
511		0.970855
512		0.972867
513		0.975042
514		0.977761
515		0.979011
516		0.97961
517		0.981785
518		0.984286
519		0.98695
520		0.988636
521		0.989832
522		0.990049
523		0.991844
524		0.992931
525		0.993094
526		0.993856
527		0.996357
528		0.996466
529		0.997064
530		0.998532
531		0.999565
532		1
533		1
534		1
535		1
536		1
537		1
538		1
539		1
540		1
541		1
542		1
543		1
544		1
545		1
546		1
547		1
548		1
549		1
550		1
551		1
552		1
553		1
554		1
555		1
556		1
557		1
558		1
559		1
560		1
561		1
562		1
563		1
564		1
565		1
566		1
567		1
568		1
569		1
570		1
571		1
572		1
573		1
574		1
575		1
576		1
577		1
578		1
579		1
580		1
581		1
582		1
583		1
584		1
585		1
586		1
587		1
588		1
589		1
590		1
591		1
592		1
593		1
594		1
595		1
596		1
597		1
598		1
599		1
600		1
