# Calibration file of tamex_id 1 @ channel 14
# fine_T bin		 Calibration value
1		0
2		0
3		0
4		0
5		0
6		0
7		0
8		0
9		0
10		0
11		0
12		0
13		0
14		0
15		0
16		0
17		0
18		0.00482365
19		0.00799059
20		0.00982913
21		0.0140568
22		0.0149912
23		0.0171025
24		0.0185622
25		0.020426
26		0.0238404
27		0.0250577
28		0.0276589
29		0.028654
30		0.0299571
31		0.0345383
32		0.0350081
33		0.0361092
34		0.0390337
35		0.0422915
36		0.0448119
37		0.0462615
38		0.0466353
39		0.0491355
40		0.0518832
41		0.0532268
42		0.0545097
43		0.0602072
44		0.0609951
45		0.061581
46		0.0637984
47		0.0667532
48		0.0690918
49		0.0701727
50		0.0716577
51		0.0749711
52		0.0755267
53		0.0782037
54		0.0806887
55		0.08131
56		0.0846689
57		0.0862448
58		0.0878863
59		0.0907452
60		0.0928211
61		0.0943061
62		0.0959123
63		0.0977003
64		0.100655
65		0.104277
66		0.10558
67		0.1061
68		0.107757
69		0.112929
70		0.114055
71		0.115606
72		0.115848
73		0.120515
74		0.122106
75		0.123965
76		0.124364
77		0.128981
78		0.129971
79		0.130996
80		0.132698
81		0.137709
82		0.13836
83		0.140361
84		0.1413
85		0.144129
86		0.146775
87		0.148589
88		0.149765
89		0.152589
90		0.153483
91		0.155321
92		0.159059
93		0.159549
94		0.164489
95		0.165156
96		0.166247
97		0.167105
98		0.169429
99		0.174414
100		0.176061
101		0.176803
102		0.177293
103		0.181101
104		0.183713
105		0.184076
106		0.186627
107		0.188839
108		0.192299
109		0.193113
110		0.194567
111		0.198002
112		0.199204
113		0.202118
114		0.204336
115		0.208124
116		0.208488
117		0.21017
118		0.212341
119		0.215039
120		0.218569
121		0.219852
122		0.22017
123		0.222969
124		0.22455
125		0.228732
126		0.231141
127		0.232767
128		0.233303
129		0.237232
130		0.238818
131		0.241122
132		0.243132
133		0.245551
134		0.246344
135		0.248077
136		0.249592
137		0.255699
138		0.255845
139		0.256598
140		0.257785
141		0.261588
142		0.264553
143		0.26677
144		0.267432
145		0.270235
146		0.271983
147		0.274119
148		0.275852
149		0.277074
150		0.280246
151		0.282726
152		0.284226
153		0.28512
154		0.286833
155		0.290212
156		0.291525
157		0.292656
158		0.295788
159		0.300495
160		0.300642
161		0.301051
162		0.30147
163		0.308107
164		0.311042
165		0.311163
166		0.311476
167		0.316563
168		0.318219
169		0.319775
170		0.321755
171		0.32425
172		0.326659
173		0.328513
174		0.329675
175		0.332827
176		0.336044
177		0.337175
178		0.337989
179		0.339428
180		0.342135
181		0.345813
182		0.347984
183		0.349247
184		0.349974
185		0.353384
186		0.355197
187		0.356632
188		0.360693
189		0.362117
190		0.364355
191		0.365582
192		0.366612
193		0.371098
194		0.372613
195		0.373593
196		0.375325
197		0.376775
198		0.38078
199		0.382998
200		0.384483
201		0.386079
202		0.387185
203		0.392948
204		0.3937
205		0.395483
206		0.395756
207		0.400984
208		0.403484
209		0.404802
210		0.408767
211		0.411354
212		0.412328
213		0.413136
214		0.415015
215		0.419268
216		0.421395
217		0.42188
218		0.423557
219		0.427456
220		0.42836
221		0.43182
222		0.432593
223		0.43683
224		0.437416
225		0.437997
226		0.439396
227		0.444351
228		0.447407
229		0.44773
230		0.449286
231		0.451074
232		0.453953
233		0.457327
234		0.459145
235		0.459731
236		0.463075
237		0.464449
238		0.465
239		0.46949
240		0.470278
241		0.473036
242		0.474672
243		0.47545
244		0.477395
245		0.480844
246		0.481738
247		0.483279
248		0.485607
249		0.490572
250		0.491694
251		0.49228
252		0.492987
253		0.499467
254		0.501705
255		0.501887
256		0.503286
257		0.505655
258		0.509579
259		0.511711
260		0.514337
261		0.514928
262		0.516701
263		0.520191
264		0.5221
265		0.523363
266		0.526308
267		0.529434
268		0.530404
269		0.532364
270		0.533071
271		0.536915
272		0.538976
273		0.541824
274		0.543365
275		0.544804
276		0.547037
277		0.550123
278		0.550972
279		0.552901
280		0.5543
281		0.559119
282		0.561796
283		0.563321
284		0.565948
285		0.568655
286		0.5702
287		0.573802
288		0.575241
289		0.577161
290		0.580818
291		0.583101
292		0.583111
293		0.583661
294		0.584868
295		0.586732
296		0.590409
297		0.592409
298		0.594142
299		0.594384
300		0.596395
301		0.596536
302		0.601057
303		0.602633
304		0.604567
305		0.606385
306		0.607062
307		0.612265
308		0.613123
309		0.613628
310		0.617306
311		0.620877
312		0.622786
313		0.623362
314		0.625033
315		0.629089
316		0.630266
317		0.631423
318		0.633246
319		0.635721
320		0.638843
321		0.640737
322		0.641525
323		0.644424
324		0.645596
325		0.647748
326		0.650758
327		0.652117
328		0.655188
329		0.656748
330		0.657435
331		0.659678
332		0.662724
333		0.665855
334		0.667229
335		0.668472
336		0.670431
337		0.674689
338		0.676215
339		0.676467
340		0.678922
341		0.683362
342		0.684362
343		0.685468
344		0.686731
345		0.69167
346		0.692605
347		0.695651
348		0.69904
349		0.70201
350		0.706813
351		0.707253
352		0.708985
353		0.712394
354		0.715127
355		0.717693
356		0.719607
357		0.719658
358		0.720819
359		0.721057
360		0.723294
361		0.725759
362		0.730138
363		0.730138
364		0.731113
365		0.731421
366		0.733715
367		0.737371
368		0.738134
369		0.740993
370		0.742033
371		0.746569
372		0.747948
373		0.748797
374		0.749807
375		0.753908
376		0.755019
377		0.757277
378		0.760464
379		0.761005
380		0.763707
381		0.765985
382		0.767354
383		0.770748
384		0.772076
385		0.775658
386		0.776799
387		0.778789
388		0.781254
389		0.783658
390		0.786133
391		0.787214
392		0.788921
393		0.792906
394		0.793659
395		0.795154
396		0.796836
397		0.800781
398		0.802382
399		0.803786
400		0.805448
401		0.80862
402		0.810741
403		0.812383
404		0.813737
405		0.817414
406		0.818207
407		0.820449
408		0.82304
409		0.824743
410		0.827657
411		0.829849
412		0.831117
413		0.832445
414		0.834294
415		0.837941
416		0.840345
417		0.84085
418		0.843628
419		0.846941
420		0.847926
421		0.849851
422		0.851159
423		0.854851
424		0.856836
425		0.857978
426		0.858776
427		0.864716
428		0.86659
429		0.866923
430		0.868373
431		0.873156
432		0.874504
433		0.876242
434		0.878065
435		0.880101
436		0.882611
437		0.885121
438		0.885717
439		0.888233
440		0.891021
441		0.893728
442		0.895274
443		0.896501
444		0.898956
445		0.901244
446		0.902774
447		0.904759
448		0.905689
449		0.910699
450		0.910997
451		0.912482
452		0.913745
453		0.91724
454		0.919281
455		0.920842
456		0.921817
457		0.926312
458		0.926807
459		0.929221
460		0.9296
461		0.93403
462		0.937
463		0.938899
464		0.940252
465		0.942167
466		0.944662
467		0.947364
468		0.949137
469		0.950066
470		0.953289
471		0.956567
472		0.958805
473		0.959688
474		0.960785
475		0.966012
476		0.967043
477		0.967568
478		0.968927
479		0.974296
480		0.975503
481		0.976109
482		0.978554
483		0.982221
484		0.983888
485		0.985266
486		0.986671
487		0.989944
488		0.992499
489		0.993464
490		0.994156
491		0.996101
492		0.997661
493		0.99954
494		0.999606
495		0.999884
496		0.999995
497		1
498		1
499		1
500		1
501		1
502		1
503		1
504		1
505		1
506		1
507		1
508		1
509		1
510		1
511		1
512		1
513		1
514		1
515		1
516		1
517		1
518		1
519		1
520		1
521		1
522		1
523		1
524		1
525		1
526		1
527		1
528		1
529		1
530		1
531		1
532		1
533		1
534		1
535		1
536		1
537		1
538		1
539		1
540		1
541		1
542		1
543		1
544		1
545		1
546		1
547		1
548		1
549		1
550		1
551		1
552		1
553		1
554		1
555		1
556		1
557		1
558		1
559		1
560		1
561		1
562		1
563		1
564		1
565		1
566		1
567		1
568		1
569		1
570		1
571		1
572		1
573		1
574		1
575		1
576		1
577		1
578		1
579		1
580		1
581		1
582		1
583		1
584		1
585		1
586		1
587		1
588		1
589		1
590		1
591		1
592		1
593		1
594		1
595		1
596		1
597		1
598		1
599		1
600		1
