# Calibration file of tamex_id 1 @ channel 6
# fine_T bin		 Calibration value
1		0
2		0
3		0
4		0
5		0
6		0
7		0
8		0
9		0
10		0
11		0
12		0
13		0
14		0
15		0
16		0
17		0.00289904
18		0.00605845
19		0.00801118
20		0.0095333
21		0.0145503
22		0.0156618
23		0.017204
24		0.019337
25		0.0214549
26		0.0248146
27		0.025791
28		0.0264619
29		0.0290856
30		0.0311785
31		0.0326556
32		0.0343679
33		0.0354044
34		0.0386489
35		0.0421288
36		0.0439763
37		0.0441266
38		0.0462295
39		0.0491185
40		0.0506657
41		0.0546312
42		0.0557778
43		0.0578507
44		0.0583764
45		0.060214
46		0.0625473
47		0.0661323
48		0.068075
49		0.0697022
50		0.0707837
51		0.073102
52		0.0737479
53		0.0782842
54		0.0787799
55		0.0813134
56		0.0819744
57		0.0836267
58		0.084573
59		0.0920184
60		0.0923689
61		0.0935104
62		0.0941313
63		0.0970704
64		0.10047
65		0.102333
66		0.10361
67		0.105597
68		0.10783
69		0.108111
70		0.111656
71		0.112622
72		0.114249
73		0.116573
74		0.117534
75		0.119667
76		0.123517
77		0.12526
78		0.127077
79		0.127984
80		0.131914
81		0.134277
82		0.135659
83		0.136706
84		0.137662
85		0.143741
86		0.14662
87		0.147476
88		0.149173
89		0.150926
90		0.153299
91		0.154576
92		0.1577
93		0.158431
94		0.16099
95		0.161981
96		0.163798
97		0.166758
98		0.169086
99		0.171459
100		0.173111
101		0.173752
102		0.176717
103		0.17891
104		0.181338
105		0.181929
106		0.184537
107		0.18625
108		0.187477
109		0.1902
110		0.192609
111		0.194581
112		0.197415
113		0.198317
114		0.199984
115		0.202783
116		0.205301
117		0.20773
118		0.208626
119		0.212912
120		0.213903
121		0.21521
122		0.217859
123		0.21878
124		0.222
125		0.224844
126		0.227167
127		0.227753
128		0.229405
129		0.232399
130		0.2327
131		0.235589
132		0.238092
133		0.240901
134		0.242173
135		0.243705
136		0.243855
137		0.248086
138		0.249403
139		0.251456
140		0.252858
141		0.255672
142		0.258055
143		0.258811
144		0.259918
145		0.264304
146		0.266387
147		0.267834
148		0.269421
149		0.271799
150		0.273617
151		0.27612
152		0.278699
153		0.280401
154		0.28288
155		0.283896
156		0.284807
157		0.287556
158		0.289944
159		0.292558
160		0.293204
161		0.294511
162		0.29725
163		0.30079
164		0.302948
165		0.303999
166		0.30481
167		0.306768
168		0.308861
169		0.310643
170		0.313392
171		0.316086
172		0.316872
173		0.31935
174		0.320948
175		0.324523
176		0.325769
177		0.327051
178		0.328478
179		0.331047
180		0.332799
181		0.335478
182		0.33725
183		0.340185
184		0.342428
185		0.343724
186		0.344245
187		0.346994
188		0.349072
189		0.351595
190		0.353879
191		0.355165
192		0.356597
193		0.359677
194		0.360918
195		0.36194
196		0.364554
197		0.368419
198		0.36931
199		0.370957
200		0.372354
201		0.374432
202		0.376736
203		0.379109
204		0.381352
205		0.383034
206		0.384481
207		0.387831
208		0.389153
209		0.392282
210		0.392653
211		0.39448
212		0.396488
213		0.399653
214		0.40122
215		0.404074
216		0.40488
217		0.406873
218		0.409406
219		0.411589
220		0.414608
221		0.41575
222		0.416997
223		0.420191
224		0.422079
225		0.422905
226		0.426245
227		0.428318
228		0.429744
229		0.432288
230		0.43346
231		0.434967
232		0.438627
233		0.439999
234		0.441226
235		0.444435
236		0.445181
237		0.447019
238		0.448416
239		0.45181
240		0.454083
241		0.45528
242		0.45848
243		0.460557
244		0.46253
245		0.462986
246		0.466551
247		0.467452
248		0.472404
249		0.472865
250		0.474597
251		0.475213
252		0.478002
253		0.480205
254		0.483585
255		0.484831
256		0.485898
257		0.487971
258		0.489082
259		0.492807
260		0.493113
261		0.496688
262		0.498325
263		0.499982
264		0.500373
265		0.504474
266		0.505906
267		0.507213
268		0.509931
269		0.511569
270		0.51285
271		0.516395
272		0.518378
273		0.51995
274		0.521803
275		0.523495
276		0.525062
277		0.526119
278		0.53073
279		0.531662
280		0.534591
281		0.535903
282		0.536864
283		0.539407
284		0.543984
285		0.546863
286		0.548791
287		0.549386
288		0.551234
289		0.554894
290		0.557122
291		0.558274
292		0.55936
293		0.561208
294		0.563421
295		0.567151
296		0.568258
297		0.572549
298		0.574582
299		0.576334
300		0.580104
301		0.583629
302		0.585897
303		0.588406
304		0.589292
305		0.590969
306		0.594489
307		0.596287
308		0.599802
309		0.600533
310		0.601654
311		0.605775
312		0.60602
313		0.606756
314		0.610787
315		0.612995
316		0.614873
317		0.617106
318		0.618027
319		0.620285
320		0.623064
321		0.623525
322		0.626174
323		0.627926
324		0.629198
325		0.633283
326		0.634435
327		0.635902
328		0.638075
329		0.639562
330		0.64189
331		0.645145
332		0.645906
333		0.6489
334		0.650362
335		0.652075
336		0.654022
337		0.655534
338		0.657908
339		0.658439
340		0.662339
341		0.664061
342		0.668923
343		0.671687
344		0.672839
345		0.675582
346		0.67753
347		0.679858
348		0.680309
349		0.682152
350		0.686728
351		0.687109
352		0.68793
353		0.690699
354		0.690999
355		0.694489
356		0.700582
357		0.701268
358		0.70275
359		0.706225
360		0.70975
361		0.712429
362		0.71333
363		0.71658
364		0.718062
365		0.72037
366		0.722112
367		0.723745
368		0.725447
369		0.729012
370		0.730865
371		0.731726
372		0.733749
373		0.737008
374		0.7382
375		0.739667
376		0.7416
377		0.744849
378		0.747443
379		0.748449
380		0.748985
381		0.751053
382		0.755058
383		0.755599
384		0.758318
385		0.759239
386		0.76314
387		0.764672
388		0.765923
389		0.767471
390		0.768337
391		0.771646
392		0.773814
393		0.775657
394		0.777074
395		0.779608
396		0.781726
397		0.782707
398		0.785681
399		0.787664
400		0.788154
401		0.790578
402		0.79237
403		0.794679
404		0.797878
405		0.79907
406		0.799505
407		0.802144
408		0.804778
409		0.805273
410		0.808498
411		0.810821
412		0.812178
413		0.812408
414		0.816569
415		0.818271
416		0.820124
417		0.821786
418		0.822653
419		0.824976
420		0.827705
421		0.829632
422		0.830599
423		0.83169
424		0.834915
425		0.838234
426		0.839246
427		0.840808
428		0.843567
429		0.845124
430		0.846035
431		0.850121
432		0.851313
433		0.851948
434		0.854317
435		0.855128
436		0.856415
437		0.861902
438		0.863785
439		0.864181
440		0.866023
441		0.868467
442		0.871446
443		0.872567
444		0.873864
445		0.875366
446		0.878806
447		0.880203
448		0.883528
449		0.884319
450		0.884814
451		0.888895
452		0.889836
453		0.89216
454		0.893787
455		0.89638
456		0.897883
457		0.900086
458		0.901177
459		0.905213
460		0.906244
461		0.907671
462		0.908743
463		0.91381
464		0.914836
465		0.915773
466		0.91782
467		0.920649
468		0.921946
469		0.924485
470		0.925196
471		0.929597
472		0.930453
473		0.932055
474		0.933062
475		0.934999
476		0.938925
477		0.940212
478		0.941318
479		0.943366
480		0.94627
481		0.949164
482		0.951447
483		0.951893
484		0.952894
485		0.956309
486		0.958537
487		0.959483
488		0.962212
489		0.964175
490		0.966443
491		0.966694
492		0.969047
493		0.972537
494		0.973573
495		0.97505
496		0.977989
497		0.979732
498		0.981735
499		0.984203
500		0.986311
501		0.987042
502		0.990422
503		0.991288
504		0.991373
505		0.993736
506		0.994112
507		0.994357
508		0.996555
509		0.99669
510		0.997727
511		0.999219
512		0.999224
513		0.999474
514		0.99988
515		1
516		1
517		1
518		1
519		1
520		1
521		1
522		1
523		1
524		1
525		1
526		1
527		1
528		1
529		1
530		1
531		1
532		1
533		1
534		1
535		1
536		1
537		1
538		1
539		1
540		1
541		1
542		1
543		1
544		1
545		1
546		1
547		1
548		1
549		1
550		1
551		1
552		1
553		1
554		1
555		1
556		1
557		1
558		1
559		1
560		1
561		1
562		1
563		1
564		1
565		1
566		1
567		1
568		1
569		1
570		1
571		1
572		1
573		1
574		1
575		1
576		1
577		1
578		1
579		1
580		1
581		1
582		1
583		1
584		1
585		1
586		1
587		1
588		1
589		1
590		1
591		1
592		1
593		1
594		1
595		1
596		1
597		1
598		1
599		1
600		1
