# Calibration file of tamex_id 2 @ channel 11
# fine_T bin		 Calibration value
1		0
2		0
3		0
4		0
5		0
6		0
7		0
8		0
9		0
10		0
11		0
12		0
13		0
14		0
15		0
16		0
17		0.00375052
18		0.00747625
19		0.00922759
20		0.0108798
21		0.0151425
22		0.016836
23		0.017976
24		0.0214209
25		0.0245766
26		0.0254853
27		0.0273606
28		0.0284758
29		0.0311111
30		0.0329203
31		0.0349277
32		0.0367617
33		0.0390004
34		0.0404296
35		0.042404
36		0.0436596
37		0.047121
38		0.0487732
39		0.0499628
40		0.0519537
41		0.0546964
42		0.0549773
43		0.0570343
44		0.0598761
45		0.0612309
46		0.0620653
47		0.0666006
48		0.0677736
49		0.0696985
50		0.071772
51		0.0740273
52		0.0755638
53		0.0764891
54		0.07924
55		0.0826022
56		0.0831805
57		0.0841223
58		0.0855679
59		0.089905
60		0.0911029
61		0.0937133
62		0.0940355
63		0.098323
64		0.0999091
65		0.101611
66		0.102338
67		0.105163
68		0.107377
69		0.108815
70		0.11183
71		0.113722
72		0.115085
73		0.117877
74		0.119504
75		0.120207
76		0.122602
77		0.125279
78		0.126914
79		0.128236
80		0.129558
81		0.132433
82		0.134432
83		0.135704
84		0.136894
85		0.139447
86		0.141322
87		0.143577
88		0.144164
89		0.148715
90		0.149855
91		0.151375
92		0.152912
93		0.156687
94		0.15758
95		0.158686
96		0.160512
97		0.16385
98		0.165964
99		0.167675
100		0.167964
101		0.170442
102		0.172284
103		0.175109
104		0.177976
105		0.178298
106		0.181396
107		0.183189
108		0.184568
109		0.18513
110		0.189575
111		0.192045
112		0.193135
113		0.194961
114		0.195275
115		0.2
116		0.201842
117		0.203404
118		0.204246
119		0.209079
120		0.209591
121		0.210169
122		0.213466
123		0.217299
124		0.21848
125		0.220388
126		0.220653
127		0.225428
128		0.225915
129		0.2276
130		0.230244
131		0.231648
132		0.23468
133		0.23539
134		0.235911
135		0.239744
136		0.241586
137		0.242767
138		0.243784
139		0.246857
140		0.248971
141		0.250186
142		0.251797
143		0.254168
144		0.256687
145		0.257943
146		0.260074
147		0.261974
148		0.262817
149		0.2676
150		0.268459
151		0.270467
152		0.270946
153		0.274589
154		0.276439
155		0.278183
156		0.279992
157		0.284221
158		0.284519
159		0.285824
160		0.287328
161		0.292631
162		0.293812
163		0.295613
164		0.296002
165		0.301537
166		0.303065
167		0.303941
168		0.306105
169		0.307526
170		0.309203
171		0.311144
172		0.312887
173		0.316142
174		0.318695
175		0.319389
176		0.320388
177		0.321867
178		0.324841
179		0.32684
180		0.329632
181		0.330219
182		0.331648
183		0.335357
184		0.335969
185		0.337728
186		0.339364
187		0.34299
188		0.343618
189		0.343784
190		0.34556
191		0.349252
192		0.351409
193		0.351863
194		0.352912
195		0.357703
196		0.35862
197		0.36014
198		0.362057
199		0.366039
200		0.368055
201		0.36988
202		0.371004
203		0.373771
204		0.375696
205		0.378645
206		0.380983
207		0.382247
208		0.38423
209		0.385328
210		0.389864
211		0.390574
212		0.393383
213		0.395547
214		0.396109
215		0.396886
216		0.399818
217		0.401933
218		0.404205
219		0.406113
220		0.40665
221		0.409839
222		0.411078
223		0.412325
224		0.415366
225		0.418984
226		0.420008
227		0.420397
228		0.421016
229		0.425816
230		0.428088
231		0.429864
232		0.430797
233		0.435052
234		0.435861
235		0.436935
236		0.437497
237		0.440603
238		0.443181
239		0.445361
240		0.445692
241		0.450136
242		0.450516
243		0.453499
244		0.454184
245		0.456456
246		0.457885
247		0.461404
248		0.46214
249		0.463519
250		0.466716
251		0.470665
252		0.471136
253		0.472309
254		0.473664
255		0.478298
256		0.478876
257		0.481627
258		0.483536
259		0.48513
260		0.487154
261		0.488269
262		0.490417
263		0.493259
264		0.496638
265		0.49753
266		0.498852
267		0.502115
268		0.503313
269		0.504907
270		0.507972
271		0.510929
272		0.511599
273		0.51349
274		0.514234
275		0.51824
276		0.519818
277		0.521561
278		0.522553
279		0.523767
280		0.527253
281		0.529186
282		0.530805
283		0.531838
284		0.532623
285		0.537728
286		0.539455
287		0.540884
288		0.545841
289		0.546865
290		0.548996
291		0.550541
292		0.555977
293		0.556596
294		0.557745
295		0.558604
296		0.558686
297		0.558827
298		0.560925
299		0.563147
300		0.565651
301		0.566188
302		0.568096
303		0.570492
304		0.571466
305		0.573036
306		0.57411
307		0.577513
308		0.579752
309		0.581627
310		0.583635
311		0.584428
312		0.588839
313		0.589475
314		0.589831
315		0.593028
316		0.594349
317		0.597786
318		0.599752
319		0.602528
320		0.603701
321		0.606105
322		0.607774
323		0.609087
324		0.611078
325		0.614564
326		0.615638
327		0.617142
328		0.617935
329		0.62299
330		0.624593
331		0.625568
332		0.626848
333		0.627972
334		0.630095
335		0.633548
336		0.634969
337		0.636506
338		0.638389
339		0.639827
340		0.640471
341		0.645229
342		0.64556
343		0.649475
344		0.651979
345		0.655233
346		0.65786
347		0.660826
348		0.663007
349		0.663916
350		0.666724
351		0.66931
352		0.671293
353		0.671417
354		0.671524
355		0.672251
356		0.674597
357		0.678331
358		0.679513
359		0.679513
360		0.681198
361		0.681751
362		0.684354
363		0.688195
364		0.689021
365		0.690227
366		0.693226
367		0.695655
368		0.697266
369		0.699372
370		0.701148
371		0.703569
372		0.705576
373		0.707113
374		0.708608
375		0.712714
376		0.713837
377		0.71449
378		0.714771
379		0.717241
380		0.721727
381		0.723792
382		0.725097
383		0.726683
384		0.727451
385		0.730062
386		0.733466
387		0.735729
388		0.737175
389		0.739182
390		0.740529
391		0.743536
392		0.745295
393		0.748013
394		0.748988
395		0.749698
396		0.751648
397		0.754325
398		0.757877
399		0.758819
400		0.759389
401		0.761347
402		0.763313
403		0.764758
404		0.768327
405		0.770789
406		0.772268
407		0.772598
408		0.773879
409		0.778868
410		0.780165
411		0.782338
412		0.783445
413		0.785923
414		0.787988
415		0.789475
416		0.791516
417		0.7943
418		0.796745
419		0.798232
420		0.800223
421		0.803015
422		0.804981
423		0.806617
424		0.80912
425		0.809979
426		0.811896
427		0.81468
428		0.81658
429		0.818183
430		0.819347
431		0.822916
432		0.824973
433		0.82632
434		0.827385
435		0.831029
436		0.832243
437		0.833556
438		0.836489
439		0.839917
440		0.840611
441		0.840892
442		0.84204
443		0.847121
444		0.850037
445		0.85064
446		0.851499
447		0.853722
448		0.856026
449		0.857571
450		0.859752
451		0.861652
452		0.863461
453		0.864312
454		0.867071
455		0.868674
456		0.87197
457		0.874779
458		0.875721
459		0.876249
460		0.878637
461		0.882462
462		0.883494
463		0.884742
464		0.886353
465		0.890401
466		0.891276
467		0.892565
468		0.893432
469		0.895184
470		0.900223
471		0.901859
472		0.902916
473		0.90456
474		0.905808
475		0.90841
476		0.912408
477		0.913796
478		0.915035
479		0.915836
480		0.918356
481		0.92214
482		0.924833
483		0.925312
484		0.926634
485		0.929855
486		0.931665
487		0.933466
488		0.937125
489		0.937951
490		0.938876
491		0.942412
492		0.944494
493		0.945741
494		0.947724
495		0.951516
496		0.953094
497		0.953432
498		0.954226
499		0.959273
500		0.960397
501		0.961586
502		0.962404
503		0.966154
504		0.968245
505		0.969285
506		0.970401
507		0.974126
508		0.975473
509		0.97791
510		0.979603
511		0.980892
512		0.983263
513		0.985361
514		0.988377
515		0.989426
516		0.990467
517		0.993854
518		0.994721
519		0.996481
520		0.998323
521		0.999942
522		1
523		1
524		1
525		1
526		1
527		1
528		1
529		1
530		1
531		1
532		1
533		1
534		1
535		1
536		1
537		1
538		1
539		1
540		1
541		1
542		1
543		1
544		1
545		1
546		1
547		1
548		1
549		1
550		1
551		1
552		1
553		1
554		1
555		1
556		1
557		1
558		1
559		1
560		1
561		1
562		1
563		1
564		1
565		1
566		1
567		1
568		1
569		1
570		1
571		1
572		1
573		1
574		1
575		1
576		1
577		1
578		1
579		1
580		1
581		1
582		1
583		1
584		1
585		1
586		1
587		1
588		1
589		1
590		1
591		1
592		1
593		1
594		1
595		1
596		1
597		1
598		1
599		1
600		1
