# Calibration file of tamex_id 1 @ channel 12
# fine_T bin		 Calibration value
1		0
2		0
3		0
4		0
5		0
6		0
7		0
8		0
9		0
10		0
11		0
12		0
13		0
14		0
15		0
16		0
17		0
18		0.0057834
19		0.00806046
20		0.011183
21		0.0140358
22		0.0159497
23		0.0188959
24		0.0190671
25		0.0228172
26		0.0257582
27		0.026391
28		0.0285902
29		0.030442
30		0.0336786
31		0.0339016
32		0.0353799
33		0.0355355
34		0.0394983
35		0.04329
36		0.0451469
37		0.0455307
38		0.0467289
39		0.0520143
40		0.0531451
41		0.0557697
42		0.0570301
43		0.0615479
44		0.0621859
45		0.0625438
46		0.064131
47		0.0686799
48		0.070708
49		0.0712111
50		0.0736438
51		0.0761179
52		0.0778918
53		0.0801326
54		0.0818806
55		0.0833277
56		0.0854803
57		0.0872283
58		0.0898321
59		0.0916527
60		0.0918239
61		0.0962898
62		0.0987121
63		0.0996924
64		0.102421
65		0.105388
66		0.106472
67		0.107955
68		0.109262
69		0.114055
70		0.11558
71		0.116664
72		0.117069
73		0.12127
74		0.124299
75		0.126032
76		0.126379
77		0.131104
78		0.131597
79		0.132334
80		0.135332
81		0.13833
82		0.139383
83		0.142044
84		0.143382
85		0.147101
86		0.149061
87		0.150135
88		0.151141
89		0.153875
90		0.156359
91		0.160115
92		0.160779
93		0.163232
94		0.164508
95		0.167361
96		0.168502
97		0.171521
98		0.172786
99		0.177548
100		0.178948
101		0.179752
102		0.18247
103		0.186112
104		0.186485
105		0.187522
106		0.189462
107		0.194271
108		0.195298
109		0.197274
110		0.198783
111		0.201491
112		0.203846
113		0.206335
114		0.207637
115		0.210682
116		0.212088
117		0.214883
118		0.216579
119		0.221087
120		0.221626
121		0.222576
122		0.225392
123		0.228888
124		0.229982
125		0.231798
126		0.233089
127		0.235994
128		0.238686
129		0.241186
130		0.242249
131		0.243717
132		0.247193
133		0.250891
134		0.251949
135		0.252473
136		0.253925
137		0.258215
138		0.26086
139		0.262686
140		0.263106
141		0.266275
142		0.26724
143		0.269107
144		0.269948
145		0.273386
146		0.275181
147		0.277173
148		0.277987
149		0.282137
150		0.284663
151		0.286981
152		0.287287
153		0.287998
154		0.292744
155		0.296173
156		0.298247
157		0.299139
158		0.300203
159		0.306583
160		0.306915
161		0.307636
162		0.31082
163		0.313844
164		0.316251
165		0.317486
166		0.318912
167		0.321972
168		0.323419
169		0.324099
170		0.326371
171		0.330339
172		0.331205
173		0.332953
174		0.334162
175		0.338565
176		0.340184
177		0.340822
178		0.342979
179		0.343762
180		0.347476
181		0.348296
182		0.350547
183		0.353306
184		0.355117
185		0.357529
186		0.359526
187		0.36047
188		0.363089
189		0.367918
190		0.368302
191		0.369142
192		0.370952
193		0.373966
194		0.374334
195		0.37825
196		0.379412
197		0.383328
198		0.384184
199		0.385279
200		0.386482
201		0.390538
202		0.393323
203		0.395523
204		0.396627
205		0.399968
206		0.400891
207		0.403225
208		0.405362
209		0.40876
210		0.410694
211		0.41265
212		0.414481
213		0.417245
214		0.417992
215		0.423112
216		0.424367
217		0.425742
218		0.429113
219		0.43124
220		0.433086
221		0.435203
222		0.436255
223		0.438533
224		0.440255
225		0.441842
226		0.444212
227		0.447947
228		0.449664
229		0.449944
230		0.450779
231		0.454835
232		0.457294
233		0.46012
234		0.461635
235		0.46329
236		0.465338
237		0.468502
238		0.469939
239		0.471843
240		0.473243
241		0.477403
242		0.478394
243		0.480827
244		0.483954
245		0.486128
246		0.486382
247		0.488918
248		0.491237
249		0.494292
250		0.496621
251		0.497694
252		0.499033
253		0.503364
254		0.505641
255		0.506419
256		0.507415
257		0.511575
258		0.513639
259		0.515117
260		0.517607
261		0.520138
262		0.522337
263		0.523582
264		0.524277
265		0.527944
266		0.530875
267		0.533422
268		0.534438
269		0.536653
270		0.538894
271		0.542504
272		0.542888
273		0.54529
274		0.546311
275		0.548531
276		0.552582
277		0.553034
278		0.55461
279		0.557785
280		0.559922
281		0.56042
282		0.563423
283		0.566421
284		0.569144
285		0.572671
286		0.5757
287		0.577998
288		0.578564
289		0.582474
290		0.586271
291		0.589342
292		0.590571
293		0.590701
294		0.590706
295		0.590758
296		0.594544
297		0.596847
298		0.598206
299		0.600509
300		0.601038
301		0.602911
302		0.604695
303		0.60581
304		0.606671
305		0.613067
306		0.614037
307		0.615847
308		0.61663
309		0.620059
310		0.623135
311		0.626257
312		0.626574
313		0.628871
314		0.630178
315		0.631968
316		0.636195
317		0.636455
318		0.639069
319		0.642554
320		0.64367
321		0.645589
322		0.646497
323		0.65019
324		0.650625
325		0.652991
326		0.656362
327		0.659391
328		0.661015
329		0.662016
330		0.662566
331		0.666502
332		0.669158
333		0.669812
334		0.671414
335		0.674464
336		0.675932
337		0.677981
338		0.680144
339		0.682224
340		0.684817
341		0.686119
342		0.68794
343		0.689745
344		0.693791
345		0.697826
346		0.698641
347		0.700627
348		0.706576
349		0.709154
350		0.711291
351		0.713091
352		0.714839
353		0.716857
354		0.719803
355		0.720908
356		0.722744
357		0.723787
358		0.723844
359		0.725047
360		0.729617
361		0.73151
362		0.731572
363		0.733248
364		0.735706
365		0.737911
366		0.738564
367		0.74094
368		0.742081
369		0.74637
370		0.748067
371		0.750141
372		0.752029
373		0.753456
374		0.757564
375		0.75815
376		0.760749
377		0.76177
378		0.764613
379		0.768379
380		0.768835
381		0.769753
382		0.770972
383		0.776195
384		0.777741
385		0.779012
386		0.779764
387		0.78354
388		0.78604
389		0.786543
390		0.787207
391		0.791434
392		0.793271
393		0.794884
394		0.796839
395		0.800838
396		0.802062
397		0.803452
398		0.805377
399		0.808152
400		0.81103
401		0.812483
402		0.814044
403		0.816093
404		0.818323
405		0.82114
406		0.822416
407		0.824641
408		0.826555
409		0.830035
410		0.830585
411		0.832634
412		0.834646
413		0.8385
414		0.840539
415		0.841836
416		0.842406
417		0.846442
418		0.848366
419		0.849917
420		0.8521
421		0.855233
422		0.857137
423		0.857635
424		0.859253
425		0.862402
426		0.864871
427		0.866141
428		0.867905
429		0.872397
430		0.874041
431		0.874793
432		0.876328
433		0.881323
434		0.884389
435		0.884819
436		0.886329
437		0.88885
438		0.890904
439		0.892216
440		0.894773
441		0.898886
442		0.899457
443		0.902299
444		0.902958
445		0.905463
446		0.908622
447		0.911408
448		0.912626
449		0.915241
450		0.916703
451		0.918508
452		0.922352
453		0.923234
454		0.925547
455		0.928161
456		0.928924
457		0.930148
458		0.933042
459		0.936211
460		0.938473
461		0.939593
462		0.94061
463		0.945273
464		0.945984
465		0.947887
466		0.949977
467		0.953116
468		0.956098
469		0.956684
470		0.958178
471		0.960943
472		0.963131
473		0.967016
474		0.968531
475		0.969636
476		0.971187
477		0.973459
478		0.97683
479		0.977312
480		0.980523
481		0.982401
482		0.983952
483		0.985674
484		0.989382
485		0.990477
486		0.993599
487		0.994486
488		0.995757
489		0.997775
490		0.998874
491		0.999834
492		1
493		1
494		1
495		1
496		1
497		1
498		1
499		1
500		1
501		1
502		1
503		1
504		1
505		1
506		1
507		1
508		1
509		1
510		1
511		1
512		1
513		1
514		1
515		1
516		1
517		1
518		1
519		1
520		1
521		1
522		1
523		1
524		1
525		1
526		1
527		1
528		1
529		1
530		1
531		1
532		1
533		1
534		1
535		1
536		1
537		1
538		1
539		1
540		1
541		1
542		1
543		1
544		1
545		1
546		1
547		1
548		1
549		1
550		1
551		1
552		1
553		1
554		1
555		1
556		1
557		1
558		1
559		1
560		1
561		1
562		1
563		1
564		1
565		1
566		1
567		1
568		1
569		1
570		1
571		1
572		1
573		1
574		1
575		1
576		1
577		1
578		1
579		1
580		1
581		1
582		1
583		1
584		1
585		1
586		1
587		1
588		1
589		1
590		1
591		1
592		1
593		1
594		1
595		1
596		1
597		1
598		1
599		1
600		1
