# Calibration file of tamex_id 2 @ channel 13
# fine_T bin		 Calibration value
1		0
2		0
3		0
4		0
5		0
6		0
7		0
8		0
9		0
10		0
11		0
12		0
13		0
14		0
15		0
16		0
17		0.00204388
18		0.0065404
19		0.00824363
20		0.0104238
21		0.0131489
22		0.0166235
23		0.0178498
24		0.0188037
25		0.0213244
26		0.0218013
27		0.0245265
28		0.0262979
29		0.0280011
30		0.0296362
31		0.0322932
32		0.0335877
33		0.0359722
34		0.0391061
35		0.0408094
36		0.043262
37		0.0453059
38		0.0467366
39		0.0480311
40		0.0515057
41		0.0523232
42		0.0530726
43		0.0562066
44		0.0581823
45		0.0600899
46		0.0602943
47		0.0639733
48		0.0654721
49		0.0669028
50		0.0673116
51		0.0713312
52		0.0718081
53		0.0764409
54		0.076986
55		0.079098
56		0.0820957
57		0.0825044
58		0.084412
59		0.0872735
60		0.0878185
61		0.0901349
62		0.0912931
63		0.0926557
64		0.0946314
65		0.0963347
66		0.0976972
67		0.100491
68		0.100695
69		0.103216
70		0.10451
71		0.108121
72		0.108325
73		0.113163
74		0.114525
75		0.115411
76		0.117863
77		0.121406
78		0.121611
79		0.122905
80		0.12454
81		0.12781
82		0.129377
83		0.130944
84		0.133601
85		0.136735
86		0.138302
87		0.139937
88		0.141504
89		0.143412
90		0.144843
91		0.146205
92		0.149884
93		0.151179
94		0.153836
95		0.154721
96		0.157992
97		0.159013
98		0.163442
99		0.165009
100		0.166508
101		0.167598
102		0.169846
103		0.172639
104		0.175228
105		0.176114
106		0.177613
107		0.178907
108		0.181837
109		0.181973
110		0.18354
111		0.187696
112		0.188105
113		0.190694
114		0.192329
115		0.19628
116		0.199073
117		0.19921
118		0.201185
119		0.202957
120		0.205273
121		0.206908
122		0.209293
123		0.212359
124		0.212836
125		0.214266
126		0.216038
127		0.221147
128		0.22176
129		0.222851
130		0.226598
131		0.228096
132		0.231299
133		0.23232
134		0.233002
135		0.234773
136		0.239815
137		0.241927
138		0.242267
139		0.244856
140		0.246628
141		0.24874
142		0.250852
143		0.252419
144		0.254667
145		0.257051
146		0.259095
147		0.259368
148		0.260798
149		0.266385
150		0.268974
151		0.270064
152		0.271427
153		0.27313
154		0.275923
155		0.276673
156		0.280624
157		0.281237
158		0.282327
159		0.284576
160		0.287573
161		0.29023
162		0.292206
163		0.294999
164		0.296771
165		0.297656
166		0.301472
167		0.303584
168		0.305355
169		0.307263
170		0.309102
171		0.31101
172		0.313394
173		0.314961
174		0.316119
175		0.319866
176		0.320548
177		0.321638
178		0.324567
179		0.326066
180		0.327224
181		0.32886
182		0.330972
183		0.334105
184		0.336013
185		0.336558
186		0.336899
187		0.341123
188		0.34487
189		0.346709
190		0.347663
191		0.348276
192		0.352773
193		0.353727
194		0.356316
195		0.358496
196		0.360063
197		0.362311
198		0.363537
199		0.364968
200		0.368374
201		0.37144
202		0.371508
203		0.373075
204		0.374506
205		0.380025
206		0.380706
207		0.382137
208		0.38418
209		0.387382
210		0.388813
211		0.39004
212		0.390925
213		0.394604
214		0.397261
215		0.398215
216		0.399101
217		0.402235
218		0.402916
219		0.403597
220		0.406936
221		0.408366
222		0.410478
223		0.411568
224		0.41259
225		0.414975
226		0.418586
227		0.42206
228		0.422605
229		0.42424
230		0.427647
231		0.429554
232		0.431258
233		0.434255
234		0.435618
235		0.437457
236		0.43991
237		0.440523
238		0.442499
239		0.448154
240		0.448835
241		0.449448
242		0.450811
243		0.454898
244		0.45701
245		0.45776
246		0.460281
247		0.462188
248		0.464709
249		0.464777
250		0.46648
251		0.468933
252		0.470568
253		0.474247
254		0.474452
255		0.476223
256		0.479016
257		0.482491
258		0.482831
259		0.483717
260		0.487192
261		0.490326
262		0.491416
263		0.493323
264		0.494345
265		0.497343
266		0.501567
267		0.502112
268		0.503066
269		0.505995
270		0.507017
271		0.508925
272		0.511582
273		0.511991
274		0.514512
275		0.515738
276		0.516147
277		0.519144
278		0.522414
279		0.523232
280		0.525753
281		0.525957
282		0.527252
283		0.531203
284		0.532361
285		0.53604
286		0.54115
287		0.541627
288		0.542172
289		0.543126
290		0.549257
291		0.550211
292		0.552119
293		0.552255
294		0.552323
295		0.553754
296		0.556343
297		0.55791
298		0.559477
299		0.561861
300		0.562066
301		0.563565
302		0.565608
303		0.566767
304		0.569355
305		0.573103
306		0.574397
307		0.576782
308		0.577735
309		0.580392
310		0.582709
311		0.58523
312		0.585638
313		0.588091
314		0.590339
315		0.591429
316		0.593746
317		0.597016
318		0.598106
319		0.600763
320		0.601581
321		0.603556
322		0.60669
323		0.607167
324		0.60996
325		0.610642
326		0.614525
327		0.616978
328		0.619022
329		0.619226
330		0.620997
331		0.623178
332		0.626993
333		0.627538
334		0.629445
335		0.630263
336		0.633601
337		0.635305
338		0.637825
339		0.639733
340		0.64055
341		0.641641
342		0.642799
343		0.64641
344		0.650429
345		0.651179
346		0.655743
347		0.65697
348		0.661194
349		0.661739
350		0.666099
351		0.668279
352		0.671004
353		0.673389
354		0.674751
355		0.675637
356		0.675637
357		0.676046
358		0.679793
359		0.681019
360		0.684358
361		0.68463
362		0.686401
363		0.688582
364		0.691307
365		0.692737
366		0.69301
367		0.696008
368		0.698256
369		0.698937
370		0.702139
371		0.703161
372		0.704183
373		0.705682
374		0.706772
375		0.709702
376		0.71195
377		0.712836
378		0.714471
379		0.715969
380		0.716583
381		0.72142
382		0.722714
383		0.725303
384		0.72687
385		0.730345
386		0.731707
387		0.733819
388		0.734841
389		0.738861
390		0.739338
391		0.7407
392		0.743153
393		0.744516
394		0.745469
395		0.747445
396		0.750102
397		0.753917
398		0.754735
399		0.756711
400		0.756847
401		0.758755
402		0.761207
403		0.763456
404		0.764818
405		0.766113
406		0.768633
407		0.769383
408		0.770337
409		0.775923
410		0.777286
411		0.778989
412		0.780897
413		0.781987
414		0.785461
415		0.785802
416		0.789481
417		0.791252
418		0.792615
419		0.795885
420		0.798065
421		0.800313
422		0.803788
423		0.804606
424		0.806241
425		0.806718
426		0.808557
427		0.810192
428		0.812985
429		0.815029
430		0.816528
431		0.821297
432		0.822251
433		0.824227
434		0.826816
435		0.827293
436		0.830563
437		0.831517
438		0.834719
439		0.837376
440		0.838534
441		0.841532
442		0.842349
443		0.845074
444		0.846505
445		0.851001
446		0.852296
447		0.85325
448		0.855089
449		0.857814
450		0.858291
451		0.861357
452		0.861834
453		0.864219
454		0.865513
455		0.867625
456		0.869737
457		0.874574
458		0.876209
459		0.876959
460		0.879956
461		0.882068
462		0.885952
463		0.887178
464		0.889426
465		0.89222
466		0.892628
467		0.895013
468		0.897057
469		0.897738
470		0.901145
471		0.904483
472		0.904892
473		0.907412
474		0.907889
475		0.910478
476		0.912113
477		0.915384
478		0.917632
479		0.919948
480		0.920902
481		0.921583
482		0.924717
483		0.928464
484		0.930576
485		0.932961
486		0.933233
487		0.936776
488		0.938411
489		0.940523
490		0.942771
491		0.944134
492		0.945905
493		0.948767
494		0.950674
495		0.95265
496		0.954626
497		0.955989
498		0.957624
499		0.960417
500		0.962256
501		0.964982
502		0.965935
503		0.967979
504		0.972067
505		0.973838
506		0.9767
507		0.977381
508		0.978131
509		0.982423
510		0.984058
511		0.984467
512		0.986783
513		0.989644
514		0.990053
515		0.992233
516		0.992642
517		0.994686
518		0.995503
519		0.996525
520		0.997343
521		0.997547
522		0.999659
523		0.999864
524		1
525		1
526		1
527		1
528		1
529		1
530		1
531		1
532		1
533		1
534		1
535		1
536		1
537		1
538		1
539		1
540		1
541		1
542		1
543		1
544		1
545		1
546		1
547		1
548		1
549		1
550		1
551		1
552		1
553		1
554		1
555		1
556		1
557		1
558		1
559		1
560		1
561		1
562		1
563		1
564		1
565		1
566		1
567		1
568		1
569		1
570		1
571		1
572		1
573		1
574		1
575		1
576		1
577		1
578		1
579		1
580		1
581		1
582		1
583		1
584		1
585		1
586		1
587		1
588		1
589		1
590		1
591		1
592		1
593		1
594		1
595		1
596		1
597		1
598		1
599		1
600		1
