#Header 
2.57196   75.3396
2.56616   75.1576
2.56438   74.6117
2.56862   74.3388
2.5762   74.3615
2.57865   74.7937
2.57642   75.1576
2.57196   75.3396
#Header 
2.58512   75.3168
2.57932   75.1349
2.57754   74.589
2.58178   74.316
2.58936   74.3388
2.59181   74.7709
2.58958   75.1349
2.58512   75.3168
#Header 
2.59739   75.2941
2.59159   75.1121
2.58981   74.5662
2.59404   74.2933
2.60163   74.316
2.60408   74.7482
2.60185   75.1121
2.59739   75.2941
#Header 
2.61033   75.2031
2.60453   75.0211
2.60274   74.4752
2.60698   74.2023
2.61457   74.225
2.61702   74.6572
2.61479   75.0211
2.61033   75.2031
#Header 
2.55918	75.3047
2.55326	75.1089
2.55144	74.5707
2.55577	74.3016
2.56328	74.326
2.56578	74.7664
2.56351	75.1089
2.55918	75.3047
#Header 
2.58066   74.316
2.57486   74.1341
2.57308   73.5882
2.57731   73.3152
2.5849   73.338
2.58735   73.7701
2.58512   74.1341
2.58066   74.316
#Header 
2.59449   74.316
2.58869   74.1341
2.58691   73.5882
2.59114   73.3152
2.59873   73.338
2.60118   73.7701
2.59962   74.0658
2.59449   74.316
#Header 
2.60787   74.3388
2.60207   74.1568
2.60029   73.6109
2.60453   73.338
2.61211   73.3607
2.61457   73.7929
2.61301   74.0886
2.60787   74.3388
