#Z vs AoQ gate
#AoQ_s2s4_Z75_2.txt from f160
2.56906   75.0054
2.56519   74.8714
2.56435   74.3866
2.56746   74.1803
2.57209   74.1803
2.5742   74.5104
2.57285   74.8507
2.56898   75.0054
#AoQ_s2s4_Z75_3.txt from f160
2.58228   75.0467
2.57841   74.9126
2.57757   74.4279
2.58068   74.2216
2.58531   74.2216
2.58742   74.5516
2.58607   74.892
2.5822   75.0467
#AoQ_s2s4_Z75_4.txt from f160
2.59575   75.0364
2.59188   74.9023
2.59104   74.4175
2.59416   74.2113
2.59879   74.2113
2.60089   74.5413
2.59938   74.9126
2.59567   75.0364
#AoQ_s2s4_Z75_5.txt from f160
2.60889   75.0054
2.60502   74.8714
2.60418   74.3866
2.60729   74.1803
2.61192   74.1803
2.61403   74.5104
2.61251   74.8817
2.60881   75.0054
#AoQ_s2s4_Z74_1.txt from f160
2.56266   74.0772
2.55879   73.9431
2.55795   73.4583
2.56106   73.2521
2.56569   73.2521
2.5678   73.5821
2.56628   73.9534
2.56258   74.0772
#AoQ_s2s4_Z74_2.txt from f160
2.57723   74.0875
2.57336   73.9534
2.57251   73.4687
2.57563   73.2624
2.58026   73.2624
2.58237   73.5924
2.58085   73.9637
2.57715   74.0875
#AoQ_s2s4_Z74_3.txt from f160
2.59129   74.0978
2.58742   73.9637
2.58658   73.479
2.58969   73.2727
2.59432   73.2727
2.59643   73.6027
2.59491   73.974
2.59121   74.0978
#AoQ_s2s4_Z74_4.txt from f160
2.60401   74.1081
2.60013   73.974
2.59929   73.4893
2.60241   73.283
2.60704   73.283
2.60914   73.613
2.60763   73.9844
2.60392   74.1081
