# Calibration file of tamex_id 0 @ channel 24
# fine_T bin		 Calibration value
0.1		0
0.2		0
0.3		0
0.4		0
0.5		0
0.6		0
0.7		0
0.8		0
0.9		0
1		0
1.1		0
1.2		0
1.3		0
1.4		0
1.5		0
1.6		0
1.7		0
1.8		0
1.9		0
2		0
2.1		0
2.2		0
2.3		0
2.4		0
2.5		0
2.6		0
2.7		0
2.8		0
2.9		0
3		0
3.1		0
3.2		0
3.3		0
3.4		0
3.5		0
3.6		0
3.7		0
3.8		0
3.9		0
4		0
4.1		0
4.2		0
4.3		0
4.4		0
4.5		0
4.6		0
4.7		0
4.8		0
4.9		0
5		0
5.1		0
5.2		0
5.3		0
5.4		0
5.5		0
5.6		0
5.7		0
5.8		0
5.9		0
6		0
6.1		0
6.2		0
6.3		0
6.4		0
6.5		0
6.6		0
6.7		0
6.8		0
6.9		0
7		0
7.1		0
7.2		0
7.3		0
7.4		0
7.5		0
7.6		0
7.7		0
7.8		0
7.9		0
8		0
8.1		0
8.2		0
8.3		0
8.4		0
8.5		0
8.6		0
8.7		0
8.8		0
8.9		0
9		0
9.1		0
9.2		0
9.3		0
9.4		0
9.5		0
9.6		0
9.7		0
9.8		0
9.9		0
10		0
10.1		0
10.2		0
10.3		0
10.4		0
10.5		0
10.6		0
10.7		0
10.8		0
10.9		0
11		0
11.1		0
11.2		0
11.3		0
11.4		0
11.5		0
11.6		0
11.7		0
11.8		0
11.9		0
12		0
12.1		0
12.2		0
12.3		0
12.4		0
12.5		0
12.6		0
12.7		0
12.8		0
12.9		0
13		0
13.1		0
13.2		0
13.3		0
13.4		0
13.5		0
13.6		0
13.7		0
13.8		0
13.9		0
14		0
14.1		0
14.2		0
14.3		0
14.4		0
14.5		0
14.6		0
14.7		0
14.8		0
14.9		0
15		0
15.1		0
15.2		0
15.3		0
15.4		0
15.5		0
15.6		0
15.7		0
15.8		0
15.9		0
16		0
16.1		0.00583271
16.2		0.00583271
16.3		0.00583271
16.4		0.00583271
16.5		0.00583271
16.6		0.00583271
16.7		0.00583271
16.8		0.00583271
16.9		0.00583271
17		0.00583271
17.1		0.00943162
17.2		0.00943162
17.3		0.00943162
17.4		0.00943162
17.5		0.00943162
17.6		0.00943162
17.7		0.00943162
17.8		0.00943162
17.9		0.00943162
18		0.00943162
18.1		0.0116654
18.2		0.0116654
18.3		0.0116654
18.4		0.0116654
18.5		0.0116654
18.6		0.0116654
18.7		0.0116654
18.8		0.0116654
18.9		0.0116654
19		0.0116654
19.1		0.0124721
19.2		0.0124721
19.3		0.0124721
19.4		0.0124721
19.5		0.0124721
19.6		0.0124721
19.7		0.0124721
19.8		0.0124721
19.9		0.0124721
20		0.0124721
20.1		0.0220898
20.2		0.0220898
20.3		0.0220898
20.4		0.0220898
20.5		0.0220898
20.6		0.0220898
20.7		0.0220898
20.8		0.0220898
20.9		0.0220898
21		0.0220898
21.1		0.022276
21.2		0.022276
21.3		0.022276
21.4		0.022276
21.5		0.022276
21.6		0.022276
21.7		0.022276
21.8		0.022276
21.9		0.022276
22		0.022276
22.1		0.0230206
22.2		0.0230206
22.3		0.0230206
22.4		0.0230206
22.5		0.0230206
22.6		0.0230206
22.7		0.0230206
22.8		0.0230206
22.9		0.0230206
23		0.0230206
23.1		0.0233929
23.2		0.0233929
23.3		0.0233929
23.4		0.0233929
23.5		0.0233929
23.6		0.0233929
23.7		0.0233929
23.8		0.0233929
23.9		0.0233929
24		0.0233929
24.1		0.0289154
24.2		0.0289154
24.3		0.0289154
24.4		0.0289154
24.5		0.0289154
24.6		0.0289154
24.7		0.0289154
24.8		0.0289154
24.9		0.0289154
25		0.0289154
25.1		0.0312112
25.2		0.0312112
25.3		0.0312112
25.4		0.0312112
25.5		0.0312112
25.6		0.0312112
25.7		0.0312112
25.8		0.0312112
25.9		0.0312112
26		0.0312112
26.1		0.0315835
26.2		0.0315835
26.3		0.0315835
26.4		0.0315835
26.5		0.0315835
26.6		0.0315835
26.7		0.0315835
26.8		0.0315835
26.9		0.0315835
27		0.0315835
27.1		0.0327625
27.2		0.0327625
27.3		0.0327625
27.4		0.0327625
27.5		0.0327625
27.6		0.0327625
27.7		0.0327625
27.8		0.0327625
27.9		0.0327625
28		0.0327625
28.1		0.0356168
28.2		0.0356168
28.3		0.0356168
28.4		0.0356168
28.5		0.0356168
28.6		0.0356168
28.7		0.0356168
28.8		0.0356168
28.9		0.0356168
29		0.0356168
29.1		0.0369819
29.2		0.0369819
29.3		0.0369819
29.4		0.0369819
29.5		0.0369819
29.6		0.0369819
29.7		0.0369819
29.8		0.0369819
29.9		0.0369819
30		0.0369819
30.1		0.03965
30.2		0.03965
30.3		0.03965
30.4		0.03965
30.5		0.03965
30.6		0.03965
30.7		0.03965
30.8		0.03965
30.9		0.03965
31		0.03965
31.1		0.0403946
31.2		0.0403946
31.3		0.0403946
31.4		0.0403946
31.5		0.0403946
31.6		0.0403946
31.7		0.0403946
31.8		0.0403946
31.9		0.0403946
32		0.0403946
32.1		0.0431869
32.2		0.0431869
32.3		0.0431869
32.4		0.0431869
32.5		0.0431869
32.6		0.0431869
32.7		0.0431869
32.8		0.0431869
32.9		0.0431869
33		0.0431869
33.1		0.0454828
33.2		0.0454828
33.3		0.0454828
33.4		0.0454828
33.5		0.0454828
33.6		0.0454828
33.7		0.0454828
33.8		0.0454828
33.9		0.0454828
34		0.0454828
34.1		0.0459792
34.2		0.0459792
34.3		0.0459792
34.4		0.0459792
34.5		0.0459792
34.6		0.0459792
34.7		0.0459792
34.8		0.0459792
34.9		0.0459792
35		0.0459792
35.1		0.0477166
35.2		0.0477166
35.3		0.0477166
35.4		0.0477166
35.5		0.0477166
35.6		0.0477166
35.7		0.0477166
35.8		0.0477166
35.9		0.0477166
36		0.0477166
36.1		0.0536734
36.2		0.0536734
36.3		0.0536734
36.4		0.0536734
36.5		0.0536734
36.6		0.0536734
36.7		0.0536734
36.8		0.0536734
36.9		0.0536734
37		0.0536734
37.1		0.0542318
37.2		0.0542318
37.3		0.0542318
37.4		0.0542318
37.5		0.0542318
37.6		0.0542318
37.7		0.0542318
37.8		0.0542318
37.9		0.0542318
38		0.0542318
38.1		0.054418
38.2		0.054418
38.3		0.054418
38.4		0.054418
38.5		0.054418
38.6		0.054418
38.7		0.054418
38.8		0.054418
38.9		0.054418
39		0.054418
39.1		0.0583271
39.2		0.0583271
39.3		0.0583271
39.4		0.0583271
39.5		0.0583271
39.6		0.0583271
39.7		0.0583271
39.8		0.0583271
39.9		0.0583271
40		0.0583271
40.1		0.0601266
40.2		0.0601266
40.3		0.0601266
40.4		0.0601266
40.5		0.0601266
40.6		0.0601266
40.7		0.0601266
40.8		0.0601266
40.9		0.0601266
41		0.0601266
41.1		0.0630429
41.2		0.0630429
41.3		0.0630429
41.4		0.0630429
41.5		0.0630429
41.6		0.0630429
41.7		0.0630429
41.8		0.0630429
41.9		0.0630429
42		0.0630429
42.1		0.0640357
42.2		0.0640357
42.3		0.0640357
42.4		0.0640357
42.5		0.0640357
42.6		0.0640357
42.7		0.0640357
42.8		0.0640357
42.9		0.0640357
43		0.0640357
43.1		0.0640978
43.2		0.0640978
43.3		0.0640978
43.4		0.0640978
43.5		0.0640978
43.6		0.0640978
43.7		0.0640978
43.8		0.0640978
43.9		0.0640978
44		0.0640978
44.1		0.0675726
44.2		0.0675726
44.3		0.0675726
44.4		0.0675726
44.5		0.0675726
44.6		0.0675726
44.7		0.0675726
44.8		0.0675726
44.9		0.0675726
45		0.0675726
45.1		0.0708613
45.2		0.0708613
45.3		0.0708613
45.4		0.0708613
45.5		0.0708613
45.6		0.0708613
45.7		0.0708613
45.8		0.0708613
45.9		0.0708613
46		0.0708613
46.1		0.0735294
46.2		0.0735294
46.3		0.0735294
46.4		0.0735294
46.5		0.0735294
46.6		0.0735294
46.7		0.0735294
46.8		0.0735294
46.9		0.0735294
47		0.0735294
47.1		0.0759494
47.2		0.0759494
47.3		0.0759494
47.4		0.0759494
47.5		0.0759494
47.6		0.0759494
47.7		0.0759494
47.8		0.0759494
47.9		0.0759494
48		0.0759494
48.1		0.0763217
48.2		0.0763217
48.3		0.0763217
48.4		0.0763217
48.5		0.0763217
48.6		0.0763217
48.7		0.0763217
48.8		0.0763217
48.9		0.0763217
49		0.0763217
49.1		0.0770042
49.2		0.0770042
49.3		0.0770042
49.4		0.0770042
49.5		0.0770042
49.6		0.0770042
49.7		0.0770042
49.8		0.0770042
49.9		0.0770042
50		0.0770042
50.1		0.0801688
50.2		0.0801688
50.3		0.0801688
50.4		0.0801688
50.5		0.0801688
50.6		0.0801688
50.7		0.0801688
50.8		0.0801688
50.9		0.0801688
51		0.0801688
51.1		0.0824026
51.2		0.0824026
51.3		0.0824026
51.4		0.0824026
51.5		0.0824026
51.6		0.0824026
51.7		0.0824026
51.8		0.0824026
51.9		0.0824026
52		0.0824026
52.1		0.0851328
52.2		0.0851328
52.3		0.0851328
52.4		0.0851328
52.5		0.0851328
52.6		0.0851328
52.7		0.0851328
52.8		0.0851328
52.9		0.0851328
53		0.0851328
53.1		0.0856292
53.2		0.0856292
53.3		0.0856292
53.4		0.0856292
53.5		0.0856292
53.6		0.0856292
53.7		0.0856292
53.8		0.0856292
53.9		0.0856292
54		0.0856292
54.1		0.0893522
54.2		0.0893522
54.3		0.0893522
54.4		0.0893522
54.5		0.0893522
54.6		0.0893522
54.7		0.0893522
54.8		0.0893522
54.9		0.0893522
55		0.0893522
55.1		0.0920204
55.2		0.0920204
55.3		0.0920204
55.4		0.0920204
55.5		0.0920204
55.6		0.0920204
55.7		0.0920204
55.8		0.0920204
55.9		0.0920204
56		0.0920204
56.1		0.0922065
56.2		0.0922065
56.3		0.0922065
56.4		0.0922065
56.5		0.0922065
56.6		0.0922065
56.7		0.0922065
56.8		0.0922065
56.9		0.0922065
57		0.0922065
57.1		0.0924547
57.2		0.0924547
57.3		0.0924547
57.4		0.0924547
57.5		0.0924547
57.6		0.0924547
57.7		0.0924547
57.8		0.0924547
57.9		0.0924547
58		0.0924547
58.1		0.0991561
58.2		0.0991561
58.3		0.0991561
58.4		0.0991561
58.5		0.0991561
58.6		0.0991561
58.7		0.0991561
58.8		0.0991561
58.9		0.0991561
59		0.0991561
59.1		0.0997766
59.2		0.0997766
59.3		0.0997766
59.4		0.0997766
59.5		0.0997766
59.6		0.0997766
59.7		0.0997766
59.8		0.0997766
59.9		0.0997766
60		0.0997766
60.1		0.100335
60.2		0.100335
60.3		0.100335
60.4		0.100335
60.5		0.100335
60.6		0.100335
60.7		0.100335
60.8		0.100335
60.9		0.100335
61		0.100335
61.1		0.101886
61.2		0.101886
61.3		0.101886
61.4		0.101886
61.5		0.101886
61.6		0.101886
61.7		0.101886
61.8		0.101886
61.9		0.101886
62		0.101886
62.1		0.106478
62.2		0.106478
62.3		0.106478
62.4		0.106478
62.5		0.106478
62.6		0.106478
62.7		0.106478
62.8		0.106478
62.9		0.106478
63		0.106478
63.1		0.108029
63.2		0.108029
63.3		0.108029
63.4		0.108029
63.5		0.108029
63.6		0.108029
63.7		0.108029
63.8		0.108029
63.9		0.108029
64		0.108029
64.1		0.110697
64.2		0.110697
64.3		0.110697
64.4		0.110697
64.5		0.110697
64.6		0.110697
64.7		0.110697
64.8		0.110697
64.9		0.110697
65		0.110697
65.1		0.111504
65.2		0.111504
65.3		0.111504
65.4		0.111504
65.5		0.111504
65.6		0.111504
65.7		0.111504
65.8		0.111504
65.9		0.111504
66		0.111504
66.1		0.116282
66.2		0.116282
66.3		0.116282
66.4		0.116282
66.5		0.116282
66.6		0.116282
66.7		0.116282
66.8		0.116282
66.9		0.116282
67		0.116282
67.1		0.117399
67.2		0.117399
67.3		0.117399
67.4		0.117399
67.5		0.117399
67.6		0.117399
67.7		0.117399
67.8		0.117399
67.9		0.117399
68		0.117399
68.1		0.118081
68.2		0.118081
68.3		0.118081
68.4		0.118081
68.5		0.118081
68.6		0.118081
68.7		0.118081
68.8		0.118081
68.9		0.118081
69		0.118081
69.1		0.119012
69.2		0.119012
69.3		0.119012
69.4		0.119012
69.5		0.119012
69.6		0.119012
69.7		0.119012
69.8		0.119012
69.9		0.119012
70		0.119012
70.1		0.124659
70.2		0.124659
70.3		0.124659
70.4		0.124659
70.5		0.124659
70.6		0.124659
70.7		0.124659
70.8		0.124659
70.9		0.124659
71		0.124659
71.1		0.1259
71.2		0.1259
71.3		0.1259
71.4		0.1259
71.5		0.1259
71.6		0.1259
71.7		0.1259
71.8		0.1259
71.9		0.1259
72		0.1259
72.1		0.12621
72.2		0.12621
72.3		0.12621
72.4		0.12621
72.5		0.12621
72.6		0.12621
72.7		0.12621
72.8		0.12621
72.9		0.12621
73		0.12621
73.1		0.130553
73.2		0.130553
73.3		0.130553
73.4		0.130553
73.5		0.130553
73.6		0.130553
73.7		0.130553
73.8		0.130553
73.9		0.130553
74		0.130553
74.1		0.134152
74.2		0.134152
74.3		0.134152
74.4		0.134152
74.5		0.134152
74.6		0.134152
74.7		0.134152
74.8		0.134152
74.9		0.134152
75		0.134152
75.1		0.134463
75.2		0.134463
75.3		0.134463
75.4		0.134463
75.5		0.134463
75.6		0.134463
75.7		0.134463
75.8		0.134463
75.9		0.134463
76		0.134463
76.1		0.134835
76.2		0.134835
76.3		0.134835
76.4		0.134835
76.5		0.134835
76.6		0.134835
76.7		0.134835
76.8		0.134835
76.9		0.134835
77		0.134835
77.1		0.137689
77.2		0.137689
77.3		0.137689
77.4		0.137689
77.5		0.137689
77.6		0.137689
77.7		0.137689
77.8		0.137689
77.9		0.137689
78		0.137689
78.1		0.138062
78.2		0.138062
78.3		0.138062
78.4		0.138062
78.5		0.138062
78.6		0.138062
78.7		0.138062
78.8		0.138062
78.9		0.138062
79		0.138062
79.1		0.143398
79.2		0.143398
79.3		0.143398
79.4		0.143398
79.5		0.143398
79.6		0.143398
79.7		0.143398
79.8		0.143398
79.9		0.143398
80		0.143398
80.1		0.143832
80.2		0.143832
80.3		0.143832
80.4		0.143832
80.5		0.143832
80.6		0.143832
80.7		0.143832
80.8		0.143832
80.9		0.143832
81		0.143832
81.1		0.144577
81.2		0.144577
81.3		0.144577
81.4		0.144577
81.5		0.144577
81.6		0.144577
81.7		0.144577
81.8		0.144577
81.9		0.144577
82		0.144577
82.1		0.146687
82.2		0.146687
82.3		0.146687
82.4		0.146687
82.5		0.146687
82.6		0.146687
82.7		0.146687
82.8		0.146687
82.9		0.146687
83		0.146687
83.1		0.149665
83.2		0.149665
83.3		0.149665
83.4		0.149665
83.5		0.149665
83.6		0.149665
83.7		0.149665
83.8		0.149665
83.9		0.149665
84		0.149665
84.1		0.154567
84.2		0.154567
84.3		0.154567
84.4		0.154567
84.5		0.154567
84.6		0.154567
84.7		0.154567
84.8		0.154567
84.9		0.154567
85		0.154567
85.1		0.155001
85.2		0.155001
85.3		0.155001
85.4		0.155001
85.5		0.155001
85.6		0.155001
85.7		0.155001
85.8		0.155001
85.9		0.155001
86		0.155001
86.1		0.155187
86.2		0.155187
86.3		0.155187
86.4		0.155187
86.5		0.155187
86.6		0.155187
86.7		0.155187
86.8		0.155187
86.9		0.155187
87		0.155187
87.1		0.158228
87.2		0.158228
87.3		0.158228
87.4		0.158228
87.5		0.158228
87.6		0.158228
87.7		0.158228
87.8		0.158228
87.9		0.158228
88		0.158228
88.1		0.161517
88.2		0.161517
88.3		0.161517
88.4		0.161517
88.5		0.161517
88.6		0.161517
88.7		0.161517
88.8		0.161517
88.9		0.161517
89		0.161517
89.1		0.161703
89.2		0.161703
89.3		0.161703
89.4		0.161703
89.5		0.161703
89.6		0.161703
89.7		0.161703
89.8		0.161703
89.9		0.161703
90		0.161703
90.1		0.163316
90.2		0.163316
90.3		0.163316
90.4		0.163316
90.5		0.163316
90.6		0.163316
90.7		0.163316
90.8		0.163316
90.9		0.163316
91		0.163316
91.1		0.165053
91.2		0.165053
91.3		0.165053
91.4		0.165053
91.5		0.165053
91.6		0.165053
91.7		0.165053
91.8		0.165053
91.9		0.165053
92		0.165053
92.1		0.17101
92.2		0.17101
92.3		0.17101
92.4		0.17101
92.5		0.17101
92.6		0.17101
92.7		0.17101
92.8		0.17101
92.9		0.17101
93		0.17101
93.1		0.17132
93.2		0.17132
93.3		0.17132
93.4		0.17132
93.5		0.17132
93.6		0.17132
93.7		0.17132
93.8		0.17132
93.9		0.17132
94		0.17132
94.1		0.172686
94.2		0.172686
94.3		0.172686
94.4		0.172686
94.5		0.172686
94.6		0.172686
94.7		0.172686
94.8		0.172686
94.9		0.172686
95		0.172686
95.1		0.17374
95.2		0.17374
95.3		0.17374
95.4		0.17374
95.5		0.17374
95.6		0.17374
95.7		0.17374
95.8		0.17374
95.9		0.17374
96		0.17374
96.1		0.179325
96.2		0.179325
96.3		0.179325
96.4		0.179325
96.5		0.179325
96.6		0.179325
96.7		0.179325
96.8		0.179325
96.9		0.179325
97		0.179325
97.1		0.182676
97.2		0.182676
97.3		0.182676
97.4		0.182676
97.5		0.182676
97.6		0.182676
97.7		0.182676
97.8		0.182676
97.9		0.182676
98		0.182676
98.1		0.182986
98.2		0.182986
98.3		0.182986
98.4		0.182986
98.5		0.182986
98.6		0.182986
98.7		0.182986
98.8		0.182986
98.9		0.182986
99		0.182986
99.1		0.18311
99.2		0.18311
99.3		0.18311
99.4		0.18311
99.5		0.18311
99.6		0.18311
99.7		0.18311
99.8		0.18311
99.9		0.18311
100		0.18311
100.1		0.188322
100.2		0.188322
100.3		0.188322
100.4		0.188322
100.5		0.188322
100.6		0.188322
100.7		0.188322
100.8		0.188322
100.9		0.188322
101		0.188322
101.1		0.189998
101.2		0.189998
101.3		0.189998
101.4		0.189998
101.5		0.189998
101.6		0.189998
101.7		0.189998
101.8		0.189998
101.9		0.189998
102		0.189998
102.1		0.192107
102.2		0.192107
102.3		0.192107
102.4		0.192107
102.5		0.192107
102.6		0.192107
102.7		0.192107
102.8		0.192107
102.9		0.192107
103		0.192107
103.1		0.195768
103.2		0.195768
103.3		0.195768
103.4		0.195768
103.5		0.195768
103.6		0.195768
103.7		0.195768
103.8		0.195768
103.9		0.195768
104		0.195768
104.1		0.196699
104.2		0.196699
104.3		0.196699
104.4		0.196699
104.5		0.196699
104.6		0.196699
104.7		0.196699
104.8		0.196699
104.9		0.196699
105		0.196699
105.1		0.198374
105.2		0.198374
105.3		0.198374
105.4		0.198374
105.5		0.198374
105.6		0.198374
105.7		0.198374
105.8		0.198374
105.9		0.198374
106		0.198374
106.1		0.199057
106.2		0.199057
106.3		0.199057
106.4		0.199057
106.5		0.199057
106.6		0.199057
106.7		0.199057
106.8		0.199057
106.9		0.199057
107		0.199057
107.1		0.204703
107.2		0.204703
107.3		0.204703
107.4		0.204703
107.5		0.204703
107.6		0.204703
107.7		0.204703
107.8		0.204703
107.9		0.204703
108		0.204703
108.1		0.205262
108.2		0.205262
108.3		0.205262
108.4		0.205262
108.5		0.205262
108.6		0.205262
108.7		0.205262
108.8		0.205262
108.9		0.205262
109		0.205262
109.1		0.208861
109.2		0.208861
109.3		0.208861
109.4		0.208861
109.5		0.208861
109.6		0.208861
109.7		0.208861
109.8		0.208861
109.9		0.208861
110		0.208861
110.1		0.211095
110.2		0.211095
110.3		0.211095
110.4		0.211095
110.5		0.211095
110.6		0.211095
110.7		0.211095
110.8		0.211095
110.9		0.211095
111		0.211095
111.1		0.211777
111.2		0.211777
111.3		0.211777
111.4		0.211777
111.5		0.211777
111.6		0.211777
111.7		0.211777
111.8		0.211777
111.9		0.211777
112		0.211777
112.1		0.21246
112.2		0.21246
112.3		0.21246
112.4		0.21246
112.5		0.21246
112.6		0.21246
112.7		0.21246
112.8		0.21246
112.9		0.21246
113		0.21246
113.1		0.215562
113.2		0.215562
113.3		0.215562
113.4		0.215562
113.5		0.215562
113.6		0.215562
113.7		0.215562
113.8		0.215562
113.9		0.215562
114		0.215562
114.1		0.220712
114.2		0.220712
114.3		0.220712
114.4		0.220712
114.5		0.220712
114.6		0.220712
114.7		0.220712
114.8		0.220712
114.9		0.220712
115		0.220712
115.1		0.222512
115.2		0.222512
115.3		0.222512
115.4		0.222512
115.5		0.222512
115.6		0.222512
115.7		0.222512
115.8		0.222512
115.9		0.222512
116		0.222512
116.1		0.224187
116.2		0.224187
116.3		0.224187
116.4		0.224187
116.5		0.224187
116.6		0.224187
116.7		0.224187
116.8		0.224187
116.9		0.224187
117		0.224187
117.1		0.224621
117.2		0.224621
117.3		0.224621
117.4		0.224621
117.5		0.224621
117.6		0.224621
117.7		0.224621
117.8		0.224621
117.9		0.224621
118		0.224621
118.1		0.227724
118.2		0.227724
118.3		0.227724
118.4		0.227724
118.5		0.227724
118.6		0.227724
118.7		0.227724
118.8		0.227724
118.9		0.227724
119		0.227724
119.1		0.229399
119.2		0.229399
119.3		0.229399
119.4		0.229399
119.5		0.229399
119.6		0.229399
119.7		0.229399
119.8		0.229399
119.9		0.229399
120		0.229399
120.1		0.23064
120.2		0.23064
120.3		0.23064
120.4		0.23064
120.5		0.23064
120.6		0.23064
120.7		0.23064
120.8		0.23064
120.9		0.23064
121		0.23064
121.1		0.235232
121.2		0.235232
121.3		0.235232
121.4		0.235232
121.5		0.235232
121.6		0.235232
121.7		0.235232
121.8		0.235232
121.9		0.235232
122		0.235232
122.1		0.237466
122.2		0.237466
122.3		0.237466
122.4		0.237466
122.5		0.237466
122.6		0.237466
122.7		0.237466
122.8		0.237466
122.9		0.237466
123		0.237466
123.1		0.239762
123.2		0.239762
123.3		0.239762
123.4		0.239762
123.5		0.239762
123.6		0.239762
123.7		0.239762
123.8		0.239762
123.9		0.239762
124		0.239762
124.1		0.240941
124.2		0.240941
124.3		0.240941
124.4		0.240941
124.5		0.240941
124.6		0.240941
124.7		0.240941
124.8		0.240941
124.9		0.240941
125		0.240941
125.1		0.241189
125.2		0.241189
125.3		0.241189
125.4		0.241189
125.5		0.241189
125.6		0.241189
125.7		0.241189
125.8		0.241189
125.9		0.241189
126		0.241189
126.1		0.245719
126.2		0.245719
126.3		0.245719
126.4		0.245719
126.5		0.245719
126.6		0.245719
126.7		0.245719
126.8		0.245719
126.9		0.245719
127		0.245719
127.1		0.247394
127.2		0.247394
127.3		0.247394
127.4		0.247394
127.5		0.247394
127.6		0.247394
127.7		0.247394
127.8		0.247394
127.9		0.247394
128		0.247394
128.1		0.249069
128.2		0.249069
128.3		0.249069
128.4		0.249069
128.5		0.249069
128.6		0.249069
128.7		0.249069
128.8		0.249069
128.9		0.249069
129		0.249069
129.1		0.250496
129.2		0.250496
129.3		0.250496
129.4		0.250496
129.5		0.250496
129.6		0.250496
129.7		0.250496
129.8		0.250496
129.9		0.250496
130		0.250496
130.1		0.25757
130.2		0.25757
130.3		0.25757
130.4		0.25757
130.5		0.25757
130.6		0.25757
130.7		0.25757
130.8		0.25757
130.9		0.25757
131		0.25757
131.1		0.257818
131.2		0.257818
131.3		0.257818
131.4		0.257818
131.5		0.257818
131.6		0.257818
131.7		0.257818
131.8		0.257818
131.9		0.257818
132		0.257818
132.1		0.258067
132.2		0.258067
132.3		0.258067
132.4		0.258067
132.5		0.258067
132.6		0.258067
132.7		0.258067
132.8		0.258067
132.9		0.258067
133		0.258067
133.1		0.258811
133.2		0.258811
133.3		0.258811
133.4		0.258811
133.5		0.258811
133.6		0.258811
133.7		0.258811
133.8		0.258811
133.9		0.258811
134		0.258811
134.1		0.267436
134.2		0.267436
134.3		0.267436
134.4		0.267436
134.5		0.267436
134.6		0.267436
134.7		0.267436
134.8		0.267436
134.9		0.267436
135		0.267436
135.1		0.268119
135.2		0.268119
135.3		0.268119
135.4		0.268119
135.5		0.268119
135.6		0.268119
135.7		0.268119
135.8		0.268119
135.9		0.268119
136		0.268119
136.1		0.269236
136.2		0.269236
136.3		0.269236
136.4		0.269236
136.5		0.269236
136.6		0.269236
136.7		0.269236
136.8		0.269236
136.9		0.269236
137		0.269236
137.1		0.269918
137.2		0.269918
137.3		0.269918
137.4		0.269918
137.5		0.269918
137.6		0.269918
137.7		0.269918
137.8		0.269918
137.9		0.269918
138		0.269918
138.1		0.273641
138.2		0.273641
138.3		0.273641
138.4		0.273641
138.5		0.273641
138.6		0.273641
138.7		0.273641
138.8		0.273641
138.9		0.273641
139		0.273641
139.1		0.27482
139.2		0.27482
139.3		0.27482
139.4		0.27482
139.5		0.27482
139.6		0.27482
139.7		0.27482
139.8		0.27482
139.9		0.27482
140		0.27482
140.1		0.278109
140.2		0.278109
140.3		0.278109
140.4		0.278109
140.5		0.278109
140.6		0.278109
140.7		0.278109
140.8		0.278109
140.9		0.278109
141		0.278109
141.1		0.279039
141.2		0.279039
141.3		0.279039
141.4		0.279039
141.5		0.279039
141.6		0.279039
141.7		0.279039
141.8		0.279039
141.9		0.279039
142		0.279039
142.1		0.281521
142.2		0.281521
142.3		0.281521
142.4		0.281521
142.5		0.281521
142.6		0.281521
142.7		0.281521
142.8		0.281521
142.9		0.281521
143		0.281521
143.1		0.283197
143.2		0.283197
143.3		0.283197
143.4		0.283197
143.5		0.283197
143.6		0.283197
143.7		0.283197
143.8		0.283197
143.9		0.283197
144		0.283197
144.1		0.285244
144.2		0.285244
144.3		0.285244
144.4		0.285244
144.5		0.285244
144.6		0.285244
144.7		0.285244
144.8		0.285244
144.9		0.285244
145		0.285244
145.1		0.286485
145.2		0.286485
145.3		0.286485
145.4		0.286485
145.5		0.286485
145.6		0.286485
145.7		0.286485
145.8		0.286485
145.9		0.286485
146		0.286485
146.1		0.288967
146.2		0.288967
146.3		0.288967
146.4		0.288967
146.5		0.288967
146.6		0.288967
146.7		0.288967
146.8		0.288967
146.9		0.288967
147		0.288967
147.1		0.291325
147.2		0.291325
147.3		0.291325
147.4		0.291325
147.5		0.291325
147.6		0.291325
147.7		0.291325
147.8		0.291325
147.9		0.291325
148		0.291325
148.1		0.293931
148.2		0.293931
148.3		0.293931
148.4		0.293931
148.5		0.293931
148.6		0.293931
148.7		0.293931
148.8		0.293931
148.9		0.293931
149		0.293931
149.1		0.298958
149.2		0.298958
149.3		0.298958
149.4		0.298958
149.5		0.298958
149.6		0.298958
149.7		0.298958
149.8		0.298958
149.9		0.298958
150		0.298958
150.1		0.299516
150.2		0.299516
150.3		0.299516
150.4		0.299516
150.5		0.299516
150.6		0.299516
150.7		0.299516
150.8		0.299516
150.9		0.299516
151		0.299516
151.1		0.300447
151.2		0.300447
151.3		0.300447
151.4		0.300447
151.5		0.300447
151.6		0.300447
151.7		0.300447
151.8		0.300447
151.9		0.300447
152		0.300447
152.1		0.300757
152.2		0.300757
152.3		0.300757
152.4		0.300757
152.5		0.300757
152.6		0.300757
152.7		0.300757
152.8		0.300757
152.9		0.300757
153		0.300757
153.1		0.303673
153.2		0.303673
153.3		0.303673
153.4		0.303673
153.5		0.303673
153.6		0.303673
153.7		0.303673
153.8		0.303673
153.9		0.303673
154		0.303673
154.1		0.308699
154.2		0.308699
154.3		0.308699
154.4		0.308699
154.5		0.308699
154.6		0.308699
154.7		0.308699
154.8		0.308699
154.9		0.308699
155		0.308699
155.1		0.309072
155.2		0.309072
155.3		0.309072
155.4		0.309072
155.5		0.309072
155.6		0.309072
155.7		0.309072
155.8		0.309072
155.9		0.309072
156		0.309072
156.1		0.310995
156.2		0.310995
156.3		0.310995
156.4		0.310995
156.5		0.310995
156.6		0.310995
156.7		0.310995
156.8		0.310995
156.9		0.310995
157		0.310995
157.1		0.313415
157.2		0.313415
157.3		0.313415
157.4		0.313415
157.5		0.313415
157.6		0.313415
157.7		0.313415
157.8		0.313415
157.9		0.313415
158		0.313415
158.1		0.31385
158.2		0.31385
158.3		0.31385
158.4		0.31385
158.5		0.31385
158.6		0.31385
158.7		0.31385
158.8		0.31385
158.9		0.31385
159		0.31385
159.1		0.314098
159.2		0.314098
159.3		0.314098
159.4		0.314098
159.5		0.314098
159.6		0.314098
159.7		0.314098
159.8		0.314098
159.9		0.314098
160		0.314098
160.1		0.321668
160.2		0.321668
160.3		0.321668
160.4		0.321668
160.5		0.321668
160.6		0.321668
160.7		0.321668
160.8		0.321668
160.9		0.321668
161		0.321668
161.1		0.322599
161.2		0.322599
161.3		0.322599
161.4		0.322599
161.5		0.322599
161.6		0.322599
161.7		0.322599
161.8		0.322599
161.9		0.322599
162		0.322599
162.1		0.323467
162.2		0.323467
162.3		0.323467
162.4		0.323467
162.5		0.323467
162.6		0.323467
162.7		0.323467
162.8		0.323467
162.9		0.323467
163		0.323467
163.1		0.326136
163.2		0.326136
163.3		0.326136
163.4		0.326136
163.5		0.326136
163.6		0.326136
163.7		0.326136
163.8		0.326136
163.9		0.326136
164		0.326136
164.1		0.330355
164.2		0.330355
164.3		0.330355
164.4		0.330355
164.5		0.330355
164.6		0.330355
164.7		0.330355
164.8		0.330355
164.9		0.330355
165		0.330355
165.1		0.333457
165.2		0.333457
165.3		0.333457
165.4		0.333457
165.5		0.333457
165.6		0.333457
165.7		0.333457
165.8		0.333457
165.9		0.333457
166		0.333457
166.1		0.333706
166.2		0.333706
166.3		0.333706
166.4		0.333706
166.5		0.333706
166.6		0.333706
166.7		0.333706
166.8		0.333706
166.9		0.333706
167		0.333706
167.1		0.33445
167.2		0.33445
167.3		0.33445
167.4		0.33445
167.5		0.33445
167.6		0.33445
167.7		0.33445
167.8		0.33445
167.9		0.33445
168		0.33445
168.1		0.339228
168.2		0.339228
168.3		0.339228
168.4		0.339228
168.5		0.339228
168.6		0.339228
168.7		0.339228
168.8		0.339228
168.9		0.339228
169		0.339228
169.1		0.341524
169.2		0.341524
169.3		0.341524
169.4		0.341524
169.5		0.341524
169.6		0.341524
169.7		0.341524
169.8		0.341524
169.9		0.341524
170		0.341524
170.1		0.342765
170.2		0.342765
170.3		0.342765
170.4		0.342765
170.5		0.342765
170.6		0.342765
170.7		0.342765
170.8		0.342765
170.9		0.342765
171		0.342765
171.1		0.344316
171.2		0.344316
171.3		0.344316
171.4		0.344316
171.5		0.344316
171.6		0.344316
171.7		0.344316
171.8		0.344316
171.9		0.344316
172		0.344316
172.1		0.347667
172.2		0.347667
172.3		0.347667
172.4		0.347667
172.5		0.347667
172.6		0.347667
172.7		0.347667
172.8		0.347667
172.9		0.347667
173		0.347667
173.1		0.350521
173.2		0.350521
173.3		0.350521
173.4		0.350521
173.5		0.350521
173.6		0.350521
173.7		0.350521
173.8		0.350521
173.9		0.350521
174		0.350521
174.1		0.351266
174.2		0.351266
174.3		0.351266
174.4		0.351266
174.5		0.351266
174.6		0.351266
174.7		0.351266
174.8		0.351266
174.9		0.351266
175		0.351266
175.1		0.35412
175.2		0.35412
175.3		0.35412
175.4		0.35412
175.5		0.35412
175.6		0.35412
175.7		0.35412
175.8		0.35412
175.9		0.35412
176		0.35412
176.1		0.357099
176.2		0.357099
176.3		0.357099
176.4		0.357099
176.5		0.357099
176.6		0.357099
176.7		0.357099
176.8		0.357099
176.9		0.357099
177		0.357099
177.1		0.360139
177.2		0.360139
177.3		0.360139
177.4		0.360139
177.5		0.360139
177.6		0.360139
177.7		0.360139
177.8		0.360139
177.9		0.360139
178		0.360139
178.1		0.360822
178.2		0.360822
178.3		0.360822
178.4		0.360822
178.5		0.360822
178.6		0.360822
178.7		0.360822
178.8		0.360822
178.9		0.360822
179		0.360822
179.1		0.363241
179.2		0.363241
179.3		0.363241
179.4		0.363241
179.5		0.363241
179.6		0.363241
179.7		0.363241
179.8		0.363241
179.9		0.363241
180		0.363241
180.1		0.364731
180.2		0.364731
180.3		0.364731
180.4		0.364731
180.5		0.364731
180.6		0.364731
180.7		0.364731
180.8		0.364731
180.9		0.364731
181		0.364731
181.1		0.369012
181.2		0.369012
181.3		0.369012
181.4		0.369012
181.5		0.369012
181.6		0.369012
181.7		0.369012
181.8		0.369012
181.9		0.369012
182		0.369012
182.1		0.370067
182.2		0.370067
182.3		0.370067
182.4		0.370067
182.5		0.370067
182.6		0.370067
182.7		0.370067
182.8		0.370067
182.9		0.370067
183		0.370067
183.1		0.370563
183.2		0.370563
183.3		0.370563
183.4		0.370563
183.5		0.370563
183.6		0.370563
183.7		0.370563
183.8		0.370563
183.9		0.370563
184		0.370563
184.1		0.373294
184.2		0.373294
184.3		0.373294
184.4		0.373294
184.5		0.373294
184.6		0.373294
184.7		0.373294
184.8		0.373294
184.9		0.373294
185		0.373294
185.1		0.37621
185.2		0.37621
185.3		0.37621
185.4		0.37621
185.5		0.37621
185.6		0.37621
185.7		0.37621
185.8		0.37621
185.9		0.37621
186		0.37621
186.1		0.380491
186.2		0.380491
186.3		0.380491
186.4		0.380491
186.5		0.380491
186.6		0.380491
186.7		0.380491
186.8		0.380491
186.9		0.380491
187		0.380491
187.1		0.380802
187.2		0.380802
187.3		0.380802
187.4		0.380802
187.5		0.380802
187.6		0.380802
187.7		0.380802
187.8		0.380802
187.9		0.380802
188		0.380802
188.1		0.380926
188.2		0.380926
188.3		0.380926
188.4		0.380926
188.5		0.380926
188.6		0.380926
188.7		0.380926
188.8		0.380926
188.9		0.380926
189		0.380926
189.1		0.382849
189.2		0.382849
189.3		0.382849
189.4		0.382849
189.5		0.382849
189.6		0.382849
189.7		0.382849
189.8		0.382849
189.9		0.382849
190		0.382849
190.1		0.385828
190.2		0.385828
190.3		0.385828
190.4		0.385828
190.5		0.385828
190.6		0.385828
190.7		0.385828
190.8		0.385828
190.9		0.385828
191		0.385828
191.1		0.388248
191.2		0.388248
191.3		0.388248
191.4		0.388248
191.5		0.388248
191.6		0.388248
191.7		0.388248
191.8		0.388248
191.9		0.388248
192		0.388248
192.1		0.390295
192.2		0.390295
192.3		0.390295
192.4		0.390295
192.5		0.390295
192.6		0.390295
192.7		0.390295
192.8		0.390295
192.9		0.390295
193		0.390295
193.1		0.390357
193.2		0.390357
193.3		0.390357
193.4		0.390357
193.5		0.390357
193.6		0.390357
193.7		0.390357
193.8		0.390357
193.9		0.390357
194		0.390357
194.1		0.394825
194.2		0.394825
194.3		0.394825
194.4		0.394825
194.5		0.394825
194.6		0.394825
194.7		0.394825
194.8		0.394825
194.9		0.394825
195		0.394825
195.1		0.396128
195.2		0.396128
195.3		0.396128
195.4		0.396128
195.5		0.396128
195.6		0.396128
195.7		0.396128
195.8		0.396128
195.9		0.396128
196		0.396128
196.1		0.397369
196.2		0.397369
196.3		0.397369
196.4		0.397369
196.5		0.397369
196.6		0.397369
196.7		0.397369
196.8		0.397369
196.9		0.397369
197		0.397369
197.1		0.398424
197.2		0.398424
197.3		0.398424
197.4		0.398424
197.5		0.398424
197.6		0.398424
197.7		0.398424
197.8		0.398424
197.9		0.398424
198		0.398424
198.1		0.400037
198.2		0.400037
198.3		0.400037
198.4		0.400037
198.5		0.400037
198.6		0.400037
198.7		0.400037
198.8		0.400037
198.9		0.400037
199		0.400037
199.1		0.40407
199.2		0.40407
199.3		0.40407
199.4		0.40407
199.5		0.40407
199.6		0.40407
199.7		0.40407
199.8		0.40407
199.9		0.40407
200		0.40407
200.1		0.404815
200.2		0.404815
200.3		0.404815
200.4		0.404815
200.5		0.404815
200.6		0.404815
200.7		0.404815
200.8		0.404815
200.9		0.404815
201		0.404815
201.1		0.407793
201.2		0.407793
201.3		0.407793
201.4		0.407793
201.5		0.407793
201.6		0.407793
201.7		0.407793
201.8		0.407793
201.9		0.407793
202		0.407793
202.1		0.409345
202.2		0.409345
202.3		0.409345
202.4		0.409345
202.5		0.409345
202.6		0.409345
202.7		0.409345
202.8		0.409345
202.9		0.409345
203		0.409345
203.1		0.409841
203.2		0.409841
203.3		0.409841
203.4		0.409841
203.5		0.409841
203.6		0.409841
203.7		0.409841
203.8		0.409841
203.9		0.409841
204		0.409841
204.1		0.415115
204.2		0.415115
204.3		0.415115
204.4		0.415115
204.5		0.415115
204.6		0.415115
204.7		0.415115
204.8		0.415115
204.9		0.415115
205		0.415115
205.1		0.415922
205.2		0.415922
205.3		0.415922
205.4		0.415922
205.5		0.415922
205.6		0.415922
205.7		0.415922
205.8		0.415922
205.9		0.415922
206		0.415922
206.1		0.420328
206.2		0.420328
206.3		0.420328
206.4		0.420328
206.5		0.420328
206.6		0.420328
206.7		0.420328
206.8		0.420328
206.9		0.420328
207		0.420328
207.1		0.421382
207.2		0.421382
207.3		0.421382
207.4		0.421382
207.5		0.421382
207.6		0.421382
207.7		0.421382
207.8		0.421382
207.9		0.421382
208		0.421382
208.1		0.425478
208.2		0.425478
208.3		0.425478
208.4		0.425478
208.5		0.425478
208.6		0.425478
208.7		0.425478
208.8		0.425478
208.9		0.425478
209		0.425478
209.1		0.428518
209.2		0.428518
209.3		0.428518
209.4		0.428518
209.5		0.428518
209.6		0.428518
209.7		0.428518
209.8		0.428518
209.9		0.428518
210		0.428518
210.1		0.429697
210.2		0.429697
210.3		0.429697
210.4		0.429697
210.5		0.429697
210.6		0.429697
210.7		0.429697
210.8		0.429697
210.9		0.429697
211		0.429697
211.1		0.430752
211.2		0.430752
211.3		0.430752
211.4		0.430752
211.5		0.430752
211.6		0.430752
211.7		0.430752
211.8		0.430752
211.9		0.430752
212		0.430752
212.1		0.435034
212.2		0.435034
212.3		0.435034
212.4		0.435034
212.5		0.435034
212.6		0.435034
212.7		0.435034
212.8		0.435034
212.9		0.435034
213		0.435034
213.1		0.43522
213.2		0.43522
213.3		0.43522
213.4		0.43522
213.5		0.43522
213.6		0.43522
213.7		0.43522
213.8		0.43522
213.9		0.43522
214		0.43522
214.1		0.437019
214.2		0.437019
214.3		0.437019
214.4		0.437019
214.5		0.437019
214.6		0.437019
214.7		0.437019
214.8		0.437019
214.9		0.437019
215		0.437019
215.1		0.437453
215.2		0.437453
215.3		0.437453
215.4		0.437453
215.5		0.437453
215.6		0.437453
215.7		0.437453
215.8		0.437453
215.9		0.437453
216		0.437453
216.1		0.442666
216.2		0.442666
216.3		0.442666
216.4		0.442666
216.5		0.442666
216.6		0.442666
216.7		0.442666
216.8		0.442666
216.9		0.442666
217		0.442666
217.1		0.443721
217.2		0.443721
217.3		0.443721
217.4		0.443721
217.5		0.443721
217.6		0.443721
217.7		0.443721
217.8		0.443721
217.9		0.443721
218		0.443721
218.1		0.447506
218.2		0.447506
218.3		0.447506
218.4		0.447506
218.5		0.447506
218.6		0.447506
218.7		0.447506
218.8		0.447506
218.9		0.447506
219		0.447506
219.1		0.447878
219.2		0.447878
219.3		0.447878
219.4		0.447878
219.5		0.447878
219.6		0.447878
219.7		0.447878
219.8		0.447878
219.9		0.447878
220		0.447878
220.1		0.452283
220.2		0.452283
220.3		0.452283
220.4		0.452283
220.5		0.452283
220.6		0.452283
220.7		0.452283
220.8		0.452283
220.9		0.452283
221		0.452283
221.1		0.453028
221.2		0.453028
221.3		0.453028
221.4		0.453028
221.5		0.453028
221.6		0.453028
221.7		0.453028
221.8		0.453028
221.9		0.453028
222		0.453028
222.1		0.455262
222.2		0.455262
222.3		0.455262
222.4		0.455262
222.5		0.455262
222.6		0.455262
222.7		0.455262
222.8		0.455262
222.9		0.455262
223		0.455262
223.1		0.455696
223.2		0.455696
223.3		0.455696
223.4		0.455696
223.5		0.455696
223.6		0.455696
223.7		0.455696
223.8		0.455696
223.9		0.455696
224		0.455696
224.1		0.458675
224.2		0.458675
224.3		0.458675
224.4		0.458675
224.5		0.458675
224.6		0.458675
224.7		0.458675
224.8		0.458675
224.9		0.458675
225		0.458675
225.1		0.46246
225.2		0.46246
225.3		0.46246
225.4		0.46246
225.5		0.46246
225.6		0.46246
225.7		0.46246
225.8		0.46246
225.9		0.46246
226		0.46246
226.1		0.463328
226.2		0.463328
226.3		0.463328
226.4		0.463328
226.5		0.463328
226.6		0.463328
226.7		0.463328
226.8		0.463328
226.9		0.463328
227		0.463328
227.1		0.463949
227.2		0.463949
227.3		0.463949
227.4		0.463949
227.5		0.463949
227.6		0.463949
227.7		0.463949
227.8		0.463949
227.9		0.463949
228		0.463949
228.1		0.466679
228.2		0.466679
228.3		0.466679
228.4		0.466679
228.5		0.466679
228.6		0.466679
228.7		0.466679
228.8		0.466679
228.9		0.466679
229		0.466679
229.1		0.47034
229.2		0.47034
229.3		0.47034
229.4		0.47034
229.5		0.47034
229.6		0.47034
229.7		0.47034
229.8		0.47034
229.9		0.47034
230		0.47034
230.1		0.470464
230.2		0.470464
230.3		0.470464
230.4		0.470464
230.5		0.470464
230.6		0.470464
230.7		0.470464
230.8		0.470464
230.9		0.470464
231		0.470464
231.1		0.471085
231.2		0.471085
231.3		0.471085
231.4		0.471085
231.5		0.471085
231.6		0.471085
231.7		0.471085
231.8		0.471085
231.9		0.471085
232		0.471085
232.1		0.476607
232.2		0.476607
232.3		0.476607
232.4		0.476607
232.5		0.476607
232.6		0.476607
232.7		0.476607
232.8		0.476607
232.9		0.476607
233		0.476607
233.1		0.476731
233.2		0.476731
233.3		0.476731
233.4		0.476731
233.5		0.476731
233.6		0.476731
233.7		0.476731
233.8		0.476731
233.9		0.476731
234		0.476731
234.1		0.479337
234.2		0.479337
234.3		0.479337
234.4		0.479337
234.5		0.479337
234.6		0.479337
234.7		0.479337
234.8		0.479337
234.9		0.479337
235		0.479337
235.1		0.481199
235.2		0.481199
235.3		0.481199
235.4		0.481199
235.5		0.481199
235.6		0.481199
235.7		0.481199
235.8		0.481199
235.9		0.481199
236		0.481199
236.1		0.483122
236.2		0.483122
236.3		0.483122
236.4		0.483122
236.5		0.483122
236.6		0.483122
236.7		0.483122
236.8		0.483122
236.9		0.483122
237		0.483122
237.1		0.484922
237.2		0.484922
237.3		0.484922
237.4		0.484922
237.5		0.484922
237.6		0.484922
237.7		0.484922
237.8		0.484922
237.9		0.484922
238		0.484922
238.1		0.488335
238.2		0.488335
238.3		0.488335
238.4		0.488335
238.5		0.488335
238.6		0.488335
238.7		0.488335
238.8		0.488335
238.9		0.488335
239		0.488335
239.1		0.490134
239.2		0.490134
239.3		0.490134
239.4		0.490134
239.5		0.490134
239.6		0.490134
239.7		0.490134
239.8		0.490134
239.9		0.490134
240		0.490134
240.1		0.490568
240.2		0.490568
240.3		0.490568
240.4		0.490568
240.5		0.490568
240.6		0.490568
240.7		0.490568
240.8		0.490568
240.9		0.490568
241		0.490568
241.1		0.492616
241.2		0.492616
241.3		0.492616
241.4		0.492616
241.5		0.492616
241.6		0.492616
241.7		0.492616
241.8		0.492616
241.9		0.492616
242		0.492616
242.1		0.493919
242.2		0.493919
242.3		0.493919
242.4		0.493919
242.5		0.493919
242.6		0.493919
242.7		0.493919
242.8		0.493919
242.9		0.493919
243		0.493919
243.1		0.497828
243.2		0.497828
243.3		0.497828
243.4		0.497828
243.5		0.497828
243.6		0.497828
243.7		0.497828
243.8		0.497828
243.9		0.497828
244		0.497828
244.1		0.498697
244.2		0.498697
244.3		0.498697
244.4		0.498697
244.5		0.498697
244.6		0.498697
244.7		0.498697
244.8		0.498697
244.9		0.498697
245		0.498697
245.1		0.500745
245.2		0.500745
245.3		0.500745
245.4		0.500745
245.5		0.500745
245.6		0.500745
245.7		0.500745
245.8		0.500745
245.9		0.500745
246		0.500745
246.1		0.503103
246.2		0.503103
246.3		0.503103
246.4		0.503103
246.5		0.503103
246.6		0.503103
246.7		0.503103
246.8		0.503103
246.9		0.503103
247		0.503103
247.1		0.504344
247.2		0.504344
247.3		0.504344
247.4		0.504344
247.5		0.504344
247.6		0.504344
247.7		0.504344
247.8		0.504344
247.9		0.504344
248		0.504344
248.1		0.506391
248.2		0.506391
248.3		0.506391
248.4		0.506391
248.5		0.506391
248.6		0.506391
248.7		0.506391
248.8		0.506391
248.9		0.506391
249		0.506391
249.1		0.507756
249.2		0.507756
249.3		0.507756
249.4		0.507756
249.5		0.507756
249.6		0.507756
249.7		0.507756
249.8		0.507756
249.9		0.507756
250		0.507756
250.1		0.514768
250.2		0.514768
250.3		0.514768
250.4		0.514768
250.5		0.514768
250.6		0.514768
250.7		0.514768
250.8		0.514768
250.9		0.514768
251		0.514768
251.1		0.515947
251.2		0.515947
251.3		0.515947
251.4		0.515947
251.5		0.515947
251.6		0.515947
251.7		0.515947
251.8		0.515947
251.9		0.515947
252		0.515947
252.1		0.516071
252.2		0.516071
252.3		0.516071
252.4		0.516071
252.5		0.516071
252.6		0.516071
252.7		0.516071
252.8		0.516071
252.9		0.516071
253		0.516071
253.1		0.517374
253.2		0.517374
253.3		0.517374
253.4		0.517374
253.5		0.517374
253.6		0.517374
253.7		0.517374
253.8		0.517374
253.9		0.517374
254		0.517374
254.1		0.523207
254.2		0.523207
254.3		0.523207
254.4		0.523207
254.5		0.523207
254.6		0.523207
254.7		0.523207
254.8		0.523207
254.9		0.523207
255		0.523207
255.1		0.524075
255.2		0.524075
255.3		0.524075
255.4		0.524075
255.5		0.524075
255.6		0.524075
255.7		0.524075
255.8		0.524075
255.9		0.524075
256		0.524075
256.1		0.527985
256.2		0.527985
256.3		0.527985
256.4		0.527985
256.5		0.527985
256.6		0.527985
256.7		0.527985
256.8		0.527985
256.9		0.527985
257		0.527985
257.1		0.528667
257.2		0.528667
257.3		0.528667
257.4		0.528667
257.5		0.528667
257.6		0.528667
257.7		0.528667
257.8		0.528667
257.9		0.528667
258		0.528667
258.1		0.531832
258.2		0.531832
258.3		0.531832
258.4		0.531832
258.5		0.531832
258.6		0.531832
258.7		0.531832
258.8		0.531832
258.9		0.531832
259		0.531832
259.1		0.534624
259.2		0.534624
259.3		0.534624
259.4		0.534624
259.5		0.534624
259.6		0.534624
259.7		0.534624
259.8		0.534624
259.9		0.534624
260		0.534624
260.1		0.534872
260.2		0.534872
260.3		0.534872
260.4		0.534872
260.5		0.534872
260.6		0.534872
260.7		0.534872
260.8		0.534872
260.9		0.534872
261		0.534872
261.1		0.536175
261.2		0.536175
261.3		0.536175
261.4		0.536175
261.5		0.536175
261.6		0.536175
261.7		0.536175
261.8		0.536175
261.9		0.536175
262		0.536175
262.1		0.538905
262.2		0.538905
262.3		0.538905
262.4		0.538905
262.5		0.538905
262.6		0.538905
262.7		0.538905
262.8		0.538905
262.9		0.538905
263		0.538905
263.1		0.542566
263.2		0.542566
263.3		0.542566
263.4		0.542566
263.5		0.542566
263.6		0.542566
263.7		0.542566
263.8		0.542566
263.9		0.542566
264		0.542566
264.1		0.543063
264.2		0.543063
264.3		0.543063
264.4		0.543063
264.5		0.543063
264.6		0.543063
264.7		0.543063
264.8		0.543063
264.9		0.543063
265		0.543063
265.1		0.544552
265.2		0.544552
265.3		0.544552
265.4		0.544552
265.5		0.544552
265.6		0.544552
265.7		0.544552
265.8		0.544552
265.9		0.544552
266		0.544552
266.1		0.54511
266.2		0.54511
266.3		0.54511
266.4		0.54511
266.5		0.54511
266.6		0.54511
266.7		0.54511
266.8		0.54511
266.9		0.54511
267		0.54511
267.1		0.549454
267.2		0.549454
267.3		0.549454
267.4		0.549454
267.5		0.549454
267.6		0.549454
267.7		0.549454
267.8		0.549454
267.9		0.549454
268		0.549454
268.1		0.551253
268.2		0.551253
268.3		0.551253
268.4		0.551253
268.5		0.551253
268.6		0.551253
268.7		0.551253
268.8		0.551253
268.9		0.551253
269		0.551253
269.1		0.552308
269.2		0.552308
269.3		0.552308
269.4		0.552308
269.5		0.552308
269.6		0.552308
269.7		0.552308
269.8		0.552308
269.9		0.552308
270		0.552308
270.1		0.553053
270.2		0.553053
270.3		0.553053
270.4		0.553053
270.5		0.553053
270.6		0.553053
270.7		0.553053
270.8		0.553053
270.9		0.553053
271		0.553053
271.1		0.558761
271.2		0.558761
271.3		0.558761
271.4		0.558761
271.5		0.558761
271.6		0.558761
271.7		0.558761
271.8		0.558761
271.9		0.558761
272		0.558761
272.1		0.559134
272.2		0.559134
272.3		0.559134
272.4		0.559134
272.5		0.559134
272.6		0.559134
272.7		0.559134
272.8		0.559134
272.9		0.559134
273		0.559134
273.1		0.562919
273.2		0.562919
273.3		0.562919
273.4		0.562919
273.5		0.562919
273.6		0.562919
273.7		0.562919
273.8		0.562919
273.9		0.562919
274		0.562919
274.1		0.563043
274.2		0.563043
274.3		0.563043
274.4		0.563043
274.5		0.563043
274.6		0.563043
274.7		0.563043
274.8		0.563043
274.9		0.563043
275		0.563043
275.1		0.565401
275.2		0.565401
275.3		0.565401
275.4		0.565401
275.5		0.565401
275.6		0.565401
275.7		0.565401
275.8		0.565401
275.9		0.565401
276		0.565401
276.1		0.568379
276.2		0.568379
276.3		0.568379
276.4		0.568379
276.5		0.568379
276.6		0.568379
276.7		0.568379
276.8		0.568379
276.9		0.568379
277		0.568379
277.1		0.569558
277.2		0.569558
277.3		0.569558
277.4		0.569558
277.5		0.569558
277.6		0.569558
277.7		0.569558
277.8		0.569558
277.9		0.569558
278		0.569558
278.1		0.570055
278.2		0.570055
278.3		0.570055
278.4		0.570055
278.5		0.570055
278.6		0.570055
278.7		0.570055
278.8		0.570055
278.9		0.570055
279		0.570055
279.1		0.573902
279.2		0.573902
279.3		0.573902
279.4		0.573902
279.5		0.573902
279.6		0.573902
279.7		0.573902
279.8		0.573902
279.9		0.573902
280		0.573902
280.1		0.579424
280.2		0.579424
280.3		0.579424
280.4		0.579424
280.5		0.579424
280.6		0.579424
280.7		0.579424
280.8		0.579424
280.9		0.579424
281		0.579424
281.1		0.580541
281.2		0.580541
281.3		0.580541
281.4		0.580541
281.5		0.580541
281.6		0.580541
281.7		0.580541
281.8		0.580541
281.9		0.580541
282		0.580541
282.1		0.581472
282.2		0.581472
282.3		0.581472
282.4		0.581472
282.5		0.581472
282.6		0.581472
282.7		0.581472
282.8		0.581472
282.9		0.581472
283		0.581472
283.1		0.584326
283.2		0.584326
283.3		0.584326
283.4		0.584326
283.5		0.584326
283.6		0.584326
283.7		0.584326
283.8		0.584326
283.9		0.584326
284		0.584326
284.1		0.586808
284.2		0.586808
284.3		0.586808
284.4		0.586808
284.5		0.586808
284.6		0.586808
284.7		0.586808
284.8		0.586808
284.9		0.586808
285		0.586808
285.1		0.588546
285.2		0.588546
285.3		0.588546
285.4		0.588546
285.5		0.588546
285.6		0.588546
285.7		0.588546
285.8		0.588546
285.9		0.588546
286		0.588546
286.1		0.590035
286.2		0.590035
286.3		0.590035
286.4		0.590035
286.5		0.590035
286.6		0.590035
286.7		0.590035
286.8		0.590035
286.9		0.590035
287		0.590035
287.1		0.596302
287.2		0.596302
287.3		0.596302
287.4		0.596302
287.5		0.596302
287.6		0.596302
287.7		0.596302
287.8		0.596302
287.9		0.596302
288		0.596302
288.1		0.59655
288.2		0.59655
288.3		0.59655
288.4		0.59655
288.5		0.59655
288.6		0.59655
288.7		0.59655
288.8		0.59655
288.9		0.59655
289		0.59655
289.1		0.598225
289.2		0.598225
289.3		0.598225
289.4		0.598225
289.5		0.598225
289.6		0.598225
289.7		0.598225
289.8		0.598225
289.9		0.598225
290		0.598225
290.1		0.599094
290.2		0.599094
290.3		0.599094
290.4		0.599094
290.5		0.599094
290.6		0.599094
290.7		0.599094
290.8		0.599094
290.9		0.599094
291		0.599094
291.1		0.604368
291.2		0.604368
291.3		0.604368
291.4		0.604368
291.5		0.604368
291.6		0.604368
291.7		0.604368
291.8		0.604368
291.9		0.604368
292		0.604368
292.1		0.605671
292.2		0.605671
292.3		0.605671
292.4		0.605671
292.5		0.605671
292.6		0.605671
292.7		0.605671
292.8		0.605671
292.9		0.605671
293		0.605671
293.1		0.605671
293.2		0.605671
293.3		0.605671
293.4		0.605671
293.5		0.605671
293.6		0.605671
293.7		0.605671
293.8		0.605671
293.9		0.605671
294		0.605671
294.1		0.605858
294.2		0.605858
294.3		0.605858
294.4		0.605858
294.5		0.605858
294.6		0.605858
294.7		0.605858
294.8		0.605858
294.9		0.605858
295		0.605858
295.1		0.605858
295.2		0.605858
295.3		0.605858
295.4		0.605858
295.5		0.605858
295.6		0.605858
295.7		0.605858
295.8		0.605858
295.9		0.605858
296		0.605858
296.1		0.607657
296.2		0.607657
296.3		0.607657
296.4		0.607657
296.5		0.607657
296.6		0.607657
296.7		0.607657
296.8		0.607657
296.9		0.607657
297		0.607657
297.1		0.612
297.2		0.612
297.3		0.612
297.4		0.612
297.5		0.612
297.6		0.612
297.7		0.612
297.8		0.612
297.9		0.612
298		0.612
298.1		0.615661
298.2		0.615661
298.3		0.615661
298.4		0.615661
298.5		0.615661
298.6		0.615661
298.7		0.615661
298.8		0.615661
298.9		0.615661
299		0.615661
299.1		0.616344
299.2		0.616344
299.3		0.616344
299.4		0.616344
299.5		0.616344
299.6		0.616344
299.7		0.616344
299.8		0.616344
299.9		0.616344
300		0.616344
300.1		0.617089
300.2		0.617089
300.3		0.617089
300.4		0.617089
300.5		0.617089
300.6		0.617089
300.7		0.617089
300.8		0.617089
300.9		0.617089
301		0.617089
301.1		0.618081
301.2		0.618081
301.3		0.618081
301.4		0.618081
301.5		0.618081
301.6		0.618081
301.7		0.618081
301.8		0.618081
301.9		0.618081
302		0.618081
302.1		0.623232
302.2		0.623232
302.3		0.623232
302.4		0.623232
302.5		0.623232
302.6		0.623232
302.7		0.623232
302.8		0.623232
302.9		0.623232
303		0.623232
303.1		0.624969
303.2		0.624969
303.3		0.624969
303.4		0.624969
303.5		0.624969
303.6		0.624969
303.7		0.624969
303.8		0.624969
303.9		0.624969
304		0.624969
304.1		0.625217
304.2		0.625217
304.3		0.625217
304.4		0.625217
304.5		0.625217
304.6		0.625217
304.7		0.625217
304.8		0.625217
304.9		0.625217
305		0.625217
305.1		0.625652
305.2		0.625652
305.3		0.625652
305.4		0.625652
305.5		0.625652
305.6		0.625652
305.7		0.625652
305.8		0.625652
305.9		0.625652
306		0.625652
306.1		0.63167
306.2		0.63167
306.3		0.63167
306.4		0.63167
306.5		0.63167
306.6		0.63167
306.7		0.63167
306.8		0.63167
306.9		0.63167
307		0.63167
307.1		0.632229
307.2		0.632229
307.3		0.632229
307.4		0.632229
307.5		0.632229
307.6		0.632229
307.7		0.632229
307.8		0.632229
307.9		0.632229
308		0.632229
308.1		0.632725
308.2		0.632725
308.3		0.632725
308.4		0.632725
308.5		0.632725
308.6		0.632725
308.7		0.632725
308.8		0.632725
308.9		0.632725
309		0.632725
309.1		0.636883
309.2		0.636883
309.3		0.636883
309.4		0.636883
309.5		0.636883
309.6		0.636883
309.7		0.636883
309.8		0.636883
309.9		0.636883
310		0.636883
310.1		0.637007
310.2		0.637007
310.3		0.637007
310.4		0.637007
310.5		0.637007
310.6		0.637007
310.7		0.637007
310.8		0.637007
310.9		0.637007
311		0.637007
311.1		0.641412
311.2		0.641412
311.3		0.641412
311.4		0.641412
311.5		0.641412
311.6		0.641412
311.7		0.641412
311.8		0.641412
311.9		0.641412
312		0.641412
312.1		0.641723
312.2		0.641723
312.3		0.641723
312.4		0.641723
312.5		0.641723
312.6		0.641723
312.7		0.641723
312.8		0.641723
312.9		0.641723
313		0.641723
313.1		0.642157
313.2		0.642157
313.3		0.642157
313.4		0.642157
313.5		0.642157
313.6		0.642157
313.7		0.642157
313.8		0.642157
313.9		0.642157
314		0.642157
314.1		0.646749
314.2		0.646749
314.3		0.646749
314.4		0.646749
314.5		0.646749
314.6		0.646749
314.7		0.646749
314.8		0.646749
314.9		0.646749
315		0.646749
315.1		0.648486
315.2		0.648486
315.3		0.648486
315.4		0.648486
315.5		0.648486
315.6		0.648486
315.7		0.648486
315.8		0.648486
315.9		0.648486
316		0.648486
316.1		0.651154
316.2		0.651154
316.3		0.651154
316.4		0.651154
316.5		0.651154
316.6		0.651154
316.7		0.651154
316.8		0.651154
316.9		0.651154
317		0.651154
317.1		0.652705
317.2		0.652705
317.3		0.652705
317.4		0.652705
317.5		0.652705
317.6		0.652705
317.7		0.652705
317.8		0.652705
317.9		0.652705
318		0.652705
318.1		0.655622
318.2		0.655622
318.3		0.655622
318.4		0.655622
318.5		0.655622
318.6		0.655622
318.7		0.655622
318.8		0.655622
318.9		0.655622
319		0.655622
319.1		0.657856
319.2		0.657856
319.3		0.657856
319.4		0.657856
319.5		0.657856
319.6		0.657856
319.7		0.657856
319.8		0.657856
319.9		0.657856
320		0.657856
320.1		0.659034
320.2		0.659034
320.3		0.659034
320.4		0.659034
320.5		0.659034
320.6		0.659034
320.7		0.659034
320.8		0.659034
320.9		0.659034
321		0.659034
321.1		0.661268
321.2		0.661268
321.3		0.661268
321.4		0.661268
321.5		0.661268
321.6		0.661268
321.7		0.661268
321.8		0.661268
321.9		0.661268
322		0.661268
322.1		0.662261
322.2		0.662261
322.3		0.662261
322.4		0.662261
322.5		0.662261
322.6		0.662261
322.7		0.662261
322.8		0.662261
322.9		0.662261
323		0.662261
323.1		0.665053
323.2		0.665053
323.3		0.665053
323.4		0.665053
323.5		0.665053
323.6		0.665053
323.7		0.665053
323.8		0.665053
323.9		0.665053
324		0.665053
324.1		0.667846
324.2		0.667846
324.3		0.667846
324.4		0.667846
324.5		0.667846
324.6		0.667846
324.7		0.667846
324.8		0.667846
324.9		0.667846
325		0.667846
325.1		0.669211
325.2		0.669211
325.3		0.669211
325.4		0.669211
325.5		0.669211
325.6		0.669211
325.7		0.669211
325.8		0.669211
325.9		0.669211
326		0.669211
326.1		0.669831
326.2		0.669831
326.3		0.669831
326.4		0.669831
326.5		0.669831
326.6		0.669831
326.7		0.669831
326.8		0.669831
326.9		0.669831
327		0.669831
327.1		0.67039
327.2		0.67039
327.3		0.67039
327.4		0.67039
327.5		0.67039
327.6		0.67039
327.7		0.67039
327.8		0.67039
327.9		0.67039
328		0.67039
328.1		0.677898
328.2		0.677898
328.3		0.677898
328.4		0.677898
328.5		0.677898
328.6		0.677898
328.7		0.677898
328.8		0.677898
328.9		0.677898
329		0.677898
329.1		0.678394
329.2		0.678394
329.3		0.678394
329.4		0.678394
329.5		0.678394
329.6		0.678394
329.7		0.678394
329.8		0.678394
329.9		0.678394
330		0.678394
330.1		0.679201
330.2		0.679201
330.3		0.679201
330.4		0.679201
330.5		0.679201
330.6		0.679201
330.7		0.679201
330.8		0.679201
330.9		0.679201
331		0.679201
331.1		0.679449
331.2		0.679449
331.3		0.679449
331.4		0.679449
331.5		0.679449
331.6		0.679449
331.7		0.679449
331.8		0.679449
331.9		0.679449
332		0.679449
332.1		0.68311
332.2		0.68311
332.3		0.68311
332.4		0.68311
332.5		0.68311
332.6		0.68311
332.7		0.68311
332.8		0.68311
332.9		0.68311
333		0.68311
333.1		0.687081
333.2		0.687081
333.3		0.687081
333.4		0.687081
333.5		0.687081
333.6		0.687081
333.7		0.687081
333.8		0.687081
333.9		0.687081
334		0.687081
334.1		0.68795
334.2		0.68795
334.3		0.68795
334.4		0.68795
334.5		0.68795
334.6		0.68795
334.7		0.68795
334.8		0.68795
334.9		0.68795
335		0.68795
335.1		0.689191
335.2		0.689191
335.3		0.689191
335.4		0.689191
335.5		0.689191
335.6		0.689191
335.7		0.689191
335.8		0.689191
335.9		0.689191
336		0.689191
336.1		0.69279
336.2		0.69279
336.3		0.69279
336.4		0.69279
336.5		0.69279
336.6		0.69279
336.7		0.69279
336.8		0.69279
336.9		0.69279
337		0.69279
337.1		0.693658
337.2		0.693658
337.3		0.693658
337.4		0.693658
337.5		0.693658
337.6		0.693658
337.7		0.693658
337.8		0.693658
337.9		0.693658
338		0.693658
338.1		0.695024
338.2		0.695024
338.3		0.695024
338.4		0.695024
338.5		0.695024
338.6		0.695024
338.7		0.695024
338.8		0.695024
338.9		0.695024
339		0.695024
339.1		0.696823
339.2		0.696823
339.3		0.696823
339.4		0.696823
339.5		0.696823
339.6		0.696823
339.7		0.696823
339.8		0.696823
339.9		0.696823
340		0.696823
340.1		0.7034
340.2		0.7034
340.3		0.7034
340.4		0.7034
340.5		0.7034
340.6		0.7034
340.7		0.7034
340.8		0.7034
340.9		0.7034
341		0.7034
341.1		0.703773
341.2		0.703773
341.3		0.703773
341.4		0.703773
341.5		0.703773
341.6		0.703773
341.7		0.703773
341.8		0.703773
341.9		0.703773
342		0.703773
342.1		0.706937
342.2		0.706937
342.3		0.706937
342.4		0.706937
342.5		0.706937
342.6		0.706937
342.7		0.706937
342.8		0.706937
342.9		0.706937
343		0.706937
343.1		0.707496
343.2		0.707496
343.3		0.707496
343.4		0.707496
343.5		0.707496
343.6		0.707496
343.7		0.707496
343.8		0.707496
343.9		0.707496
344		0.707496
344.1		0.711839
344.2		0.711839
344.3		0.711839
344.4		0.711839
344.5		0.711839
344.6		0.711839
344.7		0.711839
344.8		0.711839
344.9		0.711839
345		0.711839
345.1		0.715128
345.2		0.715128
345.3		0.715128
345.4		0.715128
345.5		0.715128
345.6		0.715128
345.7		0.715128
345.8		0.715128
345.9		0.715128
346		0.715128
346.1		0.716307
346.2		0.716307
346.3		0.716307
346.4		0.716307
346.5		0.716307
346.6		0.716307
346.7		0.716307
346.8		0.716307
346.9		0.716307
347		0.716307
347.1		0.719347
347.2		0.719347
347.3		0.719347
347.4		0.719347
347.5		0.719347
347.6		0.719347
347.7		0.719347
347.8		0.719347
347.9		0.719347
348		0.719347
348.1		0.721519
348.2		0.721519
348.3		0.721519
348.4		0.721519
348.5		0.721519
348.6		0.721519
348.7		0.721519
348.8		0.721519
348.9		0.721519
349		0.721519
349.1		0.724373
349.2		0.724373
349.3		0.724373
349.4		0.724373
349.5		0.724373
349.6		0.724373
349.7		0.724373
349.8		0.724373
349.9		0.724373
350		0.724373
350.1		0.726669
350.2		0.726669
350.3		0.726669
350.4		0.726669
350.5		0.726669
350.6		0.726669
350.7		0.726669
350.8		0.726669
350.9		0.726669
351		0.726669
351.1		0.727848
351.2		0.727848
351.3		0.727848
351.4		0.727848
351.5		0.727848
351.6		0.727848
351.7		0.727848
351.8		0.727848
351.9		0.727848
352		0.727848
352.1		0.727848
352.2		0.727848
352.3		0.727848
352.4		0.727848
352.5		0.727848
352.6		0.727848
352.7		0.727848
352.8		0.727848
352.9		0.727848
353		0.727848
353.1		0.730516
353.2		0.730516
353.3		0.730516
353.4		0.730516
353.5		0.730516
353.6		0.730516
353.7		0.730516
353.8		0.730516
353.9		0.730516
354		0.730516
354.1		0.730827
354.2		0.730827
354.3		0.730827
354.4		0.730827
354.5		0.730827
354.6		0.730827
354.7		0.730827
354.8		0.730827
354.9		0.730827
355		0.730827
355.1		0.731757
355.2		0.731757
355.3		0.731757
355.4		0.731757
355.5		0.731757
355.6		0.731757
355.7		0.731757
355.8		0.731757
355.9		0.731757
356		0.731757
356.1		0.734425
356.2		0.734425
356.3		0.734425
356.4		0.734425
356.5		0.734425
356.6		0.734425
356.7		0.734425
356.8		0.734425
356.9		0.734425
357		0.734425
357.1		0.740134
357.2		0.740134
357.3		0.740134
357.4		0.740134
357.5		0.740134
357.6		0.740134
357.7		0.740134
357.8		0.740134
357.9		0.740134
358		0.740134
358.1		0.740506
358.2		0.740506
358.3		0.740506
358.4		0.740506
358.5		0.740506
358.6		0.740506
358.7		0.740506
358.8		0.740506
358.9		0.740506
359		0.740506
359.1		0.741437
359.2		0.741437
359.3		0.741437
359.4		0.741437
359.5		0.741437
359.6		0.741437
359.7		0.741437
359.8		0.741437
359.9		0.741437
360		0.741437
360.1		0.741623
360.2		0.741623
360.3		0.741623
360.4		0.741623
360.5		0.741623
360.6		0.741623
360.7		0.741623
360.8		0.741623
360.9		0.741623
361		0.741623
361.1		0.74212
361.2		0.74212
361.3		0.74212
361.4		0.74212
361.5		0.74212
361.6		0.74212
361.7		0.74212
361.8		0.74212
361.9		0.74212
362		0.74212
362.1		0.747084
362.2		0.747084
362.3		0.747084
362.4		0.747084
362.5		0.747084
362.6		0.747084
362.7		0.747084
362.8		0.747084
362.9		0.747084
363		0.747084
363.1		0.74727
363.2		0.74727
363.3		0.74727
363.4		0.74727
363.5		0.74727
363.6		0.74727
363.7		0.74727
363.8		0.74727
363.9		0.74727
364		0.74727
364.1		0.750745
364.2		0.750745
364.3		0.750745
364.4		0.750745
364.5		0.750745
364.6		0.750745
364.7		0.750745
364.8		0.750745
364.9		0.750745
365		0.750745
365.1		0.752358
365.2		0.752358
365.3		0.752358
365.4		0.752358
365.5		0.752358
365.6		0.752358
365.7		0.752358
365.8		0.752358
365.9		0.752358
366		0.752358
366.1		0.753165
366.2		0.753165
366.3		0.753165
366.4		0.753165
366.5		0.753165
366.6		0.753165
366.7		0.753165
366.8		0.753165
366.9		0.753165
367		0.753165
367.1		0.756205
367.2		0.756205
367.3		0.756205
367.4		0.756205
367.5		0.756205
367.6		0.756205
367.7		0.756205
367.8		0.756205
367.9		0.756205
368		0.756205
368.1		0.75695
368.2		0.75695
368.3		0.75695
368.4		0.75695
368.5		0.75695
368.6		0.75695
368.7		0.75695
368.8		0.75695
368.9		0.75695
369		0.75695
369.1		0.75788
369.2		0.75788
369.3		0.75788
369.4		0.75788
369.5		0.75788
369.6		0.75788
369.7		0.75788
369.8		0.75788
369.9		0.75788
370		0.75788
370.1		0.762162
370.2		0.762162
370.3		0.762162
370.4		0.762162
370.5		0.762162
370.6		0.762162
370.7		0.762162
370.8		0.762162
370.9		0.762162
371		0.762162
371.1		0.762472
371.2		0.762472
371.3		0.762472
371.4		0.762472
371.5		0.762472
371.6		0.762472
371.7		0.762472
371.8		0.762472
371.9		0.762472
372		0.762472
372.1		0.764023
372.2		0.764023
372.3		0.764023
372.4		0.764023
372.5		0.764023
372.6		0.764023
372.7		0.764023
372.8		0.764023
372.9		0.764023
373		0.764023
373.1		0.767622
373.2		0.767622
373.3		0.767622
373.4		0.767622
373.5		0.767622
373.6		0.767622
373.7		0.767622
373.8		0.767622
373.9		0.767622
374		0.767622
374.1		0.77271
374.2		0.77271
374.3		0.77271
374.4		0.77271
374.5		0.77271
374.6		0.77271
374.7		0.77271
374.8		0.77271
374.9		0.77271
375		0.77271
375.1		0.773455
375.2		0.773455
375.3		0.773455
375.4		0.773455
375.5		0.773455
375.6		0.773455
375.7		0.773455
375.8		0.773455
375.9		0.773455
376		0.773455
376.1		0.774696
376.2		0.774696
376.3		0.774696
376.4		0.774696
376.5		0.774696
376.6		0.774696
376.7		0.774696
376.8		0.774696
376.9		0.774696
377		0.774696
377.1		0.77724
377.2		0.77724
377.3		0.77724
377.4		0.77724
377.5		0.77724
377.6		0.77724
377.7		0.77724
377.8		0.77724
377.9		0.77724
378		0.77724
378.1		0.780467
378.2		0.780467
378.3		0.780467
378.4		0.780467
378.5		0.780467
378.6		0.780467
378.7		0.780467
378.8		0.780467
378.9		0.780467
379		0.780467
379.1		0.782204
379.2		0.782204
379.3		0.782204
379.4		0.782204
379.5		0.782204
379.6		0.782204
379.7		0.782204
379.8		0.782204
379.9		0.782204
380		0.782204
380.1		0.785244
380.2		0.785244
380.3		0.785244
380.4		0.785244
380.5		0.785244
380.6		0.785244
380.7		0.785244
380.8		0.785244
380.9		0.785244
381		0.785244
381.1		0.785679
381.2		0.785679
381.3		0.785679
381.4		0.785679
381.5		0.785679
381.6		0.785679
381.7		0.785679
381.8		0.785679
381.9		0.785679
382		0.785679
382.1		0.787354
382.2		0.787354
382.3		0.787354
382.4		0.787354
382.5		0.787354
382.6		0.787354
382.7		0.787354
382.8		0.787354
382.9		0.787354
383		0.787354
383.1		0.790891
383.2		0.790891
383.3		0.790891
383.4		0.790891
383.5		0.790891
383.6		0.790891
383.7		0.790891
383.8		0.790891
383.9		0.790891
384		0.790891
384.1		0.791574
384.2		0.791574
384.3		0.791574
384.4		0.791574
384.5		0.791574
384.6		0.791574
384.7		0.791574
384.8		0.791574
384.9		0.791574
385		0.791574
385.1		0.7966
385.2		0.7966
385.3		0.7966
385.4		0.7966
385.5		0.7966
385.6		0.7966
385.7		0.7966
385.8		0.7966
385.9		0.7966
386		0.7966
386.1		0.79753
386.2		0.79753
386.3		0.79753
386.4		0.79753
386.5		0.79753
386.6		0.79753
386.7		0.79753
386.8		0.79753
386.9		0.79753
387		0.79753
387.1		0.799888
387.2		0.799888
387.3		0.799888
387.4		0.799888
387.5		0.799888
387.6		0.799888
387.7		0.799888
387.8		0.799888
387.9		0.799888
388		0.799888
388.1		0.801253
388.2		0.801253
388.3		0.801253
388.4		0.801253
388.5		0.801253
388.6		0.801253
388.7		0.801253
388.8		0.801253
388.9		0.801253
389		0.801253
389.1		0.801564
389.2		0.801564
389.3		0.801564
389.4		0.801564
389.5		0.801564
389.6		0.801564
389.7		0.801564
389.8		0.801564
389.9		0.801564
390		0.801564
390.1		0.802929
390.2		0.802929
390.3		0.802929
390.4		0.802929
390.5		0.802929
390.6		0.802929
390.7		0.802929
390.8		0.802929
390.9		0.802929
391		0.802929
391.1		0.808513
391.2		0.808513
391.3		0.808513
391.4		0.808513
391.5		0.808513
391.6		0.808513
391.7		0.808513
391.8		0.808513
391.9		0.808513
392		0.808513
392.1		0.811057
392.2		0.811057
392.3		0.811057
392.4		0.811057
392.5		0.811057
392.6		0.811057
392.7		0.811057
392.8		0.811057
392.9		0.811057
393		0.811057
393.1		0.811368
393.2		0.811368
393.3		0.811368
393.4		0.811368
393.5		0.811368
393.6		0.811368
393.7		0.811368
393.8		0.811368
393.9		0.811368
394		0.811368
394.1		0.811554
394.2		0.811554
394.3		0.811554
394.4		0.811554
394.5		0.811554
394.6		0.811554
394.7		0.811554
394.8		0.811554
394.9		0.811554
395		0.811554
395.1		0.812547
395.2		0.812547
395.3		0.812547
395.4		0.812547
395.5		0.812547
395.6		0.812547
395.7		0.812547
395.8		0.812547
395.9		0.812547
396		0.812547
396.1		0.817945
396.2		0.817945
396.3		0.817945
396.4		0.817945
396.5		0.817945
396.6		0.817945
396.7		0.817945
396.8		0.817945
396.9		0.817945
397		0.817945
397.1		0.819931
397.2		0.819931
397.3		0.819931
397.4		0.819931
397.5		0.819931
397.6		0.819931
397.7		0.819931
397.8		0.819931
397.9		0.819931
398		0.819931
398.1		0.822723
398.2		0.822723
398.3		0.822723
398.4		0.822723
398.5		0.822723
398.6		0.822723
398.7		0.822723
398.8		0.822723
398.9		0.822723
399		0.822723
399.1		0.823095
399.2		0.823095
399.3		0.823095
399.4		0.823095
399.5		0.823095
399.6		0.823095
399.7		0.823095
399.8		0.823095
399.9		0.823095
400		0.823095
400.1		0.826446
400.2		0.826446
400.3		0.826446
400.4		0.826446
400.5		0.826446
400.6		0.826446
400.7		0.826446
400.8		0.826446
400.9		0.826446
401		0.826446
401.1		0.827377
401.2		0.827377
401.3		0.827377
401.4		0.827377
401.5		0.827377
401.6		0.827377
401.7		0.827377
401.8		0.827377
401.9		0.827377
402		0.827377
402.1		0.82899
402.2		0.82899
402.3		0.82899
402.4		0.82899
402.5		0.82899
402.6		0.82899
402.7		0.82899
402.8		0.82899
402.9		0.82899
403		0.82899
403.1		0.831844
403.2		0.831844
403.3		0.831844
403.4		0.831844
403.5		0.831844
403.6		0.831844
403.7		0.831844
403.8		0.831844
403.9		0.831844
404		0.831844
404.1		0.835381
404.2		0.835381
404.3		0.835381
404.4		0.835381
404.5		0.835381
404.6		0.835381
404.7		0.835381
404.8		0.835381
404.9		0.835381
405		0.835381
405.1		0.837056
405.2		0.837056
405.3		0.837056
405.4		0.837056
405.5		0.837056
405.6		0.837056
405.7		0.837056
405.8		0.837056
405.9		0.837056
406		0.837056
406.1		0.838732
406.2		0.838732
406.3		0.838732
406.4		0.838732
406.5		0.838732
406.6		0.838732
406.7		0.838732
406.8		0.838732
406.9		0.838732
407		0.838732
407.1		0.840531
407.2		0.840531
407.3		0.840531
407.4		0.840531
407.5		0.840531
407.6		0.840531
407.7		0.840531
407.8		0.840531
407.9		0.840531
408		0.840531
408.1		0.843882
408.2		0.843882
408.3		0.843882
408.4		0.843882
408.5		0.843882
408.6		0.843882
408.7		0.843882
408.8		0.843882
408.9		0.843882
409		0.843882
409.1		0.845495
409.2		0.845495
409.3		0.845495
409.4		0.845495
409.5		0.845495
409.6		0.845495
409.7		0.845495
409.8		0.845495
409.9		0.845495
410		0.845495
410.1		0.845743
410.2		0.845743
410.3		0.845743
410.4		0.845743
410.5		0.845743
410.6		0.845743
410.7		0.845743
410.8		0.845743
410.9		0.845743
411		0.845743
411.1		0.850087
411.2		0.850087
411.3		0.850087
411.4		0.850087
411.5		0.850087
411.6		0.850087
411.7		0.850087
411.8		0.850087
411.9		0.850087
412		0.850087
412.1		0.850645
412.2		0.850645
412.3		0.850645
412.4		0.850645
412.5		0.850645
412.6		0.850645
412.7		0.850645
412.8		0.850645
412.9		0.850645
413		0.850645
413.1		0.8535
413.2		0.8535
413.3		0.8535
413.4		0.8535
413.5		0.8535
413.6		0.8535
413.7		0.8535
413.8		0.8535
413.9		0.8535
414		0.8535
414.1		0.853872
414.2		0.853872
414.3		0.853872
414.4		0.853872
414.5		0.853872
414.6		0.853872
414.7		0.853872
414.8		0.853872
414.9		0.853872
415		0.853872
415.1		0.856106
415.2		0.856106
415.3		0.856106
415.4		0.856106
415.5		0.856106
415.6		0.856106
415.7		0.856106
415.8		0.856106
415.9		0.856106
416		0.856106
416.1		0.857967
416.2		0.857967
416.3		0.857967
416.4		0.857967
416.5		0.857967
416.6		0.857967
416.7		0.857967
416.8		0.857967
416.9		0.857967
417		0.857967
417.1		0.861504
417.2		0.861504
417.3		0.861504
417.4		0.861504
417.5		0.861504
417.6		0.861504
417.7		0.861504
417.8		0.861504
417.9		0.861504
418		0.861504
418.1		0.864358
418.2		0.864358
418.3		0.864358
418.4		0.864358
418.5		0.864358
418.6		0.864358
418.7		0.864358
418.8		0.864358
418.9		0.864358
419		0.864358
419.1		0.865227
419.2		0.865227
419.3		0.865227
419.4		0.865227
419.5		0.865227
419.6		0.865227
419.7		0.865227
419.8		0.865227
419.9		0.865227
420		0.865227
420.1		0.866406
420.2		0.866406
420.3		0.866406
420.4		0.866406
420.5		0.866406
420.6		0.866406
420.7		0.866406
420.8		0.866406
420.9		0.866406
421		0.866406
421.1		0.867461
421.2		0.867461
421.3		0.867461
421.4		0.867461
421.5		0.867461
421.6		0.867461
421.7		0.867461
421.8		0.867461
421.9		0.867461
422		0.867461
422.1		0.869757
422.2		0.869757
422.3		0.869757
422.4		0.869757
422.5		0.869757
422.6		0.869757
422.7		0.869757
422.8		0.869757
422.9		0.869757
423		0.869757
423.1		0.87106
423.2		0.87106
423.3		0.87106
423.4		0.87106
423.5		0.87106
423.6		0.87106
423.7		0.87106
423.8		0.87106
423.9		0.87106
424		0.87106
424.1		0.873418
424.2		0.873418
424.3		0.873418
424.4		0.873418
424.5		0.873418
424.6		0.873418
424.7		0.873418
424.8		0.873418
424.9		0.873418
425		0.873418
425.1		0.874038
425.2		0.874038
425.3		0.874038
425.4		0.874038
425.5		0.874038
425.6		0.874038
425.7		0.874038
425.8		0.874038
425.9		0.874038
426		0.874038
426.1		0.880057
426.2		0.880057
426.3		0.880057
426.4		0.880057
426.5		0.880057
426.6		0.880057
426.7		0.880057
426.8		0.880057
426.9		0.880057
427		0.880057
427.1		0.880243
427.2		0.880243
427.3		0.880243
427.4		0.880243
427.5		0.880243
427.6		0.880243
427.7		0.880243
427.8		0.880243
427.9		0.880243
428		0.880243
428.1		0.880553
428.2		0.880553
428.3		0.880553
428.4		0.880553
428.5		0.880553
428.6		0.880553
428.7		0.880553
428.8		0.880553
428.9		0.880553
429		0.880553
429.1		0.880988
429.2		0.880988
429.3		0.880988
429.4		0.880988
429.5		0.880988
429.6		0.880988
429.7		0.880988
429.8		0.880988
429.9		0.880988
430		0.880988
430.1		0.888
430.2		0.888
430.3		0.888
430.4		0.888
430.5		0.888
430.6		0.888
430.7		0.888
430.8		0.888
430.9		0.888
431		0.888
431.1		0.888496
431.2		0.888496
431.3		0.888496
431.4		0.888496
431.5		0.888496
431.6		0.888496
431.7		0.888496
431.8		0.888496
431.9		0.888496
432		0.888496
432.1		0.889675
432.2		0.889675
432.3		0.889675
432.4		0.889675
432.5		0.889675
432.6		0.889675
432.7		0.889675
432.8		0.889675
432.9		0.889675
433		0.889675
433.1		0.890357
433.2		0.890357
433.3		0.890357
433.4		0.890357
433.5		0.890357
433.6		0.890357
433.7		0.890357
433.8		0.890357
433.9		0.890357
434		0.890357
434.1		0.895383
434.2		0.895383
434.3		0.895383
434.4		0.895383
434.5		0.895383
434.6		0.895383
434.7		0.895383
434.8		0.895383
434.9		0.895383
435		0.895383
435.1		0.895942
435.2		0.895942
435.3		0.895942
435.4		0.895942
435.5		0.895942
435.6		0.895942
435.7		0.895942
435.8		0.895942
435.9		0.895942
436		0.895942
436.1		0.89799
436.2		0.89799
436.3		0.89799
436.4		0.89799
436.5		0.89799
436.6		0.89799
436.7		0.89799
436.8		0.89799
436.9		0.89799
437		0.89799
437.1		0.898486
437.2		0.898486
437.3		0.898486
437.4		0.898486
437.5		0.898486
437.6		0.898486
437.7		0.898486
437.8		0.898486
437.9		0.898486
438		0.898486
438.1		0.90376
438.2		0.90376
438.3		0.90376
438.4		0.90376
438.5		0.90376
438.6		0.90376
438.7		0.90376
438.8		0.90376
438.9		0.90376
439		0.90376
439.1		0.90587
439.2		0.90587
439.3		0.90587
439.4		0.90587
439.5		0.90587
439.6		0.90587
439.7		0.90587
439.8		0.90587
439.9		0.90587
440		0.90587
440.1		0.906118
440.2		0.906118
440.3		0.906118
440.4		0.906118
440.5		0.906118
440.6		0.906118
440.7		0.906118
440.8		0.906118
440.9		0.906118
441		0.906118
441.1		0.906615
441.2		0.906615
441.3		0.906615
441.4		0.906615
441.5		0.906615
441.6		0.906615
441.7		0.906615
441.8		0.906615
441.9		0.906615
442		0.906615
442.1		0.912695
442.2		0.912695
442.3		0.912695
442.4		0.912695
442.5		0.912695
442.6		0.912695
442.7		0.912695
442.8		0.912695
442.9		0.912695
443		0.912695
443.1		0.913068
443.2		0.913068
443.3		0.913068
443.4		0.913068
443.5		0.913068
443.6		0.913068
443.7		0.913068
443.8		0.913068
443.9		0.913068
444		0.913068
444.1		0.914805
444.2		0.914805
444.3		0.914805
444.4		0.914805
444.5		0.914805
444.6		0.914805
444.7		0.914805
444.8		0.914805
444.9		0.914805
445		0.914805
445.1		0.915984
445.2		0.915984
445.3		0.915984
445.4		0.915984
445.5		0.915984
445.6		0.915984
445.7		0.915984
445.8		0.915984
445.9		0.915984
446		0.915984
446.1		0.916791
446.2		0.916791
446.3		0.916791
446.4		0.916791
446.5		0.916791
446.6		0.916791
446.7		0.916791
446.8		0.916791
446.9		0.916791
447		0.916791
447.1		0.920886
447.2		0.920886
447.3		0.920886
447.4		0.920886
447.5		0.920886
447.6		0.920886
447.7		0.920886
447.8		0.920886
447.9		0.920886
448		0.920886
448.1		0.922686
448.2		0.922686
448.3		0.922686
448.4		0.922686
448.5		0.922686
448.6		0.922686
448.7		0.922686
448.8		0.922686
448.9		0.922686
449		0.922686
449.1		0.92312
449.2		0.92312
449.3		0.92312
449.4		0.92312
449.5		0.92312
449.6		0.92312
449.7		0.92312
449.8		0.92312
449.9		0.92312
450		0.92312
450.1		0.925974
450.2		0.925974
450.3		0.925974
450.4		0.925974
450.5		0.925974
450.6		0.925974
450.7		0.925974
450.8		0.925974
450.9		0.925974
451		0.925974
451.1		0.927525
451.2		0.927525
451.3		0.927525
451.4		0.927525
451.5		0.927525
451.6		0.927525
451.7		0.927525
451.8		0.927525
451.9		0.927525
452		0.927525
452.1		0.929635
452.2		0.929635
452.3		0.929635
452.4		0.929635
452.5		0.929635
452.6		0.929635
452.7		0.929635
452.8		0.929635
452.9		0.929635
453		0.929635
453.1		0.932241
453.2		0.932241
453.3		0.932241
453.4		0.932241
453.5		0.932241
453.6		0.932241
453.7		0.932241
453.8		0.932241
453.9		0.932241
454		0.932241
454.1		0.93522
454.2		0.93522
454.3		0.93522
454.4		0.93522
454.5		0.93522
454.6		0.93522
454.7		0.93522
454.8		0.93522
454.9		0.93522
455		0.93522
455.1		0.94006
455.2		0.94006
455.3		0.94006
455.4		0.94006
455.5		0.94006
455.6		0.94006
455.7		0.94006
455.8		0.94006
455.9		0.94006
456		0.94006
456.1		0.941735
456.2		0.941735
456.3		0.941735
456.4		0.941735
456.5		0.941735
456.6		0.941735
456.7		0.941735
456.8		0.941735
456.9		0.941735
457		0.941735
457.1		0.9431
457.2		0.9431
457.3		0.9431
457.4		0.9431
457.5		0.9431
457.6		0.9431
457.7		0.9431
457.8		0.9431
457.9		0.9431
458		0.9431
458.1		0.946637
458.2		0.946637
458.3		0.946637
458.4		0.946637
458.5		0.946637
458.6		0.946637
458.7		0.946637
458.8		0.946637
458.9		0.946637
459		0.946637
459.1		0.948933
459.2		0.948933
459.3		0.948933
459.4		0.948933
459.5		0.948933
459.6		0.948933
459.7		0.948933
459.8		0.948933
459.9		0.948933
460		0.948933
460.1		0.950918
460.2		0.950918
460.3		0.950918
460.4		0.950918
460.5		0.950918
460.6		0.950918
460.7		0.950918
460.8		0.950918
460.9		0.950918
461		0.950918
461.1		0.951725
461.2		0.951725
461.3		0.951725
461.4		0.951725
461.5		0.951725
461.6		0.951725
461.7		0.951725
461.8		0.951725
461.9		0.951725
462		0.951725
462.1		0.952159
462.2		0.952159
462.3		0.952159
462.4		0.952159
462.5		0.952159
462.6		0.952159
462.7		0.952159
462.8		0.952159
462.9		0.952159
463		0.952159
463.1		0.9552
463.2		0.9552
463.3		0.9552
463.4		0.9552
463.5		0.9552
463.6		0.9552
463.7		0.9552
463.8		0.9552
463.9		0.9552
464		0.9552
464.1		0.960102
464.2		0.960102
464.3		0.960102
464.4		0.960102
464.5		0.960102
464.6		0.960102
464.7		0.960102
464.8		0.960102
464.9		0.960102
465		0.960102
465.1		0.96035
465.2		0.96035
465.3		0.96035
465.4		0.96035
465.5		0.96035
465.6		0.96035
465.7		0.96035
465.8		0.96035
465.9		0.96035
466		0.96035
466.1		0.961281
466.2		0.961281
466.3		0.961281
466.4		0.961281
466.5		0.961281
466.6		0.961281
466.7		0.961281
466.8		0.961281
466.9		0.961281
467		0.961281
467.1		0.961653
467.2		0.961653
467.3		0.961653
467.4		0.961653
467.5		0.961653
467.6		0.961653
467.7		0.961653
467.8		0.961653
467.9		0.961653
468		0.961653
468.1		0.967734
468.2		0.967734
468.3		0.967734
468.4		0.967734
468.5		0.967734
468.6		0.967734
468.7		0.967734
468.8		0.967734
468.9		0.967734
469		0.967734
469.1		0.968603
469.2		0.968603
469.3		0.968603
469.4		0.968603
469.5		0.968603
469.6		0.968603
469.7		0.968603
469.8		0.968603
469.9		0.968603
470		0.968603
470.1		0.969409
470.2		0.969409
470.3		0.969409
470.4		0.969409
470.5		0.969409
470.6		0.969409
470.7		0.969409
470.8		0.969409
470.9		0.969409
471		0.969409
471.1		0.970092
471.2		0.970092
471.3		0.970092
471.4		0.970092
471.5		0.970092
471.6		0.970092
471.7		0.970092
471.8		0.970092
471.9		0.970092
472		0.970092
472.1		0.97487
472.2		0.97487
472.3		0.97487
472.4		0.97487
472.5		0.97487
472.6		0.97487
472.7		0.97487
472.8		0.97487
472.9		0.97487
473		0.97487
473.1		0.975614
473.2		0.975614
473.3		0.975614
473.4		0.975614
473.5		0.975614
473.6		0.975614
473.7		0.975614
473.8		0.975614
473.9		0.975614
474		0.975614
474.1		0.98033
474.2		0.98033
474.3		0.98033
474.4		0.98033
474.5		0.98033
474.6		0.98033
474.7		0.98033
474.8		0.98033
474.9		0.98033
475		0.98033
475.1		0.981323
475.2		0.981323
475.3		0.981323
475.4		0.981323
475.5		0.981323
475.6		0.981323
475.7		0.981323
475.8		0.981323
475.9		0.981323
476		0.981323
476.1		0.983991
476.2		0.983991
476.3		0.983991
476.4		0.983991
476.5		0.983991
476.6		0.983991
476.7		0.983991
476.8		0.983991
476.9		0.983991
477		0.983991
477.1		0.984922
477.2		0.984922
477.3		0.984922
477.4		0.984922
477.5		0.984922
477.6		0.984922
477.7		0.984922
477.8		0.984922
477.9		0.984922
478		0.984922
478.1		0.985542
478.2		0.985542
478.3		0.985542
478.4		0.985542
478.5		0.985542
478.6		0.985542
478.7		0.985542
478.8		0.985542
478.9		0.985542
479		0.985542
479.1		0.987094
479.2		0.987094
479.3		0.987094
479.4		0.987094
479.5		0.987094
479.6		0.987094
479.7		0.987094
479.8		0.987094
479.9		0.987094
480		0.987094
480.1		0.991499
480.2		0.991499
480.3		0.991499
480.4		0.991499
480.5		0.991499
480.6		0.991499
480.7		0.991499
480.8		0.991499
480.9		0.991499
481		0.991499
481.1		0.994105
481.2		0.994105
481.3		0.994105
481.4		0.994105
481.5		0.994105
481.6		0.994105
481.7		0.994105
481.8		0.994105
481.9		0.994105
482		0.994105
482.1		0.99454
482.2		0.99454
482.3		0.99454
482.4		0.99454
482.5		0.99454
482.6		0.99454
482.7		0.99454
482.8		0.99454
482.9		0.99454
483		0.99454
483.1		0.995222
483.2		0.995222
483.3		0.995222
483.4		0.995222
483.5		0.995222
483.6		0.995222
483.7		0.995222
483.8		0.995222
483.9		0.995222
484		0.995222
484.1		0.999131
484.2		0.999131
484.3		0.999131
484.4		0.999131
484.5		0.999131
484.6		0.999131
484.7		0.999131
484.8		0.999131
484.9		0.999131
485		0.999131
485.1		1
485.2		1
485.3		1
485.4		1
485.5		1
485.6		1
485.7		1
485.8		1
485.9		1
486		1
486.1		1
486.2		1
486.3		1
486.4		1
486.5		1
486.6		1
486.7		1
486.8		1
486.9		1
487		1
487.1		1
487.2		1
487.3		1
487.4		1
487.5		1
487.6		1
487.7		1
487.8		1
487.9		1
488		1
488.1		1
488.2		1
488.3		1
488.4		1
488.5		1
488.6		1
488.7		1
488.8		1
488.9		1
489		1
489.1		1
489.2		1
489.3		1
489.4		1
489.5		1
489.6		1
489.7		1
489.8		1
489.9		1
490		1
490.1		1
490.2		1
490.3		1
490.4		1
490.5		1
490.6		1
490.7		1
490.8		1
490.9		1
491		1
491.1		1
491.2		1
491.3		1
491.4		1
491.5		1
491.6		1
491.7		1
491.8		1
491.9		1
492		1
492.1		1
492.2		1
492.3		1
492.4		1
492.5		1
492.6		1
492.7		1
492.8		1
492.9		1
493		1
493.1		1
493.2		1
493.3		1
493.4		1
493.5		1
493.6		1
493.7		1
493.8		1
493.9		1
494		1
494.1		1
494.2		1
494.3		1
494.4		1
494.5		1
494.6		1
494.7		1
494.8		1
494.9		1
495		1
495.1		1
495.2		1
495.3		1
495.4		1
495.5		1
495.6		1
495.7		1
495.8		1
495.9		1
496		1
496.1		1
496.2		1
496.3		1
496.4		1
496.5		1
496.6		1
496.7		1
496.8		1
496.9		1
497		1
497.1		1
497.2		1
497.3		1
497.4		1
497.5		1
497.6		1
497.7		1
497.8		1
497.9		1
498		1
498.1		1
498.2		1
498.3		1
498.4		1
498.5		1
498.6		1
498.7		1
498.8		1
498.9		1
499		1
499.1		1
499.2		1
499.3		1
499.4		1
499.5		1
499.6		1
499.7		1
499.8		1
499.9		1
500		1
500.1		1
500.2		1
500.3		1
500.4		1
500.5		1
500.6		1
500.7		1
500.8		1
500.9		1
501		1
501.1		1
501.2		1
501.3		1
501.4		1
501.5		1
501.6		1
501.7		1
501.8		1
501.9		1
502		1
502.1		1
502.2		1
502.3		1
502.4		1
502.5		1
502.6		1
502.7		1
502.8		1
502.9		1
503		1
503.1		1
503.2		1
503.3		1
503.4		1
503.5		1
503.6		1
503.7		1
503.8		1
503.9		1
504		1
504.1		1
504.2		1
504.3		1
504.4		1
504.5		1
504.6		1
504.7		1
504.8		1
504.9		1
505		1
505.1		1
505.2		1
505.3		1
505.4		1
505.5		1
505.6		1
505.7		1
505.8		1
505.9		1
506		1
506.1		1
506.2		1
506.3		1
506.4		1
506.5		1
506.6		1
506.7		1
506.8		1
506.9		1
507		1
507.1		1
507.2		1
507.3		1
507.4		1
507.5		1
507.6		1
507.7		1
507.8		1
507.9		1
508		1
508.1		1
508.2		1
508.3		1
508.4		1
508.5		1
508.6		1
508.7		1
508.8		1
508.9		1
509		1
509.1		1
509.2		1
509.3		1
509.4		1
509.5		1
509.6		1
509.7		1
509.8		1
509.9		1
510		1
510.1		1
510.2		1
510.3		1
510.4		1
510.5		1
510.6		1
510.7		1
510.8		1
510.9		1
511		1
511.1		1
511.2		1
511.3		1
511.4		1
511.5		1
511.6		1
511.7		1
511.8		1
511.9		1
512		1
512.1		1
512.2		1
512.3		1
512.4		1
512.5		1
512.6		1
512.7		1
512.8		1
512.9		1
513		1
513.1		1
513.2		1
513.3		1
513.4		1
513.5		1
513.6		1
513.7		1
513.8		1
513.9		1
514		1
514.1		1
514.2		1
514.3		1
514.4		1
514.5		1
514.6		1
514.7		1
514.8		1
514.9		1
515		1
515.1		1
515.2		1
515.3		1
515.4		1
515.5		1
515.6		1
515.7		1
515.8		1
515.9		1
516		1
516.1		1
516.2		1
516.3		1
516.4		1
516.5		1
516.6		1
516.7		1
516.8		1
516.9		1
517		1
517.1		1
517.2		1
517.3		1
517.4		1
517.5		1
517.6		1
517.7		1
517.8		1
517.9		1
518		1
518.1		1
518.2		1
518.3		1
518.4		1
518.5		1
518.6		1
518.7		1
518.8		1
518.9		1
519		1
519.1		1
519.2		1
519.3		1
519.4		1
519.5		1
519.6		1
519.7		1
519.8		1
519.9		1
520		1
520.1		1
520.2		1
520.3		1
520.4		1
520.5		1
520.6		1
520.7		1
520.8		1
520.9		1
521		1
521.1		1
521.2		1
521.3		1
521.4		1
521.5		1
521.6		1
521.7		1
521.8		1
521.9		1
522		1
522.1		1
522.2		1
522.3		1
522.4		1
522.5		1
522.6		1
522.7		1
522.8		1
522.9		1
523		1
523.1		1
523.2		1
523.3		1
523.4		1
523.5		1
523.6		1
523.7		1
523.8		1
523.9		1
524		1
524.1		1
524.2		1
524.3		1
524.4		1
524.5		1
524.6		1
524.7		1
524.8		1
524.9		1
525		1
525.1		1
525.2		1
525.3		1
525.4		1
525.5		1
525.6		1
525.7		1
525.8		1
525.9		1
526		1
526.1		1
526.2		1
526.3		1
526.4		1
526.5		1
526.6		1
526.7		1
526.8		1
526.9		1
527		1
527.1		1
527.2		1
527.3		1
527.4		1
527.5		1
527.6		1
527.7		1
527.8		1
527.9		1
528		1
528.1		1
528.2		1
528.3		1
528.4		1
528.5		1
528.6		1
528.7		1
528.8		1
528.9		1
529		1
529.1		1
529.2		1
529.3		1
529.4		1
529.5		1
529.6		1
529.7		1
529.8		1
529.9		1
530		1
530.1		1
530.2		1
530.3		1
530.4		1
530.5		1
530.6		1
530.7		1
530.8		1
530.9		1
531		1
531.1		1
531.2		1
531.3		1
531.4		1
531.5		1
531.6		1
531.7		1
531.8		1
531.9		1
532		1
532.1		1
532.2		1
532.3		1
532.4		1
532.5		1
532.6		1
532.7		1
532.8		1
532.9		1
533		1
533.1		1
533.2		1
533.3		1
533.4		1
533.5		1
533.6		1
533.7		1
533.8		1
533.9		1
534		1
534.1		1
534.2		1
534.3		1
534.4		1
534.5		1
534.6		1
534.7		1
534.8		1
534.9		1
535		1
535.1		1
535.2		1
535.3		1
535.4		1
535.5		1
535.6		1
535.7		1
535.8		1
535.9		1
536		1
536.1		1
536.2		1
536.3		1
536.4		1
536.5		1
536.6		1
536.7		1
536.8		1
536.9		1
537		1
537.1		1
537.2		1
537.3		1
537.4		1
537.5		1
537.6		1
537.7		1
537.8		1
537.9		1
538		1
538.1		1
538.2		1
538.3		1
538.4		1
538.5		1
538.6		1
538.7		1
538.8		1
538.9		1
539		1
539.1		1
539.2		1
539.3		1
539.4		1
539.5		1
539.6		1
539.7		1
539.8		1
539.9		1
540		1
540.1		1
540.2		1
540.3		1
540.4		1
540.5		1
540.6		1
540.7		1
540.8		1
540.9		1
541		1
541.1		1
541.2		1
541.3		1
541.4		1
541.5		1
541.6		1
541.7		1
541.8		1
541.9		1
542		1
542.1		1
542.2		1
542.3		1
542.4		1
542.5		1
542.6		1
542.7		1
542.8		1
542.9		1
543		1
543.1		1
543.2		1
543.3		1
543.4		1
543.5		1
543.6		1
543.7		1
543.8		1
543.9		1
544		1
544.1		1
544.2		1
544.3		1
544.4		1
544.5		1
544.6		1
544.7		1
544.8		1
544.9		1
545		1
545.1		1
545.2		1
545.3		1
545.4		1
545.5		1
545.6		1
545.7		1
545.8		1
545.9		1
546		1
546.1		1
546.2		1
546.3		1
546.4		1
546.5		1
546.6		1
546.7		1
546.8		1
546.9		1
547		1
547.1		1
547.2		1
547.3		1
547.4		1
547.5		1
547.6		1
547.7		1
547.8		1
547.9		1
548		1
548.1		1
548.2		1
548.3		1
548.4		1
548.5		1
548.6		1
548.7		1
548.8		1
548.9		1
549		1
549.1		1
549.2		1
549.3		1
549.4		1
549.5		1
549.6		1
549.7		1
549.8		1
549.9		1
550		1
550.1		1
550.2		1
550.3		1
550.4		1
550.5		1
550.6		1
550.7		1
550.8		1
550.9		1
551		1
551.1		1
551.2		1
551.3		1
551.4		1
551.5		1
551.6		1
551.7		1
551.8		1
551.9		1
552		1
552.1		1
552.2		1
552.3		1
552.4		1
552.5		1
552.6		1
552.7		1
552.8		1
552.9		1
553		1
553.1		1
553.2		1
553.3		1
553.4		1
553.5		1
553.6		1
553.7		1
553.8		1
553.9		1
554		1
554.1		1
554.2		1
554.3		1
554.4		1
554.5		1
554.6		1
554.7		1
554.8		1
554.9		1
555		1
555.1		1
555.2		1
555.3		1
555.4		1
555.5		1
555.6		1
555.7		1
555.8		1
555.9		1
556		1
556.1		1
556.2		1
556.3		1
556.4		1
556.5		1
556.6		1
556.7		1
556.8		1
556.9		1
557		1
557.1		1
557.2		1
557.3		1
557.4		1
557.5		1
557.6		1
557.7		1
557.8		1
557.9		1
558		1
558.1		1
558.2		1
558.3		1
558.4		1
558.5		1
558.6		1
558.7		1
558.8		1
558.9		1
559		1
559.1		1
559.2		1
559.3		1
559.4		1
559.5		1
559.6		1
559.7		1
559.8		1
559.9		1
560		1
560.1		1
560.2		1
560.3		1
560.4		1
560.5		1
560.6		1
560.7		1
560.8		1
560.9		1
561		1
561.1		1
561.2		1
561.3		1
561.4		1
561.5		1
561.6		1
561.7		1
561.8		1
561.9		1
562		1
562.1		1
562.2		1
562.3		1
562.4		1
562.5		1
562.6		1
562.7		1
562.8		1
562.9		1
563		1
563.1		1
563.2		1
563.3		1
563.4		1
563.5		1
563.6		1
563.7		1
563.8		1
563.9		1
564		1
564.1		1
564.2		1
564.3		1
564.4		1
564.5		1
564.6		1
564.7		1
564.8		1
564.9		1
565		1
565.1		1
565.2		1
565.3		1
565.4		1
565.5		1
565.6		1
565.7		1
565.8		1
565.9		1
566		1
566.1		1
566.2		1
566.3		1
566.4		1
566.5		1
566.6		1
566.7		1
566.8		1
566.9		1
567		1
567.1		1
567.2		1
567.3		1
567.4		1
567.5		1
567.6		1
567.7		1
567.8		1
567.9		1
568		1
568.1		1
568.2		1
568.3		1
568.4		1
568.5		1
568.6		1
568.7		1
568.8		1
568.9		1
569		1
569.1		1
569.2		1
569.3		1
569.4		1
569.5		1
569.6		1
569.7		1
569.8		1
569.9		1
570		1
570.1		1
570.2		1
570.3		1
570.4		1
570.5		1
570.6		1
570.7		1
570.8		1
570.9		1
571		1
571.1		1
571.2		1
571.3		1
571.4		1
571.5		1
571.6		1
571.7		1
571.8		1
571.9		1
572		1
572.1		1
572.2		1
572.3		1
572.4		1
572.5		1
572.6		1
572.7		1
572.8		1
572.9		1
573		1
573.1		1
573.2		1
573.3		1
573.4		1
573.5		1
573.6		1
573.7		1
573.8		1
573.9		1
574		1
574.1		1
574.2		1
574.3		1
574.4		1
574.5		1
574.6		1
574.7		1
574.8		1
574.9		1
575		1
575.1		1
575.2		1
575.3		1
575.4		1
575.5		1
575.6		1
575.7		1
575.8		1
575.9		1
576		1
576.1		1
576.2		1
576.3		1
576.4		1
576.5		1
576.6		1
576.7		1
576.8		1
576.9		1
577		1
577.1		1
577.2		1
577.3		1
577.4		1
577.5		1
577.6		1
577.7		1
577.8		1
577.9		1
578		1
578.1		1
578.2		1
578.3		1
578.4		1
578.5		1
578.6		1
578.7		1
578.8		1
578.9		1
579		1
579.1		1
579.2		1
579.3		1
579.4		1
579.5		1
579.6		1
579.7		1
579.8		1
579.9		1
580		1
580.1		1
580.2		1
580.3		1
580.4		1
580.5		1
580.6		1
580.7		1
580.8		1
580.9		1
581		1
581.1		1
581.2		1
581.3		1
581.4		1
581.5		1
581.6		1
581.7		1
581.8		1
581.9		1
582		1
582.1		1
582.2		1
582.3		1
582.4		1
582.5		1
582.6		1
582.7		1
582.8		1
582.9		1
583		1
583.1		1
583.2		1
583.3		1
583.4		1
583.5		1
583.6		1
583.7		1
583.8		1
583.9		1
584		1
584.1		1
584.2		1
584.3		1
584.4		1
584.5		1
584.6		1
584.7		1
584.8		1
584.9		1
585		1
585.1		1
585.2		1
585.3		1
585.4		1
585.5		1
585.6		1
585.7		1
585.8		1
585.9		1
586		1
586.1		1
586.2		1
586.3		1
586.4		1
586.5		1
586.6		1
586.7		1
586.8		1
586.9		1
587		1
587.1		1
587.2		1
587.3		1
587.4		1
587.5		1
587.6		1
587.7		1
587.8		1
587.9		1
588		1
588.1		1
588.2		1
588.3		1
588.4		1
588.5		1
588.6		1
588.7		1
588.8		1
588.9		1
589		1
589.1		1
589.2		1
589.3		1
589.4		1
589.5		1
589.6		1
589.7		1
589.8		1
589.9		1
590		1
590.1		1
590.2		1
590.3		1
590.4		1
590.5		1
590.6		1
590.7		1
590.8		1
590.9		1
591		1
591.1		1
591.2		1
591.3		1
591.4		1
591.5		1
591.6		1
591.7		1
591.8		1
591.9		1
592		1
592.1		1
592.2		1
592.3		1
592.4		1
592.5		1
592.6		1
592.7		1
592.8		1
592.9		1
593		1
593.1		1
593.2		1
593.3		1
593.4		1
593.5		1
593.6		1
593.7		1
593.8		1
593.9		1
594		1
594.1		1
594.2		1
594.3		1
594.4		1
594.5		1
594.6		1
594.7		1
594.8		1
594.9		1
595		1
595.1		1
595.2		1
595.3		1
595.4		1
595.5		1
595.6		1
595.7		1
595.8		1
595.9		1
596		1
596.1		1
596.2		1
596.3		1
596.4		1
596.5		1
596.6		1
596.7		1
596.8		1
596.9		1
597		1
597.1		1
597.2		1
597.3		1
597.4		1
597.5		1
597.6		1
597.7		1
597.8		1
597.9		1
598		1
598.1		1
598.2		1
598.3		1
598.4		1
598.5		1
598.6		1
598.7		1
598.8		1
598.9		1
599		1
599.1		1
599.2		1
599.3		1
599.4		1
599.5		1
599.6		1
599.7		1
599.8		1
599.9		1
600		1
