# Calibration file of tamex_id 1 @ channel 19
# fine_T bin		 Calibration value
0.1		0
0.2		0
0.3		0
0.4		0
0.5		0
0.6		0
0.7		0
0.8		0
0.9		0
1		0
1.1		0
1.2		0
1.3		0
1.4		0
1.5		0
1.6		0
1.7		0
1.8		0
1.9		0
2		0
2.1		0
2.2		0
2.3		0
2.4		0
2.5		0
2.6		0
2.7		0
2.8		0
2.9		0
3		0
3.1		0
3.2		0
3.3		0
3.4		0
3.5		0
3.6		0
3.7		0
3.8		0
3.9		0
4		0
4.1		0
4.2		0
4.3		0
4.4		0
4.5		0
4.6		0
4.7		0
4.8		0
4.9		0
5		0
5.1		0
5.2		0
5.3		0
5.4		0
5.5		0
5.6		0
5.7		0
5.8		0
5.9		0
6		0
6.1		0
6.2		0
6.3		0
6.4		0
6.5		0
6.6		0
6.7		0
6.8		0
6.9		0
7		0
7.1		0
7.2		0
7.3		0
7.4		0
7.5		0
7.6		0
7.7		0
7.8		0
7.9		0
8		0
8.1		0
8.2		0
8.3		0
8.4		0
8.5		0
8.6		0
8.7		0
8.8		0
8.9		0
9		0
9.1		0
9.2		0
9.3		0
9.4		0
9.5		0
9.6		0
9.7		0
9.8		0
9.9		0
10		0
10.1		0
10.2		0
10.3		0
10.4		0
10.5		0
10.6		0
10.7		0
10.8		0
10.9		0
11		0
11.1		0
11.2		0
11.3		0
11.4		0
11.5		0
11.6		0
11.7		0
11.8		0
11.9		0
12		0
12.1		0
12.2		0
12.3		0
12.4		0
12.5		0
12.6		0
12.7		0
12.8		0
12.9		0
13		0
13.1		0
13.2		0
13.3		0
13.4		0
13.5		0
13.6		0
13.7		0
13.8		0
13.9		0
14		0
14.1		0
14.2		0
14.3		0
14.4		0
14.5		0
14.6		0
14.7		0
14.8		0
14.9		0
15		0
15.1		0
15.2		0
15.3		0
15.4		0
15.5		0
15.6		0
15.7		0
15.8		0
15.9		0
16		0
16.1		0.00273598
16.2		0.00273598
16.3		0.00273598
16.4		0.00273598
16.5		0.00273598
16.6		0.00273598
16.7		0.00273598
16.8		0.00273598
16.9		0.00273598
17		0.00273598
17.1		0.0096381
17.2		0.0096381
17.3		0.0096381
17.4		0.0096381
17.5		0.0096381
17.6		0.0096381
17.7		0.0096381
17.8		0.0096381
17.9		0.0096381
18		0.0096381
18.1		0.00982465
18.2		0.00982465
18.3		0.00982465
18.4		0.00982465
18.5		0.00982465
18.6		0.00982465
18.7		0.00982465
18.8		0.00982465
18.9		0.00982465
19		0.00982465
19.1		0.00988683
19.2		0.00988683
19.3		0.00988683
19.4		0.00988683
19.5		0.00988683
19.6		0.00988683
19.7		0.00988683
19.8		0.00988683
19.9		0.00988683
20		0.00988683
20.1		0.0157319
20.2		0.0157319
20.3		0.0157319
20.4		0.0157319
20.5		0.0157319
20.6		0.0157319
20.7		0.0157319
20.8		0.0157319
20.9		0.0157319
21		0.0157319
21.1		0.0169755
21.2		0.0169755
21.3		0.0169755
21.4		0.0169755
21.5		0.0169755
21.6		0.0169755
21.7		0.0169755
21.8		0.0169755
21.9		0.0169755
22		0.0169755
22.1		0.0200846
22.2		0.0200846
22.3		0.0200846
22.4		0.0200846
22.5		0.0200846
22.6		0.0200846
22.7		0.0200846
22.8		0.0200846
22.9		0.0200846
23		0.0200846
23.1		0.0230693
23.2		0.0230693
23.3		0.0230693
23.4		0.0230693
23.5		0.0230693
23.6		0.0230693
23.7		0.0230693
23.8		0.0230693
23.9		0.0230693
24		0.0230693
24.1		0.0247482
24.2		0.0247482
24.3		0.0247482
24.4		0.0247482
24.5		0.0247482
24.6		0.0247482
24.7		0.0247482
24.8		0.0247482
24.9		0.0247482
25		0.0247482
25.1		0.0265514
25.2		0.0265514
25.3		0.0265514
25.4		0.0265514
25.5		0.0265514
25.6		0.0265514
25.7		0.0265514
25.8		0.0265514
25.9		0.0265514
26		0.0265514
26.1		0.0277329
26.2		0.0277329
26.3		0.0277329
26.4		0.0277329
26.5		0.0277329
26.6		0.0277329
26.7		0.0277329
26.8		0.0277329
26.9		0.0277329
27		0.0277329
27.1		0.0283547
27.2		0.0283547
27.3		0.0283547
27.4		0.0283547
27.5		0.0283547
27.6		0.0283547
27.7		0.0283547
27.8		0.0283547
27.9		0.0283547
28		0.0283547
28.1		0.030531
28.2		0.030531
28.3		0.030531
28.4		0.030531
28.5		0.030531
28.6		0.030531
28.7		0.030531
28.8		0.030531
28.9		0.030531
29		0.030531
29.1		0.0338888
29.2		0.0338888
29.3		0.0338888
29.4		0.0338888
29.5		0.0338888
29.6		0.0338888
29.7		0.0338888
29.8		0.0338888
29.9		0.0338888
30		0.0338888
30.1		0.0345728
30.2		0.0345728
30.3		0.0345728
30.4		0.0345728
30.5		0.0345728
30.6		0.0345728
30.7		0.0345728
30.8		0.0345728
30.9		0.0345728
31		0.0345728
31.1		0.0361273
31.2		0.0361273
31.3		0.0361273
31.4		0.0361273
31.5		0.0361273
31.6		0.0361273
31.7		0.0361273
31.8		0.0361273
31.9		0.0361273
32		0.0361273
32.1		0.0369357
32.2		0.0369357
32.3		0.0369357
32.4		0.0369357
32.5		0.0369357
32.6		0.0369357
32.7		0.0369357
32.8		0.0369357
32.9		0.0369357
33		0.0369357
33.1		0.0376819
33.2		0.0376819
33.3		0.0376819
33.4		0.0376819
33.5		0.0376819
33.6		0.0376819
33.7		0.0376819
33.8		0.0376819
33.9		0.0376819
34		0.0376819
34.1		0.0428429
34.2		0.0428429
34.3		0.0428429
34.4		0.0428429
34.5		0.0428429
34.6		0.0428429
34.7		0.0428429
34.8		0.0428429
34.9		0.0428429
35		0.0428429
35.1		0.0429673
35.2		0.0429673
35.3		0.0429673
35.4		0.0429673
35.5		0.0429673
35.6		0.0429673
35.7		0.0429673
35.8		0.0429673
35.9		0.0429673
36		0.0429673
36.1		0.045952
36.2		0.045952
36.3		0.045952
36.4		0.045952
36.5		0.045952
36.6		0.045952
36.7		0.045952
36.8		0.045952
36.9		0.045952
37		0.045952
37.1		0.0477553
37.2		0.0477553
37.3		0.0477553
37.4		0.0477553
37.5		0.0477553
37.6		0.0477553
37.7		0.0477553
37.8		0.0477553
37.9		0.0477553
38		0.0477553
38.1		0.052481
38.2		0.052481
38.3		0.052481
38.4		0.052481
38.5		0.052481
38.6		0.052481
38.7		0.052481
38.8		0.052481
38.9		0.052481
39		0.052481
39.1		0.0526054
39.2		0.0526054
39.3		0.0526054
39.4		0.0526054
39.5		0.0526054
39.6		0.0526054
39.7		0.0526054
39.8		0.0526054
39.9		0.0526054
40		0.0526054
40.1		0.0544708
40.2		0.0544708
40.3		0.0544708
40.4		0.0544708
40.5		0.0544708
40.6		0.0544708
40.7		0.0544708
40.8		0.0544708
40.9		0.0544708
41		0.0544708
41.1		0.0569581
41.2		0.0569581
41.3		0.0569581
41.4		0.0569581
41.5		0.0569581
41.6		0.0569581
41.7		0.0569581
41.8		0.0569581
41.9		0.0569581
42		0.0569581
42.1		0.0583883
42.2		0.0583883
42.3		0.0583883
42.4		0.0583883
42.5		0.0583883
42.6		0.0583883
42.7		0.0583883
42.8		0.0583883
42.9		0.0583883
43		0.0583883
43.1		0.0608133
43.2		0.0608133
43.3		0.0608133
43.4		0.0608133
43.5		0.0608133
43.6		0.0608133
43.7		0.0608133
43.8		0.0608133
43.9		0.0608133
44		0.0608133
44.1		0.0618704
44.2		0.0618704
44.3		0.0618704
44.4		0.0618704
44.5		0.0618704
44.6		0.0618704
44.7		0.0618704
44.8		0.0618704
44.9		0.0618704
45		0.0618704
45.1		0.0628031
45.2		0.0628031
45.3		0.0628031
45.4		0.0628031
45.5		0.0628031
45.6		0.0628031
45.7		0.0628031
45.8		0.0628031
45.9		0.0628031
46		0.0628031
46.1		0.0646064
46.2		0.0646064
46.3		0.0646064
46.4		0.0646064
46.5		0.0646064
46.6		0.0646064
46.7		0.0646064
46.8		0.0646064
46.9		0.0646064
47		0.0646064
47.1		0.0669071
47.2		0.0669071
47.3		0.0669071
47.4		0.0669071
47.5		0.0669071
47.6		0.0669071
47.7		0.0669071
47.8		0.0669071
47.9		0.0669071
48		0.0669071
48.1		0.0682751
48.2		0.0682751
48.3		0.0682751
48.4		0.0682751
48.5		0.0682751
48.6		0.0682751
48.7		0.0682751
48.8		0.0682751
48.9		0.0682751
49		0.0682751
49.1		0.0687725
49.2		0.0687725
49.3		0.0687725
49.4		0.0687725
49.5		0.0687725
49.6		0.0687725
49.7		0.0687725
49.8		0.0687725
49.9		0.0687725
50		0.0687725
50.1		0.0721925
50.2		0.0721925
50.3		0.0721925
50.4		0.0721925
50.5		0.0721925
50.6		0.0721925
50.7		0.0721925
50.8		0.0721925
50.9		0.0721925
51		0.0721925
51.1		0.0730631
51.2		0.0730631
51.3		0.0730631
51.4		0.0730631
51.5		0.0730631
51.6		0.0730631
51.7		0.0730631
51.8		0.0730631
51.9		0.0730631
52		0.0730631
52.1		0.075115
52.2		0.075115
52.3		0.075115
52.4		0.075115
52.5		0.075115
52.6		0.075115
52.7		0.075115
52.8		0.075115
52.9		0.075115
53		0.075115
53.1		0.0773536
53.2		0.0773536
53.3		0.0773536
53.4		0.0773536
53.5		0.0773536
53.6		0.0773536
53.7		0.0773536
53.8		0.0773536
53.9		0.0773536
54		0.0773536
54.1		0.077851
54.2		0.077851
54.3		0.077851
54.4		0.077851
54.5		0.077851
54.6		0.077851
54.7		0.077851
54.8		0.077851
54.9		0.077851
55		0.077851
55.1		0.079219
55.2		0.079219
55.3		0.079219
55.4		0.079219
55.5		0.079219
55.6		0.079219
55.7		0.079219
55.8		0.079219
55.9		0.079219
56		0.079219
56.1		0.0803383
56.2		0.0803383
56.3		0.0803383
56.4		0.0803383
56.5		0.0803383
56.6		0.0803383
56.7		0.0803383
56.8		0.0803383
56.9		0.0803383
57		0.0803383
57.1		0.0830742
57.2		0.0830742
57.3		0.0830742
57.4		0.0830742
57.5		0.0830742
57.6		0.0830742
57.7		0.0830742
57.8		0.0830742
57.9		0.0830742
58		0.0830742
58.1		0.0874891
58.2		0.0874891
58.3		0.0874891
58.4		0.0874891
58.5		0.0874891
58.6		0.0874891
58.7		0.0874891
58.8		0.0874891
58.9		0.0874891
59		0.0874891
59.1		0.0896655
59.2		0.0896655
59.3		0.0896655
59.4		0.0896655
59.5		0.0896655
59.6		0.0896655
59.7		0.0896655
59.8		0.0896655
59.9		0.0896655
60		0.0896655
60.1		0.0907847
60.2		0.0907847
60.3		0.0907847
60.4		0.0907847
60.5		0.0907847
60.6		0.0907847
60.7		0.0907847
60.8		0.0907847
60.9		0.0907847
61		0.0907847
61.1		0.0908469
61.2		0.0908469
61.3		0.0908469
61.4		0.0908469
61.5		0.0908469
61.6		0.0908469
61.7		0.0908469
61.8		0.0908469
61.9		0.0908469
62		0.0908469
62.1		0.0945156
62.2		0.0945156
62.3		0.0945156
62.4		0.0945156
62.5		0.0945156
62.6		0.0945156
62.7		0.0945156
62.8		0.0945156
62.9		0.0945156
63		0.0945156
63.1		0.0973138
63.2		0.0973138
63.3		0.0973138
63.4		0.0973138
63.5		0.0973138
63.6		0.0973138
63.7		0.0973138
63.8		0.0973138
63.9		0.0973138
64		0.0973138
64.1		0.100485
64.2		0.100485
64.3		0.100485
64.4		0.100485
64.5		0.100485
64.6		0.100485
64.7		0.100485
64.8		0.100485
64.9		0.100485
65		0.100485
65.1		0.101045
65.2		0.101045
65.3		0.101045
65.4		0.101045
65.5		0.101045
65.6		0.101045
65.7		0.101045
65.8		0.101045
65.9		0.101045
66		0.101045
66.1		0.103532
66.2		0.103532
66.3		0.103532
66.4		0.103532
66.5		0.103532
66.6		0.103532
66.7		0.103532
66.8		0.103532
66.9		0.103532
67		0.103532
67.1		0.103781
67.2		0.103781
67.3		0.103781
67.4		0.103781
67.5		0.103781
67.6		0.103781
67.7		0.103781
67.8		0.103781
67.9		0.103781
68		0.103781
68.1		0.106081
68.2		0.106081
68.3		0.106081
68.4		0.106081
68.5		0.106081
68.6		0.106081
68.7		0.106081
68.8		0.106081
68.9		0.106081
69		0.106081
69.1		0.107387
69.2		0.107387
69.3		0.107387
69.4		0.107387
69.5		0.107387
69.6		0.107387
69.7		0.107387
69.8		0.107387
69.9		0.107387
70		0.107387
70.1		0.110931
70.2		0.110931
70.3		0.110931
70.4		0.110931
70.5		0.110931
70.6		0.110931
70.7		0.110931
70.8		0.110931
70.9		0.110931
71		0.110931
71.1		0.111615
71.2		0.111615
71.3		0.111615
71.4		0.111615
71.5		0.111615
71.6		0.111615
71.7		0.111615
71.8		0.111615
71.9		0.111615
72		0.111615
72.1		0.115533
72.2		0.115533
72.3		0.115533
72.4		0.115533
72.5		0.115533
72.6		0.115533
72.7		0.115533
72.8		0.115533
72.9		0.115533
73		0.115533
73.1		0.11603
73.2		0.11603
73.3		0.11603
73.4		0.11603
73.5		0.11603
73.6		0.11603
73.7		0.11603
73.8		0.11603
73.9		0.11603
74		0.11603
74.1		0.119139
74.2		0.119139
74.3		0.119139
74.4		0.119139
74.5		0.119139
74.6		0.119139
74.7		0.119139
74.8		0.119139
74.9		0.119139
75		0.119139
75.1		0.119575
75.2		0.119575
75.3		0.119575
75.4		0.119575
75.5		0.119575
75.6		0.119575
75.7		0.119575
75.8		0.119575
75.9		0.119575
76		0.119575
76.1		0.12057
76.2		0.12057
76.3		0.12057
76.4		0.12057
76.5		0.12057
76.6		0.12057
76.7		0.12057
76.8		0.12057
76.9		0.12057
77		0.12057
77.1		0.125233
77.2		0.125233
77.3		0.125233
77.4		0.125233
77.5		0.125233
77.6		0.125233
77.7		0.125233
77.8		0.125233
77.9		0.125233
78		0.125233
78.1		0.126539
78.2		0.126539
78.3		0.126539
78.4		0.126539
78.5		0.126539
78.6		0.126539
78.7		0.126539
78.8		0.126539
78.9		0.126539
79		0.126539
79.1		0.127036
79.2		0.127036
79.3		0.127036
79.4		0.127036
79.5		0.127036
79.6		0.127036
79.7		0.127036
79.8		0.127036
79.9		0.127036
80		0.127036
80.1		0.128591
80.2		0.128591
80.3		0.128591
80.4		0.128591
80.5		0.128591
80.6		0.128591
80.7		0.128591
80.8		0.128591
80.9		0.128591
81		0.128591
81.1		0.131824
81.2		0.131824
81.3		0.131824
81.4		0.131824
81.5		0.131824
81.6		0.131824
81.7		0.131824
81.8		0.131824
81.9		0.131824
82		0.131824
82.1		0.133876
82.2		0.133876
82.3		0.133876
82.4		0.133876
82.5		0.133876
82.6		0.133876
82.7		0.133876
82.8		0.133876
82.9		0.133876
83		0.133876
83.1		0.137234
83.2		0.137234
83.3		0.137234
83.4		0.137234
83.5		0.137234
83.6		0.137234
83.7		0.137234
83.8		0.137234
83.9		0.137234
84		0.137234
84.1		0.139784
84.2		0.139784
84.3		0.139784
84.4		0.139784
84.5		0.139784
84.6		0.139784
84.7		0.139784
84.8		0.139784
84.9		0.139784
85		0.139784
85.1		0.141463
85.2		0.141463
85.3		0.141463
85.4		0.141463
85.5		0.141463
85.6		0.141463
85.7		0.141463
85.8		0.141463
85.9		0.141463
86		0.141463
86.1		0.14252
86.2		0.14252
86.3		0.14252
86.4		0.14252
86.5		0.14252
86.6		0.14252
86.7		0.14252
86.8		0.14252
86.9		0.14252
87		0.14252
87.1		0.143763
87.2		0.143763
87.3		0.143763
87.4		0.143763
87.5		0.143763
87.6		0.143763
87.7		0.143763
87.8		0.143763
87.9		0.143763
88		0.143763
88.1		0.146934
88.2		0.146934
88.3		0.146934
88.4		0.146934
88.5		0.146934
88.6		0.146934
88.7		0.146934
88.8		0.146934
88.9		0.146934
89		0.146934
89.1		0.147867
89.2		0.147867
89.3		0.147867
89.4		0.147867
89.5		0.147867
89.6		0.147867
89.7		0.147867
89.8		0.147867
89.9		0.147867
90		0.147867
90.1		0.151536
90.2		0.151536
90.3		0.151536
90.4		0.151536
90.5		0.151536
90.6		0.151536
90.7		0.151536
90.8		0.151536
90.9		0.151536
91		0.151536
91.1		0.152469
91.2		0.152469
91.3		0.152469
91.4		0.152469
91.5		0.152469
91.6		0.152469
91.7		0.152469
91.8		0.152469
91.9		0.152469
92		0.152469
92.1		0.156697
92.2		0.156697
92.3		0.156697
92.4		0.156697
92.5		0.156697
92.6		0.156697
92.7		0.156697
92.8		0.156697
92.9		0.156697
93		0.156697
93.1		0.157319
93.2		0.157319
93.3		0.157319
93.4		0.157319
93.5		0.157319
93.6		0.157319
93.7		0.157319
93.8		0.157319
93.9		0.157319
94		0.157319
94.1		0.158003
94.2		0.158003
94.3		0.158003
94.4		0.158003
94.5		0.158003
94.6		0.158003
94.7		0.158003
94.8		0.158003
94.9		0.158003
95		0.158003
95.1		0.159246
95.2		0.159246
95.3		0.159246
95.4		0.159246
95.5		0.159246
95.6		0.159246
95.7		0.159246
95.8		0.159246
95.9		0.159246
96		0.159246
96.1		0.162293
96.2		0.162293
96.3		0.162293
96.4		0.162293
96.5		0.162293
96.6		0.162293
96.7		0.162293
96.8		0.162293
96.9		0.162293
97		0.162293
97.1		0.163972
97.2		0.163972
97.3		0.163972
97.4		0.163972
97.5		0.163972
97.6		0.163972
97.7		0.163972
97.8		0.163972
97.9		0.163972
98		0.163972
98.1		0.166584
98.2		0.166584
98.3		0.166584
98.4		0.166584
98.5		0.166584
98.6		0.166584
98.7		0.166584
98.8		0.166584
98.9		0.166584
99		0.166584
99.1		0.169009
99.2		0.169009
99.3		0.169009
99.4		0.169009
99.5		0.169009
99.6		0.169009
99.7		0.169009
99.8		0.169009
99.9		0.169009
100		0.169009
100.1		0.17131
100.2		0.17131
100.3		0.17131
100.4		0.17131
100.5		0.17131
100.6		0.17131
100.7		0.17131
100.8		0.17131
100.9		0.17131
101		0.17131
101.1		0.172615
101.2		0.172615
101.3		0.172615
101.4		0.172615
101.5		0.172615
101.6		0.172615
101.7		0.172615
101.8		0.172615
101.9		0.172615
102		0.172615
102.1		0.175911
102.2		0.175911
102.3		0.175911
102.4		0.175911
102.5		0.175911
102.6		0.175911
102.7		0.175911
102.8		0.175911
102.9		0.175911
103		0.175911
103.1		0.178025
103.2		0.178025
103.3		0.178025
103.4		0.178025
103.5		0.178025
103.6		0.178025
103.7		0.178025
103.8		0.178025
103.9		0.178025
104		0.178025
104.1		0.178336
104.2		0.178336
104.3		0.178336
104.4		0.178336
104.5		0.178336
104.6		0.178336
104.7		0.178336
104.8		0.178336
104.9		0.178336
105		0.178336
105.1		0.18101
105.2		0.18101
105.3		0.18101
105.4		0.18101
105.5		0.18101
105.6		0.18101
105.7		0.18101
105.8		0.18101
105.9		0.18101
106		0.18101
106.1		0.182751
106.2		0.182751
106.3		0.182751
106.4		0.182751
106.5		0.182751
106.6		0.182751
106.7		0.182751
106.8		0.182751
106.9		0.182751
107		0.182751
107.1		0.184119
107.2		0.184119
107.3		0.184119
107.4		0.184119
107.5		0.184119
107.6		0.184119
107.7		0.184119
107.8		0.184119
107.9		0.184119
108		0.184119
108.1		0.184989
108.2		0.184989
108.3		0.184989
108.4		0.184989
108.5		0.184989
108.6		0.184989
108.7		0.184989
108.8		0.184989
108.9		0.184989
109		0.184989
109.1		0.189715
109.2		0.189715
109.3		0.189715
109.4		0.189715
109.5		0.189715
109.6		0.189715
109.7		0.189715
109.8		0.189715
109.9		0.189715
110		0.189715
110.1		0.192265
110.2		0.192265
110.3		0.192265
110.4		0.192265
110.5		0.192265
110.6		0.192265
110.7		0.192265
110.8		0.192265
110.9		0.192265
111		0.192265
111.1		0.192513
111.2		0.192513
111.3		0.192513
111.4		0.192513
111.5		0.192513
111.6		0.192513
111.7		0.192513
111.8		0.192513
111.9		0.192513
112		0.192513
112.1		0.194565
112.2		0.194565
112.3		0.194565
112.4		0.194565
112.5		0.194565
112.6		0.194565
112.7		0.194565
112.8		0.194565
112.9		0.194565
113		0.194565
113.1		0.194876
113.2		0.194876
113.3		0.194876
113.4		0.194876
113.5		0.194876
113.6		0.194876
113.7		0.194876
113.8		0.194876
113.9		0.194876
114		0.194876
114.1		0.201778
114.2		0.201778
114.3		0.201778
114.4		0.201778
114.5		0.201778
114.6		0.201778
114.7		0.201778
114.8		0.201778
114.9		0.201778
115		0.201778
115.1		0.202898
115.2		0.202898
115.3		0.202898
115.4		0.202898
115.5		0.202898
115.6		0.202898
115.7		0.202898
115.8		0.202898
115.9		0.202898
116		0.202898
116.1		0.203893
116.2		0.203893
116.3		0.203893
116.4		0.203893
116.5		0.203893
116.6		0.203893
116.7		0.203893
116.8		0.203893
116.9		0.203893
117		0.203893
117.1		0.205758
117.2		0.205758
117.3		0.205758
117.4		0.205758
117.5		0.205758
117.6		0.205758
117.7		0.205758
117.8		0.205758
117.9		0.205758
118		0.205758
118.1		0.207872
118.2		0.207872
118.3		0.207872
118.4		0.207872
118.5		0.207872
118.6		0.207872
118.7		0.207872
118.8		0.207872
118.9		0.207872
119		0.207872
119.1		0.211665
119.2		0.211665
119.3		0.211665
119.4		0.211665
119.5		0.211665
119.6		0.211665
119.7		0.211665
119.8		0.211665
119.9		0.211665
120		0.211665
120.1		0.212349
120.2		0.212349
120.3		0.212349
120.4		0.212349
120.5		0.212349
120.6		0.212349
120.7		0.212349
120.8		0.212349
120.9		0.212349
121		0.212349
121.1		0.217199
121.2		0.217199
121.3		0.217199
121.4		0.217199
121.5		0.217199
121.6		0.217199
121.7		0.217199
121.8		0.217199
121.9		0.217199
122		0.217199
122.1		0.21863
122.2		0.21863
122.3		0.21863
122.4		0.21863
122.5		0.21863
122.6		0.21863
122.7		0.21863
122.8		0.21863
122.9		0.21863
123		0.21863
123.1		0.221241
123.2		0.221241
123.3		0.221241
123.4		0.221241
123.5		0.221241
123.6		0.221241
123.7		0.221241
123.8		0.221241
123.9		0.221241
124		0.221241
124.1		0.221614
124.2		0.221614
124.3		0.221614
124.4		0.221614
124.5		0.221614
124.6		0.221614
124.7		0.221614
124.8		0.221614
124.9		0.221614
125		0.221614
125.1		0.222733
125.2		0.222733
125.3		0.222733
125.4		0.222733
125.5		0.222733
125.6		0.222733
125.7		0.222733
125.8		0.222733
125.9		0.222733
126		0.222733
126.1		0.227273
126.2		0.227273
126.3		0.227273
126.4		0.227273
126.5		0.227273
126.6		0.227273
126.7		0.227273
126.8		0.227273
126.9		0.227273
127		0.227273
127.1		0.227459
127.2		0.227459
127.3		0.227459
127.4		0.227459
127.5		0.227459
127.6		0.227459
127.7		0.227459
127.8		0.227459
127.9		0.227459
128		0.227459
128.1		0.228081
128.2		0.228081
128.3		0.228081
128.4		0.228081
128.5		0.228081
128.6		0.228081
128.7		0.228081
128.8		0.228081
128.9		0.228081
129		0.228081
129.1		0.230257
129.2		0.230257
129.3		0.230257
129.4		0.230257
129.5		0.230257
129.6		0.230257
129.7		0.230257
129.8		0.230257
129.9		0.230257
130		0.230257
130.1		0.233366
130.2		0.233366
130.3		0.233366
130.4		0.233366
130.5		0.233366
130.6		0.233366
130.7		0.233366
130.8		0.233366
130.9		0.233366
131		0.233366
131.1		0.236351
131.2		0.236351
131.3		0.236351
131.4		0.236351
131.5		0.236351
131.6		0.236351
131.7		0.236351
131.8		0.236351
131.9		0.236351
132		0.236351
132.1		0.2366
132.2		0.2366
132.3		0.2366
132.4		0.2366
132.5		0.2366
132.6		0.2366
132.7		0.2366
132.8		0.2366
132.9		0.2366
133		0.2366
133.1		0.237968
133.2		0.237968
133.3		0.237968
133.4		0.237968
133.5		0.237968
133.6		0.237968
133.7		0.237968
133.8		0.237968
133.9		0.237968
134		0.237968
134.1		0.242321
134.2		0.242321
134.3		0.242321
134.4		0.242321
134.5		0.242321
134.6		0.242321
134.7		0.242321
134.8		0.242321
134.9		0.242321
135		0.242321
135.1		0.244124
135.2		0.244124
135.3		0.244124
135.4		0.244124
135.5		0.244124
135.6		0.244124
135.7		0.244124
135.8		0.244124
135.9		0.244124
136		0.244124
136.1		0.244435
136.2		0.244435
136.3		0.244435
136.4		0.244435
136.5		0.244435
136.6		0.244435
136.7		0.244435
136.8		0.244435
136.9		0.244435
137		0.244435
137.1		0.247046
137.2		0.247046
137.3		0.247046
137.4		0.247046
137.5		0.247046
137.6		0.247046
137.7		0.247046
137.8		0.247046
137.9		0.247046
138		0.247046
138.1		0.250093
138.2		0.250093
138.3		0.250093
138.4		0.250093
138.5		0.250093
138.6		0.250093
138.7		0.250093
138.8		0.250093
138.9		0.250093
139		0.250093
139.1		0.253016
139.2		0.253016
139.3		0.253016
139.4		0.253016
139.5		0.253016
139.6		0.253016
139.7		0.253016
139.8		0.253016
139.9		0.253016
140		0.253016
140.1		0.253078
140.2		0.253078
140.3		0.253078
140.4		0.253078
140.5		0.253078
140.6		0.253078
140.7		0.253078
140.8		0.253078
140.9		0.253078
141		0.253078
141.1		0.254943
141.2		0.254943
141.3		0.254943
141.4		0.254943
141.5		0.254943
141.6		0.254943
141.7		0.254943
141.8		0.254943
141.9		0.254943
142		0.254943
142.1		0.255752
142.2		0.255752
142.3		0.255752
142.4		0.255752
142.5		0.255752
142.6		0.255752
142.7		0.255752
142.8		0.255752
142.9		0.255752
143		0.255752
143.1		0.258861
143.2		0.258861
143.3		0.258861
143.4		0.258861
143.5		0.258861
143.6		0.258861
143.7		0.258861
143.8		0.258861
143.9		0.258861
144		0.258861
144.1		0.261224
144.2		0.261224
144.3		0.261224
144.4		0.261224
144.5		0.261224
144.6		0.261224
144.7		0.261224
144.8		0.261224
144.9		0.261224
145		0.261224
145.1		0.262716
145.2		0.262716
145.3		0.262716
145.4		0.262716
145.5		0.262716
145.6		0.262716
145.7		0.262716
145.8		0.262716
145.9		0.262716
146		0.262716
146.1		0.263773
146.2		0.263773
146.3		0.263773
146.4		0.263773
146.5		0.263773
146.6		0.263773
146.7		0.263773
146.8		0.263773
146.9		0.263773
147		0.263773
147.1		0.264706
147.2		0.264706
147.3		0.264706
147.4		0.264706
147.5		0.264706
147.6		0.264706
147.7		0.264706
147.8		0.264706
147.9		0.264706
148		0.264706
148.1		0.271546
148.2		0.271546
148.3		0.271546
148.4		0.271546
148.5		0.271546
148.6		0.271546
148.7		0.271546
148.8		0.271546
148.9		0.271546
149		0.271546
149.1		0.272105
149.2		0.272105
149.3		0.272105
149.4		0.272105
149.5		0.272105
149.6		0.272105
149.7		0.272105
149.8		0.272105
149.9		0.272105
150		0.272105
150.1		0.275215
150.2		0.275215
150.3		0.275215
150.4		0.275215
150.5		0.275215
150.6		0.275215
150.7		0.275215
150.8		0.275215
150.9		0.275215
151		0.275215
151.1		0.275401
151.2		0.275401
151.3		0.275401
151.4		0.275401
151.5		0.275401
151.6		0.275401
151.7		0.275401
151.8		0.275401
151.9		0.275401
152		0.275401
152.1		0.27907
152.2		0.27907
152.3		0.27907
152.4		0.27907
152.5		0.27907
152.6		0.27907
152.7		0.27907
152.8		0.27907
152.9		0.27907
153		0.27907
153.1		0.281433
153.2		0.281433
153.3		0.281433
153.4		0.281433
153.5		0.281433
153.6		0.281433
153.7		0.281433
153.8		0.281433
153.9		0.281433
154		0.281433
154.1		0.282925
154.2		0.282925
154.3		0.282925
154.4		0.282925
154.5		0.282925
154.6		0.282925
154.7		0.282925
154.8		0.282925
154.9		0.282925
155		0.282925
155.1		0.287091
155.2		0.287091
155.3		0.287091
155.4		0.287091
155.5		0.287091
155.6		0.287091
155.7		0.287091
155.8		0.287091
155.9		0.287091
156		0.287091
156.1		0.287775
156.2		0.287775
156.3		0.287775
156.4		0.287775
156.5		0.287775
156.6		0.287775
156.7		0.287775
156.8		0.287775
156.9		0.287775
157		0.287775
157.1		0.28877
157.2		0.28877
157.3		0.28877
157.4		0.28877
157.5		0.28877
157.6		0.28877
157.7		0.28877
157.8		0.28877
157.9		0.28877
158		0.28877
158.1		0.291817
158.2		0.291817
158.3		0.291817
158.4		0.291817
158.5		0.291817
158.6		0.291817
158.7		0.291817
158.8		0.291817
158.9		0.291817
159		0.291817
159.1		0.292128
159.2		0.292128
159.3		0.292128
159.4		0.292128
159.5		0.292128
159.6		0.292128
159.7		0.292128
159.8		0.292128
159.9		0.292128
160		0.292128
160.1		0.296854
160.2		0.296854
160.3		0.296854
160.4		0.296854
160.5		0.296854
160.6		0.296854
160.7		0.296854
160.8		0.296854
160.9		0.296854
161		0.296854
161.1		0.297102
161.2		0.297102
161.3		0.297102
161.4		0.297102
161.5		0.297102
161.6		0.297102
161.7		0.297102
161.8		0.297102
161.9		0.297102
162		0.297102
162.1		0.299279
162.2		0.299279
162.3		0.299279
162.4		0.299279
162.5		0.299279
162.6		0.299279
162.7		0.299279
162.8		0.299279
162.9		0.299279
163		0.299279
163.1		0.30332
163.2		0.30332
163.3		0.30332
163.4		0.30332
163.5		0.30332
163.6		0.30332
163.7		0.30332
163.8		0.30332
163.9		0.30332
164		0.30332
164.1		0.304191
164.2		0.304191
164.3		0.304191
164.4		0.304191
164.5		0.304191
164.6		0.304191
164.7		0.304191
164.8		0.304191
164.9		0.304191
165		0.304191
165.1		0.306678
165.2		0.306678
165.3		0.306678
165.4		0.306678
165.5		0.306678
165.6		0.306678
165.7		0.306678
165.8		0.306678
165.9		0.306678
166		0.306678
166.1		0.307487
166.2		0.307487
166.3		0.307487
166.4		0.307487
166.5		0.307487
166.6		0.307487
166.7		0.307487
166.8		0.307487
166.9		0.307487
167		0.307487
167.1		0.31016
167.2		0.31016
167.3		0.31016
167.4		0.31016
167.5		0.31016
167.6		0.31016
167.7		0.31016
167.8		0.31016
167.9		0.31016
168		0.31016
168.1		0.311528
168.2		0.311528
168.3		0.311528
168.4		0.311528
168.5		0.311528
168.6		0.311528
168.7		0.311528
168.8		0.311528
168.9		0.311528
169		0.311528
169.1		0.315073
169.2		0.315073
169.3		0.315073
169.4		0.315073
169.5		0.315073
169.6		0.315073
169.7		0.315073
169.8		0.315073
169.9		0.315073
170		0.315073
170.1		0.317684
170.2		0.317684
170.3		0.317684
170.4		0.317684
170.5		0.317684
170.6		0.317684
170.7		0.317684
170.8		0.317684
170.9		0.317684
171		0.317684
171.1		0.318306
171.2		0.318306
171.3		0.318306
171.4		0.318306
171.5		0.318306
171.6		0.318306
171.7		0.318306
171.8		0.318306
171.9		0.318306
172		0.318306
172.1		0.319301
172.2		0.319301
172.3		0.319301
172.4		0.319301
172.5		0.319301
172.6		0.319301
172.7		0.319301
172.8		0.319301
172.9		0.319301
173		0.319301
173.1		0.321167
173.2		0.321167
173.3		0.321167
173.4		0.321167
173.5		0.321167
173.6		0.321167
173.7		0.321167
173.8		0.321167
173.9		0.321167
174		0.321167
174.1		0.323902
174.2		0.323902
174.3		0.323902
174.4		0.323902
174.5		0.323902
174.6		0.323902
174.7		0.323902
174.8		0.323902
174.9		0.323902
175		0.323902
175.1		0.326514
175.2		0.326514
175.3		0.326514
175.4		0.326514
175.5		0.326514
175.6		0.326514
175.7		0.326514
175.8		0.326514
175.9		0.326514
176		0.326514
176.1		0.326638
176.2		0.326638
176.3		0.326638
176.4		0.326638
176.5		0.326638
176.6		0.326638
176.7		0.326638
176.8		0.326638
176.9		0.326638
177		0.326638
177.1		0.326887
177.2		0.326887
177.3		0.326887
177.4		0.326887
177.5		0.326887
177.6		0.326887
177.7		0.326887
177.8		0.326887
177.9		0.326887
178		0.326887
178.1		0.331675
178.2		0.331675
178.3		0.331675
178.4		0.331675
178.5		0.331675
178.6		0.331675
178.7		0.331675
178.8		0.331675
178.9		0.331675
179		0.331675
179.1		0.334722
179.2		0.334722
179.3		0.334722
179.4		0.334722
179.5		0.334722
179.6		0.334722
179.7		0.334722
179.8		0.334722
179.9		0.334722
180		0.334722
180.1		0.335593
180.2		0.335593
180.3		0.335593
180.4		0.335593
180.5		0.335593
180.6		0.335593
180.7		0.335593
180.8		0.335593
180.9		0.335593
181		0.335593
181.1		0.337147
181.2		0.337147
181.3		0.337147
181.4		0.337147
181.5		0.337147
181.6		0.337147
181.7		0.337147
181.8		0.337147
181.9		0.337147
182		0.337147
182.1		0.339697
182.2		0.339697
182.3		0.339697
182.4		0.339697
182.5		0.339697
182.6		0.339697
182.7		0.339697
182.8		0.339697
182.9		0.339697
183		0.339697
183.1		0.341127
183.2		0.341127
183.3		0.341127
183.4		0.341127
183.5		0.341127
183.6		0.341127
183.7		0.341127
183.8		0.341127
183.9		0.341127
184		0.341127
184.1		0.341375
184.2		0.341375
184.3		0.341375
184.4		0.341375
184.5		0.341375
184.6		0.341375
184.7		0.341375
184.8		0.341375
184.9		0.341375
185		0.341375
185.1		0.343552
185.2		0.343552
185.3		0.343552
185.4		0.343552
185.5		0.343552
185.6		0.343552
185.7		0.343552
185.8		0.343552
185.9		0.343552
186		0.343552
186.1		0.346101
186.2		0.346101
186.3		0.346101
186.4		0.346101
186.5		0.346101
186.6		0.346101
186.7		0.346101
186.8		0.346101
186.9		0.346101
187		0.346101
187.1		0.347594
187.2		0.347594
187.3		0.347594
187.4		0.347594
187.5		0.347594
187.6		0.347594
187.7		0.347594
187.8		0.347594
187.9		0.347594
188		0.347594
188.1		0.349583
188.2		0.349583
188.3		0.349583
188.4		0.349583
188.5		0.349583
188.6		0.349583
188.7		0.349583
188.8		0.349583
188.9		0.349583
189		0.349583
189.1		0.350143
189.2		0.350143
189.3		0.350143
189.4		0.350143
189.5		0.350143
189.6		0.350143
189.7		0.350143
189.8		0.350143
189.9		0.350143
190		0.350143
190.1		0.352257
190.2		0.352257
190.3		0.352257
190.4		0.352257
190.5		0.352257
190.6		0.352257
190.7		0.352257
190.8		0.352257
190.9		0.352257
191		0.352257
191.1		0.353874
191.2		0.353874
191.3		0.353874
191.4		0.353874
191.5		0.353874
191.6		0.353874
191.7		0.353874
191.8		0.353874
191.9		0.353874
192		0.353874
192.1		0.355366
192.2		0.355366
192.3		0.355366
192.4		0.355366
192.5		0.355366
192.6		0.355366
192.7		0.355366
192.8		0.355366
192.9		0.355366
193		0.355366
193.1		0.358351
193.2		0.358351
193.3		0.358351
193.4		0.358351
193.5		0.358351
193.6		0.358351
193.7		0.358351
193.8		0.358351
193.9		0.358351
194		0.358351
194.1		0.3609
194.2		0.3609
194.3		0.3609
194.4		0.3609
194.5		0.3609
194.6		0.3609
194.7		0.3609
194.8		0.3609
194.9		0.3609
195		0.3609
195.1		0.36146
195.2		0.36146
195.3		0.36146
195.4		0.36146
195.5		0.36146
195.6		0.36146
195.7		0.36146
195.8		0.36146
195.9		0.36146
196		0.36146
196.1		0.364072
196.2		0.364072
196.3		0.364072
196.4		0.364072
196.5		0.364072
196.6		0.364072
196.7		0.364072
196.8		0.364072
196.9		0.364072
197		0.364072
197.1		0.364818
197.2		0.364818
197.3		0.364818
197.4		0.364818
197.5		0.364818
197.6		0.364818
197.7		0.364818
197.8		0.364818
197.9		0.364818
198		0.364818
198.1		0.367181
198.2		0.367181
198.3		0.367181
198.4		0.367181
198.5		0.367181
198.6		0.367181
198.7		0.367181
198.8		0.367181
198.9		0.367181
199		0.367181
199.1		0.369668
199.2		0.369668
199.3		0.369668
199.4		0.369668
199.5		0.369668
199.6		0.369668
199.7		0.369668
199.8		0.369668
199.9		0.369668
200		0.369668
200.1		0.373088
200.2		0.373088
200.3		0.373088
200.4		0.373088
200.5		0.373088
200.6		0.373088
200.7		0.373088
200.8		0.373088
200.9		0.373088
201		0.373088
201.1		0.373958
201.2		0.373958
201.3		0.373958
201.4		0.373958
201.5		0.373958
201.6		0.373958
201.7		0.373958
201.8		0.373958
201.9		0.373958
202		0.373958
202.1		0.374207
202.2		0.374207
202.3		0.374207
202.4		0.374207
202.5		0.374207
202.6		0.374207
202.7		0.374207
202.8		0.374207
202.9		0.374207
203		0.374207
203.1		0.374394
203.2		0.374394
203.3		0.374394
203.4		0.374394
203.5		0.374394
203.6		0.374394
203.7		0.374394
203.8		0.374394
203.9		0.374394
204		0.374394
204.1		0.382353
204.2		0.382353
204.3		0.382353
204.4		0.382353
204.5		0.382353
204.6		0.382353
204.7		0.382353
204.8		0.382353
204.9		0.382353
205		0.382353
205.1		0.384902
205.2		0.384902
205.3		0.384902
205.4		0.384902
205.5		0.384902
205.6		0.384902
205.7		0.384902
205.8		0.384902
205.9		0.384902
206		0.384902
206.1		0.385649
206.2		0.385649
206.3		0.385649
206.4		0.385649
206.5		0.385649
206.6		0.385649
206.7		0.385649
206.8		0.385649
206.9		0.385649
207		0.385649
207.1		0.386146
207.2		0.386146
207.3		0.386146
207.4		0.386146
207.5		0.386146
207.6		0.386146
207.7		0.386146
207.8		0.386146
207.9		0.386146
208		0.386146
208.1		0.390623
208.2		0.390623
208.3		0.390623
208.4		0.390623
208.5		0.390623
208.6		0.390623
208.7		0.390623
208.8		0.390623
208.9		0.390623
209		0.390623
209.1		0.391742
209.2		0.391742
209.3		0.391742
209.4		0.391742
209.5		0.391742
209.6		0.391742
209.7		0.391742
209.8		0.391742
209.9		0.391742
210		0.391742
210.1		0.392302
210.2		0.392302
210.3		0.392302
210.4		0.392302
210.5		0.392302
210.6		0.392302
210.7		0.392302
210.8		0.392302
210.9		0.392302
211		0.392302
211.1		0.393421
211.2		0.393421
211.3		0.393421
211.4		0.393421
211.5		0.393421
211.6		0.393421
211.7		0.393421
211.8		0.393421
211.9		0.393421
212		0.393421
212.1		0.397525
212.2		0.397525
212.3		0.397525
212.4		0.397525
212.5		0.397525
212.6		0.397525
212.7		0.397525
212.8		0.397525
212.9		0.397525
213		0.397525
213.1		0.398147
213.2		0.398147
213.3		0.398147
213.4		0.398147
213.5		0.398147
213.6		0.398147
213.7		0.398147
213.8		0.398147
213.9		0.398147
214		0.398147
214.1		0.398893
214.2		0.398893
214.3		0.398893
214.4		0.398893
214.5		0.398893
214.6		0.398893
214.7		0.398893
214.8		0.398893
214.9		0.398893
215		0.398893
215.1		0.399702
215.2		0.399702
215.3		0.399702
215.4		0.399702
215.5		0.399702
215.6		0.399702
215.7		0.399702
215.8		0.399702
215.9		0.399702
216		0.399702
216.1		0.405236
216.2		0.405236
216.3		0.405236
216.4		0.405236
216.5		0.405236
216.6		0.405236
216.7		0.405236
216.8		0.405236
216.9		0.405236
217		0.405236
217.1		0.405484
217.2		0.405484
217.3		0.405484
217.4		0.405484
217.5		0.405484
217.6		0.405484
217.7		0.405484
217.8		0.405484
217.9		0.405484
218		0.405484
218.1		0.408407
218.2		0.408407
218.3		0.408407
218.4		0.408407
218.5		0.408407
218.6		0.408407
218.7		0.408407
218.8		0.408407
218.9		0.408407
219		0.408407
219.1		0.408407
219.2		0.408407
219.3		0.408407
219.4		0.408407
219.5		0.408407
219.6		0.408407
219.7		0.408407
219.8		0.408407
219.9		0.408407
220		0.408407
220.1		0.411765
220.2		0.411765
220.3		0.411765
220.4		0.411765
220.5		0.411765
220.6		0.411765
220.7		0.411765
220.8		0.411765
220.9		0.411765
221		0.411765
221.1		0.415682
221.2		0.415682
221.3		0.415682
221.4		0.415682
221.5		0.415682
221.6		0.415682
221.7		0.415682
221.8		0.415682
221.9		0.415682
222		0.415682
222.1		0.415993
222.2		0.415993
222.3		0.415993
222.4		0.415993
222.5		0.415993
222.6		0.415993
222.7		0.415993
222.8		0.415993
222.9		0.415993
223		0.415993
223.1		0.416988
223.2		0.416988
223.3		0.416988
223.4		0.416988
223.5		0.416988
223.6		0.416988
223.7		0.416988
223.8		0.416988
223.9		0.416988
224		0.416988
224.1		0.421527
224.2		0.421527
224.3		0.421527
224.4		0.421527
224.5		0.421527
224.6		0.421527
224.7		0.421527
224.8		0.421527
224.9		0.421527
225		0.421527
225.1		0.422273
225.2		0.422273
225.3		0.422273
225.4		0.422273
225.5		0.422273
225.6		0.422273
225.7		0.422273
225.8		0.422273
225.9		0.422273
226		0.422273
226.1		0.423517
226.2		0.423517
226.3		0.423517
226.4		0.423517
226.5		0.423517
226.6		0.423517
226.7		0.423517
226.8		0.423517
226.9		0.423517
227		0.423517
227.1		0.426626
227.2		0.426626
227.3		0.426626
227.4		0.426626
227.5		0.426626
227.6		0.426626
227.7		0.426626
227.8		0.426626
227.9		0.426626
228		0.426626
228.1		0.426813
228.2		0.426813
228.3		0.426813
228.4		0.426813
228.5		0.426813
228.6		0.426813
228.7		0.426813
228.8		0.426813
228.9		0.426813
229		0.426813
229.1		0.429797
229.2		0.429797
229.3		0.429797
229.4		0.429797
229.5		0.429797
229.6		0.429797
229.7		0.429797
229.8		0.429797
229.9		0.429797
230		0.429797
230.1		0.430979
230.2		0.430979
230.3		0.430979
230.4		0.430979
230.5		0.430979
230.6		0.430979
230.7		0.430979
230.8		0.430979
230.9		0.430979
231		0.430979
231.1		0.432409
231.2		0.432409
231.3		0.432409
231.4		0.432409
231.5		0.432409
231.6		0.432409
231.7		0.432409
231.8		0.432409
231.9		0.432409
232		0.432409
232.1		0.433653
232.2		0.433653
232.3		0.433653
232.4		0.433653
232.5		0.433653
232.6		0.433653
232.7		0.433653
232.8		0.433653
232.9		0.433653
233		0.433653
233.1		0.437135
233.2		0.437135
233.3		0.437135
233.4		0.437135
233.5		0.437135
233.6		0.437135
233.7		0.437135
233.8		0.437135
233.9		0.437135
234		0.437135
234.1		0.439124
234.2		0.439124
234.3		0.439124
234.4		0.439124
234.5		0.439124
234.6		0.439124
234.7		0.439124
234.8		0.439124
234.9		0.439124
235		0.439124
235.1		0.440119
235.2		0.440119
235.3		0.440119
235.4		0.440119
235.5		0.440119
235.6		0.440119
235.7		0.440119
235.8		0.440119
235.9		0.440119
236		0.440119
236.1		0.441052
236.2		0.441052
236.3		0.441052
236.4		0.441052
236.5		0.441052
236.6		0.441052
236.7		0.441052
236.8		0.441052
236.9		0.441052
237		0.441052
237.1		0.443664
237.2		0.443664
237.3		0.443664
237.4		0.443664
237.5		0.443664
237.6		0.443664
237.7		0.443664
237.8		0.443664
237.9		0.443664
238		0.443664
238.1		0.449447
238.2		0.449447
238.3		0.449447
238.4		0.449447
238.5		0.449447
238.6		0.449447
238.7		0.449447
238.8		0.449447
238.9		0.449447
239		0.449447
239.1		0.450504
239.2		0.450504
239.3		0.450504
239.4		0.450504
239.5		0.450504
239.6		0.450504
239.7		0.450504
239.8		0.450504
239.9		0.450504
240		0.450504
240.1		0.450752
240.2		0.450752
240.3		0.450752
240.4		0.450752
240.5		0.450752
240.6		0.450752
240.7		0.450752
240.8		0.450752
240.9		0.450752
241		0.450752
241.1		0.452493
241.2		0.452493
241.3		0.452493
241.4		0.452493
241.5		0.452493
241.6		0.452493
241.7		0.452493
241.8		0.452493
241.9		0.452493
242		0.452493
242.1		0.458836
242.2		0.458836
242.3		0.458836
242.4		0.458836
242.5		0.458836
242.6		0.458836
242.7		0.458836
242.8		0.458836
242.9		0.458836
243		0.458836
243.1		0.459209
243.2		0.459209
243.3		0.459209
243.4		0.459209
243.5		0.459209
243.6		0.459209
243.7		0.459209
243.8		0.459209
243.9		0.459209
244		0.459209
244.1		0.461945
244.2		0.461945
244.3		0.461945
244.4		0.461945
244.5		0.461945
244.6		0.461945
244.7		0.461945
244.8		0.461945
244.9		0.461945
245		0.461945
245.1		0.462132
245.2		0.462132
245.3		0.462132
245.4		0.462132
245.5		0.462132
245.6		0.462132
245.7		0.462132
245.8		0.462132
245.9		0.462132
246		0.462132
246.1		0.464246
246.2		0.464246
246.3		0.464246
246.4		0.464246
246.5		0.464246
246.6		0.464246
246.7		0.464246
246.8		0.464246
246.9		0.464246
247		0.464246
247.1		0.464805
247.2		0.464805
247.3		0.464805
247.4		0.464805
247.5		0.464805
247.6		0.464805
247.7		0.464805
247.8		0.464805
247.9		0.464805
248		0.464805
248.1		0.465552
248.2		0.465552
248.3		0.465552
248.4		0.465552
248.5		0.465552
248.6		0.465552
248.7		0.465552
248.8		0.465552
248.9		0.465552
249		0.465552
249.1		0.466546
249.2		0.466546
249.3		0.466546
249.4		0.466546
249.5		0.466546
249.6		0.466546
249.7		0.466546
249.8		0.466546
249.9		0.466546
250		0.466546
250.1		0.471956
250.2		0.471956
250.3		0.471956
250.4		0.471956
250.5		0.471956
250.6		0.471956
250.7		0.471956
250.8		0.471956
250.9		0.471956
251		0.471956
251.1		0.472578
251.2		0.472578
251.3		0.472578
251.4		0.472578
251.5		0.472578
251.6		0.472578
251.7		0.472578
251.8		0.472578
251.9		0.472578
252		0.472578
252.1		0.475252
252.2		0.475252
252.3		0.475252
252.4		0.475252
252.5		0.475252
252.6		0.475252
252.7		0.475252
252.8		0.475252
252.9		0.475252
253		0.475252
253.1		0.475438
253.2		0.475438
253.3		0.475438
253.4		0.475438
253.5		0.475438
253.6		0.475438
253.7		0.475438
253.8		0.475438
253.9		0.475438
254		0.475438
254.1		0.479915
254.2		0.479915
254.3		0.479915
254.4		0.479915
254.5		0.479915
254.6		0.479915
254.7		0.479915
254.8		0.479915
254.9		0.479915
255		0.479915
255.1		0.4829
255.2		0.4829
255.3		0.4829
255.4		0.4829
255.5		0.4829
255.6		0.4829
255.7		0.4829
255.8		0.4829
255.9		0.4829
256		0.4829
256.1		0.483771
256.2		0.483771
256.3		0.483771
256.4		0.483771
256.5		0.483771
256.6		0.483771
256.7		0.483771
256.8		0.483771
256.9		0.483771
257		0.483771
257.1		0.484392
257.2		0.484392
257.3		0.484392
257.4		0.484392
257.5		0.484392
257.6		0.484392
257.7		0.484392
257.8		0.484392
257.9		0.484392
258		0.484392
258.1		0.486818
258.2		0.486818
258.3		0.486818
258.4		0.486818
258.5		0.486818
258.6		0.486818
258.7		0.486818
258.8		0.486818
258.9		0.486818
259		0.486818
259.1		0.490735
259.2		0.490735
259.3		0.490735
259.4		0.490735
259.5		0.490735
259.6		0.490735
259.7		0.490735
259.8		0.490735
259.9		0.490735
260		0.490735
260.1		0.492538
260.2		0.492538
260.3		0.492538
260.4		0.492538
260.5		0.492538
260.6		0.492538
260.7		0.492538
260.8		0.492538
260.9		0.492538
261		0.492538
261.1		0.493533
261.2		0.493533
261.3		0.493533
261.4		0.493533
261.5		0.493533
261.6		0.493533
261.7		0.493533
261.8		0.493533
261.9		0.493533
262		0.493533
262.1		0.494155
262.2		0.494155
262.3		0.494155
262.4		0.494155
262.5		0.494155
262.6		0.494155
262.7		0.494155
262.8		0.494155
262.9		0.494155
263		0.494155
263.1		0.496953
263.2		0.496953
263.3		0.496953
263.4		0.496953
263.5		0.496953
263.6		0.496953
263.7		0.496953
263.8		0.496953
263.9		0.496953
264		0.496953
264.1		0.502176
264.2		0.502176
264.3		0.502176
264.4		0.502176
264.5		0.502176
264.6		0.502176
264.7		0.502176
264.8		0.502176
264.9		0.502176
265		0.502176
265.1		0.502176
265.2		0.502176
265.3		0.502176
265.4		0.502176
265.5		0.502176
265.6		0.502176
265.7		0.502176
265.8		0.502176
265.9		0.502176
266		0.502176
266.1		0.503544
266.2		0.503544
266.3		0.503544
266.4		0.503544
266.5		0.503544
266.6		0.503544
266.7		0.503544
266.8		0.503544
266.9		0.503544
267		0.503544
267.1		0.503855
267.2		0.503855
267.3		0.503855
267.4		0.503855
267.5		0.503855
267.6		0.503855
267.7		0.503855
267.8		0.503855
267.9		0.503855
268		0.503855
268.1		0.507648
268.2		0.507648
268.3		0.507648
268.4		0.507648
268.5		0.507648
268.6		0.507648
268.7		0.507648
268.8		0.507648
268.9		0.507648
269		0.507648
269.1		0.508084
269.2		0.508084
269.3		0.508084
269.4		0.508084
269.5		0.508084
269.6		0.508084
269.7		0.508084
269.8		0.508084
269.9		0.508084
270		0.508084
270.1		0.509825
270.2		0.509825
270.3		0.509825
270.4		0.509825
270.5		0.509825
270.6		0.509825
270.7		0.509825
270.8		0.509825
270.9		0.509825
271		0.509825
271.1		0.512872
271.2		0.512872
271.3		0.512872
271.4		0.512872
271.5		0.512872
271.6		0.512872
271.7		0.512872
271.8		0.512872
271.9		0.512872
272		0.512872
272.1		0.516229
272.2		0.516229
272.3		0.516229
272.4		0.516229
272.5		0.516229
272.6		0.516229
272.7		0.516229
272.8		0.516229
272.9		0.516229
273		0.516229
273.1		0.517349
273.2		0.517349
273.3		0.517349
273.4		0.517349
273.5		0.517349
273.6		0.517349
273.7		0.517349
273.8		0.517349
273.9		0.517349
274		0.517349
274.1		0.518281
274.2		0.518281
274.3		0.518281
274.4		0.518281
274.5		0.518281
274.6		0.518281
274.7		0.518281
274.8		0.518281
274.9		0.518281
275		0.518281
275.1		0.518654
275.2		0.518654
275.3		0.518654
275.4		0.518654
275.5		0.518654
275.6		0.518654
275.7		0.518654
275.8		0.518654
275.9		0.518654
276		0.518654
276.1		0.523442
276.2		0.523442
276.3		0.523442
276.4		0.523442
276.5		0.523442
276.6		0.523442
276.7		0.523442
276.8		0.523442
276.9		0.523442
277		0.523442
277.1		0.526427
277.2		0.526427
277.3		0.526427
277.4		0.526427
277.5		0.526427
277.6		0.526427
277.7		0.526427
277.8		0.526427
277.9		0.526427
278		0.526427
278.1		0.528106
278.2		0.528106
278.3		0.528106
278.4		0.528106
278.5		0.528106
278.6		0.528106
278.7		0.528106
278.8		0.528106
278.9		0.528106
279		0.528106
279.1		0.530407
279.2		0.530407
279.3		0.530407
279.4		0.530407
279.5		0.530407
279.6		0.530407
279.7		0.530407
279.8		0.530407
279.9		0.530407
280		0.530407
280.1		0.531712
280.2		0.531712
280.3		0.531712
280.4		0.531712
280.5		0.531712
280.6		0.531712
280.7		0.531712
280.8		0.531712
280.9		0.531712
281		0.531712
281.1		0.532023
281.2		0.532023
281.3		0.532023
281.4		0.532023
281.5		0.532023
281.6		0.532023
281.7		0.532023
281.8		0.532023
281.9		0.532023
282		0.532023
282.1		0.533329
282.2		0.533329
282.3		0.533329
282.4		0.533329
282.5		0.533329
282.6		0.533329
282.7		0.533329
282.8		0.533329
282.9		0.533329
283		0.533329
283.1		0.536998
283.2		0.536998
283.3		0.536998
283.4		0.536998
283.5		0.536998
283.6		0.536998
283.7		0.536998
283.8		0.536998
283.9		0.536998
284		0.536998
284.1		0.542159
284.2		0.542159
284.3		0.542159
284.4		0.542159
284.5		0.542159
284.6		0.542159
284.7		0.542159
284.8		0.542159
284.9		0.542159
285		0.542159
285.1		0.543403
285.2		0.543403
285.3		0.543403
285.4		0.543403
285.5		0.543403
285.6		0.543403
285.7		0.543403
285.8		0.543403
285.9		0.543403
286		0.543403
286.1		0.54446
286.2		0.54446
286.3		0.54446
286.4		0.54446
286.5		0.54446
286.6		0.54446
286.7		0.54446
286.8		0.54446
286.9		0.54446
287		0.54446
287.1		0.548812
287.2		0.548812
287.3		0.548812
287.4		0.548812
287.5		0.548812
287.6		0.548812
287.7		0.548812
287.8		0.548812
287.9		0.548812
288		0.548812
288.1		0.552605
288.2		0.552605
288.3		0.552605
288.4		0.552605
288.5		0.552605
288.6		0.552605
288.7		0.552605
288.8		0.552605
288.9		0.552605
289		0.552605
289.1		0.553476
289.2		0.553476
289.3		0.553476
289.4		0.553476
289.5		0.553476
289.6		0.553476
289.7		0.553476
289.8		0.553476
289.9		0.553476
290		0.553476
290.1		0.553787
290.2		0.553787
290.3		0.553787
290.4		0.553787
290.5		0.553787
290.6		0.553787
290.7		0.553787
290.8		0.553787
290.9		0.553787
291		0.553787
291.1		0.55957
291.2		0.55957
291.3		0.55957
291.4		0.55957
291.5		0.55957
291.6		0.55957
291.7		0.55957
291.8		0.55957
291.9		0.55957
292		0.55957
292.1		0.561249
292.2		0.561249
292.3		0.561249
292.4		0.561249
292.5		0.561249
292.6		0.561249
292.7		0.561249
292.8		0.561249
292.9		0.561249
293		0.561249
293.1		0.561249
293.2		0.561249
293.3		0.561249
293.4		0.561249
293.5		0.561249
293.6		0.561249
293.7		0.561249
293.8		0.561249
293.9		0.561249
294		0.561249
294.1		0.561249
294.2		0.561249
294.3		0.561249
294.4		0.561249
294.5		0.561249
294.6		0.561249
294.7		0.561249
294.8		0.561249
294.9		0.561249
295		0.561249
295.1		0.56187
295.2		0.56187
295.3		0.56187
295.4		0.56187
295.5		0.56187
295.6		0.56187
295.7		0.56187
295.8		0.56187
295.9		0.56187
296		0.56187
296.1		0.564295
296.2		0.564295
296.3		0.564295
296.4		0.564295
296.5		0.564295
296.6		0.564295
296.7		0.564295
296.8		0.564295
296.9		0.564295
297		0.564295
297.1		0.566223
297.2		0.566223
297.3		0.566223
297.4		0.566223
297.5		0.566223
297.6		0.566223
297.7		0.566223
297.8		0.566223
297.9		0.566223
298		0.566223
298.1		0.568275
298.2		0.568275
298.3		0.568275
298.4		0.568275
298.5		0.568275
298.6		0.568275
298.7		0.568275
298.8		0.568275
298.9		0.568275
299		0.568275
299.1		0.570265
299.2		0.570265
299.3		0.570265
299.4		0.570265
299.5		0.570265
299.6		0.570265
299.7		0.570265
299.8		0.570265
299.9		0.570265
300		0.570265
300.1		0.571695
300.2		0.571695
300.3		0.571695
300.4		0.571695
300.5		0.571695
300.6		0.571695
300.7		0.571695
300.8		0.571695
300.9		0.571695
301		0.571695
301.1		0.572006
301.2		0.572006
301.3		0.572006
301.4		0.572006
301.5		0.572006
301.6		0.572006
301.7		0.572006
301.8		0.572006
301.9		0.572006
302		0.572006
302.1		0.572193
302.2		0.572193
302.3		0.572193
302.4		0.572193
302.5		0.572193
302.6		0.572193
302.7		0.572193
302.8		0.572193
302.9		0.572193
303		0.572193
303.1		0.573623
303.2		0.573623
303.3		0.573623
303.4		0.573623
303.5		0.573623
303.6		0.573623
303.7		0.573623
303.8		0.573623
303.9		0.573623
304		0.573623
304.1		0.577789
304.2		0.577789
304.3		0.577789
304.4		0.577789
304.5		0.577789
304.6		0.577789
304.7		0.577789
304.8		0.577789
304.9		0.577789
305		0.577789
305.1		0.578224
305.2		0.578224
305.3		0.578224
305.4		0.578224
305.5		0.578224
305.6		0.578224
305.7		0.578224
305.8		0.578224
305.9		0.578224
306		0.578224
306.1		0.579157
306.2		0.579157
306.3		0.579157
306.4		0.579157
306.5		0.579157
306.6		0.579157
306.7		0.579157
306.8		0.579157
306.9		0.579157
307		0.579157
307.1		0.583261
307.2		0.583261
307.3		0.583261
307.4		0.583261
307.5		0.583261
307.6		0.583261
307.7		0.583261
307.8		0.583261
307.9		0.583261
308		0.583261
308.1		0.58724
308.2		0.58724
308.3		0.58724
308.4		0.58724
308.5		0.58724
308.6		0.58724
308.7		0.58724
308.8		0.58724
308.9		0.58724
309		0.58724
309.1		0.588919
309.2		0.588919
309.3		0.588919
309.4		0.588919
309.5		0.588919
309.6		0.588919
309.7		0.588919
309.8		0.588919
309.9		0.588919
310		0.588919
310.1		0.589665
310.2		0.589665
310.3		0.589665
310.4		0.589665
310.5		0.589665
310.6		0.589665
310.7		0.589665
310.8		0.589665
310.9		0.589665
311		0.589665
311.1		0.592153
311.2		0.592153
311.3		0.592153
311.4		0.592153
311.5		0.592153
311.6		0.592153
311.7		0.592153
311.8		0.592153
311.9		0.592153
312		0.592153
312.1		0.59862
312.2		0.59862
312.3		0.59862
312.4		0.59862
312.5		0.59862
312.6		0.59862
312.7		0.59862
312.8		0.59862
312.9		0.59862
313		0.59862
313.1		0.59862
313.2		0.59862
313.3		0.59862
313.4		0.59862
313.5		0.59862
313.6		0.59862
313.7		0.59862
313.8		0.59862
313.9		0.59862
314		0.59862
314.1		0.598744
314.2		0.598744
314.3		0.598744
314.4		0.598744
314.5		0.598744
314.6		0.598744
314.7		0.598744
314.8		0.598744
314.9		0.598744
315		0.598744
315.1		0.600174
315.2		0.600174
315.3		0.600174
315.4		0.600174
315.5		0.600174
315.6		0.600174
315.7		0.600174
315.8		0.600174
315.9		0.600174
316		0.600174
316.1		0.605086
316.2		0.605086
316.3		0.605086
316.4		0.605086
316.5		0.605086
316.6		0.605086
316.7		0.605086
316.8		0.605086
316.9		0.605086
317		0.605086
317.1		0.60546
317.2		0.60546
317.3		0.60546
317.4		0.60546
317.5		0.60546
317.6		0.60546
317.7		0.60546
317.8		0.60546
317.9		0.60546
318		0.60546
318.1		0.608382
318.2		0.608382
318.3		0.608382
318.4		0.608382
318.5		0.608382
318.6		0.608382
318.7		0.608382
318.8		0.608382
318.9		0.608382
319		0.608382
319.1		0.608817
319.2		0.608817
319.3		0.608817
319.4		0.608817
319.5		0.608817
319.6		0.608817
319.7		0.608817
319.8		0.608817
319.9		0.608817
320		0.608817
320.1		0.611864
320.2		0.611864
320.3		0.611864
320.4		0.611864
320.5		0.611864
320.6		0.611864
320.7		0.611864
320.8		0.611864
320.9		0.611864
321		0.611864
321.1		0.613481
321.2		0.613481
321.3		0.613481
321.4		0.613481
321.5		0.613481
321.6		0.613481
321.7		0.613481
321.8		0.613481
321.9		0.613481
322		0.613481
322.1		0.614849
322.2		0.614849
322.3		0.614849
322.4		0.614849
322.5		0.614849
322.6		0.614849
322.7		0.614849
322.8		0.614849
322.9		0.614849
323		0.614849
323.1		0.615098
323.2		0.615098
323.3		0.615098
323.4		0.615098
323.5		0.615098
323.6		0.615098
323.7		0.615098
323.8		0.615098
323.9		0.615098
324		0.615098
324.1		0.619202
324.2		0.619202
324.3		0.619202
324.4		0.619202
324.5		0.619202
324.6		0.619202
324.7		0.619202
324.8		0.619202
324.9		0.619202
325		0.619202
325.1		0.620259
325.2		0.620259
325.3		0.620259
325.4		0.620259
325.5		0.620259
325.6		0.620259
325.7		0.620259
325.8		0.620259
325.9		0.620259
326		0.620259
326.1		0.621316
326.2		0.621316
326.3		0.621316
326.4		0.621316
326.5		0.621316
326.6		0.621316
326.7		0.621316
326.8		0.621316
326.9		0.621316
327		0.621316
327.1		0.621564
327.2		0.621564
327.3		0.621564
327.4		0.621564
327.5		0.621564
327.6		0.621564
327.7		0.621564
327.8		0.621564
327.9		0.621564
328		0.621564
328.1		0.626726
328.2		0.626726
328.3		0.626726
328.4		0.626726
328.5		0.626726
328.6		0.626726
328.7		0.626726
328.8		0.626726
328.9		0.626726
329		0.626726
329.1		0.63027
329.2		0.63027
329.3		0.63027
329.4		0.63027
329.5		0.63027
329.6		0.63027
329.7		0.63027
329.8		0.63027
329.9		0.63027
330		0.63027
330.1		0.631389
330.2		0.631389
330.3		0.631389
330.4		0.631389
330.5		0.631389
330.6		0.631389
330.7		0.631389
330.8		0.631389
330.9		0.631389
331		0.631389
331.1		0.633068
331.2		0.633068
331.3		0.633068
331.4		0.633068
331.5		0.633068
331.6		0.633068
331.7		0.633068
331.8		0.633068
331.9		0.633068
332		0.633068
332.1		0.634809
332.2		0.634809
332.3		0.634809
332.4		0.634809
332.5		0.634809
332.6		0.634809
332.7		0.634809
332.8		0.634809
332.9		0.634809
333		0.634809
333.1		0.637048
333.2		0.637048
333.3		0.637048
333.4		0.637048
333.5		0.637048
333.6		0.637048
333.7		0.637048
333.8		0.637048
333.9		0.637048
334		0.637048
334.1		0.638291
334.2		0.638291
334.3		0.638291
334.4		0.638291
334.5		0.638291
334.6		0.638291
334.7		0.638291
334.8		0.638291
334.9		0.638291
335		0.638291
335.1		0.640468
335.2		0.640468
335.3		0.640468
335.4		0.640468
335.5		0.640468
335.6		0.640468
335.7		0.640468
335.8		0.640468
335.9		0.640468
336		0.640468
336.1		0.643266
336.2		0.643266
336.3		0.643266
336.4		0.643266
336.5		0.643266
336.6		0.643266
336.7		0.643266
336.8		0.643266
336.9		0.643266
337		0.643266
337.1		0.643888
337.2		0.643888
337.3		0.643888
337.4		0.643888
337.5		0.643888
337.6		0.643888
337.7		0.643888
337.8		0.643888
337.9		0.643888
338		0.643888
338.1		0.646064
338.2		0.646064
338.3		0.646064
338.4		0.646064
338.5		0.646064
338.6		0.646064
338.7		0.646064
338.8		0.646064
338.9		0.646064
339		0.646064
339.1		0.648738
339.2		0.648738
339.3		0.648738
339.4		0.648738
339.5		0.648738
339.6		0.648738
339.7		0.648738
339.8		0.648738
339.9		0.648738
340		0.648738
340.1		0.650044
340.2		0.650044
340.3		0.650044
340.4		0.650044
340.5		0.650044
340.6		0.650044
340.7		0.650044
340.8		0.650044
340.9		0.650044
341		0.650044
341.1		0.651722
341.2		0.651722
341.3		0.651722
341.4		0.651722
341.5		0.651722
341.6		0.651722
341.7		0.651722
341.8		0.651722
341.9		0.651722
342		0.651722
342.1		0.654583
342.2		0.654583
342.3		0.654583
342.4		0.654583
342.5		0.654583
342.6		0.654583
342.7		0.654583
342.8		0.654583
342.9		0.654583
343		0.654583
343.1		0.657878
343.2		0.657878
343.3		0.657878
343.4		0.657878
343.5		0.657878
343.6		0.657878
343.7		0.657878
343.8		0.657878
343.9		0.657878
344		0.657878
344.1		0.660677
344.2		0.660677
344.3		0.660677
344.4		0.660677
344.5		0.660677
344.6		0.660677
344.7		0.660677
344.8		0.660677
344.9		0.660677
345		0.660677
345.1		0.664532
345.2		0.664532
345.3		0.664532
345.4		0.664532
345.5		0.664532
345.6		0.664532
345.7		0.664532
345.8		0.664532
345.9		0.664532
346		0.664532
346.1		0.664905
346.2		0.664905
346.3		0.664905
346.4		0.664905
346.5		0.664905
346.6		0.664905
346.7		0.664905
346.8		0.664905
346.9		0.664905
347		0.664905
347.1		0.6682
347.2		0.6682
347.3		0.6682
347.4		0.6682
347.5		0.6682
347.6		0.6682
347.7		0.6682
347.8		0.6682
347.9		0.6682
348		0.6682
348.1		0.671558
348.2		0.671558
348.3		0.671558
348.4		0.671558
348.5		0.671558
348.6		0.671558
348.7		0.671558
348.8		0.671558
348.9		0.671558
349		0.671558
349.1		0.673051
349.2		0.673051
349.3		0.673051
349.4		0.673051
349.5		0.673051
349.6		0.673051
349.7		0.673051
349.8		0.673051
349.9		0.673051
350		0.673051
350.1		0.67616
350.2		0.67616
350.3		0.67616
350.4		0.67616
350.5		0.67616
350.6		0.67616
350.7		0.67616
350.8		0.67616
350.9		0.67616
351		0.67616
351.1		0.679144
351.2		0.679144
351.3		0.679144
351.4		0.679144
351.5		0.679144
351.6		0.679144
351.7		0.679144
351.8		0.679144
351.9		0.679144
352		0.679144
352.1		0.680326
352.2		0.680326
352.3		0.680326
352.4		0.680326
352.5		0.680326
352.6		0.680326
352.7		0.680326
352.8		0.680326
352.9		0.680326
353		0.680326
353.1		0.681259
353.2		0.681259
353.3		0.681259
353.4		0.681259
353.5		0.681259
353.6		0.681259
353.7		0.681259
353.8		0.681259
353.9		0.681259
354		0.681259
354.1		0.681259
354.2		0.681259
354.3		0.681259
354.4		0.681259
354.5		0.681259
354.6		0.681259
354.7		0.681259
354.8		0.681259
354.9		0.681259
355		0.681259
355.1		0.681383
355.2		0.681383
355.3		0.681383
355.4		0.681383
355.5		0.681383
355.6		0.681383
355.7		0.681383
355.8		0.681383
355.9		0.681383
356		0.681383
356.1		0.684057
356.2		0.684057
356.3		0.684057
356.4		0.684057
356.5		0.684057
356.6		0.684057
356.7		0.684057
356.8		0.684057
356.9		0.684057
357		0.684057
357.1		0.687352
357.2		0.687352
357.3		0.687352
357.4		0.687352
357.5		0.687352
357.6		0.687352
357.7		0.687352
357.8		0.687352
357.9		0.687352
358		0.687352
358.1		0.688161
358.2		0.688161
358.3		0.688161
358.4		0.688161
358.5		0.688161
358.6		0.688161
358.7		0.688161
358.8		0.688161
358.9		0.688161
359		0.688161
359.1		0.688658
359.2		0.688658
359.3		0.688658
359.4		0.688658
359.5		0.688658
359.6		0.688658
359.7		0.688658
359.8		0.688658
359.9		0.688658
360		0.688658
360.1		0.68872
360.2		0.68872
360.3		0.68872
360.4		0.68872
360.5		0.68872
360.6		0.68872
360.7		0.68872
360.8		0.68872
360.9		0.68872
361		0.68872
361.1		0.694565
361.2		0.694565
361.3		0.694565
361.4		0.694565
361.5		0.694565
361.6		0.694565
361.7		0.694565
361.8		0.694565
361.9		0.694565
362		0.694565
362.1		0.698483
362.2		0.698483
362.3		0.698483
362.4		0.698483
362.5		0.698483
362.6		0.698483
362.7		0.698483
362.8		0.698483
362.9		0.698483
363		0.698483
363.1		0.698669
363.2		0.698669
363.3		0.698669
363.4		0.698669
363.5		0.698669
363.6		0.698669
363.7		0.698669
363.8		0.698669
363.9		0.698669
364		0.698669
364.1		0.699975
364.2		0.699975
364.3		0.699975
364.4		0.699975
364.5		0.699975
364.6		0.699975
364.7		0.699975
364.8		0.699975
364.9		0.699975
365		0.699975
365.1		0.700846
365.2		0.700846
365.3		0.700846
365.4		0.700846
365.5		0.700846
365.6		0.700846
365.7		0.700846
365.8		0.700846
365.9		0.700846
366		0.700846
366.1		0.704577
366.2		0.704577
366.3		0.704577
366.4		0.704577
366.5		0.704577
366.6		0.704577
366.7		0.704577
366.8		0.704577
366.9		0.704577
367		0.704577
367.1		0.707002
367.2		0.707002
367.3		0.707002
367.4		0.707002
367.5		0.707002
367.6		0.707002
367.7		0.707002
367.8		0.707002
367.9		0.707002
368		0.707002
368.1		0.708245
368.2		0.708245
368.3		0.708245
368.4		0.708245
368.5		0.708245
368.6		0.708245
368.7		0.708245
368.8		0.708245
368.9		0.708245
369		0.708245
369.1		0.708743
369.2		0.708743
369.3		0.708743
369.4		0.708743
369.5		0.708743
369.6		0.708743
369.7		0.708743
369.8		0.708743
369.9		0.708743
370		0.708743
370.1		0.71322
370.2		0.71322
370.3		0.71322
370.4		0.71322
370.5		0.71322
370.6		0.71322
370.7		0.71322
370.8		0.71322
370.9		0.71322
371		0.71322
371.1		0.715085
371.2		0.715085
371.3		0.715085
371.4		0.715085
371.5		0.715085
371.6		0.715085
371.7		0.715085
371.8		0.715085
371.9		0.715085
372		0.715085
372.1		0.715707
372.2		0.715707
372.3		0.715707
372.4		0.715707
372.5		0.715707
372.6		0.715707
372.7		0.715707
372.8		0.715707
372.9		0.715707
373		0.715707
373.1		0.717883
373.2		0.717883
373.3		0.717883
373.4		0.717883
373.5		0.717883
373.6		0.717883
373.7		0.717883
373.8		0.717883
373.9		0.717883
374		0.717883
374.1		0.720184
374.2		0.720184
374.3		0.720184
374.4		0.720184
374.5		0.720184
374.6		0.720184
374.7		0.720184
374.8		0.720184
374.9		0.720184
375		0.720184
375.1		0.722485
375.2		0.722485
375.3		0.722485
375.4		0.722485
375.5		0.722485
375.6		0.722485
375.7		0.722485
375.8		0.722485
375.9		0.722485
376		0.722485
376.1		0.725843
376.2		0.725843
376.3		0.725843
376.4		0.725843
376.5		0.725843
376.6		0.725843
376.7		0.725843
376.8		0.725843
376.9		0.725843
377		0.725843
377.1		0.726278
377.2		0.726278
377.3		0.726278
377.4		0.726278
377.5		0.726278
377.6		0.726278
377.7		0.726278
377.8		0.726278
377.9		0.726278
378		0.726278
378.1		0.727335
378.2		0.727335
378.3		0.727335
378.4		0.727335
378.5		0.727335
378.6		0.727335
378.7		0.727335
378.8		0.727335
378.9		0.727335
379		0.727335
379.1		0.729387
379.2		0.729387
379.3		0.729387
379.4		0.729387
379.5		0.729387
379.6		0.729387
379.7		0.729387
379.8		0.729387
379.9		0.729387
380		0.729387
380.1		0.734424
380.2		0.734424
380.3		0.734424
380.4		0.734424
380.5		0.734424
380.6		0.734424
380.7		0.734424
380.8		0.734424
380.9		0.734424
381		0.734424
381.1		0.734548
381.2		0.734548
381.3		0.734548
381.4		0.734548
381.5		0.734548
381.6		0.734548
381.7		0.734548
381.8		0.734548
381.9		0.734548
382		0.734548
382.1		0.735356
382.2		0.735356
382.3		0.735356
382.4		0.735356
382.5		0.735356
382.6		0.735356
382.7		0.735356
382.8		0.735356
382.9		0.735356
383		0.735356
383.1		0.735729
383.2		0.735729
383.3		0.735729
383.4		0.735729
383.5		0.735729
383.6		0.735729
383.7		0.735729
383.8		0.735729
383.9		0.735729
384		0.735729
384.1		0.741077
384.2		0.741077
384.3		0.741077
384.4		0.741077
384.5		0.741077
384.6		0.741077
384.7		0.741077
384.8		0.741077
384.9		0.741077
385		0.741077
385.1		0.742445
385.2		0.742445
385.3		0.742445
385.4		0.742445
385.5		0.742445
385.6		0.742445
385.7		0.742445
385.8		0.742445
385.9		0.742445
386		0.742445
386.1		0.743626
386.2		0.743626
386.3		0.743626
386.4		0.743626
386.5		0.743626
386.6		0.743626
386.7		0.743626
386.8		0.743626
386.9		0.743626
387		0.743626
387.1		0.74487
387.2		0.74487
387.3		0.74487
387.4		0.74487
387.5		0.74487
387.6		0.74487
387.7		0.74487
387.8		0.74487
387.9		0.74487
388		0.74487
388.1		0.749223
388.2		0.749223
388.3		0.749223
388.4		0.749223
388.5		0.749223
388.6		0.749223
388.7		0.749223
388.8		0.749223
388.9		0.749223
389		0.749223
389.1		0.749782
389.2		0.749782
389.3		0.749782
389.4		0.749782
389.5		0.749782
389.6		0.749782
389.7		0.749782
389.8		0.749782
389.9		0.749782
390		0.749782
390.1		0.750839
390.2		0.750839
390.3		0.750839
390.4		0.750839
390.5		0.750839
390.6		0.750839
390.7		0.750839
390.8		0.750839
390.9		0.750839
391		0.750839
391.1		0.753638
391.2		0.753638
391.3		0.753638
391.4		0.753638
391.5		0.753638
391.6		0.753638
391.7		0.753638
391.8		0.753638
391.9		0.753638
392		0.753638
392.1		0.758363
392.2		0.758363
392.3		0.758363
392.4		0.758363
392.5		0.758363
392.6		0.758363
392.7		0.758363
392.8		0.758363
392.9		0.758363
393		0.758363
393.1		0.759047
393.2		0.759047
393.3		0.759047
393.4		0.759047
393.5		0.759047
393.6		0.759047
393.7		0.759047
393.8		0.759047
393.9		0.759047
394		0.759047
394.1		0.761846
394.2		0.761846
394.3		0.761846
394.4		0.761846
394.5		0.761846
394.6		0.761846
394.7		0.761846
394.8		0.761846
394.9		0.761846
395		0.761846
395.1		0.762281
395.2		0.762281
395.3		0.762281
395.4		0.762281
395.5		0.762281
395.6		0.762281
395.7		0.762281
395.8		0.762281
395.9		0.762281
396		0.762281
396.1		0.766385
396.2		0.766385
396.3		0.766385
396.4		0.766385
396.5		0.766385
396.6		0.766385
396.7		0.766385
396.8		0.766385
396.9		0.766385
397		0.766385
397.1		0.768499
397.2		0.768499
397.3		0.768499
397.4		0.768499
397.5		0.768499
397.6		0.768499
397.7		0.768499
397.8		0.768499
397.9		0.768499
398		0.768499
398.1		0.770489
398.2		0.770489
398.3		0.770489
398.4		0.770489
398.5		0.770489
398.6		0.770489
398.7		0.770489
398.8		0.770489
398.9		0.770489
399		0.770489
399.1		0.77167
399.2		0.77167
399.3		0.77167
399.4		0.77167
399.5		0.77167
399.6		0.77167
399.7		0.77167
399.8		0.77167
399.9		0.77167
400		0.77167
400.1		0.773536
400.2		0.773536
400.3		0.773536
400.4		0.773536
400.5		0.773536
400.6		0.773536
400.7		0.773536
400.8		0.773536
400.9		0.773536
401		0.773536
401.1		0.776085
401.2		0.776085
401.3		0.776085
401.4		0.776085
401.5		0.776085
401.6		0.776085
401.7		0.776085
401.8		0.776085
401.9		0.776085
402		0.776085
402.1		0.778075
402.2		0.778075
402.3		0.778075
402.4		0.778075
402.5		0.778075
402.6		0.778075
402.7		0.778075
402.8		0.778075
402.9		0.778075
403		0.778075
403.1		0.780002
403.2		0.780002
403.3		0.780002
403.4		0.780002
403.5		0.780002
403.6		0.780002
403.7		0.780002
403.8		0.780002
403.9		0.780002
404		0.780002
404.1		0.784169
404.2		0.784169
404.3		0.784169
404.4		0.784169
404.5		0.784169
404.6		0.784169
404.7		0.784169
404.8		0.784169
404.9		0.784169
405		0.784169
405.1		0.785101
405.2		0.785101
405.3		0.785101
405.4		0.785101
405.5		0.785101
405.6		0.785101
405.7		0.785101
405.8		0.785101
405.9		0.785101
406		0.785101
406.1		0.785848
406.2		0.785848
406.3		0.785848
406.4		0.785848
406.5		0.785848
406.6		0.785848
406.7		0.785848
406.8		0.785848
406.9		0.785848
407		0.785848
407.1		0.787029
407.2		0.787029
407.3		0.787029
407.4		0.787029
407.5		0.787029
407.6		0.787029
407.7		0.787029
407.8		0.787029
407.9		0.787029
408		0.787029
408.1		0.789081
408.2		0.789081
408.3		0.789081
408.4		0.789081
408.5		0.789081
408.6		0.789081
408.7		0.789081
408.8		0.789081
408.9		0.789081
409		0.789081
409.1		0.792314
409.2		0.792314
409.3		0.792314
409.4		0.792314
409.5		0.792314
409.6		0.792314
409.7		0.792314
409.8		0.792314
409.9		0.792314
410		0.792314
410.1		0.793434
410.2		0.793434
410.3		0.793434
410.4		0.793434
410.5		0.793434
410.6		0.793434
410.7		0.793434
410.8		0.793434
410.9		0.793434
411		0.793434
411.1		0.795921
411.2		0.795921
411.3		0.795921
411.4		0.795921
411.5		0.795921
411.6		0.795921
411.7		0.795921
411.8		0.795921
411.9		0.795921
412		0.795921
412.1		0.796294
412.2		0.796294
412.3		0.796294
412.4		0.796294
412.5		0.796294
412.6		0.796294
412.7		0.796294
412.8		0.796294
412.9		0.796294
413		0.796294
413.1		0.798781
413.2		0.798781
413.3		0.798781
413.4		0.798781
413.5		0.798781
413.6		0.798781
413.7		0.798781
413.8		0.798781
413.9		0.798781
414		0.798781
414.1		0.799901
414.2		0.799901
414.3		0.799901
414.4		0.799901
414.5		0.799901
414.6		0.799901
414.7		0.799901
414.8		0.799901
414.9		0.799901
415		0.799901
415.1		0.800274
415.2		0.800274
415.3		0.800274
415.4		0.800274
415.5		0.800274
415.6		0.800274
415.7		0.800274
415.8		0.800274
415.9		0.800274
416		0.800274
416.1		0.804004
416.2		0.804004
416.3		0.804004
416.4		0.804004
416.5		0.804004
416.6		0.804004
416.7		0.804004
416.8		0.804004
416.9		0.804004
417		0.804004
417.1		0.806243
417.2		0.806243
417.3		0.806243
417.4		0.806243
417.5		0.806243
417.6		0.806243
417.7		0.806243
417.8		0.806243
417.9		0.806243
418		0.806243
418.1		0.811342
418.2		0.811342
418.3		0.811342
418.4		0.811342
418.5		0.811342
418.6		0.811342
418.7		0.811342
418.8		0.811342
418.9		0.811342
419		0.811342
419.1		0.813145
419.2		0.813145
419.3		0.813145
419.4		0.813145
419.5		0.813145
419.6		0.813145
419.7		0.813145
419.8		0.813145
419.9		0.813145
420		0.813145
420.1		0.813332
420.2		0.813332
420.3		0.813332
420.4		0.813332
420.5		0.813332
420.6		0.813332
420.7		0.813332
420.8		0.813332
420.9		0.813332
421		0.813332
421.1		0.813829
421.2		0.813829
421.3		0.813829
421.4		0.813829
421.5		0.813829
421.6		0.813829
421.7		0.813829
421.8		0.813829
421.9		0.813829
422		0.813829
422.1		0.816565
422.2		0.816565
422.3		0.816565
422.4		0.816565
422.5		0.816565
422.6		0.816565
422.7		0.816565
422.8		0.816565
422.9		0.816565
423		0.816565
423.1		0.817373
423.2		0.817373
423.3		0.817373
423.4		0.817373
423.5		0.817373
423.6		0.817373
423.7		0.817373
423.8		0.817373
423.9		0.817373
424		0.817373
424.1		0.822535
424.2		0.822535
424.3		0.822535
424.4		0.822535
424.5		0.822535
424.6		0.822535
424.7		0.822535
424.8		0.822535
424.9		0.822535
425		0.822535
425.1		0.823094
425.2		0.823094
425.3		0.823094
425.4		0.823094
425.5		0.823094
425.6		0.823094
425.7		0.823094
425.8		0.823094
425.9		0.823094
426		0.823094
426.1		0.82583
426.2		0.82583
426.3		0.82583
426.4		0.82583
426.5		0.82583
426.6		0.82583
426.7		0.82583
426.8		0.82583
426.9		0.82583
427		0.82583
427.1		0.82583
427.2		0.82583
427.3		0.82583
427.4		0.82583
427.5		0.82583
427.6		0.82583
427.7		0.82583
427.8		0.82583
427.9		0.82583
428		0.82583
428.1		0.826887
428.2		0.826887
428.3		0.826887
428.4		0.826887
428.5		0.826887
428.6		0.826887
428.7		0.826887
428.8		0.826887
428.9		0.826887
429		0.826887
429.1		0.827012
429.2		0.827012
429.3		0.827012
429.4		0.827012
429.5		0.827012
429.6		0.827012
429.7		0.827012
429.8		0.827012
429.9		0.827012
430		0.827012
430.1		0.833914
430.2		0.833914
430.3		0.833914
430.4		0.833914
430.5		0.833914
430.6		0.833914
430.7		0.833914
430.8		0.833914
430.9		0.833914
431		0.833914
431.1		0.83609
431.2		0.83609
431.3		0.83609
431.4		0.83609
431.5		0.83609
431.6		0.83609
431.7		0.83609
431.8		0.83609
431.9		0.83609
432		0.83609
432.1		0.836587
432.2		0.836587
432.3		0.836587
432.4		0.836587
432.5		0.836587
432.6		0.836587
432.7		0.836587
432.8		0.836587
432.9		0.836587
433		0.836587
433.1		0.837707
433.2		0.837707
433.3		0.837707
433.4		0.837707
433.5		0.837707
433.6		0.837707
433.7		0.837707
433.8		0.837707
433.9		0.837707
434		0.837707
434.1		0.845169
434.2		0.845169
434.3		0.845169
434.4		0.845169
434.5		0.845169
434.6		0.845169
434.7		0.845169
434.8		0.845169
434.9		0.845169
435		0.845169
435.1		0.845417
435.2		0.845417
435.3		0.845417
435.4		0.845417
435.5		0.845417
435.6		0.845417
435.7		0.845417
435.8		0.845417
435.9		0.845417
436		0.845417
436.1		0.84691
436.2		0.84691
436.3		0.84691
436.4		0.84691
436.5		0.84691
436.6		0.84691
436.7		0.84691
436.8		0.84691
436.9		0.84691
437		0.84691
437.1		0.850143
437.2		0.850143
437.3		0.850143
437.4		0.850143
437.5		0.850143
437.6		0.850143
437.7		0.850143
437.8		0.850143
437.9		0.850143
438		0.850143
438.1		0.85033
438.2		0.85033
438.3		0.85033
438.4		0.85033
438.5		0.85033
438.6		0.85033
438.7		0.85033
438.8		0.85033
438.9		0.85033
439		0.85033
439.1		0.854123
439.2		0.854123
439.3		0.854123
439.4		0.854123
439.5		0.854123
439.6		0.854123
439.7		0.854123
439.8		0.854123
439.9		0.854123
440		0.854123
440.1		0.855615
440.2		0.855615
440.3		0.855615
440.4		0.855615
440.5		0.855615
440.6		0.855615
440.7		0.855615
440.8		0.855615
440.9		0.855615
441		0.855615
441.1		0.857045
441.2		0.857045
441.3		0.857045
441.4		0.857045
441.5		0.857045
441.6		0.857045
441.7		0.857045
441.8		0.857045
441.9		0.857045
442		0.857045
442.1		0.863388
442.2		0.863388
442.3		0.863388
442.4		0.863388
442.5		0.863388
442.6		0.863388
442.7		0.863388
442.8		0.863388
442.9		0.863388
443		0.863388
443.1		0.863388
443.2		0.863388
443.3		0.863388
443.4		0.863388
443.5		0.863388
443.6		0.863388
443.7		0.863388
443.8		0.863388
443.9		0.863388
444		0.863388
444.1		0.86432
444.2		0.86432
444.3		0.86432
444.4		0.86432
444.5		0.86432
444.6		0.86432
444.7		0.86432
444.8		0.86432
444.9		0.86432
445		0.86432
445.1		0.865813
445.2		0.865813
445.3		0.865813
445.4		0.865813
445.5		0.865813
445.6		0.865813
445.7		0.865813
445.8		0.865813
445.9		0.865813
446		0.865813
446.1		0.867492
446.2		0.867492
446.3		0.867492
446.4		0.867492
446.5		0.867492
446.6		0.867492
446.7		0.867492
446.8		0.867492
446.9		0.867492
447		0.867492
447.1		0.871782
447.2		0.871782
447.3		0.871782
447.4		0.871782
447.5		0.871782
447.6		0.871782
447.7		0.871782
447.8		0.871782
447.9		0.871782
448		0.871782
448.1		0.872093
448.2		0.872093
448.3		0.872093
448.4		0.872093
448.5		0.872093
448.6		0.872093
448.7		0.872093
448.8		0.872093
448.9		0.872093
449		0.872093
449.1		0.876508
449.2		0.876508
449.3		0.876508
449.4		0.876508
449.5		0.876508
449.6		0.876508
449.7		0.876508
449.8		0.876508
449.9		0.876508
450		0.876508
450.1		0.876757
450.2		0.876757
450.3		0.876757
450.4		0.876757
450.5		0.876757
450.6		0.876757
450.7		0.876757
450.8		0.876757
450.9		0.876757
451		0.876757
451.1		0.878498
451.2		0.878498
451.3		0.878498
451.4		0.878498
451.5		0.878498
451.6		0.878498
451.7		0.878498
451.8		0.878498
451.9		0.878498
452		0.878498
452.1		0.88142
452.2		0.88142
452.3		0.88142
452.4		0.88142
452.5		0.88142
452.6		0.88142
452.7		0.88142
452.8		0.88142
452.9		0.88142
453		0.88142
453.1		0.882539
453.2		0.882539
453.3		0.882539
453.4		0.882539
453.5		0.882539
453.6		0.882539
453.7		0.882539
453.8		0.882539
453.9		0.882539
454		0.882539
454.1		0.883037
454.2		0.883037
454.3		0.883037
454.4		0.883037
454.5		0.883037
454.6		0.883037
454.7		0.883037
454.8		0.883037
454.9		0.883037
455		0.883037
455.1		0.885649
455.2		0.885649
455.3		0.885649
455.4		0.885649
455.5		0.885649
455.6		0.885649
455.7		0.885649
455.8		0.885649
455.9		0.885649
456		0.885649
456.1		0.890561
456.2		0.890561
456.3		0.890561
456.4		0.890561
456.5		0.890561
456.6		0.890561
456.7		0.890561
456.8		0.890561
456.9		0.890561
457		0.890561
457.1		0.891307
457.2		0.891307
457.3		0.891307
457.4		0.891307
457.5		0.891307
457.6		0.891307
457.7		0.891307
457.8		0.891307
457.9		0.891307
458		0.891307
458.1		0.893546
458.2		0.893546
458.3		0.893546
458.4		0.893546
458.5		0.893546
458.6		0.893546
458.7		0.893546
458.8		0.893546
458.9		0.893546
459		0.893546
459.1		0.894603
459.2		0.894603
459.3		0.894603
459.4		0.894603
459.5		0.894603
459.6		0.894603
459.7		0.894603
459.8		0.894603
459.9		0.894603
460		0.894603
460.1		0.898271
460.2		0.898271
460.3		0.898271
460.4		0.898271
460.5		0.898271
460.6		0.898271
460.7		0.898271
460.8		0.898271
460.9		0.898271
461		0.898271
461.1		0.901318
461.2		0.901318
461.3		0.901318
461.4		0.901318
461.5		0.901318
461.6		0.901318
461.7		0.901318
461.8		0.901318
461.9		0.901318
462		0.901318
462.1		0.901878
462.2		0.901878
462.3		0.901878
462.4		0.901878
462.5		0.901878
462.6		0.901878
462.7		0.901878
462.8		0.901878
462.9		0.901878
463		0.901878
463.1		0.904427
463.2		0.904427
463.3		0.904427
463.4		0.904427
463.5		0.904427
463.6		0.904427
463.7		0.904427
463.8		0.904427
463.9		0.904427
464		0.904427
464.1		0.905733
464.2		0.905733
464.3		0.905733
464.4		0.905733
464.5		0.905733
464.6		0.905733
464.7		0.905733
464.8		0.905733
464.9		0.905733
465		0.905733
465.1		0.909215
465.2		0.909215
465.3		0.909215
465.4		0.909215
465.5		0.909215
465.6		0.909215
465.7		0.909215
465.8		0.909215
465.9		0.909215
466		0.909215
466.1		0.910086
466.2		0.910086
466.3		0.910086
466.4		0.910086
466.5		0.910086
466.6		0.910086
466.7		0.910086
466.8		0.910086
466.9		0.910086
467		0.910086
467.1		0.911827
467.2		0.911827
467.3		0.911827
467.4		0.911827
467.5		0.911827
467.6		0.911827
467.7		0.911827
467.8		0.911827
467.9		0.911827
468		0.911827
468.1		0.911951
468.2		0.911951
468.3		0.911951
468.4		0.911951
468.5		0.911951
468.6		0.911951
468.7		0.911951
468.8		0.911951
468.9		0.911951
469		0.911951
469.1		0.91649
469.2		0.91649
469.3		0.91649
469.4		0.91649
469.5		0.91649
469.6		0.91649
469.7		0.91649
469.8		0.91649
469.9		0.91649
470		0.91649
470.1		0.918045
470.2		0.918045
470.3		0.918045
470.4		0.918045
470.5		0.918045
470.6		0.918045
470.7		0.918045
470.8		0.918045
470.9		0.918045
471		0.918045
471.1		0.919102
471.2		0.919102
471.3		0.919102
471.4		0.919102
471.5		0.919102
471.6		0.919102
471.7		0.919102
471.8		0.919102
471.9		0.919102
472		0.919102
472.1		0.920284
472.2		0.920284
472.3		0.920284
472.4		0.920284
472.5		0.920284
472.6		0.920284
472.7		0.920284
472.8		0.920284
472.9		0.920284
473		0.920284
473.1		0.921465
473.2		0.921465
473.3		0.921465
473.4		0.921465
473.5		0.921465
473.6		0.921465
473.7		0.921465
473.8		0.921465
473.9		0.921465
474		0.921465
474.1		0.926129
474.2		0.926129
474.3		0.926129
474.4		0.926129
474.5		0.926129
474.6		0.926129
474.7		0.926129
474.8		0.926129
474.9		0.926129
475		0.926129
475.1		0.927683
475.2		0.927683
475.3		0.927683
475.4		0.927683
475.5		0.927683
475.6		0.927683
475.7		0.927683
475.8		0.927683
475.9		0.927683
476		0.927683
476.1		0.928367
476.2		0.928367
476.3		0.928367
476.4		0.928367
476.5		0.928367
476.6		0.928367
476.7		0.928367
476.8		0.928367
476.9		0.928367
477		0.928367
477.1		0.931414
477.2		0.931414
477.3		0.931414
477.4		0.931414
477.5		0.931414
477.6		0.931414
477.7		0.931414
477.8		0.931414
477.9		0.931414
478		0.931414
478.1		0.934337
478.2		0.934337
478.3		0.934337
478.4		0.934337
478.5		0.934337
478.6		0.934337
478.7		0.934337
478.8		0.934337
478.9		0.934337
479		0.934337
479.1		0.936575
479.2		0.936575
479.3		0.936575
479.4		0.936575
479.5		0.936575
479.6		0.936575
479.7		0.936575
479.8		0.936575
479.9		0.936575
480		0.936575
480.1		0.937259
480.2		0.937259
480.3		0.937259
480.4		0.937259
480.5		0.937259
480.6		0.937259
480.7		0.937259
480.8		0.937259
480.9		0.937259
481		0.937259
481.1		0.939249
481.2		0.939249
481.3		0.939249
481.4		0.939249
481.5		0.939249
481.6		0.939249
481.7		0.939249
481.8		0.939249
481.9		0.939249
482		0.939249
482.1		0.94298
482.2		0.94298
482.3		0.94298
482.4		0.94298
482.5		0.94298
482.6		0.94298
482.7		0.94298
482.8		0.94298
482.9		0.94298
483		0.94298
483.1		0.945032
483.2		0.945032
483.3		0.945032
483.4		0.945032
483.5		0.945032
483.6		0.945032
483.7		0.945032
483.8		0.945032
483.9		0.945032
484		0.945032
484.1		0.945156
484.2		0.945156
484.3		0.945156
484.4		0.945156
484.5		0.945156
484.6		0.945156
484.7		0.945156
484.8		0.945156
484.9		0.945156
485		0.945156
485.1		0.949509
485.2		0.949509
485.3		0.949509
485.4		0.949509
485.5		0.949509
485.6		0.949509
485.7		0.949509
485.8		0.949509
485.9		0.949509
486		0.949509
486.1		0.952929
486.2		0.952929
486.3		0.952929
486.4		0.952929
486.5		0.952929
486.6		0.952929
486.7		0.952929
486.8		0.952929
486.9		0.952929
487		0.952929
487.1		0.954856
487.2		0.954856
487.3		0.954856
487.4		0.954856
487.5		0.954856
487.6		0.954856
487.7		0.954856
487.8		0.954856
487.9		0.954856
488		0.954856
488.1		0.955043
488.2		0.955043
488.3		0.955043
488.4		0.955043
488.5		0.955043
488.6		0.955043
488.7		0.955043
488.8		0.955043
488.9		0.955043
489		0.955043
489.1		0.955354
489.2		0.955354
489.3		0.955354
489.4		0.955354
489.5		0.955354
489.6		0.955354
489.7		0.955354
489.8		0.955354
489.9		0.955354
490		0.955354
490.1		0.959209
490.2		0.959209
490.3		0.959209
490.4		0.959209
490.5		0.959209
490.6		0.959209
490.7		0.959209
490.8		0.959209
490.9		0.959209
491		0.959209
491.1		0.961323
491.2		0.961323
491.3		0.961323
491.4		0.961323
491.5		0.961323
491.6		0.961323
491.7		0.961323
491.8		0.961323
491.9		0.961323
492		0.961323
492.1		0.96294
492.2		0.96294
492.3		0.96294
492.4		0.96294
492.5		0.96294
492.6		0.96294
492.7		0.96294
492.8		0.96294
492.9		0.96294
493		0.96294
493.1		0.963313
493.2		0.963313
493.3		0.963313
493.4		0.963313
493.5		0.963313
493.6		0.963313
493.7		0.963313
493.8		0.963313
493.9		0.963313
494		0.963313
494.1		0.968536
494.2		0.968536
494.3		0.968536
494.4		0.968536
494.5		0.968536
494.6		0.968536
494.7		0.968536
494.8		0.968536
494.9		0.968536
495		0.968536
495.1		0.97034
495.2		0.97034
495.3		0.97034
495.4		0.97034
495.5		0.97034
495.6		0.97034
495.7		0.97034
495.8		0.97034
495.9		0.97034
496		0.97034
496.1		0.971645
496.2		0.971645
496.3		0.971645
496.4		0.971645
496.5		0.971645
496.6		0.971645
496.7		0.971645
496.8		0.971645
496.9		0.971645
497		0.971645
497.1		0.972391
497.2		0.972391
497.3		0.972391
497.4		0.972391
497.5		0.972391
497.6		0.972391
497.7		0.972391
497.8		0.972391
497.9		0.972391
498		0.972391
498.1		0.975563
498.2		0.975563
498.3		0.975563
498.4		0.975563
498.5		0.975563
498.6		0.975563
498.7		0.975563
498.8		0.975563
498.9		0.975563
499		0.975563
499.1		0.976931
499.2		0.976931
499.3		0.976931
499.4		0.976931
499.5		0.976931
499.6		0.976931
499.7		0.976931
499.8		0.976931
499.9		0.976931
500		0.976931
500.1		0.978174
500.2		0.978174
500.3		0.978174
500.4		0.978174
500.5		0.978174
500.6		0.978174
500.7		0.978174
500.8		0.978174
500.9		0.978174
501		0.978174
501.1		0.980973
501.2		0.980973
501.3		0.980973
501.4		0.980973
501.5		0.980973
501.6		0.980973
501.7		0.980973
501.8		0.980973
501.9		0.980973
502		0.980973
502.1		0.982527
502.2		0.982527
502.3		0.982527
502.4		0.982527
502.5		0.982527
502.6		0.982527
502.7		0.982527
502.8		0.982527
502.9		0.982527
503		0.982527
503.1		0.984206
503.2		0.984206
503.3		0.984206
503.4		0.984206
503.5		0.984206
503.6		0.984206
503.7		0.984206
503.8		0.984206
503.9		0.984206
504		0.984206
504.1		0.986942
504.2		0.986942
504.3		0.986942
504.4		0.986942
504.5		0.986942
504.6		0.986942
504.7		0.986942
504.8		0.986942
504.9		0.986942
505		0.986942
505.1		0.988496
505.2		0.988496
505.3		0.988496
505.4		0.988496
505.5		0.988496
505.6		0.988496
505.7		0.988496
505.8		0.988496
505.9		0.988496
506		0.988496
506.1		0.990922
506.2		0.990922
506.3		0.990922
506.4		0.990922
506.5		0.990922
506.6		0.990922
506.7		0.990922
506.8		0.990922
506.9		0.990922
507		0.990922
507.1		0.992227
507.2		0.992227
507.3		0.992227
507.4		0.992227
507.5		0.992227
507.6		0.992227
507.7		0.992227
507.8		0.992227
507.9		0.992227
508		0.992227
508.1		0.996456
508.2		0.996456
508.3		0.996456
508.4		0.996456
508.5		0.996456
508.6		0.996456
508.7		0.996456
508.8		0.996456
508.9		0.996456
509		0.996456
509.1		0.996642
509.2		0.996642
509.3		0.996642
509.4		0.996642
509.5		0.996642
509.6		0.996642
509.7		0.996642
509.8		0.996642
509.9		0.996642
510		0.996642
510.1		0.998321
510.2		0.998321
510.3		0.998321
510.4		0.998321
510.5		0.998321
510.6		0.998321
510.7		0.998321
510.8		0.998321
510.9		0.998321
511		0.998321
511.1		0.999565
511.2		0.999565
511.3		0.999565
511.4		0.999565
511.5		0.999565
511.6		0.999565
511.7		0.999565
511.8		0.999565
511.9		0.999565
512		0.999565
512.1		1
512.2		1
512.3		1
512.4		1
512.5		1
512.6		1
512.7		1
512.8		1
512.9		1
513		1
513.1		1
513.2		1
513.3		1
513.4		1
513.5		1
513.6		1
513.7		1
513.8		1
513.9		1
514		1
514.1		1
514.2		1
514.3		1
514.4		1
514.5		1
514.6		1
514.7		1
514.8		1
514.9		1
515		1
515.1		1
515.2		1
515.3		1
515.4		1
515.5		1
515.6		1
515.7		1
515.8		1
515.9		1
516		1
516.1		1
516.2		1
516.3		1
516.4		1
516.5		1
516.6		1
516.7		1
516.8		1
516.9		1
517		1
517.1		1
517.2		1
517.3		1
517.4		1
517.5		1
517.6		1
517.7		1
517.8		1
517.9		1
518		1
518.1		1
518.2		1
518.3		1
518.4		1
518.5		1
518.6		1
518.7		1
518.8		1
518.9		1
519		1
519.1		1
519.2		1
519.3		1
519.4		1
519.5		1
519.6		1
519.7		1
519.8		1
519.9		1
520		1
520.1		1
520.2		1
520.3		1
520.4		1
520.5		1
520.6		1
520.7		1
520.8		1
520.9		1
521		1
521.1		1
521.2		1
521.3		1
521.4		1
521.5		1
521.6		1
521.7		1
521.8		1
521.9		1
522		1
522.1		1
522.2		1
522.3		1
522.4		1
522.5		1
522.6		1
522.7		1
522.8		1
522.9		1
523		1
523.1		1
523.2		1
523.3		1
523.4		1
523.5		1
523.6		1
523.7		1
523.8		1
523.9		1
524		1
524.1		1
524.2		1
524.3		1
524.4		1
524.5		1
524.6		1
524.7		1
524.8		1
524.9		1
525		1
525.1		1
525.2		1
525.3		1
525.4		1
525.5		1
525.6		1
525.7		1
525.8		1
525.9		1
526		1
526.1		1
526.2		1
526.3		1
526.4		1
526.5		1
526.6		1
526.7		1
526.8		1
526.9		1
527		1
527.1		1
527.2		1
527.3		1
527.4		1
527.5		1
527.6		1
527.7		1
527.8		1
527.9		1
528		1
528.1		1
528.2		1
528.3		1
528.4		1
528.5		1
528.6		1
528.7		1
528.8		1
528.9		1
529		1
529.1		1
529.2		1
529.3		1
529.4		1
529.5		1
529.6		1
529.7		1
529.8		1
529.9		1
530		1
530.1		1
530.2		1
530.3		1
530.4		1
530.5		1
530.6		1
530.7		1
530.8		1
530.9		1
531		1
531.1		1
531.2		1
531.3		1
531.4		1
531.5		1
531.6		1
531.7		1
531.8		1
531.9		1
532		1
532.1		1
532.2		1
532.3		1
532.4		1
532.5		1
532.6		1
532.7		1
532.8		1
532.9		1
533		1
533.1		1
533.2		1
533.3		1
533.4		1
533.5		1
533.6		1
533.7		1
533.8		1
533.9		1
534		1
534.1		1
534.2		1
534.3		1
534.4		1
534.5		1
534.6		1
534.7		1
534.8		1
534.9		1
535		1
535.1		1
535.2		1
535.3		1
535.4		1
535.5		1
535.6		1
535.7		1
535.8		1
535.9		1
536		1
536.1		1
536.2		1
536.3		1
536.4		1
536.5		1
536.6		1
536.7		1
536.8		1
536.9		1
537		1
537.1		1
537.2		1
537.3		1
537.4		1
537.5		1
537.6		1
537.7		1
537.8		1
537.9		1
538		1
538.1		1
538.2		1
538.3		1
538.4		1
538.5		1
538.6		1
538.7		1
538.8		1
538.9		1
539		1
539.1		1
539.2		1
539.3		1
539.4		1
539.5		1
539.6		1
539.7		1
539.8		1
539.9		1
540		1
540.1		1
540.2		1
540.3		1
540.4		1
540.5		1
540.6		1
540.7		1
540.8		1
540.9		1
541		1
541.1		1
541.2		1
541.3		1
541.4		1
541.5		1
541.6		1
541.7		1
541.8		1
541.9		1
542		1
542.1		1
542.2		1
542.3		1
542.4		1
542.5		1
542.6		1
542.7		1
542.8		1
542.9		1
543		1
543.1		1
543.2		1
543.3		1
543.4		1
543.5		1
543.6		1
543.7		1
543.8		1
543.9		1
544		1
544.1		1
544.2		1
544.3		1
544.4		1
544.5		1
544.6		1
544.7		1
544.8		1
544.9		1
545		1
545.1		1
545.2		1
545.3		1
545.4		1
545.5		1
545.6		1
545.7		1
545.8		1
545.9		1
546		1
546.1		1
546.2		1
546.3		1
546.4		1
546.5		1
546.6		1
546.7		1
546.8		1
546.9		1
547		1
547.1		1
547.2		1
547.3		1
547.4		1
547.5		1
547.6		1
547.7		1
547.8		1
547.9		1
548		1
548.1		1
548.2		1
548.3		1
548.4		1
548.5		1
548.6		1
548.7		1
548.8		1
548.9		1
549		1
549.1		1
549.2		1
549.3		1
549.4		1
549.5		1
549.6		1
549.7		1
549.8		1
549.9		1
550		1
550.1		1
550.2		1
550.3		1
550.4		1
550.5		1
550.6		1
550.7		1
550.8		1
550.9		1
551		1
551.1		1
551.2		1
551.3		1
551.4		1
551.5		1
551.6		1
551.7		1
551.8		1
551.9		1
552		1
552.1		1
552.2		1
552.3		1
552.4		1
552.5		1
552.6		1
552.7		1
552.8		1
552.9		1
553		1
553.1		1
553.2		1
553.3		1
553.4		1
553.5		1
553.6		1
553.7		1
553.8		1
553.9		1
554		1
554.1		1
554.2		1
554.3		1
554.4		1
554.5		1
554.6		1
554.7		1
554.8		1
554.9		1
555		1
555.1		1
555.2		1
555.3		1
555.4		1
555.5		1
555.6		1
555.7		1
555.8		1
555.9		1
556		1
556.1		1
556.2		1
556.3		1
556.4		1
556.5		1
556.6		1
556.7		1
556.8		1
556.9		1
557		1
557.1		1
557.2		1
557.3		1
557.4		1
557.5		1
557.6		1
557.7		1
557.8		1
557.9		1
558		1
558.1		1
558.2		1
558.3		1
558.4		1
558.5		1
558.6		1
558.7		1
558.8		1
558.9		1
559		1
559.1		1
559.2		1
559.3		1
559.4		1
559.5		1
559.6		1
559.7		1
559.8		1
559.9		1
560		1
560.1		1
560.2		1
560.3		1
560.4		1
560.5		1
560.6		1
560.7		1
560.8		1
560.9		1
561		1
561.1		1
561.2		1
561.3		1
561.4		1
561.5		1
561.6		1
561.7		1
561.8		1
561.9		1
562		1
562.1		1
562.2		1
562.3		1
562.4		1
562.5		1
562.6		1
562.7		1
562.8		1
562.9		1
563		1
563.1		1
563.2		1
563.3		1
563.4		1
563.5		1
563.6		1
563.7		1
563.8		1
563.9		1
564		1
564.1		1
564.2		1
564.3		1
564.4		1
564.5		1
564.6		1
564.7		1
564.8		1
564.9		1
565		1
565.1		1
565.2		1
565.3		1
565.4		1
565.5		1
565.6		1
565.7		1
565.8		1
565.9		1
566		1
566.1		1
566.2		1
566.3		1
566.4		1
566.5		1
566.6		1
566.7		1
566.8		1
566.9		1
567		1
567.1		1
567.2		1
567.3		1
567.4		1
567.5		1
567.6		1
567.7		1
567.8		1
567.9		1
568		1
568.1		1
568.2		1
568.3		1
568.4		1
568.5		1
568.6		1
568.7		1
568.8		1
568.9		1
569		1
569.1		1
569.2		1
569.3		1
569.4		1
569.5		1
569.6		1
569.7		1
569.8		1
569.9		1
570		1
570.1		1
570.2		1
570.3		1
570.4		1
570.5		1
570.6		1
570.7		1
570.8		1
570.9		1
571		1
571.1		1
571.2		1
571.3		1
571.4		1
571.5		1
571.6		1
571.7		1
571.8		1
571.9		1
572		1
572.1		1
572.2		1
572.3		1
572.4		1
572.5		1
572.6		1
572.7		1
572.8		1
572.9		1
573		1
573.1		1
573.2		1
573.3		1
573.4		1
573.5		1
573.6		1
573.7		1
573.8		1
573.9		1
574		1
574.1		1
574.2		1
574.3		1
574.4		1
574.5		1
574.6		1
574.7		1
574.8		1
574.9		1
575		1
575.1		1
575.2		1
575.3		1
575.4		1
575.5		1
575.6		1
575.7		1
575.8		1
575.9		1
576		1
576.1		1
576.2		1
576.3		1
576.4		1
576.5		1
576.6		1
576.7		1
576.8		1
576.9		1
577		1
577.1		1
577.2		1
577.3		1
577.4		1
577.5		1
577.6		1
577.7		1
577.8		1
577.9		1
578		1
578.1		1
578.2		1
578.3		1
578.4		1
578.5		1
578.6		1
578.7		1
578.8		1
578.9		1
579		1
579.1		1
579.2		1
579.3		1
579.4		1
579.5		1
579.6		1
579.7		1
579.8		1
579.9		1
580		1
580.1		1
580.2		1
580.3		1
580.4		1
580.5		1
580.6		1
580.7		1
580.8		1
580.9		1
581		1
581.1		1
581.2		1
581.3		1
581.4		1
581.5		1
581.6		1
581.7		1
581.8		1
581.9		1
582		1
582.1		1
582.2		1
582.3		1
582.4		1
582.5		1
582.6		1
582.7		1
582.8		1
582.9		1
583		1
583.1		1
583.2		1
583.3		1
583.4		1
583.5		1
583.6		1
583.7		1
583.8		1
583.9		1
584		1
584.1		1
584.2		1
584.3		1
584.4		1
584.5		1
584.6		1
584.7		1
584.8		1
584.9		1
585		1
585.1		1
585.2		1
585.3		1
585.4		1
585.5		1
585.6		1
585.7		1
585.8		1
585.9		1
586		1
586.1		1
586.2		1
586.3		1
586.4		1
586.5		1
586.6		1
586.7		1
586.8		1
586.9		1
587		1
587.1		1
587.2		1
587.3		1
587.4		1
587.5		1
587.6		1
587.7		1
587.8		1
587.9		1
588		1
588.1		1
588.2		1
588.3		1
588.4		1
588.5		1
588.6		1
588.7		1
588.8		1
588.9		1
589		1
589.1		1
589.2		1
589.3		1
589.4		1
589.5		1
589.6		1
589.7		1
589.8		1
589.9		1
590		1
590.1		1
590.2		1
590.3		1
590.4		1
590.5		1
590.6		1
590.7		1
590.8		1
590.9		1
591		1
591.1		1
591.2		1
591.3		1
591.4		1
591.5		1
591.6		1
591.7		1
591.8		1
591.9		1
592		1
592.1		1
592.2		1
592.3		1
592.4		1
592.5		1
592.6		1
592.7		1
592.8		1
592.9		1
593		1
593.1		1
593.2		1
593.3		1
593.4		1
593.5		1
593.6		1
593.7		1
593.8		1
593.9		1
594		1
594.1		1
594.2		1
594.3		1
594.4		1
594.5		1
594.6		1
594.7		1
594.8		1
594.9		1
595		1
595.1		1
595.2		1
595.3		1
595.4		1
595.5		1
595.6		1
595.7		1
595.8		1
595.9		1
596		1
596.1		1
596.2		1
596.3		1
596.4		1
596.5		1
596.6		1
596.7		1
596.8		1
596.9		1
597		1
597.1		1
597.2		1
597.3		1
597.4		1
597.5		1
597.6		1
597.7		1
597.8		1
597.9		1
598		1
598.1		1
598.2		1
598.3		1
598.4		1
598.5		1
598.6		1
598.7		1
598.8		1
598.9		1
599		1
599.1		1
599.2		1
599.3		1
599.4		1
599.5		1
599.6		1
599.7		1
599.8		1
599.9		1
600		1
