# Calibration file of tamex_id 1 @ channel 31
# fine_T bin		 Calibration value
0.1		0
0.2		0
0.3		0
0.4		0
0.5		0
0.6		0
0.7		0
0.8		0
0.9		0
1		0
1.1		0
1.2		0
1.3		0
1.4		0
1.5		0
1.6		0
1.7		0
1.8		0
1.9		0
2		0
2.1		0
2.2		0
2.3		0
2.4		0
2.5		0
2.6		0
2.7		0
2.8		0
2.9		0
3		0
3.1		0
3.2		0
3.3		0
3.4		0
3.5		0
3.6		0
3.7		0
3.8		0
3.9		0
4		0
4.1		0
4.2		0
4.3		0
4.4		0
4.5		0
4.6		0
4.7		0
4.8		0
4.9		0
5		0
5.1		0
5.2		0
5.3		0
5.4		0
5.5		0
5.6		0
5.7		0
5.8		0
5.9		0
6		0
6.1		0
6.2		0
6.3		0
6.4		0
6.5		0
6.6		0
6.7		0
6.8		0
6.9		0
7		0
7.1		0
7.2		0
7.3		0
7.4		0
7.5		0
7.6		0
7.7		0
7.8		0
7.9		0
8		0
8.1		0
8.2		0
8.3		0
8.4		0
8.5		0
8.6		0
8.7		0
8.8		0
8.9		0
9		0
9.1		0
9.2		0
9.3		0
9.4		0
9.5		0
9.6		0
9.7		0
9.8		0
9.9		0
10		0
10.1		0
10.2		0
10.3		0
10.4		0
10.5		0
10.6		0
10.7		0
10.8		0
10.9		0
11		0
11.1		0
11.2		0
11.3		0
11.4		0
11.5		0
11.6		0
11.7		0
11.8		0
11.9		0
12		0
12.1		0
12.2		0
12.3		0
12.4		0
12.5		0
12.6		0
12.7		0
12.8		0
12.9		0
13		0
13.1		0
13.2		0
13.3		0
13.4		0
13.5		0
13.6		0
13.7		0
13.8		0
13.9		0
14		0
14.1		0
14.2		0
14.3		0
14.4		0
14.5		0
14.6		0
14.7		0
14.8		0
14.9		0
15		0
15.1		0
15.2		0
15.3		0
15.4		0
15.5		0
15.6		0
15.7		0
15.8		0
15.9		0
16		0
16.1		0
16.2		0
16.3		0
16.4		0
16.5		0
16.6		0
16.7		0
16.8		0
16.9		0
17		0
17.1		0.0041779
17.2		0.0041779
17.3		0.0041779
17.4		0.0041779
17.5		0.0041779
17.6		0.0041779
17.7		0.0041779
17.8		0.0041779
17.9		0.0041779
18		0.0041779
18.1		0.00725436
18.2		0.00725436
18.3		0.00725436
18.4		0.00725436
18.5		0.00725436
18.6		0.00725436
18.7		0.00725436
18.8		0.00725436
18.9		0.00725436
19		0.00725436
19.1		0.0101029
19.2		0.0101029
19.3		0.0101029
19.4		0.0101029
19.5		0.0101029
19.6		0.0101029
19.7		0.0101029
19.8		0.0101029
19.9		0.0101029
20		0.0101029
20.1		0.0115842
20.2		0.0115842
20.3		0.0115842
20.4		0.0115842
20.5		0.0115842
20.6		0.0115842
20.7		0.0115842
20.8		0.0115842
20.9		0.0115842
21		0.0115842
21.1		0.0135972
21.2		0.0135972
21.3		0.0135972
21.4		0.0135972
21.5		0.0135972
21.6		0.0135972
21.7		0.0135972
21.8		0.0135972
21.9		0.0135972
22		0.0135972
22.1		0.0180409
22.2		0.0180409
22.3		0.0180409
22.4		0.0180409
22.5		0.0180409
22.6		0.0180409
22.7		0.0180409
22.8		0.0180409
22.9		0.0180409
23		0.0180409
23.1		0.0182308
23.2		0.0182308
23.3		0.0182308
23.4		0.0182308
23.5		0.0182308
23.6		0.0182308
23.7		0.0182308
23.8		0.0182308
23.9		0.0182308
24		0.0182308
24.1		0.0200919
24.2		0.0200919
24.3		0.0200919
24.4		0.0200919
24.5		0.0200919
24.6		0.0200919
24.7		0.0200919
24.8		0.0200919
24.9		0.0200919
25		0.0200919
25.1		0.0217251
25.2		0.0217251
25.3		0.0217251
25.4		0.0217251
25.5		0.0217251
25.6		0.0217251
25.7		0.0217251
25.8		0.0217251
25.9		0.0217251
26		0.0217251
26.1		0.0247256
26.2		0.0247256
26.3		0.0247256
26.4		0.0247256
26.5		0.0247256
26.6		0.0247256
26.7		0.0247256
26.8		0.0247256
26.9		0.0247256
27		0.0247256
27.1		0.027916
27.2		0.027916
27.3		0.027916
27.4		0.027916
27.5		0.027916
27.6		0.027916
27.7		0.027916
27.8		0.027916
27.9		0.027916
28		0.027916
28.1		0.0286376
28.2		0.0286376
28.3		0.0286376
28.4		0.0286376
28.5		0.0286376
28.6		0.0286376
28.7		0.0286376
28.8		0.0286376
28.9		0.0286376
29		0.0286376
29.1		0.0296631
29.2		0.0296631
29.3		0.0296631
29.4		0.0296631
29.5		0.0296631
29.6		0.0296631
29.7		0.0296631
29.8		0.0296631
29.9		0.0296631
30		0.0296631
30.1		0.0323977
30.2		0.0323977
30.3		0.0323977
30.4		0.0323977
30.5		0.0323977
30.6		0.0323977
30.7		0.0323977
30.8		0.0323977
30.9		0.0323977
31		0.0323977
31.1		0.0344867
31.2		0.0344867
31.3		0.0344867
31.4		0.0344867
31.5		0.0344867
31.6		0.0344867
31.7		0.0344867
31.8		0.0344867
31.9		0.0344867
32		0.0344867
32.1		0.0345247
32.2		0.0345247
32.3		0.0345247
32.4		0.0345247
32.5		0.0345247
32.6		0.0345247
32.7		0.0345247
32.8		0.0345247
32.9		0.0345247
33		0.0345247
33.1		0.0372593
33.2		0.0372593
33.3		0.0372593
33.4		0.0372593
33.5		0.0372593
33.6		0.0372593
33.7		0.0372593
33.8		0.0372593
33.9		0.0372593
34		0.0372593
34.1		0.0415511
34.2		0.0415511
34.3		0.0415511
34.4		0.0415511
34.5		0.0415511
34.6		0.0415511
34.7		0.0415511
34.8		0.0415511
34.9		0.0415511
35		0.0415511
35.1		0.0419689
35.2		0.0419689
35.3		0.0419689
35.4		0.0419689
35.5		0.0419689
35.6		0.0419689
35.7		0.0419689
35.8		0.0419689
35.9		0.0419689
36		0.0419689
36.1		0.0435641
36.2		0.0435641
36.3		0.0435641
36.4		0.0435641
36.5		0.0435641
36.6		0.0435641
36.7		0.0435641
36.8		0.0435641
36.9		0.0435641
37		0.0435641
37.1		0.045729
37.2		0.045729
37.3		0.045729
37.4		0.045729
37.5		0.045729
37.6		0.045729
37.7		0.045729
37.8		0.045729
37.9		0.045729
38		0.045729
38.1		0.0507425
38.2		0.0507425
38.3		0.0507425
38.4		0.0507425
38.5		0.0507425
38.6		0.0507425
38.7		0.0507425
38.8		0.0507425
38.9		0.0507425
39		0.0507425
39.1		0.0508185
39.2		0.0508185
39.3		0.0508185
39.4		0.0508185
39.5		0.0508185
39.6		0.0508185
39.7		0.0508185
39.8		0.0508185
39.9		0.0508185
40		0.0508185
40.1		0.0528695
40.2		0.0528695
40.3		0.0528695
40.4		0.0528695
40.5		0.0528695
40.6		0.0528695
40.7		0.0528695
40.8		0.0528695
40.9		0.0528695
41		0.0528695
41.1		0.0541228
41.2		0.0541228
41.3		0.0541228
41.4		0.0541228
41.5		0.0541228
41.6		0.0541228
41.7		0.0541228
41.8		0.0541228
41.9		0.0541228
42		0.0541228
42.1		0.059858
42.2		0.059858
42.3		0.059858
42.4		0.059858
42.5		0.059858
42.6		0.059858
42.7		0.059858
42.8		0.059858
42.9		0.059858
43		0.059858
43.1		0.0602757
43.2		0.0602757
43.3		0.0602757
43.4		0.0602757
43.5		0.0602757
43.6		0.0602757
43.7		0.0602757
43.8		0.0602757
43.9		0.0602757
44		0.0602757
44.1		0.0611493
44.2		0.0611493
44.3		0.0611493
44.4		0.0611493
44.5		0.0611493
44.6		0.0611493
44.7		0.0611493
44.8		0.0611493
44.9		0.0611493
45		0.0611493
45.1		0.0613392
45.2		0.0613392
45.3		0.0613392
45.4		0.0613392
45.5		0.0613392
45.6		0.0613392
45.7		0.0613392
45.8		0.0613392
45.9		0.0613392
46		0.0613392
46.1		0.0662387
46.2		0.0662387
46.3		0.0662387
46.4		0.0662387
46.5		0.0662387
46.6		0.0662387
46.7		0.0662387
46.8		0.0662387
46.9		0.0662387
47		0.0662387
47.1		0.0688594
47.2		0.0688594
47.3		0.0688594
47.4		0.0688594
47.5		0.0688594
47.6		0.0688594
47.7		0.0688594
47.8		0.0688594
47.9		0.0688594
48		0.0688594
48.1		0.0691633
48.2		0.0691633
48.3		0.0691633
48.4		0.0691633
48.5		0.0691633
48.6		0.0691633
48.7		0.0691633
48.8		0.0691633
48.9		0.0691633
49		0.0691633
49.1		0.0701888
49.2		0.0701888
49.3		0.0701888
49.4		0.0701888
49.5		0.0701888
49.6		0.0701888
49.7		0.0701888
49.8		0.0701888
49.9		0.0701888
50		0.0701888
50.1		0.0709864
50.2		0.0709864
50.3		0.0709864
50.4		0.0709864
50.5		0.0709864
50.6		0.0709864
50.7		0.0709864
50.8		0.0709864
50.9		0.0709864
51		0.0709864
51.1		0.075658
51.2		0.075658
51.3		0.075658
51.4		0.075658
51.5		0.075658
51.6		0.075658
51.7		0.075658
51.8		0.075658
51.9		0.075658
52		0.075658
52.1		0.0759619
52.2		0.0759619
52.3		0.0759619
52.4		0.0759619
52.5		0.0759619
52.6		0.0759619
52.7		0.0759619
52.8		0.0759619
52.9		0.0759619
53		0.0759619
53.1		0.0783547
53.2		0.0783547
53.3		0.0783547
53.4		0.0783547
53.5		0.0783547
53.6		0.0783547
53.7		0.0783547
53.8		0.0783547
53.9		0.0783547
54		0.0783547
54.1		0.0800638
54.2		0.0800638
54.3		0.0800638
54.4		0.0800638
54.5		0.0800638
54.6		0.0800638
54.7		0.0800638
54.8		0.0800638
54.9		0.0800638
55		0.0800638
55.1		0.0823806
55.2		0.0823806
55.3		0.0823806
55.4		0.0823806
55.5		0.0823806
55.6		0.0823806
55.7		0.0823806
55.8		0.0823806
55.9		0.0823806
56		0.0823806
56.1		0.0853052
56.2		0.0853052
56.3		0.0853052
56.4		0.0853052
56.5		0.0853052
56.6		0.0853052
56.7		0.0853052
56.8		0.0853052
56.9		0.0853052
57		0.0853052
57.1		0.0865206
57.2		0.0865206
57.3		0.0865206
57.4		0.0865206
57.5		0.0865206
57.6		0.0865206
57.7		0.0865206
57.8		0.0865206
57.9		0.0865206
58		0.0865206
58.1		0.0866725
58.2		0.0866725
58.3		0.0866725
58.4		0.0866725
58.5		0.0866725
58.6		0.0866725
58.7		0.0866725
58.8		0.0866725
58.9		0.0866725
59		0.0866725
59.1		0.0870523
59.2		0.0870523
59.3		0.0870523
59.4		0.0870523
59.5		0.0870523
59.6		0.0870523
59.7		0.0870523
59.8		0.0870523
59.9		0.0870523
60		0.0870523
60.1		0.0939648
60.2		0.0939648
60.3		0.0939648
60.4		0.0939648
60.5		0.0939648
60.6		0.0939648
60.7		0.0939648
60.8		0.0939648
60.9		0.0939648
61		0.0939648
61.1		0.0951043
61.2		0.0951043
61.3		0.0951043
61.4		0.0951043
61.5		0.0951043
61.6		0.0951043
61.7		0.0951043
61.8		0.0951043
61.9		0.0951043
62		0.0951043
62.1		0.095636
62.2		0.095636
62.3		0.095636
62.4		0.095636
62.5		0.095636
62.6		0.095636
62.7		0.095636
62.8		0.095636
62.9		0.095636
63		0.095636
63.1		0.0979148
63.2		0.0979148
63.3		0.0979148
63.4		0.0979148
63.5		0.0979148
63.6		0.0979148
63.7		0.0979148
63.8		0.0979148
63.9		0.0979148
64		0.0979148
64.1		0.101257
64.2		0.101257
64.3		0.101257
64.4		0.101257
64.5		0.101257
64.6		0.101257
64.7		0.101257
64.8		0.101257
64.9		0.101257
65		0.101257
65.1		0.102966
65.2		0.102966
65.3		0.102966
65.4		0.102966
65.5		0.102966
65.6		0.102966
65.7		0.102966
65.8		0.102966
65.9		0.102966
66		0.102966
66.1		0.103536
66.2		0.103536
66.3		0.103536
66.4		0.103536
66.5		0.103536
66.6		0.103536
66.7		0.103536
66.8		0.103536
66.9		0.103536
67		0.103536
67.1		0.104675
67.2		0.104675
67.3		0.104675
67.4		0.104675
67.5		0.104675
67.6		0.104675
67.7		0.104675
67.8		0.104675
67.9		0.104675
68		0.104675
68.1		0.109575
68.2		0.109575
68.3		0.109575
68.4		0.109575
68.5		0.109575
68.6		0.109575
68.7		0.109575
68.8		0.109575
68.9		0.109575
69		0.109575
69.1		0.111246
69.2		0.111246
69.3		0.111246
69.4		0.111246
69.5		0.111246
69.6		0.111246
69.7		0.111246
69.8		0.111246
69.9		0.111246
70		0.111246
70.1		0.11174
70.2		0.11174
70.3		0.11174
70.4		0.11174
70.5		0.11174
70.6		0.11174
70.7		0.11174
70.8		0.11174
70.9		0.11174
71		0.11174
71.1		0.112006
71.2		0.112006
71.3		0.112006
71.4		0.112006
71.5		0.112006
71.6		0.112006
71.7		0.112006
71.8		0.112006
71.9		0.112006
72		0.112006
72.1		0.118007
72.2		0.118007
72.3		0.118007
72.4		0.118007
72.5		0.118007
72.6		0.118007
72.7		0.118007
72.8		0.118007
72.9		0.118007
73		0.118007
73.1		0.11869
73.2		0.11869
73.3		0.11869
73.4		0.11869
73.5		0.11869
73.6		0.11869
73.7		0.11869
73.8		0.11869
73.9		0.11869
74		0.11869
74.1		0.120969
74.2		0.120969
74.3		0.120969
74.4		0.120969
74.5		0.120969
74.6		0.120969
74.7		0.120969
74.8		0.120969
74.9		0.120969
75		0.120969
75.1		0.121159
75.2		0.121159
75.3		0.121159
75.4		0.121159
75.5		0.121159
75.6		0.121159
75.7		0.121159
75.8		0.121159
75.9		0.121159
76		0.121159
76.1		0.125299
76.2		0.125299
76.3		0.125299
76.4		0.125299
76.5		0.125299
76.6		0.125299
76.7		0.125299
76.8		0.125299
76.9		0.125299
77		0.125299
77.1		0.125831
77.2		0.125831
77.3		0.125831
77.4		0.125831
77.5		0.125831
77.6		0.125831
77.7		0.125831
77.8		0.125831
77.9		0.125831
78		0.125831
78.1		0.127198
78.2		0.127198
78.3		0.127198
78.4		0.127198
78.5		0.127198
78.6		0.127198
78.7		0.127198
78.8		0.127198
78.9		0.127198
79		0.127198
79.1		0.128717
79.2		0.128717
79.3		0.128717
79.4		0.128717
79.5		0.128717
79.6		0.128717
79.7		0.128717
79.8		0.128717
79.9		0.128717
80		0.128717
80.1		0.132933
80.2		0.132933
80.3		0.132933
80.4		0.132933
80.5		0.132933
80.6		0.132933
80.7		0.132933
80.8		0.132933
80.9		0.132933
81		0.132933
81.1		0.133503
81.2		0.133503
81.3		0.133503
81.4		0.133503
81.5		0.133503
81.6		0.133503
81.7		0.133503
81.8		0.133503
81.9		0.133503
82		0.133503
82.1		0.136579
82.2		0.136579
82.3		0.136579
82.4		0.136579
82.5		0.136579
82.6		0.136579
82.7		0.136579
82.8		0.136579
82.9		0.136579
83		0.136579
83.1		0.137871
83.2		0.137871
83.3		0.137871
83.4		0.137871
83.5		0.137871
83.6		0.137871
83.7		0.137871
83.8		0.137871
83.9		0.137871
84		0.137871
84.1		0.140112
84.2		0.140112
84.3		0.140112
84.4		0.140112
84.5		0.140112
84.6		0.140112
84.7		0.140112
84.8		0.140112
84.9		0.140112
85		0.140112
85.1		0.143112
85.2		0.143112
85.3		0.143112
85.4		0.143112
85.5		0.143112
85.6		0.143112
85.7		0.143112
85.8		0.143112
85.9		0.143112
86		0.143112
86.1		0.144441
86.2		0.144441
86.3		0.144441
86.4		0.144441
86.5		0.144441
86.6		0.144441
86.7		0.144441
86.8		0.144441
86.9		0.144441
87		0.144441
87.1		0.144555
87.2		0.144555
87.3		0.144555
87.4		0.144555
87.5		0.144555
87.6		0.144555
87.7		0.144555
87.8		0.144555
87.9		0.144555
88		0.144555
88.1		0.148088
88.2		0.148088
88.3		0.148088
88.4		0.148088
88.5		0.148088
88.6		0.148088
88.7		0.148088
88.8		0.148088
88.9		0.148088
89		0.148088
89.1		0.148961
89.2		0.148961
89.3		0.148961
89.4		0.148961
89.5		0.148961
89.6		0.148961
89.7		0.148961
89.8		0.148961
89.9		0.148961
90		0.148961
90.1		0.152228
90.2		0.152228
90.3		0.152228
90.4		0.152228
90.5		0.152228
90.6		0.152228
90.7		0.152228
90.8		0.152228
90.9		0.152228
91		0.152228
91.1		0.155646
91.2		0.155646
91.3		0.155646
91.4		0.155646
91.5		0.155646
91.6		0.155646
91.7		0.155646
91.8		0.155646
91.9		0.155646
92		0.155646
92.1		0.156026
92.2		0.156026
92.3		0.156026
92.4		0.156026
92.5		0.156026
92.6		0.156026
92.7		0.156026
92.8		0.156026
92.9		0.156026
93		0.156026
93.1		0.158722
93.2		0.158722
93.3		0.158722
93.4		0.158722
93.5		0.158722
93.6		0.158722
93.7		0.158722
93.8		0.158722
93.9		0.158722
94		0.158722
94.1		0.161419
94.2		0.161419
94.3		0.161419
94.4		0.161419
94.5		0.161419
94.6		0.161419
94.7		0.161419
94.8		0.161419
94.9		0.161419
95		0.161419
95.1		0.163166
95.2		0.163166
95.3		0.163166
95.4		0.163166
95.5		0.163166
95.6		0.163166
95.7		0.163166
95.8		0.163166
95.9		0.163166
96		0.163166
96.1		0.164799
96.2		0.164799
96.3		0.164799
96.4		0.164799
96.5		0.164799
96.6		0.164799
96.7		0.164799
96.8		0.164799
96.9		0.164799
97		0.164799
97.1		0.165521
97.2		0.165521
97.3		0.165521
97.4		0.165521
97.5		0.165521
97.6		0.165521
97.7		0.165521
97.8		0.165521
97.9		0.165521
98		0.165521
98.1		0.169813
98.2		0.169813
98.3		0.169813
98.4		0.169813
98.5		0.169813
98.6		0.169813
98.7		0.169813
98.8		0.169813
98.9		0.169813
99		0.169813
99.1		0.173269
99.2		0.173269
99.3		0.173269
99.4		0.173269
99.5		0.173269
99.6		0.173269
99.7		0.173269
99.8		0.173269
99.9		0.173269
100		0.173269
100.1		0.173345
100.2		0.173345
100.3		0.173345
100.4		0.173345
100.5		0.173345
100.6		0.173345
100.7		0.173345
100.8		0.173345
100.9		0.173345
101		0.173345
101.1		0.173383
101.2		0.173383
101.3		0.173383
101.4		0.173383
101.5		0.173383
101.6		0.173383
101.7		0.173383
101.8		0.173383
101.9		0.173383
102		0.173383
102.1		0.176156
102.2		0.176156
102.3		0.176156
102.4		0.176156
102.5		0.176156
102.6		0.176156
102.7		0.176156
102.8		0.176156
102.9		0.176156
103		0.176156
103.1		0.17965
103.2		0.17965
103.3		0.17965
103.4		0.17965
103.5		0.17965
103.6		0.17965
103.7		0.17965
103.8		0.17965
103.9		0.17965
104		0.17965
104.1		0.179802
104.2		0.179802
104.3		0.179802
104.4		0.179802
104.5		0.179802
104.6		0.179802
104.7		0.179802
104.8		0.179802
104.9		0.179802
105		0.179802
105.1		0.183866
105.2		0.183866
105.3		0.183866
105.4		0.183866
105.5		0.183866
105.6		0.183866
105.7		0.183866
105.8		0.183866
105.9		0.183866
106		0.183866
106.1		0.184283
106.2		0.184283
106.3		0.184283
106.4		0.184283
106.5		0.184283
106.6		0.184283
106.7		0.184283
106.8		0.184283
106.9		0.184283
107		0.184283
107.1		0.184853
107.2		0.184853
107.3		0.184853
107.4		0.184853
107.5		0.184853
107.6		0.184853
107.7		0.184853
107.8		0.184853
107.9		0.184853
108		0.184853
108.1		0.188575
108.2		0.188575
108.3		0.188575
108.4		0.188575
108.5		0.188575
108.6		0.188575
108.7		0.188575
108.8		0.188575
108.9		0.188575
109		0.188575
109.1		0.1915
109.2		0.1915
109.3		0.1915
109.4		0.1915
109.5		0.1915
109.6		0.1915
109.7		0.1915
109.8		0.1915
109.9		0.1915
110		0.1915
110.1		0.191994
110.2		0.191994
110.3		0.191994
110.4		0.191994
110.5		0.191994
110.6		0.191994
110.7		0.191994
110.8		0.191994
110.9		0.191994
111		0.191994
111.1		0.193513
111.2		0.193513
111.3		0.193513
111.4		0.193513
111.5		0.193513
111.6		0.193513
111.7		0.193513
111.8		0.193513
111.9		0.193513
112		0.193513
112.1		0.197121
112.2		0.197121
112.3		0.197121
112.4		0.197121
112.5		0.197121
112.6		0.197121
112.7		0.197121
112.8		0.197121
112.9		0.197121
113		0.197121
113.1		0.199362
113.2		0.199362
113.3		0.199362
113.4		0.199362
113.5		0.199362
113.6		0.199362
113.7		0.199362
113.8		0.199362
113.9		0.199362
114		0.199362
114.1		0.201489
114.2		0.201489
114.3		0.201489
114.4		0.201489
114.5		0.201489
114.6		0.201489
114.7		0.201489
114.8		0.201489
114.9		0.201489
115		0.201489
115.1		0.201983
115.2		0.201983
115.3		0.201983
115.4		0.201983
115.5		0.201983
115.6		0.201983
115.7		0.201983
115.8		0.201983
115.9		0.201983
116		0.201983
116.1		0.204527
116.2		0.204527
116.3		0.204527
116.4		0.204527
116.5		0.204527
116.6		0.204527
116.7		0.204527
116.8		0.204527
116.9		0.204527
117		0.204527
117.1		0.20692
117.2		0.20692
117.3		0.20692
117.4		0.20692
117.5		0.20692
117.6		0.20692
117.7		0.20692
117.8		0.20692
117.9		0.20692
118		0.20692
118.1		0.208401
118.2		0.208401
118.3		0.208401
118.4		0.208401
118.5		0.208401
118.6		0.208401
118.7		0.208401
118.8		0.208401
118.9		0.208401
119		0.208401
119.1		0.211212
119.2		0.211212
119.3		0.211212
119.4		0.211212
119.5		0.211212
119.6		0.211212
119.7		0.211212
119.8		0.211212
119.9		0.211212
120		0.211212
120.1		0.213263
120.2		0.213263
120.3		0.213263
120.4		0.213263
120.5		0.213263
120.6		0.213263
120.7		0.213263
120.8		0.213263
120.9		0.213263
121		0.213263
121.1		0.214288
121.2		0.214288
121.3		0.214288
121.4		0.214288
121.5		0.214288
121.6		0.214288
121.7		0.214288
121.8		0.214288
121.9		0.214288
122		0.214288
122.1		0.216681
122.2		0.216681
122.3		0.216681
122.4		0.216681
122.5		0.216681
122.6		0.216681
122.7		0.216681
122.8		0.216681
122.9		0.216681
123		0.216681
123.1		0.217973
123.2		0.217973
123.3		0.217973
123.4		0.217973
123.5		0.217973
123.6		0.217973
123.7		0.217973
123.8		0.217973
123.9		0.217973
124		0.217973
124.1		0.222758
124.2		0.222758
124.3		0.222758
124.4		0.222758
124.5		0.222758
124.6		0.222758
124.7		0.222758
124.8		0.222758
124.9		0.222758
125		0.222758
125.1		0.222948
125.2		0.222948
125.3		0.222948
125.4		0.222948
125.5		0.222948
125.6		0.222948
125.7		0.222948
125.8		0.222948
125.9		0.222948
126		0.222948
126.1		0.223784
126.2		0.223784
126.3		0.223784
126.4		0.223784
126.5		0.223784
126.6		0.223784
126.7		0.223784
126.8		0.223784
126.9		0.223784
127		0.223784
127.1		0.225683
127.2		0.225683
127.3		0.225683
127.4		0.225683
127.5		0.225683
127.6		0.225683
127.7		0.225683
127.8		0.225683
127.9		0.225683
128		0.225683
128.1		0.230886
128.2		0.230886
128.3		0.230886
128.4		0.230886
128.5		0.230886
128.6		0.230886
128.7		0.230886
128.8		0.230886
128.9		0.230886
129		0.230886
129.1		0.231494
129.2		0.231494
129.3		0.231494
129.4		0.231494
129.5		0.231494
129.6		0.231494
129.7		0.231494
129.8		0.231494
129.9		0.231494
130		0.231494
130.1		0.233545
130.2		0.233545
130.3		0.233545
130.4		0.233545
130.5		0.233545
130.6		0.233545
130.7		0.233545
130.8		0.233545
130.9		0.233545
131		0.233545
131.1		0.234076
131.2		0.234076
131.3		0.234076
131.4		0.234076
131.5		0.234076
131.6		0.234076
131.7		0.234076
131.8		0.234076
131.9		0.234076
132		0.234076
132.1		0.239052
132.2		0.239052
132.3		0.239052
132.4		0.239052
132.5		0.239052
132.6		0.239052
132.7		0.239052
132.8		0.239052
132.9		0.239052
133		0.239052
133.1		0.240191
133.2		0.240191
133.3		0.240191
133.4		0.240191
133.5		0.240191
133.6		0.240191
133.7		0.240191
133.8		0.240191
133.9		0.240191
134		0.240191
134.1		0.241179
134.2		0.241179
134.3		0.241179
134.4		0.241179
134.5		0.241179
134.6		0.241179
134.7		0.241179
134.8		0.241179
134.9		0.241179
135		0.241179
135.1		0.242052
135.2		0.242052
135.3		0.242052
135.4		0.242052
135.5		0.242052
135.6		0.242052
135.7		0.242052
135.8		0.242052
135.9		0.242052
136		0.242052
136.1		0.244521
136.2		0.244521
136.3		0.244521
136.4		0.244521
136.5		0.244521
136.6		0.244521
136.7		0.244521
136.8		0.244521
136.9		0.244521
137		0.244521
137.1		0.247028
137.2		0.247028
137.3		0.247028
137.4		0.247028
137.5		0.247028
137.6		0.247028
137.7		0.247028
137.8		0.247028
137.9		0.247028
138		0.247028
138.1		0.248281
138.2		0.248281
138.3		0.248281
138.4		0.248281
138.5		0.248281
138.6		0.248281
138.7		0.248281
138.8		0.248281
138.9		0.248281
139		0.248281
139.1		0.249193
139.2		0.249193
139.3		0.249193
139.4		0.249193
139.5		0.249193
139.6		0.249193
139.7		0.249193
139.8		0.249193
139.9		0.249193
140		0.249193
140.1		0.253751
140.2		0.253751
140.3		0.253751
140.4		0.253751
140.5		0.253751
140.6		0.253751
140.7		0.253751
140.8		0.253751
140.9		0.253751
141		0.253751
141.1		0.255384
141.2		0.255384
141.3		0.255384
141.4		0.255384
141.5		0.255384
141.6		0.255384
141.7		0.255384
141.8		0.255384
141.9		0.255384
142		0.255384
142.1		0.256447
142.2		0.256447
142.3		0.256447
142.4		0.256447
142.5		0.256447
142.6		0.256447
142.7		0.256447
142.8		0.256447
142.9		0.256447
143		0.256447
143.1		0.25846
143.2		0.25846
143.3		0.25846
143.4		0.25846
143.5		0.25846
143.6		0.25846
143.7		0.25846
143.8		0.25846
143.9		0.25846
144		0.25846
144.1		0.262638
144.2		0.262638
144.3		0.262638
144.4		0.262638
144.5		0.262638
144.6		0.262638
144.7		0.262638
144.8		0.262638
144.9		0.262638
145		0.262638
145.1		0.263322
145.2		0.263322
145.3		0.263322
145.4		0.263322
145.5		0.263322
145.6		0.263322
145.7		0.263322
145.8		0.263322
145.9		0.263322
146		0.263322
146.1		0.263664
146.2		0.263664
146.3		0.263664
146.4		0.263664
146.5		0.263664
146.6		0.263664
146.7		0.263664
146.8		0.263664
146.9		0.263664
147		0.263664
147.1		0.26655
147.2		0.26655
147.3		0.26655
147.4		0.26655
147.5		0.26655
147.6		0.26655
147.7		0.26655
147.8		0.26655
147.9		0.26655
148		0.26655
148.1		0.269019
148.2		0.269019
148.3		0.269019
148.4		0.269019
148.5		0.269019
148.6		0.269019
148.7		0.269019
148.8		0.269019
148.9		0.269019
149		0.269019
149.1		0.271412
149.2		0.271412
149.3		0.271412
149.4		0.271412
149.5		0.271412
149.6		0.271412
149.7		0.271412
149.8		0.271412
149.9		0.271412
150		0.271412
150.1		0.274982
150.2		0.274982
150.3		0.274982
150.4		0.274982
150.5		0.274982
150.6		0.274982
150.7		0.274982
150.8		0.274982
150.9		0.274982
151		0.274982
151.1		0.276767
151.2		0.276767
151.3		0.276767
151.4		0.276767
151.5		0.276767
151.6		0.276767
151.7		0.276767
151.8		0.276767
151.9		0.276767
152		0.276767
152.1		0.277375
152.2		0.277375
152.3		0.277375
152.4		0.277375
152.5		0.277375
152.6		0.277375
152.7		0.277375
152.8		0.277375
152.9		0.277375
153		0.277375
153.1		0.278818
153.2		0.278818
153.3		0.278818
153.4		0.278818
153.5		0.278818
153.6		0.278818
153.7		0.278818
153.8		0.278818
153.9		0.278818
154		0.278818
154.1		0.282426
154.2		0.282426
154.3		0.282426
154.4		0.282426
154.5		0.282426
154.6		0.282426
154.7		0.282426
154.8		0.282426
154.9		0.282426
155		0.282426
155.1		0.282616
155.2		0.282616
155.3		0.282616
155.4		0.282616
155.5		0.282616
155.6		0.282616
155.7		0.282616
155.8		0.282616
155.9		0.282616
156		0.282616
156.1		0.286338
156.2		0.286338
156.3		0.286338
156.4		0.286338
156.5		0.286338
156.6		0.286338
156.7		0.286338
156.8		0.286338
156.9		0.286338
157		0.286338
157.1		0.28706
157.2		0.28706
157.3		0.28706
157.4		0.28706
157.5		0.28706
157.6		0.28706
157.7		0.28706
157.8		0.28706
157.9		0.28706
158		0.28706
158.1		0.291504
158.2		0.291504
158.3		0.291504
158.4		0.291504
158.5		0.291504
158.6		0.291504
158.7		0.291504
158.8		0.291504
158.9		0.291504
159		0.291504
159.1		0.293289
159.2		0.293289
159.3		0.293289
159.4		0.293289
159.5		0.293289
159.6		0.293289
159.7		0.293289
159.8		0.293289
159.9		0.293289
160		0.293289
160.1		0.294086
160.2		0.294086
160.3		0.294086
160.4		0.294086
160.5		0.294086
160.6		0.294086
160.7		0.294086
160.8		0.294086
160.9		0.294086
161		0.294086
161.1		0.294504
161.2		0.294504
161.3		0.294504
161.4		0.294504
161.5		0.294504
161.6		0.294504
161.7		0.294504
161.8		0.294504
161.9		0.294504
162		0.294504
162.1		0.300087
162.2		0.300087
162.3		0.300087
162.4		0.300087
162.5		0.300087
162.6		0.300087
162.7		0.300087
162.8		0.300087
162.9		0.300087
163		0.300087
163.1		0.301417
163.2		0.301417
163.3		0.301417
163.4		0.301417
163.5		0.301417
163.6		0.301417
163.7		0.301417
163.8		0.301417
163.9		0.301417
164		0.301417
164.1		0.301683
164.2		0.301683
164.3		0.301683
164.4		0.301683
164.5		0.301683
164.6		0.301683
164.7		0.301683
164.8		0.301683
164.9		0.301683
165		0.301683
165.1		0.303544
165.2		0.303544
165.3		0.303544
165.4		0.303544
165.5		0.303544
165.6		0.303544
165.7		0.303544
165.8		0.303544
165.9		0.303544
166		0.303544
166.1		0.307494
166.2		0.307494
166.3		0.307494
166.4		0.307494
166.5		0.307494
166.6		0.307494
166.7		0.307494
166.8		0.307494
166.9		0.307494
167		0.307494
167.1		0.307646
167.2		0.307646
167.3		0.307646
167.4		0.307646
167.5		0.307646
167.6		0.307646
167.7		0.307646
167.8		0.307646
167.9		0.307646
168		0.307646
168.1		0.309165
168.2		0.309165
168.3		0.309165
168.4		0.309165
168.5		0.309165
168.6		0.309165
168.7		0.309165
168.8		0.309165
168.9		0.309165
169		0.309165
169.1		0.311975
169.2		0.311975
169.3		0.311975
169.4		0.311975
169.5		0.311975
169.6		0.311975
169.7		0.311975
169.8		0.311975
169.9		0.311975
170		0.311975
170.1		0.316685
170.2		0.316685
170.3		0.316685
170.4		0.316685
170.5		0.316685
170.6		0.316685
170.7		0.316685
170.8		0.316685
170.9		0.316685
171		0.316685
171.1		0.317293
171.2		0.317293
171.3		0.317293
171.4		0.317293
171.5		0.317293
171.6		0.317293
171.7		0.317293
171.8		0.317293
171.9		0.317293
172		0.317293
172.1		0.317483
172.2		0.317483
172.3		0.317483
172.4		0.317483
172.5		0.317483
172.6		0.317483
172.7		0.317483
172.8		0.317483
172.9		0.317483
173		0.317483
173.1		0.318584
173.2		0.318584
173.3		0.318584
173.4		0.318584
173.5		0.318584
173.6		0.318584
173.7		0.318584
173.8		0.318584
173.9		0.318584
174		0.318584
174.1		0.324205
174.2		0.324205
174.3		0.324205
174.4		0.324205
174.5		0.324205
174.6		0.324205
174.7		0.324205
174.8		0.324205
174.9		0.324205
175		0.324205
175.1		0.32637
175.2		0.32637
175.3		0.32637
175.4		0.32637
175.5		0.32637
175.6		0.32637
175.7		0.32637
175.8		0.32637
175.9		0.32637
176		0.32637
176.1		0.32732
176.2		0.32732
176.3		0.32732
176.4		0.32732
176.5		0.32732
176.6		0.32732
176.7		0.32732
176.8		0.32732
176.9		0.32732
177		0.32732
177.1		0.329333
177.2		0.329333
177.3		0.329333
177.4		0.329333
177.5		0.329333
177.6		0.329333
177.7		0.329333
177.8		0.329333
177.9		0.329333
178		0.329333
178.1		0.331612
178.2		0.331612
178.3		0.331612
178.4		0.331612
178.5		0.331612
178.6		0.331612
178.7		0.331612
178.8		0.331612
178.9		0.331612
179		0.331612
179.1		0.333663
179.2		0.333663
179.3		0.333663
179.4		0.333663
179.5		0.333663
179.6		0.333663
179.7		0.333663
179.8		0.333663
179.9		0.333663
180		0.333663
180.1		0.335448
180.2		0.335448
180.3		0.335448
180.4		0.335448
180.5		0.335448
180.6		0.335448
180.7		0.335448
180.8		0.335448
180.9		0.335448
181		0.335448
181.1		0.335789
181.2		0.335789
181.3		0.335789
181.4		0.335789
181.5		0.335789
181.6		0.335789
181.7		0.335789
181.8		0.335789
181.9		0.335789
182		0.335789
182.1		0.338638
182.2		0.338638
182.3		0.338638
182.4		0.338638
182.5		0.338638
182.6		0.338638
182.7		0.338638
182.8		0.338638
182.9		0.338638
183		0.338638
183.1		0.341866
183.2		0.341866
183.3		0.341866
183.4		0.341866
183.5		0.341866
183.6		0.341866
183.7		0.341866
183.8		0.341866
183.9		0.341866
184		0.341866
184.1		0.343538
184.2		0.343538
184.3		0.343538
184.4		0.343538
184.5		0.343538
184.6		0.343538
184.7		0.343538
184.8		0.343538
184.9		0.343538
185		0.343538
185.1		0.345399
185.2		0.345399
185.3		0.345399
185.4		0.345399
185.5		0.345399
185.6		0.345399
185.7		0.345399
185.8		0.345399
185.9		0.345399
186		0.345399
186.1		0.345664
186.2		0.345664
186.3		0.345664
186.4		0.345664
186.5		0.345664
186.6		0.345664
186.7		0.345664
186.8		0.345664
186.9		0.345664
187		0.345664
187.1		0.349501
187.2		0.349501
187.3		0.349501
187.4		0.349501
187.5		0.349501
187.6		0.349501
187.7		0.349501
187.8		0.349501
187.9		0.349501
188		0.349501
188.1		0.352919
188.2		0.352919
188.3		0.352919
188.4		0.352919
188.5		0.352919
188.6		0.352919
188.7		0.352919
188.8		0.352919
188.9		0.352919
189		0.352919
189.1		0.35497
189.2		0.35497
189.3		0.35497
189.4		0.35497
189.5		0.35497
189.6		0.35497
189.7		0.35497
189.8		0.35497
189.9		0.35497
190		0.35497
190.1		0.355426
190.2		0.355426
190.3		0.355426
190.4		0.355426
190.5		0.355426
190.6		0.355426
190.7		0.355426
190.8		0.355426
190.9		0.355426
191		0.355426
191.1		0.356717
191.2		0.356717
191.3		0.356717
191.4		0.356717
191.5		0.356717
191.6		0.356717
191.7		0.356717
191.8		0.356717
191.9		0.356717
192		0.356717
192.1		0.36268
192.2		0.36268
192.3		0.36268
192.4		0.36268
192.5		0.36268
192.6		0.36268
192.7		0.36268
192.8		0.36268
192.9		0.36268
193		0.36268
193.1		0.364313
193.2		0.364313
193.3		0.364313
193.4		0.364313
193.5		0.364313
193.6		0.364313
193.7		0.364313
193.8		0.364313
193.9		0.364313
194		0.364313
194.1		0.364503
194.2		0.364503
194.3		0.364503
194.4		0.364503
194.5		0.364503
194.6		0.364503
194.7		0.364503
194.8		0.364503
194.9		0.364503
195		0.364503
195.1		0.365111
195.2		0.365111
195.3		0.365111
195.4		0.365111
195.5		0.365111
195.6		0.365111
195.7		0.365111
195.8		0.365111
195.9		0.365111
196		0.365111
196.1		0.368187
196.2		0.368187
196.3		0.368187
196.4		0.368187
196.5		0.368187
196.6		0.368187
196.7		0.368187
196.8		0.368187
196.9		0.368187
197		0.368187
197.1		0.369934
197.2		0.369934
197.3		0.369934
197.4		0.369934
197.5		0.369934
197.6		0.369934
197.7		0.369934
197.8		0.369934
197.9		0.369934
198		0.369934
198.1		0.373429
198.2		0.373429
198.3		0.373429
198.4		0.373429
198.5		0.373429
198.6		0.373429
198.7		0.373429
198.8		0.373429
198.9		0.373429
199		0.373429
199.1		0.373618
199.2		0.373618
199.3		0.373618
199.4		0.373618
199.5		0.373618
199.6		0.373618
199.7		0.373618
199.8		0.373618
199.9		0.373618
200		0.373618
200.1		0.376353
200.2		0.376353
200.3		0.376353
200.4		0.376353
200.5		0.376353
200.6		0.376353
200.7		0.376353
200.8		0.376353
200.9		0.376353
201		0.376353
201.1		0.37829
201.2		0.37829
201.3		0.37829
201.4		0.37829
201.5		0.37829
201.6		0.37829
201.7		0.37829
201.8		0.37829
201.9		0.37829
202		0.37829
202.1		0.381063
202.2		0.381063
202.3		0.381063
202.4		0.381063
202.5		0.381063
202.6		0.381063
202.7		0.381063
202.8		0.381063
202.9		0.381063
203		0.381063
203.1		0.382126
203.2		0.382126
203.3		0.382126
203.4		0.382126
203.5		0.382126
203.6		0.382126
203.7		0.382126
203.8		0.382126
203.9		0.382126
204		0.382126
204.1		0.386988
204.2		0.386988
204.3		0.386988
204.4		0.386988
204.5		0.386988
204.6		0.386988
204.7		0.386988
204.8		0.386988
204.9		0.386988
205		0.386988
205.1		0.389456
205.2		0.389456
205.3		0.389456
205.4		0.389456
205.5		0.389456
205.6		0.389456
205.7		0.389456
205.8		0.389456
205.9		0.389456
206		0.389456
206.1		0.390976
206.2		0.390976
206.3		0.390976
206.4		0.390976
206.5		0.390976
206.6		0.390976
206.7		0.390976
206.8		0.390976
206.9		0.390976
207		0.390976
207.1		0.392419
207.2		0.392419
207.3		0.392419
207.4		0.392419
207.5		0.392419
207.6		0.392419
207.7		0.392419
207.8		0.392419
207.9		0.392419
208		0.392419
208.1		0.395154
208.2		0.395154
208.3		0.395154
208.4		0.395154
208.5		0.395154
208.6		0.395154
208.7		0.395154
208.8		0.395154
208.9		0.395154
209		0.395154
209.1		0.397508
209.2		0.397508
209.3		0.397508
209.4		0.397508
209.5		0.397508
209.6		0.397508
209.7		0.397508
209.8		0.397508
209.9		0.397508
210		0.397508
210.1		0.399445
210.2		0.399445
210.3		0.399445
210.4		0.399445
210.5		0.399445
210.6		0.399445
210.7		0.399445
210.8		0.399445
210.9		0.399445
211		0.399445
211.1		0.399635
211.2		0.399635
211.3		0.399635
211.4		0.399635
211.5		0.399635
211.6		0.399635
211.7		0.399635
211.8		0.399635
211.9		0.399635
212		0.399635
212.1		0.403433
212.2		0.403433
212.3		0.403433
212.4		0.403433
212.5		0.403433
212.6		0.403433
212.7		0.403433
212.8		0.403433
212.9		0.403433
213		0.403433
213.1		0.404649
213.2		0.404649
213.3		0.404649
213.4		0.404649
213.5		0.404649
213.6		0.404649
213.7		0.404649
213.8		0.404649
213.9		0.404649
214		0.404649
214.1		0.406206
214.2		0.406206
214.3		0.406206
214.4		0.406206
214.5		0.406206
214.6		0.406206
214.7		0.406206
214.8		0.406206
214.9		0.406206
215		0.406206
215.1		0.407573
215.2		0.407573
215.3		0.407573
215.4		0.407573
215.5		0.407573
215.6		0.407573
215.7		0.407573
215.8		0.407573
215.9		0.407573
216		0.407573
216.1		0.410004
216.2		0.410004
216.3		0.410004
216.4		0.410004
216.5		0.410004
216.6		0.410004
216.7		0.410004
216.8		0.410004
216.9		0.410004
217		0.410004
217.1		0.411409
217.2		0.411409
217.3		0.411409
217.4		0.411409
217.5		0.411409
217.6		0.411409
217.7		0.411409
217.8		0.411409
217.9		0.411409
218		0.411409
218.1		0.413347
218.2		0.413347
218.3		0.413347
218.4		0.413347
218.5		0.413347
218.6		0.413347
218.7		0.413347
218.8		0.413347
218.9		0.413347
219		0.413347
219.1		0.415587
219.2		0.415587
219.3		0.415587
219.4		0.415587
219.5		0.415587
219.6		0.415587
219.7		0.415587
219.8		0.415587
219.9		0.415587
220		0.415587
220.1		0.416803
220.2		0.416803
220.3		0.416803
220.4		0.416803
220.5		0.416803
220.6		0.416803
220.7		0.416803
220.8		0.416803
220.9		0.416803
221		0.416803
221.1		0.419196
221.2		0.419196
221.3		0.419196
221.4		0.419196
221.5		0.419196
221.6		0.419196
221.7		0.419196
221.8		0.419196
221.9		0.419196
222		0.419196
222.1		0.421778
222.2		0.421778
222.3		0.421778
222.4		0.421778
222.5		0.421778
222.6		0.421778
222.7		0.421778
222.8		0.421778
222.9		0.421778
223		0.421778
223.1		0.421892
223.2		0.421892
223.3		0.421892
223.4		0.421892
223.5		0.421892
223.6		0.421892
223.7		0.421892
223.8		0.421892
223.9		0.421892
224		0.421892
224.1		0.424171
224.2		0.424171
224.3		0.424171
224.4		0.424171
224.5		0.424171
224.6		0.424171
224.7		0.424171
224.8		0.424171
224.9		0.424171
225		0.424171
225.1		0.425842
225.2		0.425842
225.3		0.425842
225.4		0.425842
225.5		0.425842
225.6		0.425842
225.7		0.425842
225.8		0.425842
225.9		0.425842
226		0.425842
226.1		0.430628
226.2		0.430628
226.3		0.430628
226.4		0.430628
226.5		0.430628
226.6		0.430628
226.7		0.430628
226.8		0.430628
226.9		0.430628
227		0.430628
227.1		0.432185
227.2		0.432185
227.3		0.432185
227.4		0.432185
227.5		0.432185
227.6		0.432185
227.7		0.432185
227.8		0.432185
227.9		0.432185
228		0.432185
228.1		0.432831
228.2		0.432831
228.3		0.432831
228.4		0.432831
228.5		0.432831
228.6		0.432831
228.7		0.432831
228.8		0.432831
228.9		0.432831
229		0.432831
229.1		0.435983
229.2		0.435983
229.3		0.435983
229.4		0.435983
229.5		0.435983
229.6		0.435983
229.7		0.435983
229.8		0.435983
229.9		0.435983
230		0.435983
230.1		0.436401
230.2		0.436401
230.3		0.436401
230.4		0.436401
230.5		0.436401
230.6		0.436401
230.7		0.436401
230.8		0.436401
230.9		0.436401
231		0.436401
231.1		0.437464
231.2		0.437464
231.3		0.437464
231.4		0.437464
231.5		0.437464
231.6		0.437464
231.7		0.437464
231.8		0.437464
231.9		0.437464
232		0.437464
232.1		0.4413
232.2		0.4413
232.3		0.4413
232.4		0.4413
232.5		0.4413
232.6		0.4413
232.7		0.4413
232.8		0.4413
232.9		0.4413
233		0.4413
233.1		0.442098
233.2		0.442098
233.3		0.442098
233.4		0.442098
233.5		0.442098
233.6		0.442098
233.7		0.442098
233.8		0.442098
233.9		0.442098
234		0.442098
234.1		0.444947
234.2		0.444947
234.3		0.444947
234.4		0.444947
234.5		0.444947
234.6		0.444947
234.7		0.444947
234.8		0.444947
234.9		0.444947
235		0.444947
235.1		0.446124
235.2		0.446124
235.3		0.446124
235.4		0.446124
235.5		0.446124
235.6		0.446124
235.7		0.446124
235.8		0.446124
235.9		0.446124
236		0.446124
236.1		0.447074
236.2		0.447074
236.3		0.447074
236.4		0.447074
236.5		0.447074
236.6		0.447074
236.7		0.447074
236.8		0.447074
236.9		0.447074
237		0.447074
237.1		0.447377
237.2		0.447377
237.3		0.447377
237.4		0.447377
237.5		0.447377
237.6		0.447377
237.7		0.447377
237.8		0.447377
237.9		0.447377
238		0.447377
238.1		0.4541
238.2		0.4541
238.3		0.4541
238.4		0.4541
238.5		0.4541
238.6		0.4541
238.7		0.4541
238.8		0.4541
238.9		0.4541
239		0.4541
239.1		0.455201
239.2		0.455201
239.3		0.455201
239.4		0.455201
239.5		0.455201
239.6		0.455201
239.7		0.455201
239.8		0.455201
239.9		0.455201
240		0.455201
240.1		0.455657
240.2		0.455657
240.3		0.455657
240.4		0.455657
240.5		0.455657
240.6		0.455657
240.7		0.455657
240.8		0.455657
240.9		0.455657
241		0.455657
241.1		0.456949
241.2		0.456949
241.3		0.456949
241.4		0.456949
241.5		0.456949
241.6		0.456949
241.7		0.456949
241.8		0.456949
241.9		0.456949
242		0.456949
242.1		0.460443
242.2		0.460443
242.3		0.460443
242.4		0.460443
242.5		0.460443
242.6		0.460443
242.7		0.460443
242.8		0.460443
242.9		0.460443
243		0.460443
243.1		0.462494
243.2		0.462494
243.3		0.462494
243.4		0.462494
243.5		0.462494
243.6		0.462494
243.7		0.462494
243.8		0.462494
243.9		0.462494
244		0.462494
244.1		0.462722
244.2		0.462722
244.3		0.462722
244.4		0.462722
244.5		0.462722
244.6		0.462722
244.7		0.462722
244.8		0.462722
244.9		0.462722
245		0.462722
245.1		0.466482
245.2		0.466482
245.3		0.466482
245.4		0.466482
245.5		0.466482
245.6		0.466482
245.7		0.466482
245.8		0.466482
245.9		0.466482
246		0.466482
246.1		0.468457
246.2		0.468457
246.3		0.468457
246.4		0.468457
246.5		0.468457
246.6		0.468457
246.7		0.468457
246.8		0.468457
246.9		0.468457
247		0.468457
247.1		0.471647
247.2		0.471647
247.3		0.471647
247.4		0.471647
247.5		0.471647
247.6		0.471647
247.7		0.471647
247.8		0.471647
247.9		0.471647
248		0.471647
248.1		0.471989
248.2		0.471989
248.3		0.471989
248.4		0.471989
248.5		0.471989
248.6		0.471989
248.7		0.471989
248.8		0.471989
248.9		0.471989
249		0.471989
249.1		0.474002
249.2		0.474002
249.3		0.474002
249.4		0.474002
249.5		0.474002
249.6		0.474002
249.7		0.474002
249.8		0.474002
249.9		0.474002
250		0.474002
250.1		0.476585
250.2		0.476585
250.3		0.476585
250.4		0.476585
250.5		0.476585
250.6		0.476585
250.7		0.476585
250.8		0.476585
250.9		0.476585
251		0.476585
251.1		0.479661
251.2		0.479661
251.3		0.479661
251.4		0.479661
251.5		0.479661
251.6		0.479661
251.7		0.479661
251.8		0.479661
251.9		0.479661
252		0.479661
252.1		0.483117
252.2		0.483117
252.3		0.483117
252.4		0.483117
252.5		0.483117
252.6		0.483117
252.7		0.483117
252.8		0.483117
252.9		0.483117
253		0.483117
253.1		0.483535
253.2		0.483535
253.3		0.483535
253.4		0.483535
253.5		0.483535
253.6		0.483535
253.7		0.483535
253.8		0.483535
253.9		0.483535
254		0.483535
254.1		0.484181
254.2		0.484181
254.3		0.484181
254.4		0.484181
254.5		0.484181
254.6		0.484181
254.7		0.484181
254.8		0.484181
254.9		0.484181
255		0.484181
255.1		0.489726
255.2		0.489726
255.3		0.489726
255.4		0.489726
255.5		0.489726
255.6		0.489726
255.7		0.489726
255.8		0.489726
255.9		0.489726
256		0.489726
256.1		0.490144
256.2		0.490144
256.3		0.490144
256.4		0.490144
256.5		0.490144
256.6		0.490144
256.7		0.490144
256.8		0.490144
256.9		0.490144
257		0.490144
257.1		0.493106
257.2		0.493106
257.3		0.493106
257.4		0.493106
257.5		0.493106
257.6		0.493106
257.7		0.493106
257.8		0.493106
257.9		0.493106
258		0.493106
258.1		0.493296
258.2		0.493296
258.3		0.493296
258.4		0.493296
258.5		0.493296
258.6		0.493296
258.7		0.493296
258.8		0.493296
258.9		0.493296
259		0.493296
259.1		0.494816
259.2		0.494816
259.3		0.494816
259.4		0.494816
259.5		0.494816
259.6		0.494816
259.7		0.494816
259.8		0.494816
259.9		0.494816
260		0.494816
260.1		0.499297
260.2		0.499297
260.3		0.499297
260.4		0.499297
260.5		0.499297
260.6		0.499297
260.7		0.499297
260.8		0.499297
260.9		0.499297
261		0.499297
261.1		0.501804
261.2		0.501804
261.3		0.501804
261.4		0.501804
261.5		0.501804
261.6		0.501804
261.7		0.501804
261.8		0.501804
261.9		0.501804
262		0.501804
262.1		0.502678
262.2		0.502678
262.3		0.502678
262.4		0.502678
262.5		0.502678
262.6		0.502678
262.7		0.502678
262.8		0.502678
262.9		0.502678
263		0.502678
263.1		0.503171
263.2		0.503171
263.3		0.503171
263.4		0.503171
263.5		0.503171
263.6		0.503171
263.7		0.503171
263.8		0.503171
263.9		0.503171
264		0.503171
264.1		0.510084
264.2		0.510084
264.3		0.510084
264.4		0.510084
264.5		0.510084
264.6		0.510084
264.7		0.510084
264.8		0.510084
264.9		0.510084
265		0.510084
265.1		0.510502
265.2		0.510502
265.3		0.510502
265.4		0.510502
265.5		0.510502
265.6		0.510502
265.7		0.510502
265.8		0.510502
265.9		0.510502
266		0.510502
266.1		0.511033
266.2		0.511033
266.3		0.511033
266.4		0.511033
266.5		0.511033
266.6		0.511033
266.7		0.511033
266.8		0.511033
266.9		0.511033
267		0.511033
267.1		0.511641
267.2		0.511641
267.3		0.511641
267.4		0.511641
267.5		0.511641
267.6		0.511641
267.7		0.511641
267.8		0.511641
267.9		0.511641
268		0.511641
268.1		0.516199
268.2		0.516199
268.3		0.516199
268.4		0.516199
268.5		0.516199
268.6		0.516199
268.7		0.516199
268.8		0.516199
268.9		0.516199
269		0.516199
269.1		0.517072
269.2		0.517072
269.3		0.517072
269.4		0.517072
269.5		0.517072
269.6		0.517072
269.7		0.517072
269.8		0.517072
269.9		0.517072
270		0.517072
270.1		0.519541
270.2		0.519541
270.3		0.519541
270.4		0.519541
270.5		0.519541
270.6		0.519541
270.7		0.519541
270.8		0.519541
270.9		0.519541
271		0.519541
271.1		0.520149
271.2		0.520149
271.3		0.520149
271.4		0.520149
271.5		0.520149
271.6		0.520149
271.7		0.520149
271.8		0.520149
271.9		0.520149
272		0.520149
272.1		0.522124
272.2		0.522124
272.3		0.522124
272.4		0.522124
272.5		0.522124
272.6		0.522124
272.7		0.522124
272.8		0.522124
272.9		0.522124
273		0.522124
273.1		0.5252
273.2		0.5252
273.3		0.5252
273.4		0.5252
273.5		0.5252
273.6		0.5252
273.7		0.5252
273.8		0.5252
273.9		0.5252
274		0.5252
274.1		0.525922
274.2		0.525922
274.3		0.525922
274.4		0.525922
274.5		0.525922
274.6		0.525922
274.7		0.525922
274.8		0.525922
274.9		0.525922
275		0.525922
275.1		0.526985
275.2		0.526985
275.3		0.526985
275.4		0.526985
275.5		0.526985
275.6		0.526985
275.7		0.526985
275.8		0.526985
275.9		0.526985
276		0.526985
276.1		0.527555
276.2		0.527555
276.3		0.527555
276.4		0.527555
276.5		0.527555
276.6		0.527555
276.7		0.527555
276.8		0.527555
276.9		0.527555
277		0.527555
277.1		0.532493
277.2		0.532493
277.3		0.532493
277.4		0.532493
277.5		0.532493
277.6		0.532493
277.7		0.532493
277.8		0.532493
277.9		0.532493
278		0.532493
278.1		0.535303
278.2		0.535303
278.3		0.535303
278.4		0.535303
278.5		0.535303
278.6		0.535303
278.7		0.535303
278.8		0.535303
278.9		0.535303
279		0.535303
279.1		0.536481
279.2		0.536481
279.3		0.536481
279.4		0.536481
279.5		0.536481
279.6		0.536481
279.7		0.536481
279.8		0.536481
279.9		0.536481
280		0.536481
280.1		0.536747
280.2		0.536747
280.3		0.536747
280.4		0.536747
280.5		0.536747
280.6		0.536747
280.7		0.536747
280.8		0.536747
280.9		0.536747
281		0.536747
281.1		0.538722
281.2		0.538722
281.3		0.538722
281.4		0.538722
281.5		0.538722
281.6		0.538722
281.7		0.538722
281.8		0.538722
281.9		0.538722
282		0.538722
282.1		0.541646
282.2		0.541646
282.3		0.541646
282.4		0.541646
282.5		0.541646
282.6		0.541646
282.7		0.541646
282.8		0.541646
282.9		0.541646
283		0.541646
283.1		0.545634
283.2		0.545634
283.3		0.545634
283.4		0.545634
283.5		0.545634
283.6		0.545634
283.7		0.545634
283.8		0.545634
283.9		0.545634
284		0.545634
284.1		0.548103
284.2		0.548103
284.3		0.548103
284.4		0.548103
284.5		0.548103
284.6		0.548103
284.7		0.548103
284.8		0.548103
284.9		0.548103
285		0.548103
285.1		0.551255
285.2		0.551255
285.3		0.551255
285.4		0.551255
285.5		0.551255
285.6		0.551255
285.7		0.551255
285.8		0.551255
285.9		0.551255
286		0.551255
286.1		0.554256
286.2		0.554256
286.3		0.554256
286.4		0.554256
286.5		0.554256
286.6		0.554256
286.7		0.554256
286.8		0.554256
286.9		0.554256
287		0.554256
287.1		0.555775
287.2		0.555775
287.3		0.555775
287.4		0.555775
287.5		0.555775
287.6		0.555775
287.7		0.555775
287.8		0.555775
287.9		0.555775
288		0.555775
288.1		0.559079
288.2		0.559079
288.3		0.559079
288.4		0.559079
288.5		0.559079
288.6		0.559079
288.7		0.559079
288.8		0.559079
288.9		0.559079
289		0.559079
289.1		0.5617
289.2		0.5617
289.3		0.5617
289.4		0.5617
289.5		0.5617
289.6		0.5617
289.7		0.5617
289.8		0.5617
289.9		0.5617
290		0.5617
290.1		0.563447
290.2		0.563447
290.3		0.563447
290.4		0.563447
290.5		0.563447
290.6		0.563447
290.7		0.563447
290.8		0.563447
290.9		0.563447
291		0.563447
291.1		0.566789
291.2		0.566789
291.3		0.566789
291.4		0.566789
291.5		0.566789
291.6		0.566789
291.7		0.566789
291.8		0.566789
291.9		0.566789
292		0.566789
292.1		0.567435
292.2		0.567435
292.3		0.567435
292.4		0.567435
292.5		0.567435
292.6		0.567435
292.7		0.567435
292.8		0.567435
292.9		0.567435
293		0.567435
293.1		0.567435
293.2		0.567435
293.3		0.567435
293.4		0.567435
293.5		0.567435
293.6		0.567435
293.7		0.567435
293.8		0.567435
293.9		0.567435
294		0.567435
294.1		0.567435
294.2		0.567435
294.3		0.567435
294.4		0.567435
294.5		0.567435
294.6		0.567435
294.7		0.567435
294.8		0.567435
294.9		0.567435
295		0.567435
295.1		0.568689
295.2		0.568689
295.3		0.568689
295.4		0.568689
295.5		0.568689
295.6		0.568689
295.7		0.568689
295.8		0.568689
295.9		0.568689
296		0.568689
296.1		0.56922
296.2		0.56922
296.3		0.56922
296.4		0.56922
296.5		0.56922
296.6		0.56922
296.7		0.56922
296.8		0.56922
296.9		0.56922
297		0.56922
297.1		0.572639
297.2		0.572639
297.3		0.572639
297.4		0.572639
297.5		0.572639
297.6		0.572639
297.7		0.572639
297.8		0.572639
297.9		0.572639
298		0.572639
298.1		0.575069
298.2		0.575069
298.3		0.575069
298.4		0.575069
298.5		0.575069
298.6		0.575069
298.7		0.575069
298.8		0.575069
298.9		0.575069
299		0.575069
299.1		0.576019
299.2		0.576019
299.3		0.576019
299.4		0.576019
299.5		0.576019
299.6		0.576019
299.7		0.576019
299.8		0.576019
299.9		0.576019
300		0.576019
300.1		0.57788
300.2		0.57788
300.3		0.57788
300.4		0.57788
300.5		0.57788
300.6		0.57788
300.7		0.57788
300.8		0.57788
300.9		0.57788
301		0.57788
301.1		0.580463
301.2		0.580463
301.3		0.580463
301.4		0.580463
301.5		0.580463
301.6		0.580463
301.7		0.580463
301.8		0.580463
301.9		0.580463
302		0.580463
302.1		0.58088
302.2		0.58088
302.3		0.58088
302.4		0.58088
302.5		0.58088
302.6		0.58088
302.7		0.58088
302.8		0.58088
302.9		0.58088
303		0.58088
303.1		0.582362
303.2		0.582362
303.3		0.582362
303.4		0.582362
303.5		0.582362
303.6		0.582362
303.7		0.582362
303.8		0.582362
303.9		0.582362
304		0.582362
304.1		0.586198
304.2		0.586198
304.3		0.586198
304.4		0.586198
304.5		0.586198
304.6		0.586198
304.7		0.586198
304.8		0.586198
304.9		0.586198
305		0.586198
305.1		0.588666
305.2		0.588666
305.3		0.588666
305.4		0.588666
305.5		0.588666
305.6		0.588666
305.7		0.588666
305.8		0.588666
305.9		0.588666
306		0.588666
306.1		0.589502
306.2		0.589502
306.3		0.589502
306.4		0.589502
306.5		0.589502
306.6		0.589502
306.7		0.589502
306.8		0.589502
306.9		0.589502
307		0.589502
307.1		0.589844
307.2		0.589844
307.3		0.589844
307.4		0.589844
307.5		0.589844
307.6		0.589844
307.7		0.589844
307.8		0.589844
307.9		0.589844
308		0.589844
308.1		0.59387
308.2		0.59387
308.3		0.59387
308.4		0.59387
308.5		0.59387
308.6		0.59387
308.7		0.59387
308.8		0.59387
308.9		0.59387
309		0.59387
309.1		0.596453
309.2		0.596453
309.3		0.596453
309.4		0.596453
309.5		0.596453
309.6		0.596453
309.7		0.596453
309.8		0.596453
309.9		0.596453
310		0.596453
310.1		0.598466
310.2		0.598466
310.3		0.598466
310.4		0.598466
310.5		0.598466
310.6		0.598466
310.7		0.598466
310.8		0.598466
310.9		0.598466
311		0.598466
311.1		0.599757
311.2		0.599757
311.3		0.599757
311.4		0.599757
311.5		0.599757
311.6		0.599757
311.7		0.599757
311.8		0.599757
311.9		0.599757
312		0.599757
312.1		0.602643
312.2		0.602643
312.3		0.602643
312.4		0.602643
312.5		0.602643
312.6		0.602643
312.7		0.602643
312.8		0.602643
312.9		0.602643
313		0.602643
313.1		0.604846
313.2		0.604846
313.3		0.604846
313.4		0.604846
313.5		0.604846
313.6		0.604846
313.7		0.604846
313.8		0.604846
313.9		0.604846
314		0.604846
314.1		0.605796
314.2		0.605796
314.3		0.605796
314.4		0.605796
314.5		0.605796
314.6		0.605796
314.7		0.605796
314.8		0.605796
314.9		0.605796
315		0.605796
315.1		0.6061
315.2		0.6061
315.3		0.6061
315.4		0.6061
315.5		0.6061
315.6		0.6061
315.7		0.6061
315.8		0.6061
315.9		0.6061
316		0.6061
316.1		0.611151
316.2		0.611151
316.3		0.611151
316.4		0.611151
316.5		0.611151
316.6		0.611151
316.7		0.611151
316.8		0.611151
316.9		0.611151
317		0.611151
317.1		0.613164
317.2		0.613164
317.3		0.613164
317.4		0.613164
317.5		0.613164
317.6		0.613164
317.7		0.613164
317.8		0.613164
317.9		0.613164
318		0.613164
318.1		0.615557
318.2		0.615557
318.3		0.615557
318.4		0.615557
318.5		0.615557
318.6		0.615557
318.7		0.615557
318.8		0.615557
318.9		0.615557
319		0.615557
319.1		0.615595
319.2		0.615595
319.3		0.615595
319.4		0.615595
319.5		0.615595
319.6		0.615595
319.7		0.615595
319.8		0.615595
319.9		0.615595
320		0.615595
320.1		0.618368
320.2		0.618368
320.3		0.618368
320.4		0.618368
320.5		0.618368
320.6		0.618368
320.7		0.618368
320.8		0.618368
320.9		0.618368
321		0.618368
321.1		0.619089
321.2		0.619089
321.3		0.619089
321.4		0.619089
321.5		0.619089
321.6		0.619089
321.7		0.619089
321.8		0.619089
321.9		0.619089
322		0.619089
322.1		0.622849
322.2		0.622849
322.3		0.622849
322.4		0.622849
322.5		0.622849
322.6		0.622849
322.7		0.622849
322.8		0.622849
322.9		0.622849
323		0.622849
323.1		0.626344
323.2		0.626344
323.3		0.626344
323.4		0.626344
323.5		0.626344
323.6		0.626344
323.7		0.626344
323.8		0.626344
323.9		0.626344
324		0.626344
324.1		0.627103
324.2		0.627103
324.3		0.627103
324.4		0.627103
324.5		0.627103
324.6		0.627103
324.7		0.627103
324.8		0.627103
324.9		0.627103
325		0.627103
325.1		0.627483
325.2		0.627483
325.3		0.627483
325.4		0.627483
325.5		0.627483
325.6		0.627483
325.7		0.627483
325.8		0.627483
325.9		0.627483
326		0.627483
326.1		0.63299
326.2		0.63299
326.3		0.63299
326.4		0.63299
326.5		0.63299
326.6		0.63299
326.7		0.63299
326.8		0.63299
326.9		0.63299
327		0.63299
327.1		0.634509
327.2		0.634509
327.3		0.634509
327.4		0.634509
327.5		0.634509
327.6		0.634509
327.7		0.634509
327.8		0.634509
327.9		0.634509
328		0.634509
328.1		0.634661
328.2		0.634661
328.3		0.634661
328.4		0.634661
328.5		0.634661
328.6		0.634661
328.7		0.634661
328.8		0.634661
328.9		0.634661
329		0.634661
329.1		0.636409
329.2		0.636409
329.3		0.636409
329.4		0.636409
329.5		0.636409
329.6		0.636409
329.7		0.636409
329.8		0.636409
329.9		0.636409
330		0.636409
330.1		0.639903
330.2		0.639903
330.3		0.639903
330.4		0.639903
330.5		0.639903
330.6		0.639903
330.7		0.639903
330.8		0.639903
330.9		0.639903
331		0.639903
331.1		0.642637
331.2		0.642637
331.3		0.642637
331.4		0.642637
331.5		0.642637
331.6		0.642637
331.7		0.642637
331.8		0.642637
331.9		0.642637
332		0.642637
332.1		0.643549
332.2		0.643549
332.3		0.643549
332.4		0.643549
332.5		0.643549
332.6		0.643549
332.7		0.643549
332.8		0.643549
332.9		0.643549
333		0.643549
333.1		0.643853
333.2		0.643853
333.3		0.643853
333.4		0.643853
333.5		0.643853
333.6		0.643853
333.7		0.643853
333.8		0.643853
333.9		0.643853
334		0.643853
334.1		0.647081
334.2		0.647081
334.3		0.647081
334.4		0.647081
334.5		0.647081
334.6		0.647081
334.7		0.647081
334.8		0.647081
334.9		0.647081
335		0.647081
335.1		0.647765
335.2		0.647765
335.3		0.647765
335.4		0.647765
335.5		0.647765
335.6		0.647765
335.7		0.647765
335.8		0.647765
335.9		0.647765
336		0.647765
336.1		0.648676
336.2		0.648676
336.3		0.648676
336.4		0.648676
336.5		0.648676
336.6		0.648676
336.7		0.648676
336.8		0.648676
336.9		0.648676
337		0.648676
337.1		0.653918
337.2		0.653918
337.3		0.653918
337.4		0.653918
337.5		0.653918
337.6		0.653918
337.7		0.653918
337.8		0.653918
337.9		0.653918
338		0.653918
338.1		0.654449
338.2		0.654449
338.3		0.654449
338.4		0.654449
338.5		0.654449
338.6		0.654449
338.7		0.654449
338.8		0.654449
338.9		0.654449
339		0.654449
339.1		0.655361
339.2		0.655361
339.3		0.655361
339.4		0.655361
339.5		0.655361
339.6		0.655361
339.7		0.655361
339.8		0.655361
339.9		0.655361
340		0.655361
340.1		0.656424
340.2		0.656424
340.3		0.656424
340.4		0.656424
340.5		0.656424
340.6		0.656424
340.7		0.656424
340.8		0.656424
340.9		0.656424
341		0.656424
341.1		0.65726
341.2		0.65726
341.3		0.65726
341.4		0.65726
341.5		0.65726
341.6		0.65726
341.7		0.65726
341.8		0.65726
341.9		0.65726
342		0.65726
342.1		0.663755
342.2		0.663755
342.3		0.663755
342.4		0.663755
342.5		0.663755
342.6		0.663755
342.7		0.663755
342.8		0.663755
342.9		0.663755
343		0.663755
343.1		0.66611
343.2		0.66611
343.3		0.66611
343.4		0.66611
343.5		0.66611
343.6		0.66611
343.7		0.66611
343.8		0.66611
343.9		0.66611
344		0.66611
344.1		0.666717
344.2		0.666717
344.3		0.666717
344.4		0.666717
344.5		0.666717
344.6		0.666717
344.7		0.666717
344.8		0.666717
344.9		0.666717
345		0.666717
345.1		0.669946
345.2		0.669946
345.3		0.669946
345.4		0.669946
345.5		0.669946
345.6		0.669946
345.7		0.669946
345.8		0.669946
345.9		0.669946
346		0.669946
346.1		0.672149
346.2		0.672149
346.3		0.672149
346.4		0.672149
346.5		0.672149
346.6		0.672149
346.7		0.672149
346.8		0.672149
346.9		0.672149
347		0.672149
347.1		0.678757
347.2		0.678757
347.3		0.678757
347.4		0.678757
347.5		0.678757
347.6		0.678757
347.7		0.678757
347.8		0.678757
347.9		0.678757
348		0.678757
348.1		0.678909
348.2		0.678909
348.3		0.678909
348.4		0.678909
348.5		0.678909
348.6		0.678909
348.7		0.678909
348.8		0.678909
348.9		0.678909
349		0.678909
349.1		0.679175
349.2		0.679175
349.3		0.679175
349.4		0.679175
349.5		0.679175
349.6		0.679175
349.7		0.679175
349.8		0.679175
349.9		0.679175
350		0.679175
350.1		0.683771
350.2		0.683771
350.3		0.683771
350.4		0.683771
350.5		0.683771
350.6		0.683771
350.7		0.683771
350.8		0.683771
350.9		0.683771
351		0.683771
351.1		0.684986
351.2		0.684986
351.3		0.684986
351.4		0.684986
351.5		0.684986
351.6		0.684986
351.7		0.684986
351.8		0.684986
351.9		0.684986
352		0.684986
352.1		0.688139
352.2		0.688139
352.3		0.688139
352.4		0.688139
352.5		0.688139
352.6		0.688139
352.7		0.688139
352.8		0.688139
352.9		0.688139
353		0.688139
353.1		0.690114
353.2		0.690114
353.3		0.690114
353.4		0.690114
353.5		0.690114
353.6		0.690114
353.7		0.690114
353.8		0.690114
353.9		0.690114
354		0.690114
354.1		0.690152
354.2		0.690152
354.3		0.690152
354.4		0.690152
354.5		0.690152
354.6		0.690152
354.7		0.690152
354.8		0.690152
354.9		0.690152
355		0.690152
355.1		0.690265
355.2		0.690265
355.3		0.690265
355.4		0.690265
355.5		0.690265
355.6		0.690265
355.7		0.690265
355.8		0.690265
355.9		0.690265
356		0.690265
356.1		0.690265
356.2		0.690265
356.3		0.690265
356.4		0.690265
356.5		0.690265
356.6		0.690265
356.7		0.690265
356.8		0.690265
356.9		0.690265
357		0.690265
357.1		0.690721
357.2		0.690721
357.3		0.690721
357.4		0.690721
357.5		0.690721
357.6		0.690721
357.7		0.690721
357.8		0.690721
357.9		0.690721
358		0.690721
358.1		0.69338
358.2		0.69338
358.3		0.69338
358.4		0.69338
358.5		0.69338
358.6		0.69338
358.7		0.69338
358.8		0.69338
358.9		0.69338
359		0.69338
359.1		0.695545
359.2		0.695545
359.3		0.695545
359.4		0.695545
359.5		0.695545
359.6		0.695545
359.7		0.695545
359.8		0.695545
359.9		0.695545
360		0.695545
360.1		0.695545
360.2		0.695545
360.3		0.695545
360.4		0.695545
360.5		0.695545
360.6		0.695545
360.7		0.695545
360.8		0.695545
360.9		0.695545
361		0.695545
361.1		0.698204
361.2		0.698204
361.3		0.698204
361.4		0.698204
361.5		0.698204
361.6		0.698204
361.7		0.698204
361.8		0.698204
361.9		0.698204
362		0.698204
362.1		0.699989
362.2		0.699989
362.3		0.699989
362.4		0.699989
362.5		0.699989
362.6		0.699989
362.7		0.699989
362.8		0.699989
362.9		0.699989
363		0.699989
363.1		0.701394
363.2		0.701394
363.3		0.701394
363.4		0.701394
363.5		0.701394
363.6		0.701394
363.7		0.701394
363.8		0.701394
363.9		0.701394
364		0.701394
364.1		0.703901
364.2		0.703901
364.3		0.703901
364.4		0.703901
364.5		0.703901
364.6		0.703901
364.7		0.703901
364.8		0.703901
364.9		0.703901
365		0.703901
365.1		0.704926
365.2		0.704926
365.3		0.704926
365.4		0.704926
365.5		0.704926
365.6		0.704926
365.7		0.704926
365.8		0.704926
365.9		0.704926
366		0.704926
366.1		0.705154
366.2		0.705154
366.3		0.705154
366.4		0.705154
366.5		0.705154
366.6		0.705154
366.7		0.705154
366.8		0.705154
366.9		0.705154
367		0.705154
367.1		0.708041
367.2		0.708041
367.3		0.708041
367.4		0.708041
367.5		0.708041
367.6		0.708041
367.7		0.708041
367.8		0.708041
367.9		0.708041
368		0.708041
368.1		0.713206
368.2		0.713206
368.3		0.713206
368.4		0.713206
368.5		0.713206
368.6		0.713206
368.7		0.713206
368.8		0.713206
368.9		0.713206
369		0.713206
369.1		0.714953
369.2		0.714953
369.3		0.714953
369.4		0.714953
369.5		0.714953
369.6		0.714953
369.7		0.714953
369.8		0.714953
369.9		0.714953
370		0.714953
370.1		0.715675
370.2		0.715675
370.3		0.715675
370.4		0.715675
370.5		0.715675
370.6		0.715675
370.7		0.715675
370.8		0.715675
370.9		0.715675
371		0.715675
371.1		0.7167
371.2		0.7167
371.3		0.7167
371.4		0.7167
371.5		0.7167
371.6		0.7167
371.7		0.7167
371.8		0.7167
371.9		0.7167
372		0.7167
372.1		0.721258
372.2		0.721258
372.3		0.721258
372.4		0.721258
372.5		0.721258
372.6		0.721258
372.7		0.721258
372.8		0.721258
372.9		0.721258
373		0.721258
373.1		0.722359
373.2		0.722359
373.3		0.722359
373.4		0.722359
373.5		0.722359
373.6		0.722359
373.7		0.722359
373.8		0.722359
373.9		0.722359
374		0.722359
374.1		0.725322
374.2		0.725322
374.3		0.725322
374.4		0.725322
374.5		0.725322
374.6		0.725322
374.7		0.725322
374.8		0.725322
374.9		0.725322
375		0.725322
375.1		0.726955
375.2		0.726955
375.3		0.726955
375.4		0.726955
375.5		0.726955
375.6		0.726955
375.7		0.726955
375.8		0.726955
375.9		0.726955
376		0.726955
376.1		0.72855
376.2		0.72855
376.3		0.72855
376.4		0.72855
376.5		0.72855
376.6		0.72855
376.7		0.72855
376.8		0.72855
376.9		0.72855
377		0.72855
377.1		0.731855
377.2		0.731855
377.3		0.731855
377.4		0.731855
377.5		0.731855
377.6		0.731855
377.7		0.731855
377.8		0.731855
377.9		0.731855
378		0.731855
378.1		0.73326
378.2		0.73326
378.3		0.73326
378.4		0.73326
378.5		0.73326
378.6		0.73326
378.7		0.73326
378.8		0.73326
378.9		0.73326
379		0.73326
379.1		0.733412
379.2		0.733412
379.3		0.733412
379.4		0.733412
379.5		0.733412
379.6		0.733412
379.7		0.733412
379.8		0.733412
379.9		0.733412
380		0.733412
380.1		0.736944
380.2		0.736944
380.3		0.736944
380.4		0.736944
380.5		0.736944
380.6		0.736944
380.7		0.736944
380.8		0.736944
380.9		0.736944
381		0.736944
381.1		0.738539
381.2		0.738539
381.3		0.738539
381.4		0.738539
381.5		0.738539
381.6		0.738539
381.7		0.738539
381.8		0.738539
381.9		0.738539
382		0.738539
382.1		0.74173
382.2		0.74173
382.3		0.74173
382.4		0.74173
382.5		0.74173
382.6		0.74173
382.7		0.74173
382.8		0.74173
382.9		0.74173
383		0.74173
383.1		0.744654
383.2		0.744654
383.3		0.744654
383.4		0.744654
383.5		0.744654
383.6		0.744654
383.7		0.744654
383.8		0.744654
383.9		0.744654
384		0.744654
384.1		0.746629
384.2		0.746629
384.3		0.746629
384.4		0.746629
384.5		0.746629
384.6		0.746629
384.7		0.746629
384.8		0.746629
384.9		0.746629
385		0.746629
385.1		0.749402
385.2		0.749402
385.3		0.749402
385.4		0.749402
385.5		0.749402
385.6		0.749402
385.7		0.749402
385.8		0.749402
385.9		0.749402
386		0.749402
386.1		0.751719
386.2		0.751719
386.3		0.751719
386.4		0.751719
386.5		0.751719
386.6		0.751719
386.7		0.751719
386.8		0.751719
386.9		0.751719
387		0.751719
387.1		0.755289
387.2		0.755289
387.3		0.755289
387.4		0.755289
387.5		0.755289
387.6		0.755289
387.7		0.755289
387.8		0.755289
387.9		0.755289
388		0.755289
388.1		0.755631
388.2		0.755631
388.3		0.755631
388.4		0.755631
388.5		0.755631
388.6		0.755631
388.7		0.755631
388.8		0.755631
388.9		0.755631
389		0.755631
389.1		0.757492
389.2		0.757492
389.3		0.757492
389.4		0.757492
389.5		0.757492
389.6		0.757492
389.7		0.757492
389.8		0.757492
389.9		0.757492
390		0.757492
390.1		0.757758
390.2		0.757758
390.3		0.757758
390.4		0.757758
390.5		0.757758
390.6		0.757758
390.7		0.757758
390.8		0.757758
390.9		0.757758
391		0.757758
391.1		0.76167
391.2		0.76167
391.3		0.76167
391.4		0.76167
391.5		0.76167
391.6		0.76167
391.7		0.76167
391.8		0.76167
391.9		0.76167
392		0.76167
392.1		0.766113
392.2		0.766113
392.3		0.766113
392.4		0.766113
392.5		0.766113
392.6		0.766113
392.7		0.766113
392.8		0.766113
392.9		0.766113
393		0.766113
393.1		0.766607
393.2		0.766607
393.3		0.766607
393.4		0.766607
393.5		0.766607
393.6		0.766607
393.7		0.766607
393.8		0.766607
393.9		0.766607
394		0.766607
394.1		0.768962
394.2		0.768962
394.3		0.768962
394.4		0.768962
394.5		0.768962
394.6		0.768962
394.7		0.768962
394.8		0.768962
394.9		0.768962
395		0.768962
395.1		0.769228
395.2		0.769228
395.3		0.769228
395.4		0.769228
395.5		0.769228
395.6		0.769228
395.7		0.769228
395.8		0.769228
395.9		0.769228
396		0.769228
396.1		0.770101
396.2		0.770101
396.3		0.770101
396.4		0.770101
396.5		0.770101
396.6		0.770101
396.7		0.770101
396.8		0.770101
396.9		0.770101
397		0.770101
397.1		0.773216
397.2		0.773216
397.3		0.773216
397.4		0.773216
397.5		0.773216
397.6		0.773216
397.7		0.773216
397.8		0.773216
397.9		0.773216
398		0.773216
398.1		0.775912
398.2		0.775912
398.3		0.775912
398.4		0.775912
398.5		0.775912
398.6		0.775912
398.7		0.775912
398.8		0.775912
398.9		0.775912
399		0.775912
399.1		0.777014
399.2		0.777014
399.3		0.777014
399.4		0.777014
399.5		0.777014
399.6		0.777014
399.7		0.777014
399.8		0.777014
399.9		0.777014
400		0.777014
400.1		0.779407
400.2		0.779407
400.3		0.779407
400.4		0.779407
400.5		0.779407
400.6		0.779407
400.7		0.779407
400.8		0.779407
400.9		0.779407
401		0.779407
401.1		0.781268
401.2		0.781268
401.3		0.781268
401.4		0.781268
401.5		0.781268
401.6		0.781268
401.7		0.781268
401.8		0.781268
401.9		0.781268
402		0.781268
402.1		0.786775
402.2		0.786775
402.3		0.786775
402.4		0.786775
402.5		0.786775
402.6		0.786775
402.7		0.786775
402.8		0.786775
402.9		0.786775
403		0.786775
403.1		0.787383
403.2		0.787383
403.3		0.787383
403.4		0.787383
403.5		0.787383
403.6		0.787383
403.7		0.787383
403.8		0.787383
403.9		0.787383
404		0.787383
404.1		0.78837
404.2		0.78837
404.3		0.78837
404.4		0.78837
404.5		0.78837
404.6		0.78837
404.7		0.78837
404.8		0.78837
404.9		0.78837
405		0.78837
405.1		0.789168
405.2		0.789168
405.3		0.789168
405.4		0.789168
405.5		0.789168
405.6		0.789168
405.7		0.789168
405.8		0.789168
405.9		0.789168
406		0.789168
406.1		0.795435
406.2		0.795435
406.3		0.795435
406.4		0.795435
406.5		0.795435
406.6		0.795435
406.7		0.795435
406.8		0.795435
406.9		0.795435
407		0.795435
407.1		0.795928
407.2		0.795928
407.3		0.795928
407.4		0.795928
407.5		0.795928
407.6		0.795928
407.7		0.795928
407.8		0.795928
407.9		0.795928
408		0.795928
408.1		0.796992
408.2		0.796992
408.3		0.796992
408.4		0.796992
408.5		0.796992
408.6		0.796992
408.7		0.796992
408.8		0.796992
408.9		0.796992
409		0.796992
409.1		0.798549
409.2		0.798549
409.3		0.798549
409.4		0.798549
409.5		0.798549
409.6		0.798549
409.7		0.798549
409.8		0.798549
409.9		0.798549
410		0.798549
410.1		0.802803
410.2		0.802803
410.3		0.802803
410.4		0.802803
410.5		0.802803
410.6		0.802803
410.7		0.802803
410.8		0.802803
410.9		0.802803
411		0.802803
411.1		0.803866
411.2		0.803866
411.3		0.803866
411.4		0.803866
411.5		0.803866
411.6		0.803866
411.7		0.803866
411.8		0.803866
411.9		0.803866
412		0.803866
412.1		0.80531
412.2		0.80531
412.3		0.80531
412.4		0.80531
412.5		0.80531
412.6		0.80531
412.7		0.80531
412.8		0.80531
412.9		0.80531
413		0.80531
413.1		0.805766
413.2		0.805766
413.3		0.805766
413.4		0.805766
413.5		0.805766
413.6		0.805766
413.7		0.805766
413.8		0.805766
413.9		0.805766
414		0.805766
414.1		0.807589
414.2		0.807589
414.3		0.807589
414.4		0.807589
414.5		0.807589
414.6		0.807589
414.7		0.807589
414.8		0.807589
414.9		0.807589
415		0.807589
415.1		0.812032
415.2		0.812032
415.3		0.812032
415.4		0.812032
415.5		0.812032
415.6		0.812032
415.7		0.812032
415.8		0.812032
415.9		0.812032
416		0.812032
416.1		0.813096
416.2		0.813096
416.3		0.813096
416.4		0.813096
416.5		0.813096
416.6		0.813096
416.7		0.813096
416.8		0.813096
416.9		0.813096
417		0.813096
417.1		0.814121
417.2		0.814121
417.3		0.814121
417.4		0.814121
417.5		0.814121
417.6		0.814121
417.7		0.814121
417.8		0.814121
417.9		0.814121
418		0.814121
418.1		0.818109
418.2		0.818109
418.3		0.818109
418.4		0.818109
418.5		0.818109
418.6		0.818109
418.7		0.818109
418.8		0.818109
418.9		0.818109
419		0.818109
419.1		0.818375
419.2		0.818375
419.3		0.818375
419.4		0.818375
419.5		0.818375
419.6		0.818375
419.7		0.818375
419.8		0.818375
419.9		0.818375
420		0.818375
420.1		0.823123
420.2		0.823123
420.3		0.823123
420.4		0.823123
420.5		0.823123
420.6		0.823123
420.7		0.823123
420.8		0.823123
420.9		0.823123
421		0.823123
421.1		0.824794
421.2		0.824794
421.3		0.824794
421.4		0.824794
421.5		0.824794
421.6		0.824794
421.7		0.824794
421.8		0.824794
421.9		0.824794
422		0.824794
422.1		0.825288
422.2		0.825288
422.3		0.825288
422.4		0.825288
422.5		0.825288
422.6		0.825288
422.7		0.825288
422.8		0.825288
422.9		0.825288
423		0.825288
423.1		0.827908
423.2		0.827908
423.3		0.827908
423.4		0.827908
423.5		0.827908
423.6		0.827908
423.7		0.827908
423.8		0.827908
423.9		0.827908
424		0.827908
424.1		0.832542
424.2		0.832542
424.3		0.832542
424.4		0.832542
424.5		0.832542
424.6		0.832542
424.7		0.832542
424.8		0.832542
424.9		0.832542
425		0.832542
425.1		0.83334
425.2		0.83334
425.3		0.83334
425.4		0.83334
425.5		0.83334
425.6		0.83334
425.7		0.83334
425.8		0.83334
425.9		0.83334
426		0.83334
426.1		0.834593
426.2		0.834593
426.3		0.834593
426.4		0.834593
426.5		0.834593
426.6		0.834593
426.7		0.834593
426.8		0.834593
426.9		0.834593
427		0.834593
427.1		0.836074
427.2		0.836074
427.3		0.836074
427.4		0.836074
427.5		0.836074
427.6		0.836074
427.7		0.836074
427.8		0.836074
427.9		0.836074
428		0.836074
428.1		0.839682
428.2		0.839682
428.3		0.839682
428.4		0.839682
428.5		0.839682
428.6		0.839682
428.7		0.839682
428.8		0.839682
428.9		0.839682
429		0.839682
429.1		0.841733
429.2		0.841733
429.3		0.841733
429.4		0.841733
429.5		0.841733
429.6		0.841733
429.7		0.841733
429.8		0.841733
429.9		0.841733
430		0.841733
430.1		0.842113
430.2		0.842113
430.3		0.842113
430.4		0.842113
430.5		0.842113
430.6		0.842113
430.7		0.842113
430.8		0.842113
430.9		0.842113
431		0.842113
431.1		0.844696
431.2		0.844696
431.3		0.844696
431.4		0.844696
431.5		0.844696
431.6		0.844696
431.7		0.844696
431.8		0.844696
431.9		0.844696
432		0.844696
432.1		0.849406
432.2		0.849406
432.3		0.849406
432.4		0.849406
432.5		0.849406
432.6		0.849406
432.7		0.849406
432.8		0.849406
432.9		0.849406
433		0.849406
433.1		0.850773
433.2		0.850773
433.3		0.850773
433.4		0.850773
433.5		0.850773
433.6		0.850773
433.7		0.850773
433.8		0.850773
433.9		0.850773
434		0.850773
434.1		0.851153
434.2		0.851153
434.3		0.851153
434.4		0.851153
434.5		0.851153
434.6		0.851153
434.7		0.851153
434.8		0.851153
434.9		0.851153
435		0.851153
435.1		0.852444
435.2		0.852444
435.3		0.852444
435.4		0.852444
435.5		0.852444
435.6		0.852444
435.7		0.852444
435.8		0.852444
435.9		0.852444
436		0.852444
436.1		0.857192
436.2		0.857192
436.3		0.857192
436.4		0.857192
436.5		0.857192
436.6		0.857192
436.7		0.857192
436.8		0.857192
436.9		0.857192
437		0.857192
437.1		0.858255
437.2		0.858255
437.3		0.858255
437.4		0.858255
437.5		0.858255
437.6		0.858255
437.7		0.858255
437.8		0.858255
437.9		0.858255
438		0.858255
438.1		0.858407
438.2		0.858407
438.3		0.858407
438.4		0.858407
438.5		0.858407
438.6		0.858407
438.7		0.858407
438.8		0.858407
438.9		0.858407
439		0.858407
439.1		0.863041
439.2		0.863041
439.3		0.863041
439.4		0.863041
439.5		0.863041
439.6		0.863041
439.7		0.863041
439.8		0.863041
439.9		0.863041
440		0.863041
440.1		0.865775
440.2		0.865775
440.3		0.865775
440.4		0.865775
440.5		0.865775
440.6		0.865775
440.7		0.865775
440.8		0.865775
440.9		0.865775
441		0.865775
441.1		0.866535
441.2		0.866535
441.3		0.866535
441.4		0.866535
441.5		0.866535
441.6		0.866535
441.7		0.866535
441.8		0.866535
441.9		0.866535
442		0.866535
442.1		0.867409
442.2		0.867409
442.3		0.867409
442.4		0.867409
442.5		0.867409
442.6		0.867409
442.7		0.867409
442.8		0.867409
442.9		0.867409
443		0.867409
443.1		0.868852
443.2		0.868852
443.3		0.868852
443.4		0.868852
443.5		0.868852
443.6		0.868852
443.7		0.868852
443.8		0.868852
443.9		0.868852
444		0.868852
444.1		0.872004
444.2		0.872004
444.3		0.872004
444.4		0.872004
444.5		0.872004
444.6		0.872004
444.7		0.872004
444.8		0.872004
444.9		0.872004
445		0.872004
445.1		0.875726
445.2		0.875726
445.3		0.875726
445.4		0.875726
445.5		0.875726
445.6		0.875726
445.7		0.875726
445.8		0.875726
445.9		0.875726
446		0.875726
446.1		0.877094
446.2		0.877094
446.3		0.877094
446.4		0.877094
446.5		0.877094
446.6		0.877094
446.7		0.877094
446.8		0.877094
446.9		0.877094
447		0.877094
447.1		0.878195
447.2		0.878195
447.3		0.878195
447.4		0.878195
447.5		0.878195
447.6		0.878195
447.7		0.878195
447.8		0.878195
447.9		0.878195
448		0.878195
448.1		0.880626
448.2		0.880626
448.3		0.880626
448.4		0.880626
448.5		0.880626
448.6		0.880626
448.7		0.880626
448.8		0.880626
448.9		0.880626
449		0.880626
449.1		0.882753
449.2		0.882753
449.3		0.882753
449.4		0.882753
449.5		0.882753
449.6		0.882753
449.7		0.882753
449.8		0.882753
449.9		0.882753
450		0.882753
450.1		0.88355
450.2		0.88355
450.3		0.88355
450.4		0.88355
450.5		0.88355
450.6		0.88355
450.7		0.88355
450.8		0.88355
450.9		0.88355
451		0.88355
451.1		0.887652
451.2		0.887652
451.3		0.887652
451.4		0.887652
451.5		0.887652
451.6		0.887652
451.7		0.887652
451.8		0.887652
451.9		0.887652
452		0.887652
452.1		0.888792
452.2		0.888792
452.3		0.888792
452.4		0.888792
452.5		0.888792
452.6		0.888792
452.7		0.888792
452.8		0.888792
452.9		0.888792
453		0.888792
453.1		0.890615
453.2		0.890615
453.3		0.890615
453.4		0.890615
453.5		0.890615
453.6		0.890615
453.7		0.890615
453.8		0.890615
453.9		0.890615
454		0.890615
454.1		0.89316
454.2		0.89316
454.3		0.89316
454.4		0.89316
454.5		0.89316
454.6		0.89316
454.7		0.89316
454.8		0.89316
454.9		0.89316
455		0.89316
455.1		0.894717
455.2		0.894717
455.3		0.894717
455.4		0.894717
455.5		0.894717
455.6		0.894717
455.7		0.894717
455.8		0.894717
455.9		0.894717
456		0.894717
456.1		0.895742
456.2		0.895742
456.3		0.895742
456.4		0.895742
456.5		0.895742
456.6		0.895742
456.7		0.895742
456.8		0.895742
456.9		0.895742
457		0.895742
457.1		0.898211
457.2		0.898211
457.3		0.898211
457.4		0.898211
457.5		0.898211
457.6		0.898211
457.7		0.898211
457.8		0.898211
457.9		0.898211
458		0.898211
458.1		0.902389
458.2		0.902389
458.3		0.902389
458.4		0.902389
458.5		0.902389
458.6		0.902389
458.7		0.902389
458.8		0.902389
458.9		0.902389
459		0.902389
459.1		0.903528
459.2		0.903528
459.3		0.903528
459.4		0.903528
459.5		0.903528
459.6		0.903528
459.7		0.903528
459.8		0.903528
459.9		0.903528
460		0.903528
460.1		0.904858
460.2		0.904858
460.3		0.904858
460.4		0.904858
460.5		0.904858
460.6		0.904858
460.7		0.904858
460.8		0.904858
460.9		0.904858
461		0.904858
461.1		0.905389
461.2		0.905389
461.3		0.905389
461.4		0.905389
461.5		0.905389
461.6		0.905389
461.7		0.905389
461.8		0.905389
461.9		0.905389
462		0.905389
462.1		0.911049
462.2		0.911049
462.3		0.911049
462.4		0.911049
462.5		0.911049
462.6		0.911049
462.7		0.911049
462.8		0.911049
462.9		0.911049
463		0.911049
463.1		0.912568
463.2		0.912568
463.3		0.912568
463.4		0.912568
463.5		0.912568
463.6		0.912568
463.7		0.912568
463.8		0.912568
463.9		0.912568
464		0.912568
464.1		0.913479
464.2		0.913479
464.3		0.913479
464.4		0.913479
464.5		0.913479
464.6		0.913479
464.7		0.913479
464.8		0.913479
464.9		0.913479
465		0.913479
465.1		0.916442
465.2		0.916442
465.3		0.916442
465.4		0.916442
465.5		0.916442
465.6		0.916442
465.7		0.916442
465.8		0.916442
465.9		0.916442
466		0.916442
466.1		0.917999
466.2		0.917999
466.3		0.917999
466.4		0.917999
466.5		0.917999
466.6		0.917999
466.7		0.917999
466.8		0.917999
466.9		0.917999
467		0.917999
467.1		0.920848
467.2		0.920848
467.3		0.920848
467.4		0.920848
467.5		0.920848
467.6		0.920848
467.7		0.920848
467.8		0.920848
467.9		0.920848
468		0.920848
468.1		0.924152
468.2		0.924152
468.3		0.924152
468.4		0.924152
468.5		0.924152
468.6		0.924152
468.7		0.924152
468.8		0.924152
468.9		0.924152
469		0.924152
469.1		0.92495
469.2		0.92495
469.3		0.92495
469.4		0.92495
469.5		0.92495
469.6		0.92495
469.7		0.92495
469.8		0.92495
469.9		0.92495
470		0.92495
470.1		0.926317
470.2		0.926317
470.3		0.926317
470.4		0.926317
470.5		0.926317
470.6		0.926317
470.7		0.926317
470.8		0.926317
470.9		0.926317
471		0.926317
471.1		0.929317
471.2		0.929317
471.3		0.929317
471.4		0.929317
471.5		0.929317
471.6		0.929317
471.7		0.929317
471.8		0.929317
471.9		0.929317
472		0.929317
472.1		0.929621
472.2		0.929621
472.3		0.929621
472.4		0.929621
472.5		0.929621
472.6		0.929621
472.7		0.929621
472.8		0.929621
472.9		0.929621
473		0.929621
473.1		0.934635
473.2		0.934635
473.3		0.934635
473.4		0.934635
473.5		0.934635
473.6		0.934635
473.7		0.934635
473.8		0.934635
473.9		0.934635
474		0.934635
474.1		0.934939
474.2		0.934939
474.3		0.934939
474.4		0.934939
474.5		0.934939
474.6		0.934939
474.7		0.934939
474.8		0.934939
474.9		0.934939
475		0.934939
475.1		0.935888
475.2		0.935888
475.3		0.935888
475.4		0.935888
475.5		0.935888
475.6		0.935888
475.7		0.935888
475.8		0.935888
475.9		0.935888
476		0.935888
476.1		0.938851
476.2		0.938851
476.3		0.938851
476.4		0.938851
476.5		0.938851
476.6		0.938851
476.7		0.938851
476.8		0.938851
476.9		0.938851
477		0.938851
477.1		0.941054
477.2		0.941054
477.3		0.941054
477.4		0.941054
477.5		0.941054
477.6		0.941054
477.7		0.941054
477.8		0.941054
477.9		0.941054
478		0.941054
478.1		0.941927
478.2		0.941927
478.3		0.941927
478.4		0.941927
478.5		0.941927
478.6		0.941927
478.7		0.941927
478.8		0.941927
478.9		0.941927
479		0.941927
479.1		0.948688
479.2		0.948688
479.3		0.948688
479.4		0.948688
479.5		0.948688
479.6		0.948688
479.7		0.948688
479.8		0.948688
479.9		0.948688
480		0.948688
480.1		0.949068
480.2		0.949068
480.3		0.949068
480.4		0.949068
480.5		0.949068
480.6		0.949068
480.7		0.949068
480.8		0.949068
480.9		0.949068
481		0.949068
481.1		0.950853
481.2		0.950853
481.3		0.950853
481.4		0.950853
481.5		0.950853
481.6		0.950853
481.7		0.950853
481.8		0.950853
481.9		0.950853
482		0.950853
482.1		0.951081
482.2		0.951081
482.3		0.951081
482.4		0.951081
482.5		0.951081
482.6		0.951081
482.7		0.951081
482.8		0.951081
482.9		0.951081
483		0.951081
483.1		0.954575
483.2		0.954575
483.3		0.954575
483.4		0.954575
483.5		0.954575
483.6		0.954575
483.7		0.954575
483.8		0.954575
483.9		0.954575
484		0.954575
484.1		0.959322
484.2		0.959322
484.3		0.959322
484.4		0.959322
484.5		0.959322
484.6		0.959322
484.7		0.959322
484.8		0.959322
484.9		0.959322
485		0.959322
485.1		0.960044
485.2		0.960044
485.3		0.960044
485.4		0.960044
485.5		0.960044
485.6		0.960044
485.7		0.960044
485.8		0.960044
485.9		0.960044
486		0.960044
486.1		0.961829
486.2		0.961829
486.3		0.961829
486.4		0.961829
486.5		0.961829
486.6		0.961829
486.7		0.961829
486.8		0.961829
486.9		0.961829
487		0.961829
487.1		0.962209
487.2		0.962209
487.3		0.962209
487.4		0.962209
487.5		0.962209
487.6		0.962209
487.7		0.962209
487.8		0.962209
487.9		0.962209
488		0.962209
488.1		0.964982
488.2		0.964982
488.3		0.964982
488.4		0.964982
488.5		0.964982
488.6		0.964982
488.7		0.964982
488.8		0.964982
488.9		0.964982
489		0.964982
489.1		0.966881
489.2		0.966881
489.3		0.966881
489.4		0.966881
489.5		0.966881
489.6		0.966881
489.7		0.966881
489.8		0.966881
489.9		0.966881
490		0.966881
490.1		0.968894
490.2		0.968894
490.3		0.968894
490.4		0.968894
490.5		0.968894
490.6		0.968894
490.7		0.968894
490.8		0.968894
490.9		0.968894
491		0.968894
491.1		0.970527
491.2		0.970527
491.3		0.970527
491.4		0.970527
491.5		0.970527
491.6		0.970527
491.7		0.970527
491.8		0.970527
491.9		0.970527
492		0.970527
492.1		0.971362
492.2		0.971362
492.3		0.971362
492.4		0.971362
492.5		0.971362
492.6		0.971362
492.7		0.971362
492.8		0.971362
492.9		0.971362
493		0.971362
493.1		0.97292
493.2		0.97292
493.3		0.97292
493.4		0.97292
493.5		0.97292
493.6		0.97292
493.7		0.97292
493.8		0.97292
493.9		0.97292
494		0.97292
494.1		0.97573
494.2		0.97573
494.3		0.97573
494.4		0.97573
494.5		0.97573
494.6		0.97573
494.7		0.97573
494.8		0.97573
494.9		0.97573
495		0.97573
495.1		0.976262
495.2		0.976262
495.3		0.976262
495.4		0.976262
495.5		0.976262
495.6		0.976262
495.7		0.976262
495.8		0.976262
495.9		0.976262
496		0.976262
496.1		0.981541
496.2		0.981541
496.3		0.981541
496.4		0.981541
496.5		0.981541
496.6		0.981541
496.7		0.981541
496.8		0.981541
496.9		0.981541
497		0.981541
497.1		0.982909
497.2		0.982909
497.3		0.982909
497.4		0.982909
497.5		0.982909
497.6		0.982909
497.7		0.982909
497.8		0.982909
497.9		0.982909
498		0.982909
498.1		0.983896
498.2		0.983896
498.3		0.983896
498.4		0.983896
498.5		0.983896
498.6		0.983896
498.7		0.983896
498.8		0.983896
498.9		0.983896
499		0.983896
499.1		0.985225
499.2		0.985225
499.3		0.985225
499.4		0.985225
499.5		0.985225
499.6		0.985225
499.7		0.985225
499.8		0.985225
499.9		0.985225
500		0.985225
500.1		0.988986
500.2		0.988986
500.3		0.988986
500.4		0.988986
500.5		0.988986
500.6		0.988986
500.7		0.988986
500.8		0.988986
500.9		0.988986
501		0.988986
501.1		0.992746
501.2		0.992746
501.3		0.992746
501.4		0.992746
501.5		0.992746
501.6		0.992746
501.7		0.992746
501.8		0.992746
501.9		0.992746
502		0.992746
502.1		0.993505
502.2		0.993505
502.3		0.993505
502.4		0.993505
502.5		0.993505
502.6		0.993505
502.7		0.993505
502.8		0.993505
502.9		0.993505
503		0.993505
503.1		0.994987
503.2		0.994987
503.3		0.994987
503.4		0.994987
503.5		0.994987
503.6		0.994987
503.7		0.994987
503.8		0.994987
503.9		0.994987
504		0.994987
504.1		0.995708
504.2		0.995708
504.3		0.995708
504.4		0.995708
504.5		0.995708
504.6		0.995708
504.7		0.995708
504.8		0.995708
504.9		0.995708
505		0.995708
505.1		0.997493
505.2		0.997493
505.3		0.997493
505.4		0.997493
505.5		0.997493
505.6		0.997493
505.7		0.997493
505.8		0.997493
505.9		0.997493
506		0.997493
506.1		0.99981
506.2		0.99981
506.3		0.99981
506.4		0.99981
506.5		0.99981
506.6		0.99981
506.7		0.99981
506.8		0.99981
506.9		0.99981
507		0.99981
507.1		1
507.2		1
507.3		1
507.4		1
507.5		1
507.6		1
507.7		1
507.8		1
507.9		1
508		1
508.1		1
508.2		1
508.3		1
508.4		1
508.5		1
508.6		1
508.7		1
508.8		1
508.9		1
509		1
509.1		1
509.2		1
509.3		1
509.4		1
509.5		1
509.6		1
509.7		1
509.8		1
509.9		1
510		1
510.1		1
510.2		1
510.3		1
510.4		1
510.5		1
510.6		1
510.7		1
510.8		1
510.9		1
511		1
511.1		1
511.2		1
511.3		1
511.4		1
511.5		1
511.6		1
511.7		1
511.8		1
511.9		1
512		1
512.1		1
512.2		1
512.3		1
512.4		1
512.5		1
512.6		1
512.7		1
512.8		1
512.9		1
513		1
513.1		1
513.2		1
513.3		1
513.4		1
513.5		1
513.6		1
513.7		1
513.8		1
513.9		1
514		1
514.1		1
514.2		1
514.3		1
514.4		1
514.5		1
514.6		1
514.7		1
514.8		1
514.9		1
515		1
515.1		1
515.2		1
515.3		1
515.4		1
515.5		1
515.6		1
515.7		1
515.8		1
515.9		1
516		1
516.1		1
516.2		1
516.3		1
516.4		1
516.5		1
516.6		1
516.7		1
516.8		1
516.9		1
517		1
517.1		1
517.2		1
517.3		1
517.4		1
517.5		1
517.6		1
517.7		1
517.8		1
517.9		1
518		1
518.1		1
518.2		1
518.3		1
518.4		1
518.5		1
518.6		1
518.7		1
518.8		1
518.9		1
519		1
519.1		1
519.2		1
519.3		1
519.4		1
519.5		1
519.6		1
519.7		1
519.8		1
519.9		1
520		1
520.1		1
520.2		1
520.3		1
520.4		1
520.5		1
520.6		1
520.7		1
520.8		1
520.9		1
521		1
521.1		1
521.2		1
521.3		1
521.4		1
521.5		1
521.6		1
521.7		1
521.8		1
521.9		1
522		1
522.1		1
522.2		1
522.3		1
522.4		1
522.5		1
522.6		1
522.7		1
522.8		1
522.9		1
523		1
523.1		1
523.2		1
523.3		1
523.4		1
523.5		1
523.6		1
523.7		1
523.8		1
523.9		1
524		1
524.1		1
524.2		1
524.3		1
524.4		1
524.5		1
524.6		1
524.7		1
524.8		1
524.9		1
525		1
525.1		1
525.2		1
525.3		1
525.4		1
525.5		1
525.6		1
525.7		1
525.8		1
525.9		1
526		1
526.1		1
526.2		1
526.3		1
526.4		1
526.5		1
526.6		1
526.7		1
526.8		1
526.9		1
527		1
527.1		1
527.2		1
527.3		1
527.4		1
527.5		1
527.6		1
527.7		1
527.8		1
527.9		1
528		1
528.1		1
528.2		1
528.3		1
528.4		1
528.5		1
528.6		1
528.7		1
528.8		1
528.9		1
529		1
529.1		1
529.2		1
529.3		1
529.4		1
529.5		1
529.6		1
529.7		1
529.8		1
529.9		1
530		1
530.1		1
530.2		1
530.3		1
530.4		1
530.5		1
530.6		1
530.7		1
530.8		1
530.9		1
531		1
531.1		1
531.2		1
531.3		1
531.4		1
531.5		1
531.6		1
531.7		1
531.8		1
531.9		1
532		1
532.1		1
532.2		1
532.3		1
532.4		1
532.5		1
532.6		1
532.7		1
532.8		1
532.9		1
533		1
533.1		1
533.2		1
533.3		1
533.4		1
533.5		1
533.6		1
533.7		1
533.8		1
533.9		1
534		1
534.1		1
534.2		1
534.3		1
534.4		1
534.5		1
534.6		1
534.7		1
534.8		1
534.9		1
535		1
535.1		1
535.2		1
535.3		1
535.4		1
535.5		1
535.6		1
535.7		1
535.8		1
535.9		1
536		1
536.1		1
536.2		1
536.3		1
536.4		1
536.5		1
536.6		1
536.7		1
536.8		1
536.9		1
537		1
537.1		1
537.2		1
537.3		1
537.4		1
537.5		1
537.6		1
537.7		1
537.8		1
537.9		1
538		1
538.1		1
538.2		1
538.3		1
538.4		1
538.5		1
538.6		1
538.7		1
538.8		1
538.9		1
539		1
539.1		1
539.2		1
539.3		1
539.4		1
539.5		1
539.6		1
539.7		1
539.8		1
539.9		1
540		1
540.1		1
540.2		1
540.3		1
540.4		1
540.5		1
540.6		1
540.7		1
540.8		1
540.9		1
541		1
541.1		1
541.2		1
541.3		1
541.4		1
541.5		1
541.6		1
541.7		1
541.8		1
541.9		1
542		1
542.1		1
542.2		1
542.3		1
542.4		1
542.5		1
542.6		1
542.7		1
542.8		1
542.9		1
543		1
543.1		1
543.2		1
543.3		1
543.4		1
543.5		1
543.6		1
543.7		1
543.8		1
543.9		1
544		1
544.1		1
544.2		1
544.3		1
544.4		1
544.5		1
544.6		1
544.7		1
544.8		1
544.9		1
545		1
545.1		1
545.2		1
545.3		1
545.4		1
545.5		1
545.6		1
545.7		1
545.8		1
545.9		1
546		1
546.1		1
546.2		1
546.3		1
546.4		1
546.5		1
546.6		1
546.7		1
546.8		1
546.9		1
547		1
547.1		1
547.2		1
547.3		1
547.4		1
547.5		1
547.6		1
547.7		1
547.8		1
547.9		1
548		1
548.1		1
548.2		1
548.3		1
548.4		1
548.5		1
548.6		1
548.7		1
548.8		1
548.9		1
549		1
549.1		1
549.2		1
549.3		1
549.4		1
549.5		1
549.6		1
549.7		1
549.8		1
549.9		1
550		1
550.1		1
550.2		1
550.3		1
550.4		1
550.5		1
550.6		1
550.7		1
550.8		1
550.9		1
551		1
551.1		1
551.2		1
551.3		1
551.4		1
551.5		1
551.6		1
551.7		1
551.8		1
551.9		1
552		1
552.1		1
552.2		1
552.3		1
552.4		1
552.5		1
552.6		1
552.7		1
552.8		1
552.9		1
553		1
553.1		1
553.2		1
553.3		1
553.4		1
553.5		1
553.6		1
553.7		1
553.8		1
553.9		1
554		1
554.1		1
554.2		1
554.3		1
554.4		1
554.5		1
554.6		1
554.7		1
554.8		1
554.9		1
555		1
555.1		1
555.2		1
555.3		1
555.4		1
555.5		1
555.6		1
555.7		1
555.8		1
555.9		1
556		1
556.1		1
556.2		1
556.3		1
556.4		1
556.5		1
556.6		1
556.7		1
556.8		1
556.9		1
557		1
557.1		1
557.2		1
557.3		1
557.4		1
557.5		1
557.6		1
557.7		1
557.8		1
557.9		1
558		1
558.1		1
558.2		1
558.3		1
558.4		1
558.5		1
558.6		1
558.7		1
558.8		1
558.9		1
559		1
559.1		1
559.2		1
559.3		1
559.4		1
559.5		1
559.6		1
559.7		1
559.8		1
559.9		1
560		1
560.1		1
560.2		1
560.3		1
560.4		1
560.5		1
560.6		1
560.7		1
560.8		1
560.9		1
561		1
561.1		1
561.2		1
561.3		1
561.4		1
561.5		1
561.6		1
561.7		1
561.8		1
561.9		1
562		1
562.1		1
562.2		1
562.3		1
562.4		1
562.5		1
562.6		1
562.7		1
562.8		1
562.9		1
563		1
563.1		1
563.2		1
563.3		1
563.4		1
563.5		1
563.6		1
563.7		1
563.8		1
563.9		1
564		1
564.1		1
564.2		1
564.3		1
564.4		1
564.5		1
564.6		1
564.7		1
564.8		1
564.9		1
565		1
565.1		1
565.2		1
565.3		1
565.4		1
565.5		1
565.6		1
565.7		1
565.8		1
565.9		1
566		1
566.1		1
566.2		1
566.3		1
566.4		1
566.5		1
566.6		1
566.7		1
566.8		1
566.9		1
567		1
567.1		1
567.2		1
567.3		1
567.4		1
567.5		1
567.6		1
567.7		1
567.8		1
567.9		1
568		1
568.1		1
568.2		1
568.3		1
568.4		1
568.5		1
568.6		1
568.7		1
568.8		1
568.9		1
569		1
569.1		1
569.2		1
569.3		1
569.4		1
569.5		1
569.6		1
569.7		1
569.8		1
569.9		1
570		1
570.1		1
570.2		1
570.3		1
570.4		1
570.5		1
570.6		1
570.7		1
570.8		1
570.9		1
571		1
571.1		1
571.2		1
571.3		1
571.4		1
571.5		1
571.6		1
571.7		1
571.8		1
571.9		1
572		1
572.1		1
572.2		1
572.3		1
572.4		1
572.5		1
572.6		1
572.7		1
572.8		1
572.9		1
573		1
573.1		1
573.2		1
573.3		1
573.4		1
573.5		1
573.6		1
573.7		1
573.8		1
573.9		1
574		1
574.1		1
574.2		1
574.3		1
574.4		1
574.5		1
574.6		1
574.7		1
574.8		1
574.9		1
575		1
575.1		1
575.2		1
575.3		1
575.4		1
575.5		1
575.6		1
575.7		1
575.8		1
575.9		1
576		1
576.1		1
576.2		1
576.3		1
576.4		1
576.5		1
576.6		1
576.7		1
576.8		1
576.9		1
577		1
577.1		1
577.2		1
577.3		1
577.4		1
577.5		1
577.6		1
577.7		1
577.8		1
577.9		1
578		1
578.1		1
578.2		1
578.3		1
578.4		1
578.5		1
578.6		1
578.7		1
578.8		1
578.9		1
579		1
579.1		1
579.2		1
579.3		1
579.4		1
579.5		1
579.6		1
579.7		1
579.8		1
579.9		1
580		1
580.1		1
580.2		1
580.3		1
580.4		1
580.5		1
580.6		1
580.7		1
580.8		1
580.9		1
581		1
581.1		1
581.2		1
581.3		1
581.4		1
581.5		1
581.6		1
581.7		1
581.8		1
581.9		1
582		1
582.1		1
582.2		1
582.3		1
582.4		1
582.5		1
582.6		1
582.7		1
582.8		1
582.9		1
583		1
583.1		1
583.2		1
583.3		1
583.4		1
583.5		1
583.6		1
583.7		1
583.8		1
583.9		1
584		1
584.1		1
584.2		1
584.3		1
584.4		1
584.5		1
584.6		1
584.7		1
584.8		1
584.9		1
585		1
585.1		1
585.2		1
585.3		1
585.4		1
585.5		1
585.6		1
585.7		1
585.8		1
585.9		1
586		1
586.1		1
586.2		1
586.3		1
586.4		1
586.5		1
586.6		1
586.7		1
586.8		1
586.9		1
587		1
587.1		1
587.2		1
587.3		1
587.4		1
587.5		1
587.6		1
587.7		1
587.8		1
587.9		1
588		1
588.1		1
588.2		1
588.3		1
588.4		1
588.5		1
588.6		1
588.7		1
588.8		1
588.9		1
589		1
589.1		1
589.2		1
589.3		1
589.4		1
589.5		1
589.6		1
589.7		1
589.8		1
589.9		1
590		1
590.1		1
590.2		1
590.3		1
590.4		1
590.5		1
590.6		1
590.7		1
590.8		1
590.9		1
591		1
591.1		1
591.2		1
591.3		1
591.4		1
591.5		1
591.6		1
591.7		1
591.8		1
591.9		1
592		1
592.1		1
592.2		1
592.3		1
592.4		1
592.5		1
592.6		1
592.7		1
592.8		1
592.9		1
593		1
593.1		1
593.2		1
593.3		1
593.4		1
593.5		1
593.6		1
593.7		1
593.8		1
593.9		1
594		1
594.1		1
594.2		1
594.3		1
594.4		1
594.5		1
594.6		1
594.7		1
594.8		1
594.9		1
595		1
595.1		1
595.2		1
595.3		1
595.4		1
595.5		1
595.6		1
595.7		1
595.8		1
595.9		1
596		1
596.1		1
596.2		1
596.3		1
596.4		1
596.5		1
596.6		1
596.7		1
596.8		1
596.9		1
597		1
597.1		1
597.2		1
597.3		1
597.4		1
597.5		1
597.6		1
597.7		1
597.8		1
597.9		1
598		1
598.1		1
598.2		1
598.3		1
598.4		1
598.5		1
598.6		1
598.7		1
598.8		1
598.9		1
599		1
599.1		1
599.2		1
599.3		1
599.4		1
599.5		1
599.6		1
599.7		1
599.8		1
599.9		1
600		1
