# Calibration file of tamex_id 1 @ channel 55
# fine_T bin		 Calibration value
0.1		0
0.2		0
0.3		0
0.4		0
0.5		0
0.6		0
0.7		0
0.8		0
0.9		0
1		0
1.1		0
1.2		0
1.3		0
1.4		0
1.5		0
1.6		0
1.7		0
1.8		0
1.9		0
2		0
2.1		0
2.2		0
2.3		0
2.4		0
2.5		0
2.6		0
2.7		0
2.8		0
2.9		0
3		0
3.1		0
3.2		0
3.3		0
3.4		0
3.5		0
3.6		0
3.7		0
3.8		0
3.9		0
4		0
4.1		0
4.2		0
4.3		0
4.4		0
4.5		0
4.6		0
4.7		0
4.8		0
4.9		0
5		0
5.1		0
5.2		0
5.3		0
5.4		0
5.5		0
5.6		0
5.7		0
5.8		0
5.9		0
6		0
6.1		0
6.2		0
6.3		0
6.4		0
6.5		0
6.6		0
6.7		0
6.8		0
6.9		0
7		0
7.1		0
7.2		0
7.3		0
7.4		0
7.5		0
7.6		0
7.7		0
7.8		0
7.9		0
8		0
8.1		0
8.2		0
8.3		0
8.4		0
8.5		0
8.6		0
8.7		0
8.8		0
8.9		0
9		0
9.1		0
9.2		0
9.3		0
9.4		0
9.5		0
9.6		0
9.7		0
9.8		0
9.9		0
10		0
10.1		0
10.2		0
10.3		0
10.4		0
10.5		0
10.6		0
10.7		0
10.8		0
10.9		0
11		0
11.1		0
11.2		0
11.3		0
11.4		0
11.5		0
11.6		0
11.7		0
11.8		0
11.9		0
12		0
12.1		0
12.2		0
12.3		0
12.4		0
12.5		0
12.6		0
12.7		0
12.8		0
12.9		0
13		0
13.1		0
13.2		0
13.3		0
13.4		0
13.5		0
13.6		0
13.7		0
13.8		0
13.9		0
14		0
14.1		0
14.2		0
14.3		0
14.4		0
14.5		0
14.6		0
14.7		0
14.8		0
14.9		0
15		0
15.1		0
15.2		0
15.3		0
15.4		0
15.5		0
15.6		0
15.7		0
15.8		0
15.9		0
16		0
16.1		0.0065697
16.2		0.0065697
16.3		0.0065697
16.4		0.0065697
16.5		0.0065697
16.6		0.0065697
16.7		0.0065697
16.8		0.0065697
16.9		0.0065697
17		0.0065697
17.1		0.00772663
17.2		0.00772663
17.3		0.00772663
17.4		0.00772663
17.5		0.00772663
17.6		0.00772663
17.7		0.00772663
17.8		0.00772663
17.9		0.00772663
18		0.00772663
18.1		0.0109288
18.2		0.0109288
18.3		0.0109288
18.4		0.0109288
18.5		0.0109288
18.6		0.0109288
18.7		0.0109288
18.8		0.0109288
18.9		0.0109288
19		0.0109288
19.1		0.0114453
19.2		0.0114453
19.3		0.0114453
19.4		0.0114453
19.5		0.0114453
19.6		0.0114453
19.7		0.0114453
19.8		0.0114453
19.9		0.0114453
20		0.0114453
20.1		0.0149781
20.2		0.0149781
20.3		0.0149781
20.4		0.0149781
20.5		0.0149781
20.6		0.0149781
20.7		0.0149781
20.8		0.0149781
20.9		0.0149781
21		0.0149781
21.1		0.0189447
21.2		0.0189447
21.3		0.0189447
21.4		0.0189447
21.5		0.0189447
21.6		0.0189447
21.7		0.0189447
21.8		0.0189447
21.9		0.0189447
22		0.0189447
22.1		0.0201636
22.2		0.0201636
22.3		0.0201636
22.4		0.0201636
22.5		0.0201636
22.6		0.0201636
22.7		0.0201636
22.8		0.0201636
22.9		0.0201636
23		0.0201636
23.1		0.0216924
23.2		0.0216924
23.3		0.0216924
23.4		0.0216924
23.5		0.0216924
23.6		0.0216924
23.7		0.0216924
23.8		0.0216924
23.9		0.0216924
24		0.0216924
24.1		0.0243575
24.2		0.0243575
24.3		0.0243575
24.4		0.0243575
24.5		0.0243575
24.6		0.0243575
24.7		0.0243575
24.8		0.0243575
24.9		0.0243575
25		0.0243575
25.1		0.0250393
25.2		0.0250393
25.3		0.0250393
25.4		0.0250393
25.5		0.0250393
25.6		0.0250393
25.7		0.0250393
25.8		0.0250393
25.9		0.0250393
26		0.0250393
26.1		0.0261342
26.2		0.0261342
26.3		0.0261342
26.4		0.0261342
26.5		0.0261342
26.6		0.0261342
26.7		0.0261342
26.8		0.0261342
26.9		0.0261342
27		0.0261342
27.1		0.0288613
27.2		0.0288613
27.3		0.0288613
27.4		0.0288613
27.5		0.0288613
27.6		0.0288613
27.7		0.0288613
27.8		0.0288613
27.9		0.0288613
28		0.0288613
28.1		0.0297703
28.2		0.0297703
28.3		0.0297703
28.4		0.0297703
28.5		0.0297703
28.6		0.0297703
28.7		0.0297703
28.8		0.0297703
28.9		0.0297703
29		0.0297703
29.1		0.0329725
29.2		0.0329725
29.3		0.0329725
29.4		0.0329725
29.5		0.0329725
29.6		0.0329725
29.7		0.0329725
29.8		0.0329725
29.9		0.0329725
30		0.0329725
30.1		0.0350384
30.2		0.0350384
30.3		0.0350384
30.4		0.0350384
30.5		0.0350384
30.6		0.0350384
30.7		0.0350384
30.8		0.0350384
30.9		0.0350384
31		0.0350384
31.1		0.0351211
31.2		0.0351211
31.3		0.0351211
31.4		0.0351211
31.5		0.0351211
31.6		0.0351211
31.7		0.0351211
31.8		0.0351211
31.9		0.0351211
32		0.0351211
32.1		0.0363193
32.2		0.0363193
32.3		0.0363193
32.4		0.0363193
32.5		0.0363193
32.6		0.0363193
32.7		0.0363193
32.8		0.0363193
32.9		0.0363193
33		0.0363193
33.1		0.0380754
33.2		0.0380754
33.3		0.0380754
33.4		0.0380754
33.5		0.0380754
33.6		0.0380754
33.7		0.0380754
33.8		0.0380754
33.9		0.0380754
34		0.0380754
34.1		0.0425171
34.2		0.0425171
34.3		0.0425171
34.4		0.0425171
34.5		0.0425171
34.6		0.0425171
34.7		0.0425171
34.8		0.0425171
34.9		0.0425171
35		0.0425171
35.1		0.0440459
35.2		0.0440459
35.3		0.0440459
35.4		0.0440459
35.5		0.0440459
35.6		0.0440459
35.7		0.0440459
35.8		0.0440459
35.9		0.0440459
36		0.0440459
36.1		0.0469176
36.2		0.0469176
36.3		0.0469176
36.4		0.0469176
36.5		0.0469176
36.6		0.0469176
36.7		0.0469176
36.8		0.0469176
36.9		0.0469176
37		0.0469176
37.1		0.0472688
37.2		0.0472688
37.3		0.0472688
37.4		0.0472688
37.5		0.0472688
37.6		0.0472688
37.7		0.0472688
37.8		0.0472688
37.9		0.0472688
38		0.0472688
38.1		0.0487976
38.2		0.0487976
38.3		0.0487976
38.4		0.0487976
38.5		0.0487976
38.6		0.0487976
38.7		0.0487976
38.8		0.0487976
38.9		0.0487976
39		0.0487976
39.1		0.0509462
39.2		0.0509462
39.3		0.0509462
39.4		0.0509462
39.5		0.0509462
39.6		0.0509462
39.7		0.0509462
39.8		0.0509462
39.9		0.0509462
40		0.0509462
40.1		0.0526816
40.2		0.0526816
40.3		0.0526816
40.4		0.0526816
40.5		0.0526816
40.6		0.0526816
40.7		0.0526816
40.8		0.0526816
40.9		0.0526816
41		0.0526816
41.1		0.0549335
41.2		0.0549335
41.3		0.0549335
41.4		0.0549335
41.5		0.0549335
41.6		0.0549335
41.7		0.0549335
41.8		0.0549335
41.9		0.0549335
42		0.0549335
42.1		0.0566276
42.2		0.0566276
42.3		0.0566276
42.4		0.0566276
42.5		0.0566276
42.6		0.0566276
42.7		0.0566276
42.8		0.0566276
42.9		0.0566276
43		0.0566276
43.1		0.0577432
43.2		0.0577432
43.3		0.0577432
43.4		0.0577432
43.5		0.0577432
43.6		0.0577432
43.7		0.0577432
43.8		0.0577432
43.9		0.0577432
44		0.0577432
44.1		0.0605528
44.2		0.0605528
44.3		0.0605528
44.4		0.0605528
44.5		0.0605528
44.6		0.0605528
44.7		0.0605528
44.8		0.0605528
44.9		0.0605528
45		0.0605528
45.1		0.0609867
45.2		0.0609867
45.3		0.0609867
45.4		0.0609867
45.5		0.0609867
45.6		0.0609867
45.7		0.0609867
45.8		0.0609867
45.9		0.0609867
46		0.0609867
46.1		0.0670606
46.2		0.0670606
46.3		0.0670606
46.4		0.0670606
46.5		0.0670606
46.6		0.0670606
46.7		0.0670606
46.8		0.0670606
46.9		0.0670606
47		0.0670606
47.1		0.0675977
47.2		0.0675977
47.3		0.0675977
47.4		0.0675977
47.5		0.0675977
47.6		0.0675977
47.7		0.0675977
47.8		0.0675977
47.9		0.0675977
48		0.0675977
48.1		0.0677837
48.2		0.0677837
48.3		0.0677837
48.4		0.0677837
48.5		0.0677837
48.6		0.0677837
48.7		0.0677837
48.8		0.0677837
48.9		0.0677837
49		0.0677837
49.1		0.067825
49.2		0.067825
49.3		0.067825
49.4		0.067825
49.5		0.067825
49.6		0.067825
49.7		0.067825
49.8		0.067825
49.9		0.067825
50		0.067825
50.1		0.0719362
50.2		0.0719362
50.3		0.0719362
50.4		0.0719362
50.5		0.0719362
50.6		0.0719362
50.7		0.0719362
50.8		0.0719362
50.9		0.0719362
51		0.0719362
51.1		0.0738989
51.2		0.0738989
51.3		0.0738989
51.4		0.0738989
51.5		0.0738989
51.6		0.0738989
51.7		0.0738989
51.8		0.0738989
51.9		0.0738989
52		0.0738989
52.1		0.0768945
52.2		0.0768945
52.3		0.0768945
52.4		0.0768945
52.5		0.0768945
52.6		0.0768945
52.7		0.0768945
52.8		0.0768945
52.9		0.0768945
53		0.0768945
53.1		0.0783406
53.2		0.0783406
53.3		0.0783406
53.4		0.0783406
53.5		0.0783406
53.6		0.0783406
53.7		0.0783406
53.8		0.0783406
53.9		0.0783406
54		0.0783406
54.1		0.0789191
54.2		0.0789191
54.3		0.0789191
54.4		0.0789191
54.5		0.0789191
54.6		0.0789191
54.7		0.0789191
54.8		0.0789191
54.9		0.0789191
55		0.0789191
55.1		0.0820387
55.2		0.0820387
55.3		0.0820387
55.4		0.0820387
55.5		0.0820387
55.6		0.0820387
55.7		0.0820387
55.8		0.0820387
55.9		0.0820387
56		0.0820387
56.1		0.0837327
56.2		0.0837327
56.3		0.0837327
56.4		0.0837327
56.5		0.0837327
56.6		0.0837327
56.7		0.0837327
56.8		0.0837327
56.9		0.0837327
57		0.0837327
57.1		0.0852822
57.2		0.0852822
57.3		0.0852822
57.4		0.0852822
57.5		0.0852822
57.6		0.0852822
57.7		0.0852822
57.8		0.0852822
57.9		0.0852822
58		0.0852822
58.1		0.0876374
58.2		0.0876374
58.3		0.0876374
58.4		0.0876374
58.5		0.0876374
58.6		0.0876374
58.7		0.0876374
58.8		0.0876374
58.9		0.0876374
59		0.0876374
59.1		0.0886084
59.2		0.0886084
59.3		0.0886084
59.4		0.0886084
59.5		0.0886084
59.6		0.0886084
59.7		0.0886084
59.8		0.0886084
59.9		0.0886084
60		0.0886084
60.1		0.0917693
60.2		0.0917693
60.3		0.0917693
60.4		0.0917693
60.5		0.0917693
60.6		0.0917693
60.7		0.0917693
60.8		0.0917693
60.9		0.0917693
61		0.0917693
61.1		0.0918106
61.2		0.0918106
61.3		0.0918106
61.4		0.0918106
61.5		0.0918106
61.6		0.0918106
61.7		0.0918106
61.8		0.0918106
61.9		0.0918106
62		0.0918106
62.1		0.0940005
62.2		0.0940005
62.3		0.0940005
62.4		0.0940005
62.5		0.0940005
62.6		0.0940005
62.7		0.0940005
62.8		0.0940005
62.9		0.0940005
63		0.0940005
63.1		0.0972234
63.2		0.0972234
63.3		0.0972234
63.4		0.0972234
63.5		0.0972234
63.6		0.0972234
63.7		0.0972234
63.8		0.0972234
63.9		0.0972234
64		0.0972234
64.1		0.0973267
64.2		0.0973267
64.3		0.0973267
64.4		0.0973267
64.5		0.0973267
64.6		0.0973267
64.7		0.0973267
64.8		0.0973267
64.9		0.0973267
65		0.0973267
65.1		0.099248
65.2		0.099248
65.3		0.099248
65.4		0.099248
65.5		0.099248
65.6		0.099248
65.7		0.099248
65.8		0.099248
65.9		0.099248
66		0.099248
66.1		0.102409
66.2		0.102409
66.3		0.102409
66.4		0.102409
66.5		0.102409
66.6		0.102409
66.7		0.102409
66.8		0.102409
66.9		0.102409
67		0.102409
67.1		0.103628
67.2		0.103628
67.3		0.103628
67.4		0.103628
67.5		0.103628
67.6		0.103628
67.7		0.103628
67.8		0.103628
67.9		0.103628
68		0.103628
68.1		0.104909
68.2		0.104909
68.3		0.104909
68.4		0.104909
68.5		0.104909
68.6		0.104909
68.7		0.104909
68.8		0.104909
68.9		0.104909
69		0.104909
69.1		0.108338
69.2		0.108338
69.3		0.108338
69.4		0.108338
69.5		0.108338
69.6		0.108338
69.7		0.108338
69.8		0.108338
69.9		0.108338
70		0.108338
70.1		0.109371
70.2		0.109371
70.3		0.109371
70.4		0.109371
70.5		0.109371
70.6		0.109371
70.7		0.109371
70.8		0.109371
70.9		0.109371
71		0.109371
71.1		0.110259
71.2		0.110259
71.3		0.110259
71.4		0.110259
71.5		0.110259
71.6		0.110259
71.7		0.110259
71.8		0.110259
71.9		0.110259
72		0.110259
72.1		0.116685
72.2		0.116685
72.3		0.116685
72.4		0.116685
72.5		0.116685
72.6		0.116685
72.7		0.116685
72.8		0.116685
72.9		0.116685
73		0.116685
73.1		0.116932
73.2		0.116932
73.3		0.116932
73.4		0.116932
73.5		0.116932
73.6		0.116932
73.7		0.116932
73.8		0.116932
73.9		0.116932
74		0.116932
74.1		0.118069
74.2		0.118069
74.3		0.118069
74.4		0.118069
74.5		0.118069
74.6		0.118069
74.7		0.118069
74.8		0.118069
74.9		0.118069
75		0.118069
75.1		0.120837
75.2		0.120837
75.3		0.120837
75.4		0.120837
75.5		0.120837
75.6		0.120837
75.7		0.120837
75.8		0.120837
75.9		0.120837
76		0.120837
76.1		0.120878
76.2		0.120878
76.3		0.120878
76.4		0.120878
76.5		0.120878
76.6		0.120878
76.7		0.120878
76.8		0.120878
76.9		0.120878
77		0.120878
77.1		0.123172
77.2		0.123172
77.3		0.123172
77.4		0.123172
77.5		0.123172
77.6		0.123172
77.7		0.123172
77.8		0.123172
77.9		0.123172
78		0.123172
78.1		0.127572
78.2		0.127572
78.3		0.127572
78.4		0.127572
78.5		0.127572
78.6		0.127572
78.7		0.127572
78.8		0.127572
78.9		0.127572
79		0.127572
79.1		0.128337
79.2		0.128337
79.3		0.128337
79.4		0.128337
79.5		0.128337
79.6		0.128337
79.7		0.128337
79.8		0.128337
79.9		0.128337
80		0.128337
80.1		0.130795
80.2		0.130795
80.3		0.130795
80.4		0.130795
80.5		0.130795
80.6		0.130795
80.7		0.130795
80.8		0.130795
80.9		0.130795
81		0.130795
81.1		0.13094
81.2		0.13094
81.3		0.13094
81.4		0.13094
81.5		0.13094
81.6		0.13094
81.7		0.13094
81.8		0.13094
81.9		0.13094
82		0.13094
82.1		0.130981
82.2		0.130981
82.3		0.130981
82.4		0.130981
82.5		0.130981
82.6		0.130981
82.7		0.130981
82.8		0.130981
82.9		0.130981
83		0.130981
83.1		0.132179
83.2		0.132179
83.3		0.132179
83.4		0.132179
83.5		0.132179
83.6		0.132179
83.7		0.132179
83.8		0.132179
83.9		0.132179
84		0.132179
84.1		0.135588
84.2		0.135588
84.3		0.135588
84.4		0.135588
84.5		0.135588
84.6		0.135588
84.7		0.135588
84.8		0.135588
84.9		0.135588
85		0.135588
85.1		0.141001
85.2		0.141001
85.3		0.141001
85.4		0.141001
85.5		0.141001
85.6		0.141001
85.7		0.141001
85.8		0.141001
85.9		0.141001
86		0.141001
86.1		0.141104
86.2		0.141104
86.3		0.141104
86.4		0.141104
86.5		0.141104
86.6		0.141104
86.7		0.141104
86.8		0.141104
86.9		0.141104
87		0.141104
87.1		0.14129
87.2		0.14129
87.3		0.14129
87.4		0.14129
87.5		0.14129
87.6		0.14129
87.7		0.14129
87.8		0.14129
87.9		0.14129
88		0.14129
88.1		0.143149
88.2		0.143149
88.3		0.143149
88.4		0.143149
88.5		0.143149
88.6		0.143149
88.7		0.143149
88.8		0.143149
88.9		0.143149
89		0.143149
89.1		0.145587
89.2		0.145587
89.3		0.145587
89.4		0.145587
89.5		0.145587
89.6		0.145587
89.7		0.145587
89.8		0.145587
89.9		0.145587
90		0.145587
90.1		0.14788
90.2		0.14788
90.3		0.14788
90.4		0.14788
90.5		0.14788
90.6		0.14788
90.7		0.14788
90.8		0.14788
90.9		0.14788
91		0.14788
91.1		0.151475
91.2		0.151475
91.3		0.151475
91.4		0.151475
91.5		0.151475
91.6		0.151475
91.7		0.151475
91.8		0.151475
91.9		0.151475
92		0.151475
92.1		0.153913
92.2		0.153913
92.3		0.153913
92.4		0.153913
92.5		0.153913
92.6		0.153913
92.7		0.153913
92.8		0.153913
92.9		0.153913
93		0.153913
93.1		0.154099
93.2		0.154099
93.3		0.154099
93.4		0.154099
93.5		0.154099
93.6		0.154099
93.7		0.154099
93.8		0.154099
93.9		0.154099
94		0.154099
94.1		0.155896
94.2		0.155896
94.3		0.155896
94.4		0.155896
94.5		0.155896
94.6		0.155896
94.7		0.155896
94.8		0.155896
94.9		0.155896
95		0.155896
95.1		0.158313
95.2		0.158313
95.3		0.158313
95.4		0.158313
95.5		0.158313
95.6		0.158313
95.7		0.158313
95.8		0.158313
95.9		0.158313
96		0.158313
96.1		0.159718
96.2		0.159718
96.3		0.159718
96.4		0.159718
96.5		0.159718
96.6		0.159718
96.7		0.159718
96.8		0.159718
96.9		0.159718
97		0.159718
97.1		0.163251
97.2		0.163251
97.3		0.163251
97.4		0.163251
97.5		0.163251
97.6		0.163251
97.7		0.163251
97.8		0.163251
97.9		0.163251
98		0.163251
98.1		0.163313
98.2		0.163313
98.3		0.163313
98.4		0.163313
98.5		0.163313
98.6		0.163313
98.7		0.163313
98.8		0.163313
98.9		0.163313
99		0.163313
99.1		0.16697
99.2		0.16697
99.3		0.16697
99.4		0.16697
99.5		0.16697
99.6		0.16697
99.7		0.16697
99.8		0.16697
99.9		0.16697
100		0.16697
100.1		0.167734
100.2		0.167734
100.3		0.167734
100.4		0.167734
100.5		0.167734
100.6		0.167734
100.7		0.167734
100.8		0.167734
100.9		0.167734
101		0.167734
101.1		0.169614
101.2		0.169614
101.3		0.169614
101.4		0.169614
101.5		0.169614
101.6		0.169614
101.7		0.169614
101.8		0.169614
101.9		0.169614
102		0.169614
102.1		0.17294
102.2		0.17294
102.3		0.17294
102.4		0.17294
102.5		0.17294
102.6		0.17294
102.7		0.17294
102.8		0.17294
102.9		0.17294
103		0.17294
103.1		0.174676
103.2		0.174676
103.3		0.174676
103.4		0.174676
103.5		0.174676
103.6		0.174676
103.7		0.174676
103.8		0.174676
103.9		0.174676
104		0.174676
104.1		0.17513
104.2		0.17513
104.3		0.17513
104.4		0.17513
104.5		0.17513
104.6		0.17513
104.7		0.17513
104.8		0.17513
104.9		0.17513
105		0.17513
105.1		0.178312
105.2		0.178312
105.3		0.178312
105.4		0.178312
105.5		0.178312
105.6		0.178312
105.7		0.178312
105.8		0.178312
105.9		0.178312
106		0.178312
106.1		0.180316
106.2		0.180316
106.3		0.180316
106.4		0.180316
106.5		0.180316
106.6		0.180316
106.7		0.180316
106.8		0.180316
106.9		0.180316
107		0.180316
107.1		0.180522
107.2		0.180522
107.3		0.180522
107.4		0.180522
107.5		0.180522
107.6		0.180522
107.7		0.180522
107.8		0.180522
107.9		0.180522
108		0.180522
108.1		0.185935
108.2		0.185935
108.3		0.185935
108.4		0.185935
108.5		0.185935
108.6		0.185935
108.7		0.185935
108.8		0.185935
108.9		0.185935
109		0.185935
109.1		0.186493
109.2		0.186493
109.3		0.186493
109.4		0.186493
109.5		0.186493
109.6		0.186493
109.7		0.186493
109.8		0.186493
109.9		0.186493
110		0.186493
110.1		0.188538
110.2		0.188538
110.3		0.188538
110.4		0.188538
110.5		0.188538
110.6		0.188538
110.7		0.188538
110.8		0.188538
110.9		0.188538
111		0.188538
111.1		0.190315
111.2		0.190315
111.3		0.190315
111.4		0.190315
111.5		0.190315
111.6		0.190315
111.7		0.190315
111.8		0.190315
111.9		0.190315
112		0.190315
112.1		0.190563
112.2		0.190563
112.3		0.190563
112.4		0.190563
112.5		0.190563
112.6		0.190563
112.7		0.190563
112.8		0.190563
112.9		0.190563
113		0.190563
113.1		0.19236
113.2		0.19236
113.3		0.19236
113.4		0.19236
113.5		0.19236
113.6		0.19236
113.7		0.19236
113.8		0.19236
113.9		0.19236
114		0.19236
114.1		0.195769
114.2		0.195769
114.3		0.195769
114.4		0.195769
114.5		0.195769
114.6		0.195769
114.7		0.195769
114.8		0.195769
114.9		0.195769
115		0.195769
115.1		0.197484
115.2		0.197484
115.3		0.197484
115.4		0.197484
115.5		0.197484
115.6		0.197484
115.7		0.197484
115.8		0.197484
115.9		0.197484
116		0.197484
116.1		0.199012
116.2		0.199012
116.3		0.199012
116.4		0.199012
116.5		0.199012
116.6		0.199012
116.7		0.199012
116.8		0.199012
116.9		0.199012
117		0.199012
117.1		0.20269
117.2		0.20269
117.3		0.20269
117.4		0.20269
117.5		0.20269
117.6		0.20269
117.7		0.20269
117.8		0.20269
117.9		0.20269
118		0.20269
118.1		0.204508
118.2		0.204508
118.3		0.204508
118.4		0.204508
118.5		0.204508
118.6		0.204508
118.7		0.204508
118.8		0.204508
118.9		0.204508
119		0.204508
119.1		0.206429
119.2		0.206429
119.3		0.206429
119.4		0.206429
119.5		0.206429
119.6		0.206429
119.7		0.206429
119.8		0.206429
119.9		0.206429
120		0.206429
120.1		0.207813
120.2		0.207813
120.3		0.207813
120.4		0.207813
120.5		0.207813
120.6		0.207813
120.7		0.207813
120.8		0.207813
120.9		0.207813
121		0.207813
121.1		0.20895
121.2		0.20895
121.3		0.20895
121.4		0.20895
121.5		0.20895
121.6		0.20895
121.7		0.20895
121.8		0.20895
121.9		0.20895
122		0.20895
122.1		0.210024
122.2		0.210024
122.3		0.210024
122.4		0.210024
122.5		0.210024
122.6		0.210024
122.7		0.210024
122.8		0.210024
122.9		0.210024
123		0.210024
123.1		0.213763
123.2		0.213763
123.3		0.213763
123.4		0.213763
123.5		0.213763
123.6		0.213763
123.7		0.213763
123.8		0.213763
123.9		0.213763
124		0.213763
124.1		0.217751
124.2		0.217751
124.3		0.217751
124.4		0.217751
124.5		0.217751
124.6		0.217751
124.7		0.217751
124.8		0.217751
124.9		0.217751
125		0.217751
125.1		0.217895
125.2		0.217895
125.3		0.217895
125.4		0.217895
125.5		0.217895
125.6		0.217895
125.7		0.217895
125.8		0.217895
125.9		0.217895
126		0.217895
126.1		0.220829
126.2		0.220829
126.3		0.220829
126.4		0.220829
126.5		0.220829
126.6		0.220829
126.7		0.220829
126.8		0.220829
126.9		0.220829
127		0.220829
127.1		0.222585
127.2		0.222585
127.3		0.222585
127.4		0.222585
127.5		0.222585
127.6		0.222585
127.7		0.222585
127.8		0.222585
127.9		0.222585
128		0.222585
128.1		0.223845
128.2		0.223845
128.3		0.223845
128.4		0.223845
128.5		0.223845
128.6		0.223845
128.7		0.223845
128.8		0.223845
128.9		0.223845
129		0.223845
129.1		0.226861
129.2		0.226861
129.3		0.226861
129.4		0.226861
129.5		0.226861
129.6		0.226861
129.7		0.226861
129.8		0.226861
129.9		0.226861
130		0.226861
130.1		0.227936
130.2		0.227936
130.3		0.227936
130.4		0.227936
130.5		0.227936
130.6		0.227936
130.7		0.227936
130.8		0.227936
130.9		0.227936
131		0.227936
131.1		0.230043
131.2		0.230043
131.3		0.230043
131.4		0.230043
131.5		0.230043
131.6		0.230043
131.7		0.230043
131.8		0.230043
131.9		0.230043
132		0.230043
132.1		0.232254
132.2		0.232254
132.3		0.232254
132.4		0.232254
132.5		0.232254
132.6		0.232254
132.7		0.232254
132.8		0.232254
132.9		0.232254
133		0.232254
133.1		0.234134
133.2		0.234134
133.3		0.234134
133.4		0.234134
133.5		0.234134
133.6		0.234134
133.7		0.234134
133.8		0.234134
133.9		0.234134
134		0.234134
134.1		0.235249
134.2		0.235249
134.3		0.235249
134.4		0.235249
134.5		0.235249
134.6		0.235249
134.7		0.235249
134.8		0.235249
134.9		0.235249
135		0.235249
135.1		0.236241
135.2		0.236241
135.3		0.236241
135.4		0.236241
135.5		0.236241
135.6		0.236241
135.7		0.236241
135.8		0.236241
135.9		0.236241
136		0.236241
136.1		0.238596
136.2		0.238596
136.3		0.238596
136.4		0.238596
136.5		0.238596
136.6		0.238596
136.7		0.238596
136.8		0.238596
136.9		0.238596
137		0.238596
137.1		0.242811
137.2		0.242811
137.3		0.242811
137.4		0.242811
137.5		0.242811
137.6		0.242811
137.7		0.242811
137.8		0.242811
137.9		0.242811
138		0.242811
138.1		0.242893
138.2		0.242893
138.3		0.242893
138.4		0.242893
138.5		0.242893
138.6		0.242893
138.7		0.242893
138.8		0.242893
138.9		0.242893
139		0.242893
139.1		0.2431
139.2		0.2431
139.3		0.2431
139.4		0.2431
139.5		0.2431
139.6		0.2431
139.7		0.2431
139.8		0.2431
139.9		0.2431
140		0.2431
140.1		0.247438
140.2		0.247438
140.3		0.247438
140.4		0.247438
140.5		0.247438
140.6		0.247438
140.7		0.247438
140.8		0.247438
140.9		0.247438
141		0.247438
141.1		0.248285
141.2		0.248285
141.3		0.248285
141.4		0.248285
141.5		0.248285
141.6		0.248285
141.7		0.248285
141.8		0.248285
141.9		0.248285
142		0.248285
142.1		0.252603
142.2		0.252603
142.3		0.252603
142.4		0.252603
142.5		0.252603
142.6		0.252603
142.7		0.252603
142.8		0.252603
142.9		0.252603
143		0.252603
143.1		0.253987
143.2		0.253987
143.3		0.253987
143.4		0.253987
143.5		0.253987
143.6		0.253987
143.7		0.253987
143.8		0.253987
143.9		0.253987
144		0.253987
144.1		0.254215
144.2		0.254215
144.3		0.254215
144.4		0.254215
144.5		0.254215
144.6		0.254215
144.7		0.254215
144.8		0.254215
144.9		0.254215
145		0.254215
145.1		0.256466
145.2		0.256466
145.3		0.256466
145.4		0.256466
145.5		0.256466
145.6		0.256466
145.7		0.256466
145.8		0.256466
145.9		0.256466
146		0.256466
146.1		0.258553
146.2		0.258553
146.3		0.258553
146.4		0.258553
146.5		0.258553
146.6		0.258553
146.7		0.258553
146.8		0.258553
146.9		0.258553
147		0.258553
147.1		0.258966
147.2		0.258966
147.3		0.258966
147.4		0.258966
147.5		0.258966
147.6		0.258966
147.7		0.258966
147.8		0.258966
147.9		0.258966
148		0.258966
148.1		0.263077
148.2		0.263077
148.3		0.263077
148.4		0.263077
148.5		0.263077
148.6		0.263077
148.7		0.263077
148.8		0.263077
148.9		0.263077
149		0.263077
149.1		0.264586
149.2		0.264586
149.3		0.264586
149.4		0.264586
149.5		0.264586
149.6		0.264586
149.7		0.264586
149.8		0.264586
149.9		0.264586
150		0.264586
150.1		0.266631
150.2		0.266631
150.3		0.266631
150.4		0.266631
150.5		0.266631
150.6		0.266631
150.7		0.266631
150.8		0.266631
150.9		0.266631
151		0.266631
151.1		0.268118
151.2		0.268118
151.3		0.268118
151.4		0.268118
151.5		0.268118
151.6		0.268118
151.7		0.268118
151.8		0.268118
151.9		0.268118
152		0.268118
152.1		0.268201
152.2		0.268201
152.3		0.268201
152.4		0.268201
152.5		0.268201
152.6		0.268201
152.7		0.268201
152.8		0.268201
152.9		0.268201
153		0.268201
153.1		0.273201
153.2		0.273201
153.3		0.273201
153.4		0.273201
153.5		0.273201
153.6		0.273201
153.7		0.273201
153.8		0.273201
153.9		0.273201
154		0.273201
154.1		0.274275
154.2		0.274275
154.3		0.274275
154.4		0.274275
154.5		0.274275
154.6		0.274275
154.7		0.274275
154.8		0.274275
154.9		0.274275
155		0.274275
155.1		0.27475
155.2		0.27475
155.3		0.27475
155.4		0.27475
155.5		0.27475
155.6		0.27475
155.7		0.27475
155.8		0.27475
155.9		0.27475
156		0.27475
156.1		0.278489
156.2		0.278489
156.3		0.278489
156.4		0.278489
156.5		0.278489
156.6		0.278489
156.7		0.278489
156.8		0.278489
156.9		0.278489
157		0.278489
157.1		0.278841
157.2		0.278841
157.3		0.278841
157.4		0.278841
157.5		0.278841
157.6		0.278841
157.7		0.278841
157.8		0.278841
157.9		0.278841
158		0.278841
158.1		0.280059
158.2		0.280059
158.3		0.280059
158.4		0.280059
158.5		0.280059
158.6		0.280059
158.7		0.280059
158.8		0.280059
158.9		0.280059
159		0.280059
159.1		0.284605
159.2		0.284605
159.3		0.284605
159.4		0.284605
159.5		0.284605
159.6		0.284605
159.7		0.284605
159.8		0.284605
159.9		0.284605
160		0.284605
160.1		0.285307
160.2		0.285307
160.3		0.285307
160.4		0.285307
160.5		0.285307
160.6		0.285307
160.7		0.285307
160.8		0.285307
160.9		0.285307
161		0.285307
161.1		0.287662
161.2		0.287662
161.3		0.287662
161.4		0.287662
161.5		0.287662
161.6		0.287662
161.7		0.287662
161.8		0.287662
161.9		0.287662
162		0.287662
162.1		0.292682
162.2		0.292682
162.3		0.292682
162.4		0.292682
162.5		0.292682
162.6		0.292682
162.7		0.292682
162.8		0.292682
162.9		0.292682
163		0.292682
163.1		0.293364
163.2		0.293364
163.3		0.293364
163.4		0.293364
163.5		0.293364
163.6		0.293364
163.7		0.293364
163.8		0.293364
163.9		0.293364
164		0.293364
164.1		0.294831
164.2		0.294831
164.3		0.294831
164.4		0.294831
164.5		0.294831
164.6		0.294831
164.7		0.294831
164.8		0.294831
164.9		0.294831
165		0.294831
165.1		0.297951
165.2		0.297951
165.3		0.297951
165.4		0.297951
165.5		0.297951
165.6		0.297951
165.7		0.297951
165.8		0.297951
165.9		0.297951
166		0.297951
166.1		0.299314
166.2		0.299314
166.3		0.299314
166.4		0.299314
166.5		0.299314
166.6		0.299314
166.7		0.299314
166.8		0.299314
166.9		0.299314
167		0.299314
167.1		0.300905
167.2		0.300905
167.3		0.300905
167.4		0.300905
167.5		0.300905
167.6		0.300905
167.7		0.300905
167.8		0.300905
167.9		0.300905
168		0.300905
168.1		0.302578
168.2		0.302578
168.3		0.302578
168.4		0.302578
168.5		0.302578
168.6		0.302578
168.7		0.302578
168.8		0.302578
168.9		0.302578
169		0.302578
169.1		0.305409
169.2		0.305409
169.3		0.305409
169.4		0.305409
169.5		0.305409
169.6		0.305409
169.7		0.305409
169.8		0.305409
169.9		0.305409
170		0.305409
170.1		0.308156
170.2		0.308156
170.3		0.308156
170.4		0.308156
170.5		0.308156
170.6		0.308156
170.7		0.308156
170.8		0.308156
170.9		0.308156
171		0.308156
171.1		0.308363
171.2		0.308363
171.3		0.308363
171.4		0.308363
171.5		0.308363
171.6		0.308363
171.7		0.308363
171.8		0.308363
171.9		0.308363
172		0.308363
172.1		0.310119
172.2		0.310119
172.3		0.310119
172.4		0.310119
172.5		0.310119
172.6		0.310119
172.7		0.310119
172.8		0.310119
172.9		0.310119
173		0.310119
173.1		0.310904
173.2		0.310904
173.3		0.310904
173.4		0.310904
173.5		0.310904
173.6		0.310904
173.7		0.310904
173.8		0.310904
173.9		0.310904
174		0.310904
174.1		0.318218
174.2		0.318218
174.3		0.318218
174.4		0.318218
174.5		0.318218
174.6		0.318218
174.7		0.318218
174.8		0.318218
174.9		0.318218
175		0.318218
175.1		0.318879
175.2		0.318879
175.3		0.318879
175.4		0.318879
175.5		0.318879
175.6		0.318879
175.7		0.318879
175.8		0.318879
175.9		0.318879
176		0.318879
176.1		0.319147
176.2		0.319147
176.3		0.319147
176.4		0.319147
176.5		0.319147
176.6		0.319147
176.7		0.319147
176.8		0.319147
176.9		0.319147
177		0.319147
177.1		0.321192
177.2		0.321192
177.3		0.321192
177.4		0.321192
177.5		0.321192
177.6		0.321192
177.7		0.321192
177.8		0.321192
177.9		0.321192
178		0.321192
178.1		0.322515
178.2		0.322515
178.3		0.322515
178.4		0.322515
178.5		0.322515
178.6		0.322515
178.7		0.322515
178.8		0.322515
178.9		0.322515
179		0.322515
179.1		0.324229
179.2		0.324229
179.3		0.324229
179.4		0.324229
179.5		0.324229
179.6		0.324229
179.7		0.324229
179.8		0.324229
179.9		0.324229
180		0.324229
180.1		0.326709
180.2		0.326709
180.3		0.326709
180.4		0.326709
180.5		0.326709
180.6		0.326709
180.7		0.326709
180.8		0.326709
180.9		0.326709
181		0.326709
181.1		0.328919
181.2		0.328919
181.3		0.328919
181.4		0.328919
181.5		0.328919
181.6		0.328919
181.7		0.328919
181.8		0.328919
181.9		0.328919
182		0.328919
182.1		0.330716
182.2		0.330716
182.3		0.330716
182.4		0.330716
182.5		0.330716
182.6		0.330716
182.7		0.330716
182.8		0.330716
182.9		0.330716
183		0.330716
183.1		0.331336
183.2		0.331336
183.3		0.331336
183.4		0.331336
183.5		0.331336
183.6		0.331336
183.7		0.331336
183.8		0.331336
183.9		0.331336
184		0.331336
184.1		0.331481
184.2		0.331481
184.3		0.331481
184.4		0.331481
184.5		0.331481
184.6		0.331481
184.7		0.331481
184.8		0.331481
184.9		0.331481
185		0.331481
185.1		0.334642
185.2		0.334642
185.3		0.334642
185.4		0.334642
185.5		0.334642
185.6		0.334642
185.7		0.334642
185.8		0.334642
185.9		0.334642
186		0.334642
186.1		0.335964
186.2		0.335964
186.3		0.335964
186.4		0.335964
186.5		0.335964
186.6		0.335964
186.7		0.335964
186.8		0.335964
186.9		0.335964
187		0.335964
187.1		0.342492
187.2		0.342492
187.3		0.342492
187.4		0.342492
187.5		0.342492
187.6		0.342492
187.7		0.342492
187.8		0.342492
187.9		0.342492
188		0.342492
188.1		0.342906
188.2		0.342906
188.3		0.342906
188.4		0.342906
188.5		0.342906
188.6		0.342906
188.7		0.342906
188.8		0.342906
188.9		0.342906
189		0.342906
189.1		0.342906
189.2		0.342906
189.3		0.342906
189.4		0.342906
189.5		0.342906
189.6		0.342906
189.7		0.342906
189.8		0.342906
189.9		0.342906
190		0.342906
190.1		0.343649
190.2		0.343649
190.3		0.343649
190.4		0.343649
190.5		0.343649
190.6		0.343649
190.7		0.343649
190.8		0.343649
190.9		0.343649
191		0.343649
191.1		0.347884
191.2		0.347884
191.3		0.347884
191.4		0.347884
191.5		0.347884
191.6		0.347884
191.7		0.347884
191.8		0.347884
191.9		0.347884
192		0.347884
192.1		0.348091
192.2		0.348091
192.3		0.348091
192.4		0.348091
192.5		0.348091
192.6		0.348091
192.7		0.348091
192.8		0.348091
192.9		0.348091
193		0.348091
193.1		0.352388
193.2		0.352388
193.3		0.352388
193.4		0.352388
193.5		0.352388
193.6		0.352388
193.7		0.352388
193.8		0.352388
193.9		0.352388
194		0.352388
194.1		0.354
194.2		0.354
194.3		0.354
194.4		0.354
194.5		0.354
194.6		0.354
194.7		0.354
194.8		0.354
194.9		0.354
195		0.354
195.1		0.355053
195.2		0.355053
195.3		0.355053
195.4		0.355053
195.5		0.355053
195.6		0.355053
195.7		0.355053
195.8		0.355053
195.9		0.355053
196		0.355053
196.1		0.355528
196.2		0.355528
196.3		0.355528
196.4		0.355528
196.5		0.355528
196.6		0.355528
196.7		0.355528
196.8		0.355528
196.9		0.355528
197		0.355528
197.1		0.358152
197.2		0.358152
197.3		0.358152
197.4		0.358152
197.5		0.358152
197.6		0.358152
197.7		0.358152
197.8		0.358152
197.9		0.358152
198		0.358152
198.1		0.358937
198.2		0.358937
198.3		0.358937
198.4		0.358937
198.5		0.358937
198.6		0.358937
198.7		0.358937
198.8		0.358937
198.9		0.358937
199		0.358937
199.1		0.362966
199.2		0.362966
199.3		0.362966
199.4		0.362966
199.5		0.362966
199.6		0.362966
199.7		0.362966
199.8		0.362966
199.9		0.362966
200		0.362966
200.1		0.362966
200.2		0.362966
200.3		0.362966
200.4		0.362966
200.5		0.362966
200.6		0.362966
200.7		0.362966
200.8		0.362966
200.9		0.362966
201		0.362966
201.1		0.367036
201.2		0.367036
201.3		0.367036
201.4		0.367036
201.5		0.367036
201.6		0.367036
201.7		0.367036
201.8		0.367036
201.9		0.367036
202		0.367036
202.1		0.369866
202.2		0.369866
202.3		0.369866
202.4		0.369866
202.5		0.369866
202.6		0.369866
202.7		0.369866
202.8		0.369866
202.9		0.369866
203		0.369866
203.1		0.371849
203.2		0.371849
203.3		0.371849
203.4		0.371849
203.5		0.371849
203.6		0.371849
203.7		0.371849
203.8		0.371849
203.9		0.371849
204		0.371849
204.1		0.377407
204.2		0.377407
204.3		0.377407
204.4		0.377407
204.5		0.377407
204.6		0.377407
204.7		0.377407
204.8		0.377407
204.9		0.377407
205		0.377407
205.1		0.377799
205.2		0.377799
205.3		0.377799
205.4		0.377799
205.5		0.377799
205.6		0.377799
205.7		0.377799
205.8		0.377799
205.9		0.377799
206		0.377799
206.1		0.379886
206.2		0.379886
206.3		0.379886
206.4		0.379886
206.5		0.379886
206.6		0.379886
206.7		0.379886
206.8		0.379886
206.9		0.379886
207		0.379886
207.1		0.382097
207.2		0.382097
207.3		0.382097
207.4		0.382097
207.5		0.382097
207.6		0.382097
207.7		0.382097
207.8		0.382097
207.9		0.382097
208		0.382097
208.1		0.383233
208.2		0.383233
208.3		0.383233
208.4		0.383233
208.5		0.383233
208.6		0.383233
208.7		0.383233
208.8		0.383233
208.9		0.383233
209		0.383233
209.1		0.384555
209.2		0.384555
209.3		0.384555
209.4		0.384555
209.5		0.384555
209.6		0.384555
209.7		0.384555
209.8		0.384555
209.9		0.384555
210		0.384555
210.1		0.38722
210.2		0.38722
210.3		0.38722
210.4		0.38722
210.5		0.38722
210.6		0.38722
210.7		0.38722
210.8		0.38722
210.9		0.38722
211		0.38722
211.1		0.388976
211.2		0.388976
211.3		0.388976
211.4		0.388976
211.5		0.388976
211.6		0.388976
211.7		0.388976
211.8		0.388976
211.9		0.388976
212		0.388976
212.1		0.39036
212.2		0.39036
212.3		0.39036
212.4		0.39036
212.5		0.39036
212.6		0.39036
212.7		0.39036
212.8		0.39036
212.9		0.39036
213		0.39036
213.1		0.392344
213.2		0.392344
213.3		0.392344
213.4		0.392344
213.5		0.392344
213.6		0.392344
213.7		0.392344
213.8		0.392344
213.9		0.392344
214		0.392344
214.1		0.395463
214.2		0.395463
214.3		0.395463
214.4		0.395463
214.5		0.395463
214.6		0.395463
214.7		0.395463
214.8		0.395463
214.9		0.395463
215		0.395463
215.1		0.39755
215.2		0.39755
215.3		0.39755
215.4		0.39755
215.5		0.39755
215.6		0.39755
215.7		0.39755
215.8		0.39755
215.9		0.39755
216		0.39755
216.1		0.400897
216.2		0.400897
216.3		0.400897
216.4		0.400897
216.5		0.400897
216.6		0.400897
216.7		0.400897
216.8		0.400897
216.9		0.400897
217		0.400897
217.1		0.402219
217.2		0.402219
217.3		0.402219
217.4		0.402219
217.5		0.402219
217.6		0.402219
217.7		0.402219
217.8		0.402219
217.9		0.402219
218		0.402219
218.1		0.404223
218.2		0.404223
218.3		0.404223
218.4		0.404223
218.5		0.404223
218.6		0.404223
218.7		0.404223
218.8		0.404223
218.9		0.404223
219		0.404223
219.1		0.405958
219.2		0.405958
219.3		0.405958
219.4		0.405958
219.5		0.405958
219.6		0.405958
219.7		0.405958
219.8		0.405958
219.9		0.405958
220		0.405958
220.1		0.408789
220.2		0.408789
220.3		0.408789
220.4		0.408789
220.5		0.408789
220.6		0.408789
220.7		0.408789
220.8		0.408789
220.9		0.408789
221		0.408789
221.1		0.408789
221.2		0.408789
221.3		0.408789
221.4		0.408789
221.5		0.408789
221.6		0.408789
221.7		0.408789
221.8		0.408789
221.9		0.408789
222		0.408789
222.1		0.410689
222.2		0.410689
222.3		0.410689
222.4		0.410689
222.5		0.410689
222.6		0.410689
222.7		0.410689
222.8		0.410689
222.9		0.410689
223		0.410689
223.1		0.411206
223.2		0.411206
223.3		0.411206
223.4		0.411206
223.5		0.411206
223.6		0.411206
223.7		0.411206
223.8		0.411206
223.9		0.411206
224		0.411206
224.1		0.413499
224.2		0.413499
224.3		0.413499
224.4		0.413499
224.5		0.413499
224.6		0.413499
224.7		0.413499
224.8		0.413499
224.9		0.413499
225		0.413499
225.1		0.417176
225.2		0.417176
225.3		0.417176
225.4		0.417176
225.5		0.417176
225.6		0.417176
225.7		0.417176
225.8		0.417176
225.9		0.417176
226		0.417176
226.1		0.420234
226.2		0.420234
226.3		0.420234
226.4		0.420234
226.5		0.420234
226.6		0.420234
226.7		0.420234
226.8		0.420234
226.9		0.420234
227		0.420234
227.1		0.421845
227.2		0.421845
227.3		0.421845
227.4		0.421845
227.5		0.421845
227.6		0.421845
227.7		0.421845
227.8		0.421845
227.9		0.421845
228		0.421845
228.1		0.422031
228.2		0.422031
228.3		0.422031
228.4		0.422031
228.5		0.422031
228.6		0.422031
228.7		0.422031
228.8		0.422031
228.9		0.422031
229		0.422031
229.1		0.424118
229.2		0.424118
229.3		0.424118
229.4		0.424118
229.5		0.424118
229.6		0.424118
229.7		0.424118
229.8		0.424118
229.9		0.424118
230		0.424118
230.1		0.427506
230.2		0.427506
230.3		0.427506
230.4		0.427506
230.5		0.427506
230.6		0.427506
230.7		0.427506
230.8		0.427506
230.9		0.427506
231		0.427506
231.1		0.428146
231.2		0.428146
231.3		0.428146
231.4		0.428146
231.5		0.428146
231.6		0.428146
231.7		0.428146
231.8		0.428146
231.9		0.428146
232		0.428146
232.1		0.432526
232.2		0.432526
232.3		0.432526
232.4		0.432526
232.5		0.432526
232.6		0.432526
232.7		0.432526
232.8		0.432526
232.9		0.432526
233		0.432526
233.1		0.43327
233.2		0.43327
233.3		0.43327
233.4		0.43327
233.5		0.43327
233.6		0.43327
233.7		0.43327
233.8		0.43327
233.9		0.43327
234		0.43327
234.1		0.434613
234.2		0.434613
234.3		0.434613
234.4		0.434613
234.5		0.434613
234.6		0.434613
234.7		0.434613
234.8		0.434613
234.9		0.434613
235		0.434613
235.1		0.435398
235.2		0.435398
235.3		0.435398
235.4		0.435398
235.5		0.435398
235.6		0.435398
235.7		0.435398
235.8		0.435398
235.9		0.435398
236		0.435398
236.1		0.436658
236.2		0.436658
236.3		0.436658
236.4		0.436658
236.5		0.436658
236.6		0.436658
236.7		0.436658
236.8		0.436658
236.9		0.436658
237		0.436658
237.1		0.438972
237.2		0.438972
237.3		0.438972
237.4		0.438972
237.5		0.438972
237.6		0.438972
237.7		0.438972
237.8		0.438972
237.9		0.438972
238		0.438972
238.1		0.4436
238.2		0.4436
238.3		0.4436
238.4		0.4436
238.5		0.4436
238.6		0.4436
238.7		0.4436
238.8		0.4436
238.9		0.4436
239		0.4436
239.1		0.444591
239.2		0.444591
239.3		0.444591
239.4		0.444591
239.5		0.444591
239.6		0.444591
239.7		0.444591
239.8		0.444591
239.9		0.444591
240		0.444591
240.1		0.44519
240.2		0.44519
240.3		0.44519
240.4		0.44519
240.5		0.44519
240.6		0.44519
240.7		0.44519
240.8		0.44519
240.9		0.44519
241		0.44519
241.1		0.447153
241.2		0.447153
241.3		0.447153
241.4		0.447153
241.5		0.447153
241.6		0.447153
241.7		0.447153
241.8		0.447153
241.9		0.447153
242		0.447153
242.1		0.450107
242.2		0.450107
242.3		0.450107
242.4		0.450107
242.5		0.450107
242.6		0.450107
242.7		0.450107
242.8		0.450107
242.9		0.450107
243		0.450107
243.1		0.453434
243.2		0.453434
243.3		0.453434
243.4		0.453434
243.5		0.453434
243.6		0.453434
243.7		0.453434
243.8		0.453434
243.9		0.453434
244		0.453434
244.1		0.453496
244.2		0.453496
244.3		0.453496
244.4		0.453496
244.5		0.453496
244.6		0.453496
244.7		0.453496
244.8		0.453496
244.9		0.453496
245		0.453496
245.1		0.453516
245.2		0.453516
245.3		0.453516
245.4		0.453516
245.5		0.453516
245.6		0.453516
245.7		0.453516
245.8		0.453516
245.9		0.453516
246		0.453516
246.1		0.457565
246.2		0.457565
246.3		0.457565
246.4		0.457565
246.5		0.457565
246.6		0.457565
246.7		0.457565
246.8		0.457565
246.9		0.457565
247		0.457565
247.1		0.459012
247.2		0.459012
247.3		0.459012
247.4		0.459012
247.5		0.459012
247.6		0.459012
247.7		0.459012
247.8		0.459012
247.9		0.459012
248		0.459012
248.1		0.459817
248.2		0.459817
248.3		0.459817
248.4		0.459817
248.5		0.459817
248.6		0.459817
248.7		0.459817
248.8		0.459817
248.9		0.459817
249		0.459817
249.1		0.463598
249.2		0.463598
249.3		0.463598
249.4		0.463598
249.5		0.463598
249.6		0.463598
249.7		0.463598
249.8		0.463598
249.9		0.463598
250		0.463598
250.1		0.463743
250.2		0.463743
250.3		0.463743
250.4		0.463743
250.5		0.463743
250.6		0.463743
250.7		0.463743
250.8		0.463743
250.9		0.463743
251		0.463743
251.1		0.469465
251.2		0.469465
251.3		0.469465
251.4		0.469465
251.5		0.469465
251.6		0.469465
251.7		0.469465
251.8		0.469465
251.9		0.469465
252		0.469465
252.1		0.469651
252.2		0.469651
252.3		0.469651
252.4		0.469651
252.5		0.469651
252.6		0.469651
252.7		0.469651
252.8		0.469651
252.9		0.469651
253		0.469651
253.1		0.471263
253.2		0.471263
253.3		0.471263
253.4		0.471263
253.5		0.471263
253.6		0.471263
253.7		0.471263
253.8		0.471263
253.9		0.471263
254		0.471263
254.1		0.472378
254.2		0.472378
254.3		0.472378
254.4		0.472378
254.5		0.472378
254.6		0.472378
254.7		0.472378
254.8		0.472378
254.9		0.472378
255		0.472378
255.1		0.477977
255.2		0.477977
255.3		0.477977
255.4		0.477977
255.5		0.477977
255.6		0.477977
255.7		0.477977
255.8		0.477977
255.9		0.477977
256		0.477977
256.1		0.478473
256.2		0.478473
256.3		0.478473
256.4		0.478473
256.5		0.478473
256.6		0.478473
256.7		0.478473
256.8		0.478473
256.9		0.478473
257		0.478473
257.1		0.478865
257.2		0.478865
257.3		0.478865
257.4		0.478865
257.5		0.478865
257.6		0.478865
257.7		0.478865
257.8		0.478865
257.9		0.478865
258		0.478865
258.1		0.481902
258.2		0.481902
258.3		0.481902
258.4		0.481902
258.5		0.481902
258.6		0.481902
258.7		0.481902
258.8		0.481902
258.9		0.481902
259		0.481902
259.1		0.483183
259.2		0.483183
259.3		0.483183
259.4		0.483183
259.5		0.483183
259.6		0.483183
259.7		0.483183
259.8		0.483183
259.9		0.483183
260		0.483183
260.1		0.487191
260.2		0.487191
260.3		0.487191
260.4		0.487191
260.5		0.487191
260.6		0.487191
260.7		0.487191
260.8		0.487191
260.9		0.487191
261		0.487191
261.1		0.48905
261.2		0.48905
261.3		0.48905
261.4		0.48905
261.5		0.48905
261.6		0.48905
261.7		0.48905
261.8		0.48905
261.9		0.48905
262		0.48905
262.1		0.489836
262.2		0.489836
262.3		0.489836
262.4		0.489836
262.5		0.489836
262.6		0.489836
262.7		0.489836
262.8		0.489836
262.9		0.489836
263		0.489836
263.1		0.490021
263.2		0.490021
263.3		0.490021
263.4		0.490021
263.5		0.490021
263.6		0.490021
263.7		0.490021
263.8		0.490021
263.9		0.490021
264		0.490021
264.1		0.494195
264.2		0.494195
264.3		0.494195
264.4		0.494195
264.5		0.494195
264.6		0.494195
264.7		0.494195
264.8		0.494195
264.9		0.494195
265		0.494195
265.1		0.49562
265.2		0.49562
265.3		0.49562
265.4		0.49562
265.5		0.49562
265.6		0.49562
265.7		0.49562
265.8		0.49562
265.9		0.49562
266		0.49562
266.1		0.496901
266.2		0.496901
266.3		0.496901
266.4		0.496901
266.5		0.496901
266.6		0.496901
266.7		0.496901
266.8		0.496901
266.9		0.496901
267		0.496901
267.1		0.498513
267.2		0.498513
267.3		0.498513
267.4		0.498513
267.5		0.498513
267.6		0.498513
267.7		0.498513
267.8		0.498513
267.9		0.498513
268		0.498513
268.1		0.500578
268.2		0.500578
268.3		0.500578
268.4		0.500578
268.5		0.500578
268.6		0.500578
268.7		0.500578
268.8		0.500578
268.9		0.500578
269		0.500578
269.1		0.503347
269.2		0.503347
269.3		0.503347
269.4		0.503347
269.5		0.503347
269.6		0.503347
269.7		0.503347
269.8		0.503347
269.9		0.503347
270		0.503347
270.1		0.503553
270.2		0.503553
270.3		0.503553
270.4		0.503553
270.5		0.503553
270.6		0.503553
270.7		0.503553
270.8		0.503553
270.9		0.503553
271		0.503553
271.1		0.506404
271.2		0.506404
271.3		0.506404
271.4		0.506404
271.5		0.506404
271.6		0.506404
271.7		0.506404
271.8		0.506404
271.9		0.506404
272		0.506404
272.1		0.509751
272.2		0.509751
272.3		0.509751
272.4		0.509751
272.5		0.509751
272.6		0.509751
272.7		0.509751
272.8		0.509751
272.9		0.509751
273		0.509751
273.1		0.51002
273.2		0.51002
273.3		0.51002
273.4		0.51002
273.5		0.51002
273.6		0.51002
273.7		0.51002
273.8		0.51002
273.9		0.51002
274		0.51002
274.1		0.510412
274.2		0.510412
274.3		0.510412
274.4		0.510412
274.5		0.510412
274.6		0.510412
274.7		0.510412
274.8		0.510412
274.9		0.510412
275		0.510412
275.1		0.515288
275.2		0.515288
275.3		0.515288
275.4		0.515288
275.5		0.515288
275.6		0.515288
275.7		0.515288
275.8		0.515288
275.9		0.515288
276		0.515288
276.1		0.517478
276.2		0.517478
276.3		0.517478
276.4		0.517478
276.5		0.517478
276.6		0.517478
276.7		0.517478
276.8		0.517478
276.9		0.517478
277		0.517478
277.1		0.51973
277.2		0.51973
277.3		0.51973
277.4		0.51973
277.5		0.51973
277.6		0.51973
277.7		0.51973
277.8		0.51973
277.9		0.51973
278		0.51973
278.1		0.520928
278.2		0.520928
278.3		0.520928
278.4		0.520928
278.5		0.520928
278.6		0.520928
278.7		0.520928
278.8		0.520928
278.9		0.520928
279		0.520928
279.1		0.521506
279.2		0.521506
279.3		0.521506
279.4		0.521506
279.5		0.521506
279.6		0.521506
279.7		0.521506
279.8		0.521506
279.9		0.521506
280		0.521506
280.1		0.521506
280.2		0.521506
280.3		0.521506
280.4		0.521506
280.5		0.521506
280.6		0.521506
280.7		0.521506
280.8		0.521506
280.9		0.521506
281		0.521506
281.1		0.52694
281.2		0.52694
281.3		0.52694
281.4		0.52694
281.5		0.52694
281.6		0.52694
281.7		0.52694
281.8		0.52694
281.9		0.52694
282		0.52694
282.1		0.52725
282.2		0.52725
282.3		0.52725
282.4		0.52725
282.5		0.52725
282.6		0.52725
282.7		0.52725
282.8		0.52725
282.9		0.52725
283		0.52725
283.1		0.53132
283.2		0.53132
283.3		0.53132
283.4		0.53132
283.5		0.53132
283.6		0.53132
283.7		0.53132
283.8		0.53132
283.9		0.53132
284		0.53132
284.1		0.531444
284.2		0.531444
284.3		0.531444
284.4		0.531444
284.5		0.531444
284.6		0.531444
284.7		0.531444
284.8		0.531444
284.9		0.531444
285		0.531444
285.1		0.534811
285.2		0.534811
285.3		0.534811
285.4		0.534811
285.5		0.534811
285.6		0.534811
285.7		0.534811
285.8		0.534811
285.9		0.534811
286		0.534811
286.1		0.537559
286.2		0.537559
286.3		0.537559
286.4		0.537559
286.5		0.537559
286.6		0.537559
286.7		0.537559
286.8		0.537559
286.9		0.537559
287		0.537559
287.1		0.542104
287.2		0.542104
287.3		0.542104
287.4		0.542104
287.5		0.542104
287.6		0.542104
287.7		0.542104
287.8		0.542104
287.9		0.542104
288		0.542104
288.1		0.543715
288.2		0.543715
288.3		0.543715
288.4		0.543715
288.5		0.543715
288.6		0.543715
288.7		0.543715
288.8		0.543715
288.9		0.543715
289		0.543715
289.1		0.545513
289.2		0.545513
289.3		0.545513
289.4		0.545513
289.5		0.545513
289.6		0.545513
289.7		0.545513
289.8		0.545513
289.9		0.545513
290		0.545513
290.1		0.549397
290.2		0.549397
290.3		0.549397
290.4		0.549397
290.5		0.549397
290.6		0.549397
290.7		0.549397
290.8		0.549397
290.9		0.549397
291		0.549397
291.1		0.551153
291.2		0.551153
291.3		0.551153
291.4		0.551153
291.5		0.551153
291.6		0.551153
291.7		0.551153
291.8		0.551153
291.9		0.551153
292		0.551153
292.1		0.551153
292.2		0.551153
292.3		0.551153
292.4		0.551153
292.5		0.551153
292.6		0.551153
292.7		0.551153
292.8		0.551153
292.9		0.551153
293		0.551153
293.1		0.551153
293.2		0.551153
293.3		0.551153
293.4		0.551153
293.5		0.551153
293.6		0.551153
293.7		0.551153
293.8		0.551153
293.9		0.551153
294		0.551153
294.1		0.551153
294.2		0.551153
294.3		0.551153
294.4		0.551153
294.5		0.551153
294.6		0.551153
294.7		0.551153
294.8		0.551153
294.9		0.551153
295		0.551153
295.1		0.553281
295.2		0.553281
295.3		0.553281
295.4		0.553281
295.5		0.553281
295.6		0.553281
295.7		0.553281
295.8		0.553281
295.9		0.553281
296		0.553281
296.1		0.555161
296.2		0.555161
296.3		0.555161
296.4		0.555161
296.5		0.555161
296.6		0.555161
296.7		0.555161
296.8		0.555161
296.9		0.555161
297		0.555161
297.1		0.55764
297.2		0.55764
297.3		0.55764
297.4		0.55764
297.5		0.55764
297.6		0.55764
297.7		0.55764
297.8		0.55764
297.9		0.55764
298		0.55764
298.1		0.55764
298.2		0.55764
298.3		0.55764
298.4		0.55764
298.5		0.55764
298.6		0.55764
298.7		0.55764
298.8		0.55764
298.9		0.55764
299		0.55764
299.1		0.560078
299.2		0.560078
299.3		0.560078
299.4		0.560078
299.5		0.560078
299.6		0.560078
299.7		0.560078
299.8		0.560078
299.9		0.560078
300		0.560078
300.1		0.560677
300.2		0.560677
300.3		0.560677
300.4		0.560677
300.5		0.560677
300.6		0.560677
300.7		0.560677
300.8		0.560677
300.9		0.560677
301		0.560677
301.1		0.563073
301.2		0.563073
301.3		0.563073
301.4		0.563073
301.5		0.563073
301.6		0.563073
301.7		0.563073
301.8		0.563073
301.9		0.563073
302		0.563073
302.1		0.564396
302.2		0.564396
302.3		0.564396
302.4		0.564396
302.5		0.564396
302.6		0.564396
302.7		0.564396
302.8		0.564396
302.9		0.564396
303		0.564396
303.1		0.564871
303.2		0.564871
303.3		0.564871
303.4		0.564871
303.5		0.564871
303.6		0.564871
303.7		0.564871
303.8		0.564871
303.9		0.564871
304		0.564871
304.1		0.569106
304.2		0.569106
304.3		0.569106
304.4		0.569106
304.5		0.569106
304.6		0.569106
304.7		0.569106
304.8		0.569106
304.9		0.569106
305		0.569106
305.1		0.570201
305.2		0.570201
305.3		0.570201
305.4		0.570201
305.5		0.570201
305.6		0.570201
305.7		0.570201
305.8		0.570201
305.9		0.570201
306		0.570201
306.1		0.572969
306.2		0.572969
306.3		0.572969
306.4		0.572969
306.5		0.572969
306.6		0.572969
306.7		0.572969
306.8		0.572969
306.9		0.572969
307		0.572969
307.1		0.573816
307.2		0.573816
307.3		0.573816
307.4		0.573816
307.5		0.573816
307.6		0.573816
307.7		0.573816
307.8		0.573816
307.9		0.573816
308		0.573816
308.1		0.574457
308.2		0.574457
308.3		0.574457
308.4		0.574457
308.5		0.574457
308.6		0.574457
308.7		0.574457
308.8		0.574457
308.9		0.574457
309		0.574457
309.1		0.577948
309.2		0.577948
309.3		0.577948
309.4		0.577948
309.5		0.577948
309.6		0.577948
309.7		0.577948
309.8		0.577948
309.9		0.577948
310		0.577948
310.1		0.581997
310.2		0.581997
310.3		0.581997
310.4		0.581997
310.5		0.581997
310.6		0.581997
310.7		0.581997
310.8		0.581997
310.9		0.581997
311		0.581997
311.1		0.582225
311.2		0.582225
311.3		0.582225
311.4		0.582225
311.5		0.582225
311.6		0.582225
311.7		0.582225
311.8		0.582225
311.9		0.582225
312		0.582225
312.1		0.583857
312.2		0.583857
312.3		0.583857
312.4		0.583857
312.5		0.583857
312.6		0.583857
312.7		0.583857
312.8		0.583857
312.9		0.583857
313		0.583857
313.1		0.585799
313.2		0.585799
313.3		0.585799
313.4		0.585799
313.5		0.585799
313.6		0.585799
313.7		0.585799
313.8		0.585799
313.9		0.585799
314		0.585799
314.1		0.586894
314.2		0.586894
314.3		0.586894
314.4		0.586894
314.5		0.586894
314.6		0.586894
314.7		0.586894
314.8		0.586894
314.9		0.586894
315		0.586894
315.1		0.587844
315.2		0.587844
315.3		0.587844
315.4		0.587844
315.5		0.587844
315.6		0.587844
315.7		0.587844
315.8		0.587844
315.9		0.587844
316		0.587844
316.1		0.592472
316.2		0.592472
316.3		0.592472
316.4		0.592472
316.5		0.592472
316.6		0.592472
316.7		0.592472
316.8		0.592472
316.9		0.592472
317		0.592472
317.1		0.592596
317.2		0.592596
317.3		0.592596
317.4		0.592596
317.5		0.592596
317.6		0.592596
317.7		0.592596
317.8		0.592596
317.9		0.592596
318		0.592596
318.1		0.596128
318.2		0.596128
318.3		0.596128
318.4		0.596128
318.5		0.596128
318.6		0.596128
318.7		0.596128
318.8		0.596128
318.9		0.596128
319		0.596128
319.1		0.597017
319.2		0.597017
319.3		0.597017
319.4		0.597017
319.5		0.597017
319.6		0.597017
319.7		0.597017
319.8		0.597017
319.9		0.597017
320		0.597017
320.1		0.597926
320.2		0.597926
320.3		0.597926
320.4		0.597926
320.5		0.597926
320.6		0.597926
320.7		0.597926
320.8		0.597926
320.9		0.597926
321		0.597926
321.1		0.602388
321.2		0.602388
321.3		0.602388
321.4		0.602388
321.5		0.602388
321.6		0.602388
321.7		0.602388
321.8		0.602388
321.9		0.602388
322		0.602388
322.1		0.604289
322.2		0.604289
322.3		0.604289
322.4		0.604289
322.5		0.604289
322.6		0.604289
322.7		0.604289
322.8		0.604289
322.9		0.604289
323		0.604289
323.1		0.604867
323.2		0.604867
323.3		0.604867
323.4		0.604867
323.5		0.604867
323.6		0.604867
323.7		0.604867
323.8		0.604867
323.9		0.604867
324		0.604867
324.1		0.608379
324.2		0.608379
324.3		0.608379
324.4		0.608379
324.5		0.608379
324.6		0.608379
324.7		0.608379
324.8		0.608379
324.9		0.608379
325		0.608379
325.1		0.608483
325.2		0.608483
325.3		0.608483
325.4		0.608483
325.5		0.608483
325.6		0.608483
325.7		0.608483
325.8		0.608483
325.9		0.608483
326		0.608483
326.1		0.610693
326.2		0.610693
326.3		0.610693
326.4		0.610693
326.5		0.610693
326.6		0.610693
326.7		0.610693
326.8		0.610693
326.9		0.610693
327		0.610693
327.1		0.61342
327.2		0.61342
327.3		0.61342
327.4		0.61342
327.5		0.61342
327.6		0.61342
327.7		0.61342
327.8		0.61342
327.9		0.61342
328		0.61342
328.1		0.614143
328.2		0.614143
328.3		0.614143
328.4		0.614143
328.5		0.614143
328.6		0.614143
328.7		0.614143
328.8		0.614143
328.9		0.614143
329		0.614143
329.1		0.616065
329.2		0.616065
329.3		0.616065
329.4		0.616065
329.5		0.616065
329.6		0.616065
329.7		0.616065
329.8		0.616065
329.9		0.616065
330		0.616065
330.1		0.618606
330.2		0.618606
330.3		0.618606
330.4		0.618606
330.5		0.618606
330.6		0.618606
330.7		0.618606
330.8		0.618606
330.9		0.618606
331		0.618606
331.1		0.620424
331.2		0.620424
331.3		0.620424
331.4		0.620424
331.5		0.620424
331.6		0.620424
331.7		0.620424
331.8		0.620424
331.9		0.620424
332		0.620424
332.1		0.623337
332.2		0.623337
332.3		0.623337
332.4		0.623337
332.5		0.623337
332.6		0.623337
332.7		0.623337
332.8		0.623337
332.9		0.623337
333		0.623337
333.1		0.624205
333.2		0.624205
333.3		0.624205
333.4		0.624205
333.5		0.624205
333.6		0.624205
333.7		0.624205
333.8		0.624205
333.9		0.624205
334		0.624205
334.1		0.625093
334.2		0.625093
334.3		0.625093
334.4		0.625093
334.5		0.625093
334.6		0.625093
334.7		0.625093
334.8		0.625093
334.9		0.625093
335		0.625093
335.1		0.630217
335.2		0.630217
335.3		0.630217
335.4		0.630217
335.5		0.630217
335.6		0.630217
335.7		0.630217
335.8		0.630217
335.9		0.630217
336		0.630217
336.1		0.631415
336.2		0.631415
336.3		0.631415
336.4		0.631415
336.5		0.631415
336.6		0.631415
336.7		0.631415
336.8		0.631415
336.9		0.631415
337		0.631415
337.1		0.635154
337.2		0.635154
337.3		0.635154
337.4		0.635154
337.5		0.635154
337.6		0.635154
337.7		0.635154
337.8		0.635154
337.9		0.635154
338		0.635154
338.1		0.635671
338.2		0.635671
338.3		0.635671
338.4		0.635671
338.5		0.635671
338.6		0.635671
338.7		0.635671
338.8		0.635671
338.9		0.635671
339		0.635671
339.1		0.636456
339.2		0.636456
339.3		0.636456
339.4		0.636456
339.5		0.636456
339.6		0.636456
339.7		0.636456
339.8		0.636456
339.9		0.636456
340		0.636456
340.1		0.637468
340.2		0.637468
340.3		0.637468
340.4		0.637468
340.5		0.637468
340.6		0.637468
340.7		0.637468
340.8		0.637468
340.9		0.637468
341		0.637468
341.1		0.640319
341.2		0.640319
341.3		0.640319
341.4		0.640319
341.5		0.640319
341.6		0.640319
341.7		0.640319
341.8		0.640319
341.9		0.640319
342		0.640319
342.1		0.641848
342.2		0.641848
342.3		0.641848
342.4		0.641848
342.5		0.641848
342.6		0.641848
342.7		0.641848
342.8		0.641848
342.9		0.641848
343		0.641848
343.1		0.646971
343.2		0.646971
343.3		0.646971
343.4		0.646971
343.5		0.646971
343.6		0.646971
343.7		0.646971
343.8		0.646971
343.9		0.646971
344		0.646971
344.1		0.647075
344.2		0.647075
344.3		0.647075
344.4		0.647075
344.5		0.647075
344.6		0.647075
344.7		0.647075
344.8		0.647075
344.9		0.647075
345		0.647075
345.1		0.648376
345.2		0.648376
345.3		0.648376
345.4		0.648376
345.5		0.648376
345.6		0.648376
345.7		0.648376
345.8		0.648376
345.9		0.648376
346		0.648376
346.1		0.65321
346.2		0.65321
346.3		0.65321
346.4		0.65321
346.5		0.65321
346.6		0.65321
346.7		0.65321
346.8		0.65321
346.9		0.65321
347		0.65321
347.1		0.658541
347.2		0.658541
347.3		0.658541
347.4		0.658541
347.5		0.658541
347.6		0.658541
347.7		0.658541
347.8		0.658541
347.9		0.658541
348		0.658541
348.1		0.659181
348.2		0.659181
348.3		0.659181
348.4		0.659181
348.5		0.659181
348.6		0.659181
348.7		0.659181
348.8		0.659181
348.9		0.659181
349		0.659181
349.1		0.661929
349.2		0.661929
349.3		0.661929
349.4		0.661929
349.5		0.661929
349.6		0.661929
349.7		0.661929
349.8		0.661929
349.9		0.661929
350		0.661929
350.1		0.662549
350.2		0.662549
350.3		0.662549
350.4		0.662549
350.5		0.662549
350.6		0.662549
350.7		0.662549
350.8		0.662549
350.9		0.662549
351		0.662549
351.1		0.663251
351.2		0.663251
351.3		0.663251
351.4		0.663251
351.5		0.663251
351.6		0.663251
351.7		0.663251
351.8		0.663251
351.9		0.663251
352		0.663251
352.1		0.667817
352.2		0.667817
352.3		0.667817
352.4		0.667817
352.5		0.667817
352.6		0.667817
352.7		0.667817
352.8		0.667817
352.9		0.667817
353		0.667817
353.1		0.667817
353.2		0.667817
353.3		0.667817
353.4		0.667817
353.5		0.667817
353.6		0.667817
353.7		0.667817
353.8		0.667817
353.9		0.667817
354		0.667817
354.1		0.669242
354.2		0.669242
354.3		0.669242
354.4		0.669242
354.5		0.669242
354.6		0.669242
354.7		0.669242
354.8		0.669242
354.9		0.669242
355		0.669242
355.1		0.669531
355.2		0.669531
355.3		0.669531
355.4		0.669531
355.5		0.669531
355.6		0.669531
355.7		0.669531
355.8		0.669531
355.9		0.669531
356		0.669531
356.1		0.669573
356.2		0.669573
356.3		0.669573
356.4		0.669573
356.5		0.669573
356.6		0.669573
356.7		0.669573
356.8		0.669573
356.9		0.669573
357		0.669573
357.1		0.670296
357.2		0.670296
357.3		0.670296
357.4		0.670296
357.5		0.670296
357.6		0.670296
357.7		0.670296
357.8		0.670296
357.9		0.670296
358		0.670296
358.1		0.674903
358.2		0.674903
358.3		0.674903
358.4		0.674903
358.5		0.674903
358.6		0.674903
358.7		0.674903
358.8		0.674903
358.9		0.674903
359		0.674903
359.1		0.674903
359.2		0.674903
359.3		0.674903
359.4		0.674903
359.5		0.674903
359.6		0.674903
359.7		0.674903
359.8		0.674903
359.9		0.674903
360		0.674903
360.1		0.675605
360.2		0.675605
360.3		0.675605
360.4		0.675605
360.5		0.675605
360.6		0.675605
360.7		0.675605
360.8		0.675605
360.9		0.675605
361		0.675605
361.1		0.679448
361.2		0.679448
361.3		0.679448
361.4		0.679448
361.5		0.679448
361.6		0.679448
361.7		0.679448
361.8		0.679448
361.9		0.679448
362		0.679448
362.1		0.680564
362.2		0.680564
362.3		0.680564
362.4		0.680564
362.5		0.680564
362.6		0.680564
362.7		0.680564
362.8		0.680564
362.9		0.680564
363		0.680564
363.1		0.680729
363.2		0.680729
363.3		0.680729
363.4		0.680729
363.5		0.680729
363.6		0.680729
363.7		0.680729
363.8		0.680729
363.9		0.680729
364		0.680729
364.1		0.684138
364.2		0.684138
364.3		0.684138
364.4		0.684138
364.5		0.684138
364.6		0.684138
364.7		0.684138
364.8		0.684138
364.9		0.684138
365		0.684138
365.1		0.685419
365.2		0.685419
365.3		0.685419
365.4		0.685419
365.5		0.685419
365.6		0.685419
365.7		0.685419
365.8		0.685419
365.9		0.685419
366		0.685419
366.1		0.686844
366.2		0.686844
366.3		0.686844
366.4		0.686844
366.5		0.686844
366.6		0.686844
366.7		0.686844
366.8		0.686844
366.9		0.686844
367		0.686844
367.1		0.689798
367.2		0.689798
367.3		0.689798
367.4		0.689798
367.5		0.689798
367.6		0.689798
367.7		0.689798
367.8		0.689798
367.9		0.689798
368		0.689798
368.1		0.691286
368.2		0.691286
368.3		0.691286
368.4		0.691286
368.5		0.691286
368.6		0.691286
368.7		0.691286
368.8		0.691286
368.9		0.691286
369		0.691286
369.1		0.693042
369.2		0.693042
369.3		0.693042
369.4		0.693042
369.5		0.693042
369.6		0.693042
369.7		0.693042
369.8		0.693042
369.9		0.693042
370		0.693042
370.1		0.695294
370.2		0.695294
370.3		0.695294
370.4		0.695294
370.5		0.695294
370.6		0.695294
370.7		0.695294
370.8		0.695294
370.9		0.695294
371		0.695294
371.1		0.696058
371.2		0.696058
371.3		0.696058
371.4		0.696058
371.5		0.696058
371.6		0.696058
371.7		0.696058
371.8		0.696058
371.9		0.696058
372		0.696058
372.1		0.698434
372.2		0.698434
372.3		0.698434
372.4		0.698434
372.5		0.698434
372.6		0.698434
372.7		0.698434
372.8		0.698434
372.9		0.698434
373		0.698434
373.1		0.698703
373.2		0.698703
373.3		0.698703
373.4		0.698703
373.5		0.698703
373.6		0.698703
373.7		0.698703
373.8		0.698703
373.9		0.698703
374		0.698703
374.1		0.701326
374.2		0.701326
374.3		0.701326
374.4		0.701326
374.5		0.701326
374.6		0.701326
374.7		0.701326
374.8		0.701326
374.9		0.701326
375		0.701326
375.1		0.705954
375.2		0.705954
375.3		0.705954
375.4		0.705954
375.5		0.705954
375.6		0.705954
375.7		0.705954
375.8		0.705954
375.9		0.705954
376		0.705954
376.1		0.706057
376.2		0.706057
376.3		0.706057
376.4		0.706057
376.5		0.706057
376.6		0.706057
376.7		0.706057
376.8		0.706057
376.9		0.706057
377		0.706057
377.1		0.707111
377.2		0.707111
377.3		0.707111
377.4		0.707111
377.5		0.707111
377.6		0.707111
377.7		0.707111
377.8		0.707111
377.9		0.707111
378		0.707111
378.1		0.709466
378.2		0.709466
378.3		0.709466
378.4		0.709466
378.5		0.709466
378.6		0.709466
378.7		0.709466
378.8		0.709466
378.9		0.709466
379		0.709466
379.1		0.710272
379.2		0.710272
379.3		0.710272
379.4		0.710272
379.5		0.710272
379.6		0.710272
379.7		0.710272
379.8		0.710272
379.9		0.710272
380		0.710272
380.1		0.711098
380.2		0.711098
380.3		0.711098
380.4		0.711098
380.5		0.711098
380.6		0.711098
380.7		0.711098
380.8		0.711098
380.9		0.711098
381		0.711098
381.1		0.716635
381.2		0.716635
381.3		0.716635
381.4		0.716635
381.5		0.716635
381.6		0.716635
381.7		0.716635
381.8		0.716635
381.9		0.716635
382		0.716635
382.1		0.718308
382.2		0.718308
382.3		0.718308
382.4		0.718308
382.5		0.718308
382.6		0.718308
382.7		0.718308
382.8		0.718308
382.9		0.718308
383		0.718308
383.1		0.719362
383.2		0.719362
383.3		0.719362
383.4		0.719362
383.5		0.719362
383.6		0.719362
383.7		0.719362
383.8		0.719362
383.9		0.719362
384		0.719362
384.1		0.722192
384.2		0.722192
384.3		0.722192
384.4		0.722192
384.5		0.722192
384.6		0.722192
384.7		0.722192
384.8		0.722192
384.9		0.722192
385		0.722192
385.1		0.722337
385.2		0.722337
385.3		0.722337
385.4		0.722337
385.5		0.722337
385.6		0.722337
385.7		0.722337
385.8		0.722337
385.9		0.722337
386		0.722337
386.1		0.725147
386.2		0.725147
386.3		0.725147
386.4		0.725147
386.5		0.725147
386.6		0.725147
386.7		0.725147
386.8		0.725147
386.9		0.725147
387		0.725147
387.1		0.726324
387.2		0.726324
387.3		0.726324
387.4		0.726324
387.5		0.726324
387.6		0.726324
387.7		0.726324
387.8		0.726324
387.9		0.726324
388		0.726324
388.1		0.729898
388.2		0.729898
388.3		0.729898
388.4		0.729898
388.5		0.729898
388.6		0.729898
388.7		0.729898
388.8		0.729898
388.9		0.729898
389		0.729898
389.1		0.731138
389.2		0.731138
389.3		0.731138
389.4		0.731138
389.5		0.731138
389.6		0.731138
389.7		0.731138
389.8		0.731138
389.9		0.731138
390		0.731138
390.1		0.732212
390.2		0.732212
390.3		0.732212
390.4		0.732212
390.5		0.732212
390.6		0.732212
390.7		0.732212
390.8		0.732212
390.9		0.732212
391		0.732212
391.1		0.73403
391.2		0.73403
391.3		0.73403
391.4		0.73403
391.5		0.73403
391.6		0.73403
391.7		0.73403
391.8		0.73403
391.9		0.73403
392		0.73403
392.1		0.735786
392.2		0.735786
392.3		0.735786
392.4		0.735786
392.5		0.735786
392.6		0.735786
392.7		0.735786
392.8		0.735786
392.9		0.735786
393		0.735786
393.1		0.736654
393.2		0.736654
393.3		0.736654
393.4		0.736654
393.5		0.736654
393.6		0.736654
393.7		0.736654
393.8		0.736654
393.9		0.736654
394		0.736654
394.1		0.742459
394.2		0.742459
394.3		0.742459
394.4		0.742459
394.5		0.742459
394.6		0.742459
394.7		0.742459
394.8		0.742459
394.9		0.742459
395		0.742459
395.1		0.743988
395.2		0.743988
395.3		0.743988
395.4		0.743988
395.5		0.743988
395.6		0.743988
395.7		0.743988
395.8		0.743988
395.9		0.743988
396		0.743988
396.1		0.744277
396.2		0.744277
396.3		0.744277
396.4		0.744277
396.5		0.744277
396.6		0.744277
396.7		0.744277
396.8		0.744277
396.9		0.744277
397		0.744277
397.1		0.744732
397.2		0.744732
397.3		0.744732
397.4		0.744732
397.5		0.744732
397.6		0.744732
397.7		0.744732
397.8		0.744732
397.9		0.744732
398		0.744732
398.1		0.749256
398.2		0.749256
398.3		0.749256
398.4		0.749256
398.5		0.749256
398.6		0.749256
398.7		0.749256
398.8		0.749256
398.9		0.749256
399		0.749256
399.1		0.749422
399.2		0.749422
399.3		0.749422
399.4		0.749422
399.5		0.749422
399.6		0.749422
399.7		0.749422
399.8		0.749422
399.9		0.749422
400		0.749422
400.1		0.753739
400.2		0.753739
400.3		0.753739
400.4		0.753739
400.5		0.753739
400.6		0.753739
400.7		0.753739
400.8		0.753739
400.9		0.753739
401		0.753739
401.1		0.753946
401.2		0.753946
401.3		0.753946
401.4		0.753946
401.5		0.753946
401.6		0.753946
401.7		0.753946
401.8		0.753946
401.9		0.753946
402		0.753946
402.1		0.756012
402.2		0.756012
402.3		0.756012
402.4		0.756012
402.5		0.756012
402.6		0.756012
402.7		0.756012
402.8		0.756012
402.9		0.756012
403		0.756012
403.1		0.756239
403.2		0.756239
403.3		0.756239
403.4		0.756239
403.5		0.756239
403.6		0.756239
403.7		0.756239
403.8		0.756239
403.9		0.756239
404		0.756239
404.1		0.757975
404.2		0.757975
404.3		0.757975
404.4		0.757975
404.5		0.757975
404.6		0.757975
404.7		0.757975
404.8		0.757975
404.9		0.757975
405		0.757975
405.1		0.760371
405.2		0.760371
405.3		0.760371
405.4		0.760371
405.5		0.760371
405.6		0.760371
405.7		0.760371
405.8		0.760371
405.9		0.760371
406		0.760371
406.1		0.764875
406.2		0.764875
406.3		0.764875
406.4		0.764875
406.5		0.764875
406.6		0.764875
406.7		0.764875
406.8		0.764875
406.9		0.764875
407		0.764875
407.1		0.764978
407.2		0.764978
407.3		0.764978
407.4		0.764978
407.5		0.764978
407.6		0.764978
407.7		0.764978
407.8		0.764978
407.9		0.764978
408		0.764978
408.1		0.767499
408.2		0.767499
408.3		0.767499
408.4		0.767499
408.5		0.767499
408.6		0.767499
408.7		0.767499
408.8		0.767499
408.9		0.767499
409		0.767499
409.1		0.767788
409.2		0.767788
409.3		0.767788
409.4		0.767788
409.5		0.767788
409.6		0.767788
409.7		0.767788
409.8		0.767788
409.9		0.767788
410		0.767788
410.1		0.768635
410.2		0.768635
410.3		0.768635
410.4		0.768635
410.5		0.768635
410.6		0.768635
410.7		0.768635
410.8		0.768635
410.9		0.768635
411		0.768635
411.1		0.77349
411.2		0.77349
411.3		0.77349
411.4		0.77349
411.5		0.77349
411.6		0.77349
411.7		0.77349
411.8		0.77349
411.9		0.77349
412		0.77349
412.1		0.77475
412.2		0.77475
412.3		0.77475
412.4		0.77475
412.5		0.77475
412.6		0.77475
412.7		0.77475
412.8		0.77475
412.9		0.77475
413		0.77475
413.1		0.776837
413.2		0.776837
413.3		0.776837
413.4		0.776837
413.5		0.776837
413.6		0.776837
413.7		0.776837
413.8		0.776837
413.9		0.776837
414		0.776837
414.1		0.77758
414.2		0.77758
414.3		0.77758
414.4		0.77758
414.5		0.77758
414.6		0.77758
414.7		0.77758
414.8		0.77758
414.9		0.77758
415		0.77758
415.1		0.780803
415.2		0.780803
415.3		0.780803
415.4		0.780803
415.5		0.780803
415.6		0.780803
415.7		0.780803
415.8		0.780803
415.9		0.780803
416		0.780803
416.1		0.782394
416.2		0.782394
416.3		0.782394
416.4		0.782394
416.5		0.782394
416.6		0.782394
416.7		0.782394
416.8		0.782394
416.9		0.782394
417		0.782394
417.1		0.786051
417.2		0.786051
417.3		0.786051
417.4		0.786051
417.5		0.786051
417.6		0.786051
417.7		0.786051
417.8		0.786051
417.9		0.786051
418		0.786051
418.1		0.787559
418.2		0.787559
418.3		0.787559
418.4		0.787559
418.5		0.787559
418.6		0.787559
418.7		0.787559
418.8		0.787559
418.9		0.787559
419		0.787559
419.1		0.789955
419.2		0.789955
419.3		0.789955
419.4		0.789955
419.5		0.789955
419.6		0.789955
419.7		0.789955
419.8		0.789955
419.9		0.789955
420		0.789955
420.1		0.792435
420.2		0.792435
420.3		0.792435
420.4		0.792435
420.5		0.792435
420.6		0.792435
420.7		0.792435
420.8		0.792435
420.9		0.792435
421		0.792435
421.1		0.792703
421.2		0.792703
421.3		0.792703
421.4		0.792703
421.5		0.792703
421.6		0.792703
421.7		0.792703
421.8		0.792703
421.9		0.792703
422		0.792703
422.1		0.795224
422.2		0.795224
422.3		0.795224
422.4		0.795224
422.5		0.795224
422.6		0.795224
422.7		0.795224
422.8		0.795224
422.9		0.795224
423		0.795224
423.1		0.79636
423.2		0.79636
423.3		0.79636
423.4		0.79636
423.5		0.79636
423.6		0.79636
423.7		0.79636
423.8		0.79636
423.9		0.79636
424		0.79636
424.1		0.798591
424.2		0.798591
424.3		0.798591
424.4		0.798591
424.5		0.798591
424.6		0.798591
424.7		0.798591
424.8		0.798591
424.9		0.798591
425		0.798591
425.1		0.799046
425.2		0.799046
425.3		0.799046
425.4		0.799046
425.5		0.799046
425.6		0.799046
425.7		0.799046
425.8		0.799046
425.9		0.799046
426		0.799046
426.1		0.801215
426.2		0.801215
426.3		0.801215
426.4		0.801215
426.5		0.801215
426.6		0.801215
426.7		0.801215
426.8		0.801215
426.9		0.801215
427		0.801215
427.1		0.804376
427.2		0.804376
427.3		0.804376
427.4		0.804376
427.5		0.804376
427.6		0.804376
427.7		0.804376
427.8		0.804376
427.9		0.804376
428		0.804376
428.1		0.807144
428.2		0.807144
428.3		0.807144
428.4		0.807144
428.5		0.807144
428.6		0.807144
428.7		0.807144
428.8		0.807144
428.9		0.807144
429		0.807144
429.1		0.807619
429.2		0.807619
429.3		0.807619
429.4		0.807619
429.5		0.807619
429.6		0.807619
429.7		0.807619
429.8		0.807619
429.9		0.807619
430		0.807619
430.1		0.808239
430.2		0.808239
430.3		0.808239
430.4		0.808239
430.5		0.808239
430.6		0.808239
430.7		0.808239
430.8		0.808239
430.9		0.808239
431		0.808239
431.1		0.809954
431.2		0.809954
431.3		0.809954
431.4		0.809954
431.5		0.809954
431.6		0.809954
431.7		0.809954
431.8		0.809954
431.9		0.809954
432		0.809954
432.1		0.815862
432.2		0.815862
432.3		0.815862
432.4		0.815862
432.5		0.815862
432.6		0.815862
432.7		0.815862
432.8		0.815862
432.9		0.815862
433		0.815862
433.1		0.816585
433.2		0.816585
433.3		0.816585
433.4		0.816585
433.5		0.816585
433.6		0.816585
433.7		0.816585
433.8		0.816585
433.9		0.816585
434		0.816585
434.1		0.818445
434.2		0.818445
434.3		0.818445
434.4		0.818445
434.5		0.818445
434.6		0.818445
434.7		0.818445
434.8		0.818445
434.9		0.818445
435		0.818445
435.1		0.818858
435.2		0.818858
435.3		0.818858
435.4		0.818858
435.5		0.818858
435.6		0.818858
435.7		0.818858
435.8		0.818858
435.9		0.818858
436		0.818858
436.1		0.820531
436.2		0.820531
436.3		0.820531
436.4		0.820531
436.5		0.820531
436.6		0.820531
436.7		0.820531
436.8		0.820531
436.9		0.820531
437		0.820531
437.1		0.824891
437.2		0.824891
437.3		0.824891
437.4		0.824891
437.5		0.824891
437.6		0.824891
437.7		0.824891
437.8		0.824891
437.9		0.824891
438		0.824891
438.1		0.825221
438.2		0.825221
438.3		0.825221
438.4		0.825221
438.5		0.825221
438.6		0.825221
438.7		0.825221
438.8		0.825221
438.9		0.825221
439		0.825221
439.1		0.831212
439.2		0.831212
439.3		0.831212
439.4		0.831212
439.5		0.831212
439.6		0.831212
439.7		0.831212
439.8		0.831212
439.9		0.831212
440		0.831212
440.1		0.831378
440.2		0.831378
440.3		0.831378
440.4		0.831378
440.5		0.831378
440.6		0.831378
440.7		0.831378
440.8		0.831378
440.9		0.831378
441		0.831378
441.1		0.832741
441.2		0.832741
441.3		0.832741
441.4		0.832741
441.5		0.832741
441.6		0.832741
441.7		0.832741
441.8		0.832741
441.9		0.832741
442		0.832741
442.1		0.83491
442.2		0.83491
442.3		0.83491
442.4		0.83491
442.5		0.83491
442.6		0.83491
442.7		0.83491
442.8		0.83491
442.9		0.83491
443		0.83491
443.1		0.836109
443.2		0.836109
443.3		0.836109
443.4		0.836109
443.5		0.836109
443.6		0.836109
443.7		0.836109
443.8		0.836109
443.9		0.836109
444		0.836109
444.1		0.837865
444.2		0.837865
444.3		0.837865
444.4		0.837865
444.5		0.837865
444.6		0.837865
444.7		0.837865
444.8		0.837865
444.9		0.837865
445		0.837865
445.1		0.841604
445.2		0.841604
445.3		0.841604
445.4		0.841604
445.5		0.841604
445.6		0.841604
445.7		0.841604
445.8		0.841604
445.9		0.841604
446		0.841604
446.1		0.843401
446.2		0.843401
446.3		0.843401
446.4		0.843401
446.5		0.843401
446.6		0.843401
446.7		0.843401
446.8		0.843401
446.9		0.843401
447		0.843401
447.1		0.844062
447.2		0.844062
447.3		0.844062
447.4		0.844062
447.5		0.844062
447.6		0.844062
447.7		0.844062
447.8		0.844062
447.9		0.844062
448		0.844062
448.1		0.844641
448.2		0.844641
448.3		0.844641
448.4		0.844641
448.5		0.844641
448.6		0.844641
448.7		0.844641
448.8		0.844641
448.9		0.844641
449		0.844641
449.1		0.845509
449.2		0.845509
449.3		0.845509
449.4		0.845509
449.5		0.845509
449.6		0.845509
449.7		0.845509
449.8		0.845509
449.9		0.845509
450		0.845509
450.1		0.849289
450.2		0.849289
450.3		0.849289
450.4		0.849289
450.5		0.849289
450.6		0.849289
450.7		0.849289
450.8		0.849289
450.9		0.849289
451		0.849289
451.1		0.852925
451.2		0.852925
451.3		0.852925
451.4		0.852925
451.5		0.852925
451.6		0.852925
451.7		0.852925
451.8		0.852925
451.9		0.852925
452		0.852925
452.1		0.853318
452.2		0.853318
452.3		0.853318
452.4		0.853318
452.5		0.853318
452.6		0.853318
452.7		0.853318
452.8		0.853318
452.9		0.853318
453		0.853318
453.1		0.853483
453.2		0.853483
453.3		0.853483
453.4		0.853483
453.5		0.853483
453.6		0.853483
453.7		0.853483
453.8		0.853483
453.9		0.853483
454		0.853483
454.1		0.856809
454.2		0.856809
454.3		0.856809
454.4		0.856809
454.5		0.856809
454.6		0.856809
454.7		0.856809
454.8		0.856809
454.9		0.856809
455		0.856809
455.1		0.85902
455.2		0.85902
455.3		0.85902
455.4		0.85902
455.5		0.85902
455.6		0.85902
455.7		0.85902
455.8		0.85902
455.9		0.85902
456		0.85902
456.1		0.861003
456.2		0.861003
456.3		0.861003
456.4		0.861003
456.5		0.861003
456.6		0.861003
456.7		0.861003
456.8		0.861003
456.9		0.861003
457		0.861003
457.1		0.86278
457.2		0.86278
457.3		0.86278
457.4		0.86278
457.5		0.86278
457.6		0.86278
457.7		0.86278
457.8		0.86278
457.9		0.86278
458		0.86278
458.1		0.866829
458.2		0.866829
458.3		0.866829
458.4		0.866829
458.5		0.866829
458.6		0.866829
458.7		0.866829
458.8		0.866829
458.9		0.866829
459		0.866829
459.1		0.867883
459.2		0.867883
459.3		0.867883
459.4		0.867883
459.5		0.867883
459.6		0.867883
459.7		0.867883
459.8		0.867883
459.9		0.867883
460		0.867883
460.1		0.869845
460.2		0.869845
460.3		0.869845
460.4		0.869845
460.5		0.869845
460.6		0.869845
460.7		0.869845
460.8		0.869845
460.9		0.869845
461		0.869845
461.1		0.871044
461.2		0.871044
461.3		0.871044
461.4		0.871044
461.5		0.871044
461.6		0.871044
461.7		0.871044
461.8		0.871044
461.9		0.871044
462		0.871044
462.1		0.875238
462.2		0.875238
462.3		0.875238
462.4		0.875238
462.5		0.875238
462.6		0.875238
462.7		0.875238
462.8		0.875238
462.9		0.875238
463		0.875238
463.1		0.876498
463.2		0.876498
463.3		0.876498
463.4		0.876498
463.5		0.876498
463.6		0.876498
463.7		0.876498
463.8		0.876498
463.9		0.876498
464		0.876498
464.1		0.876808
464.2		0.876808
464.3		0.876808
464.4		0.876808
464.5		0.876808
464.6		0.876808
464.7		0.876808
464.8		0.876808
464.9		0.876808
465		0.876808
465.1		0.880671
465.2		0.880671
465.3		0.880671
465.4		0.880671
465.5		0.880671
465.6		0.880671
465.7		0.880671
465.8		0.880671
465.9		0.880671
466		0.880671
466.1		0.881373
466.2		0.881373
466.3		0.881373
466.4		0.881373
466.5		0.881373
466.6		0.881373
466.7		0.881373
466.8		0.881373
466.9		0.881373
467		0.881373
467.1		0.884576
467.2		0.884576
467.3		0.884576
467.4		0.884576
467.5		0.884576
467.6		0.884576
467.7		0.884576
467.8		0.884576
467.9		0.884576
468		0.884576
468.1		0.885609
468.2		0.885609
468.3		0.885609
468.4		0.885609
468.5		0.885609
468.6		0.885609
468.7		0.885609
468.8		0.885609
468.9		0.885609
469		0.885609
469.1		0.88722
469.2		0.88722
469.3		0.88722
469.4		0.88722
469.5		0.88722
469.6		0.88722
469.7		0.88722
469.8		0.88722
469.9		0.88722
470		0.88722
470.1		0.887468
470.2		0.887468
470.3		0.887468
470.4		0.887468
470.5		0.887468
470.6		0.887468
470.7		0.887468
470.8		0.887468
470.9		0.887468
471		0.887468
471.1		0.891001
471.2		0.891001
471.3		0.891001
471.4		0.891001
471.5		0.891001
471.6		0.891001
471.7		0.891001
471.8		0.891001
471.9		0.891001
472		0.891001
472.1		0.893335
472.2		0.893335
472.3		0.893335
472.4		0.893335
472.5		0.893335
472.6		0.893335
472.7		0.893335
472.8		0.893335
472.9		0.893335
473		0.893335
473.1		0.895091
473.2		0.895091
473.3		0.895091
473.4		0.895091
473.5		0.895091
473.6		0.895091
473.7		0.895091
473.8		0.895091
473.9		0.895091
474		0.895091
474.1		0.897612
474.2		0.897612
474.3		0.897612
474.4		0.897612
474.5		0.897612
474.6		0.897612
474.7		0.897612
474.8		0.897612
474.9		0.897612
475		0.897612
475.1		0.898727
475.2		0.898727
475.3		0.898727
475.4		0.898727
475.5		0.898727
475.6		0.898727
475.7		0.898727
475.8		0.898727
475.9		0.898727
476		0.898727
476.1		0.901103
476.2		0.901103
476.3		0.901103
476.4		0.901103
476.5		0.901103
476.6		0.901103
476.7		0.901103
476.8		0.901103
476.9		0.901103
477		0.901103
477.1		0.902632
477.2		0.902632
477.3		0.902632
477.4		0.902632
477.5		0.902632
477.6		0.902632
477.7		0.902632
477.8		0.902632
477.9		0.902632
478		0.902632
478.1		0.905855
478.2		0.905855
478.3		0.905855
478.4		0.905855
478.5		0.905855
478.6		0.905855
478.7		0.905855
478.8		0.905855
478.9		0.905855
479		0.905855
479.1		0.908045
479.2		0.908045
479.3		0.908045
479.4		0.908045
479.5		0.908045
479.6		0.908045
479.7		0.908045
479.8		0.908045
479.9		0.908045
480		0.908045
480.1		0.908851
480.2		0.908851
480.3		0.908851
480.4		0.908851
480.5		0.908851
480.6		0.908851
480.7		0.908851
480.8		0.908851
480.9		0.908851
481		0.908851
481.1		0.911474
481.2		0.911474
481.3		0.911474
481.4		0.911474
481.5		0.911474
481.6		0.911474
481.7		0.911474
481.8		0.911474
481.9		0.911474
482		0.911474
482.1		0.912239
482.2		0.912239
482.3		0.912239
482.4		0.912239
482.5		0.912239
482.6		0.912239
482.7		0.912239
482.8		0.912239
482.9		0.912239
483		0.912239
483.1		0.913561
483.2		0.913561
483.3		0.913561
483.4		0.913561
483.5		0.913561
483.6		0.913561
483.7		0.913561
483.8		0.913561
483.9		0.913561
484		0.913561
484.1		0.917424
484.2		0.917424
484.3		0.917424
484.4		0.917424
484.5		0.917424
484.6		0.917424
484.7		0.917424
484.8		0.917424
484.9		0.917424
485		0.917424
485.1		0.917899
485.2		0.917899
485.3		0.917899
485.4		0.917899
485.5		0.917899
485.6		0.917899
485.7		0.917899
485.8		0.917899
485.9		0.917899
486		0.917899
486.1		0.921432
486.2		0.921432
486.3		0.921432
486.4		0.921432
486.5		0.921432
486.6		0.921432
486.7		0.921432
486.8		0.921432
486.9		0.921432
487		0.921432
487.1		0.922093
487.2		0.922093
487.3		0.922093
487.4		0.922093
487.5		0.922093
487.6		0.922093
487.7		0.922093
487.8		0.922093
487.9		0.922093
488		0.922093
488.1		0.923994
488.2		0.923994
488.3		0.923994
488.4		0.923994
488.5		0.923994
488.6		0.923994
488.7		0.923994
488.8		0.923994
488.9		0.923994
489		0.923994
489.1		0.927382
489.2		0.927382
489.3		0.927382
489.4		0.927382
489.5		0.927382
489.6		0.927382
489.7		0.927382
489.8		0.927382
489.9		0.927382
490		0.927382
490.1		0.930316
490.2		0.930316
490.3		0.930316
490.4		0.930316
490.5		0.930316
490.6		0.930316
490.7		0.930316
490.8		0.930316
490.9		0.930316
491		0.930316
491.1		0.931328
491.2		0.931328
491.3		0.931328
491.4		0.931328
491.5		0.931328
491.6		0.931328
491.7		0.931328
491.8		0.931328
491.9		0.931328
492		0.931328
492.1		0.93263
492.2		0.93263
492.3		0.93263
492.4		0.93263
492.5		0.93263
492.6		0.93263
492.7		0.93263
492.8		0.93263
492.9		0.93263
493		0.93263
493.1		0.933601
493.2		0.933601
493.3		0.933601
493.4		0.933601
493.5		0.933601
493.6		0.933601
493.7		0.933601
493.8		0.933601
493.9		0.933601
494		0.933601
494.1		0.936885
494.2		0.936885
494.3		0.936885
494.4		0.936885
494.5		0.936885
494.6		0.936885
494.7		0.936885
494.8		0.936885
494.9		0.936885
495		0.936885
495.1		0.938641
495.2		0.938641
495.3		0.938641
495.4		0.938641
495.5		0.938641
495.6		0.938641
495.7		0.938641
495.8		0.938641
495.9		0.938641
496		0.938641
496.1		0.942897
496.2		0.942897
496.3		0.942897
496.4		0.942897
496.5		0.942897
496.6		0.942897
496.7		0.942897
496.8		0.942897
496.9		0.942897
497		0.942897
497.1		0.944302
497.2		0.944302
497.3		0.944302
497.4		0.944302
497.5		0.944302
497.6		0.944302
497.7		0.944302
497.8		0.944302
497.9		0.944302
498		0.944302
498.1		0.944612
498.2		0.944612
498.3		0.944612
498.4		0.944612
498.5		0.944612
498.6		0.944612
498.7		0.944612
498.8		0.944612
498.9		0.944612
499		0.944612
499.1		0.945583
499.2		0.945583
499.3		0.945583
499.4		0.945583
499.5		0.945583
499.6		0.945583
499.7		0.945583
499.8		0.945583
499.9		0.945583
500		0.945583
500.1		0.94831
500.2		0.94831
500.3		0.94831
500.4		0.94831
500.5		0.94831
500.6		0.94831
500.7		0.94831
500.8		0.94831
500.9		0.94831
501		0.94831
501.1		0.952752
501.2		0.952752
501.3		0.952752
501.4		0.952752
501.5		0.952752
501.6		0.952752
501.7		0.952752
501.8		0.952752
501.9		0.952752
502		0.952752
502.1		0.954012
502.2		0.954012
502.3		0.954012
502.4		0.954012
502.5		0.954012
502.6		0.954012
502.7		0.954012
502.8		0.954012
502.9		0.954012
503		0.954012
503.1		0.954343
503.2		0.954343
503.3		0.954343
503.4		0.954343
503.5		0.954343
503.6		0.954343
503.7		0.954343
503.8		0.954343
503.9		0.954343
504		0.954343
504.1		0.957338
504.2		0.957338
504.3		0.957338
504.4		0.957338
504.5		0.957338
504.6		0.957338
504.7		0.957338
504.8		0.957338
504.9		0.957338
505		0.957338
505.1		0.960127
505.2		0.960127
505.3		0.960127
505.4		0.960127
505.5		0.960127
505.6		0.960127
505.7		0.960127
505.8		0.960127
505.9		0.960127
506		0.960127
506.1		0.961449
506.2		0.961449
506.3		0.961449
506.4		0.961449
506.5		0.961449
506.6		0.961449
506.7		0.961449
506.8		0.961449
506.9		0.961449
507		0.961449
507.1		0.963453
507.2		0.963453
507.3		0.963453
507.4		0.963453
507.5		0.963453
507.6		0.963453
507.7		0.963453
507.8		0.963453
507.9		0.963453
508		0.963453
508.1		0.967585
508.2		0.967585
508.3		0.967585
508.4		0.967585
508.5		0.967585
508.6		0.967585
508.7		0.967585
508.8		0.967585
508.9		0.967585
509		0.967585
509.1		0.967833
509.2		0.967833
509.3		0.967833
509.4		0.967833
509.5		0.967833
509.6		0.967833
509.7		0.967833
509.8		0.967833
509.9		0.967833
510		0.967833
510.1		0.970746
510.2		0.970746
510.3		0.970746
510.4		0.970746
510.5		0.970746
510.6		0.970746
510.7		0.970746
510.8		0.970746
510.9		0.970746
511		0.970746
511.1		0.971387
511.2		0.971387
511.3		0.971387
511.4		0.971387
511.5		0.971387
511.6		0.971387
511.7		0.971387
511.8		0.971387
511.9		0.971387
512		0.971387
512.1		0.971903
512.2		0.971903
512.3		0.971903
512.4		0.971903
512.5		0.971903
512.6		0.971903
512.7		0.971903
512.8		0.971903
512.9		0.971903
513		0.971903
513.1		0.976366
513.2		0.976366
513.3		0.976366
513.4		0.976366
513.5		0.976366
513.6		0.976366
513.7		0.976366
513.8		0.976366
513.9		0.976366
514		0.976366
514.1		0.976448
514.2		0.976448
514.3		0.976448
514.4		0.976448
514.5		0.976448
514.6		0.976448
514.7		0.976448
514.8		0.976448
514.9		0.976448
515		0.976448
515.1		0.978721
515.2		0.978721
515.3		0.978721
515.4		0.978721
515.5		0.978721
515.6		0.978721
515.7		0.978721
515.8		0.978721
515.9		0.978721
516		0.978721
516.1		0.982336
516.2		0.982336
516.3		0.982336
516.4		0.982336
516.5		0.982336
516.6		0.982336
516.7		0.982336
516.8		0.982336
516.9		0.982336
517		0.982336
517.1		0.98434
517.2		0.98434
517.3		0.98434
517.4		0.98434
517.5		0.98434
517.6		0.98434
517.7		0.98434
517.8		0.98434
517.9		0.98434
518		0.98434
518.1		0.985828
518.2		0.985828
518.3		0.985828
518.4		0.985828
518.5		0.985828
518.6		0.985828
518.7		0.985828
518.8		0.985828
518.9		0.985828
519		0.985828
519.1		0.987336
519.2		0.987336
519.3		0.987336
519.4		0.987336
519.5		0.987336
519.6		0.987336
519.7		0.987336
519.8		0.987336
519.9		0.987336
520		0.987336
520.1		0.991282
520.2		0.991282
520.3		0.991282
520.4		0.991282
520.5		0.991282
520.6		0.991282
520.7		0.991282
520.8		0.991282
520.9		0.991282
521		0.991282
521.1		0.992294
521.2		0.992294
521.3		0.992294
521.4		0.992294
521.5		0.992294
521.6		0.992294
521.7		0.992294
521.8		0.992294
521.9		0.992294
522		0.992294
522.1		0.996715
522.2		0.996715
522.3		0.996715
522.4		0.996715
522.5		0.996715
522.6		0.996715
522.7		0.996715
522.8		0.996715
522.9		0.996715
523		0.996715
523.1		0.997066
523.2		0.997066
523.3		0.997066
523.4		0.997066
523.5		0.997066
523.6		0.997066
523.7		0.997066
523.8		0.997066
523.9		0.997066
524		0.997066
524.1		0.998141
524.2		0.998141
524.3		0.998141
524.4		0.998141
524.5		0.998141
524.6		0.998141
524.7		0.998141
524.8		0.998141
524.9		0.998141
525		0.998141
525.1		1
525.2		1
525.3		1
525.4		1
525.5		1
525.6		1
525.7		1
525.8		1
525.9		1
526		1
526.1		1
526.2		1
526.3		1
526.4		1
526.5		1
526.6		1
526.7		1
526.8		1
526.9		1
527		1
527.1		1
527.2		1
527.3		1
527.4		1
527.5		1
527.6		1
527.7		1
527.8		1
527.9		1
528		1
528.1		1
528.2		1
528.3		1
528.4		1
528.5		1
528.6		1
528.7		1
528.8		1
528.9		1
529		1
529.1		1
529.2		1
529.3		1
529.4		1
529.5		1
529.6		1
529.7		1
529.8		1
529.9		1
530		1
530.1		1
530.2		1
530.3		1
530.4		1
530.5		1
530.6		1
530.7		1
530.8		1
530.9		1
531		1
531.1		1
531.2		1
531.3		1
531.4		1
531.5		1
531.6		1
531.7		1
531.8		1
531.9		1
532		1
532.1		1
532.2		1
532.3		1
532.4		1
532.5		1
532.6		1
532.7		1
532.8		1
532.9		1
533		1
533.1		1
533.2		1
533.3		1
533.4		1
533.5		1
533.6		1
533.7		1
533.8		1
533.9		1
534		1
534.1		1
534.2		1
534.3		1
534.4		1
534.5		1
534.6		1
534.7		1
534.8		1
534.9		1
535		1
535.1		1
535.2		1
535.3		1
535.4		1
535.5		1
535.6		1
535.7		1
535.8		1
535.9		1
536		1
536.1		1
536.2		1
536.3		1
536.4		1
536.5		1
536.6		1
536.7		1
536.8		1
536.9		1
537		1
537.1		1
537.2		1
537.3		1
537.4		1
537.5		1
537.6		1
537.7		1
537.8		1
537.9		1
538		1
538.1		1
538.2		1
538.3		1
538.4		1
538.5		1
538.6		1
538.7		1
538.8		1
538.9		1
539		1
539.1		1
539.2		1
539.3		1
539.4		1
539.5		1
539.6		1
539.7		1
539.8		1
539.9		1
540		1
540.1		1
540.2		1
540.3		1
540.4		1
540.5		1
540.6		1
540.7		1
540.8		1
540.9		1
541		1
541.1		1
541.2		1
541.3		1
541.4		1
541.5		1
541.6		1
541.7		1
541.8		1
541.9		1
542		1
542.1		1
542.2		1
542.3		1
542.4		1
542.5		1
542.6		1
542.7		1
542.8		1
542.9		1
543		1
543.1		1
543.2		1
543.3		1
543.4		1
543.5		1
543.6		1
543.7		1
543.8		1
543.9		1
544		1
544.1		1
544.2		1
544.3		1
544.4		1
544.5		1
544.6		1
544.7		1
544.8		1
544.9		1
545		1
545.1		1
545.2		1
545.3		1
545.4		1
545.5		1
545.6		1
545.7		1
545.8		1
545.9		1
546		1
546.1		1
546.2		1
546.3		1
546.4		1
546.5		1
546.6		1
546.7		1
546.8		1
546.9		1
547		1
547.1		1
547.2		1
547.3		1
547.4		1
547.5		1
547.6		1
547.7		1
547.8		1
547.9		1
548		1
548.1		1
548.2		1
548.3		1
548.4		1
548.5		1
548.6		1
548.7		1
548.8		1
548.9		1
549		1
549.1		1
549.2		1
549.3		1
549.4		1
549.5		1
549.6		1
549.7		1
549.8		1
549.9		1
550		1
550.1		1
550.2		1
550.3		1
550.4		1
550.5		1
550.6		1
550.7		1
550.8		1
550.9		1
551		1
551.1		1
551.2		1
551.3		1
551.4		1
551.5		1
551.6		1
551.7		1
551.8		1
551.9		1
552		1
552.1		1
552.2		1
552.3		1
552.4		1
552.5		1
552.6		1
552.7		1
552.8		1
552.9		1
553		1
553.1		1
553.2		1
553.3		1
553.4		1
553.5		1
553.6		1
553.7		1
553.8		1
553.9		1
554		1
554.1		1
554.2		1
554.3		1
554.4		1
554.5		1
554.6		1
554.7		1
554.8		1
554.9		1
555		1
555.1		1
555.2		1
555.3		1
555.4		1
555.5		1
555.6		1
555.7		1
555.8		1
555.9		1
556		1
556.1		1
556.2		1
556.3		1
556.4		1
556.5		1
556.6		1
556.7		1
556.8		1
556.9		1
557		1
557.1		1
557.2		1
557.3		1
557.4		1
557.5		1
557.6		1
557.7		1
557.8		1
557.9		1
558		1
558.1		1
558.2		1
558.3		1
558.4		1
558.5		1
558.6		1
558.7		1
558.8		1
558.9		1
559		1
559.1		1
559.2		1
559.3		1
559.4		1
559.5		1
559.6		1
559.7		1
559.8		1
559.9		1
560		1
560.1		1
560.2		1
560.3		1
560.4		1
560.5		1
560.6		1
560.7		1
560.8		1
560.9		1
561		1
561.1		1
561.2		1
561.3		1
561.4		1
561.5		1
561.6		1
561.7		1
561.8		1
561.9		1
562		1
562.1		1
562.2		1
562.3		1
562.4		1
562.5		1
562.6		1
562.7		1
562.8		1
562.9		1
563		1
563.1		1
563.2		1
563.3		1
563.4		1
563.5		1
563.6		1
563.7		1
563.8		1
563.9		1
564		1
564.1		1
564.2		1
564.3		1
564.4		1
564.5		1
564.6		1
564.7		1
564.8		1
564.9		1
565		1
565.1		1
565.2		1
565.3		1
565.4		1
565.5		1
565.6		1
565.7		1
565.8		1
565.9		1
566		1
566.1		1
566.2		1
566.3		1
566.4		1
566.5		1
566.6		1
566.7		1
566.8		1
566.9		1
567		1
567.1		1
567.2		1
567.3		1
567.4		1
567.5		1
567.6		1
567.7		1
567.8		1
567.9		1
568		1
568.1		1
568.2		1
568.3		1
568.4		1
568.5		1
568.6		1
568.7		1
568.8		1
568.9		1
569		1
569.1		1
569.2		1
569.3		1
569.4		1
569.5		1
569.6		1
569.7		1
569.8		1
569.9		1
570		1
570.1		1
570.2		1
570.3		1
570.4		1
570.5		1
570.6		1
570.7		1
570.8		1
570.9		1
571		1
571.1		1
571.2		1
571.3		1
571.4		1
571.5		1
571.6		1
571.7		1
571.8		1
571.9		1
572		1
572.1		1
572.2		1
572.3		1
572.4		1
572.5		1
572.6		1
572.7		1
572.8		1
572.9		1
573		1
573.1		1
573.2		1
573.3		1
573.4		1
573.5		1
573.6		1
573.7		1
573.8		1
573.9		1
574		1
574.1		1
574.2		1
574.3		1
574.4		1
574.5		1
574.6		1
574.7		1
574.8		1
574.9		1
575		1
575.1		1
575.2		1
575.3		1
575.4		1
575.5		1
575.6		1
575.7		1
575.8		1
575.9		1
576		1
576.1		1
576.2		1
576.3		1
576.4		1
576.5		1
576.6		1
576.7		1
576.8		1
576.9		1
577		1
577.1		1
577.2		1
577.3		1
577.4		1
577.5		1
577.6		1
577.7		1
577.8		1
577.9		1
578		1
578.1		1
578.2		1
578.3		1
578.4		1
578.5		1
578.6		1
578.7		1
578.8		1
578.9		1
579		1
579.1		1
579.2		1
579.3		1
579.4		1
579.5		1
579.6		1
579.7		1
579.8		1
579.9		1
580		1
580.1		1
580.2		1
580.3		1
580.4		1
580.5		1
580.6		1
580.7		1
580.8		1
580.9		1
581		1
581.1		1
581.2		1
581.3		1
581.4		1
581.5		1
581.6		1
581.7		1
581.8		1
581.9		1
582		1
582.1		1
582.2		1
582.3		1
582.4		1
582.5		1
582.6		1
582.7		1
582.8		1
582.9		1
583		1
583.1		1
583.2		1
583.3		1
583.4		1
583.5		1
583.6		1
583.7		1
583.8		1
583.9		1
584		1
584.1		1
584.2		1
584.3		1
584.4		1
584.5		1
584.6		1
584.7		1
584.8		1
584.9		1
585		1
585.1		1
585.2		1
585.3		1
585.4		1
585.5		1
585.6		1
585.7		1
585.8		1
585.9		1
586		1
586.1		1
586.2		1
586.3		1
586.4		1
586.5		1
586.6		1
586.7		1
586.8		1
586.9		1
587		1
587.1		1
587.2		1
587.3		1
587.4		1
587.5		1
587.6		1
587.7		1
587.8		1
587.9		1
588		1
588.1		1
588.2		1
588.3		1
588.4		1
588.5		1
588.6		1
588.7		1
588.8		1
588.9		1
589		1
589.1		1
589.2		1
589.3		1
589.4		1
589.5		1
589.6		1
589.7		1
589.8		1
589.9		1
590		1
590.1		1
590.2		1
590.3		1
590.4		1
590.5		1
590.6		1
590.7		1
590.8		1
590.9		1
591		1
591.1		1
591.2		1
591.3		1
591.4		1
591.5		1
591.6		1
591.7		1
591.8		1
591.9		1
592		1
592.1		1
592.2		1
592.3		1
592.4		1
592.5		1
592.6		1
592.7		1
592.8		1
592.9		1
593		1
593.1		1
593.2		1
593.3		1
593.4		1
593.5		1
593.6		1
593.7		1
593.8		1
593.9		1
594		1
594.1		1
594.2		1
594.3		1
594.4		1
594.5		1
594.6		1
594.7		1
594.8		1
594.9		1
595		1
595.1		1
595.2		1
595.3		1
595.4		1
595.5		1
595.6		1
595.7		1
595.8		1
595.9		1
596		1
596.1		1
596.2		1
596.3		1
596.4		1
596.5		1
596.6		1
596.7		1
596.8		1
596.9		1
597		1
597.1		1
597.2		1
597.3		1
597.4		1
597.5		1
597.6		1
597.7		1
597.8		1
597.9		1
598		1
598.1		1
598.2		1
598.3		1
598.4		1
598.5		1
598.6		1
598.7		1
598.8		1
598.9		1
599		1
599.1		1
599.2		1
599.3		1
599.4		1
599.5		1
599.6		1
599.7		1
599.8		1
599.9		1
600		1
