# Calibration file of tamex_id 0 @ channel 52
# fine_T bin		 Calibration value
0.1		0
0.2		0
0.3		0
0.4		0
0.5		0
0.6		0
0.7		0
0.8		0
0.9		0
1		0
1.1		0
1.2		0
1.3		0
1.4		0
1.5		0
1.6		0
1.7		0
1.8		0
1.9		0
2		0
2.1		0
2.2		0
2.3		0
2.4		0
2.5		0
2.6		0
2.7		0
2.8		0
2.9		0
3		0
3.1		0
3.2		0
3.3		0
3.4		0
3.5		0
3.6		0
3.7		0
3.8		0
3.9		0
4		0
4.1		0
4.2		0
4.3		0
4.4		0
4.5		0
4.6		0
4.7		0
4.8		0
4.9		0
5		0
5.1		0
5.2		0
5.3		0
5.4		0
5.5		0
5.6		0
5.7		0
5.8		0
5.9		0
6		0
6.1		0
6.2		0
6.3		0
6.4		0
6.5		0
6.6		0
6.7		0
6.8		0
6.9		0
7		0
7.1		0
7.2		0
7.3		0
7.4		0
7.5		0
7.6		0
7.7		0
7.8		0
7.9		0
8		0
8.1		0
8.2		0
8.3		0
8.4		0
8.5		0
8.6		0
8.7		0
8.8		0
8.9		0
9		0
9.1		0
9.2		0
9.3		0
9.4		0
9.5		0
9.6		0
9.7		0
9.8		0
9.9		0
10		0
10.1		0
10.2		0
10.3		0
10.4		0
10.5		0
10.6		0
10.7		0
10.8		0
10.9		0
11		0
11.1		0
11.2		0
11.3		0
11.4		0
11.5		0
11.6		0
11.7		0
11.8		0
11.9		0
12		0
12.1		0
12.2		0
12.3		0
12.4		0
12.5		0
12.6		0
12.7		0
12.8		0
12.9		0
13		0
13.1		0
13.2		0
13.3		0
13.4		0
13.5		0
13.6		0
13.7		0
13.8		0
13.9		0
14		0
14.1		0
14.2		0
14.3		0
14.4		0
14.5		0
14.6		0
14.7		0
14.8		0
14.9		0
15		0
15.1		0
15.2		0
15.3		0
15.4		0
15.5		0
15.6		0
15.7		0
15.8		0
15.9		0
16		0
16.1		0.00276136
16.2		0.00276136
16.3		0.00276136
16.4		0.00276136
16.5		0.00276136
16.6		0.00276136
16.7		0.00276136
16.8		0.00276136
16.9		0.00276136
17		0.00276136
17.1		0.00913657
17.2		0.00913657
17.3		0.00913657
17.4		0.00913657
17.5		0.00913657
17.6		0.00913657
17.7		0.00913657
17.8		0.00913657
17.9		0.00913657
18		0.00913657
18.1		0.0107674
18.2		0.0107674
18.3		0.0107674
18.4		0.0107674
18.5		0.0107674
18.6		0.0107674
18.7		0.0107674
18.8		0.0107674
18.9		0.0107674
19		0.0107674
19.1		0.011101
19.2		0.011101
19.3		0.011101
19.4		0.011101
19.5		0.011101
19.6		0.011101
19.7		0.011101
19.8		0.011101
19.9		0.011101
20		0.011101
20.1		0.0177172
20.2		0.0177172
20.3		0.0177172
20.4		0.0177172
20.5		0.0177172
20.6		0.0177172
20.7		0.0177172
20.8		0.0177172
20.9		0.0177172
21		0.0177172
21.1		0.0190144
21.2		0.0190144
21.3		0.0190144
21.4		0.0190144
21.5		0.0190144
21.6		0.0190144
21.7		0.0190144
21.8		0.0190144
21.9		0.0190144
22		0.0190144
22.1		0.0193666
22.2		0.0193666
22.3		0.0193666
22.4		0.0193666
22.5		0.0193666
22.6		0.0193666
22.7		0.0193666
22.8		0.0193666
22.9		0.0193666
23		0.0193666
23.1		0.0204414
23.2		0.0204414
23.3		0.0204414
23.4		0.0204414
23.5		0.0204414
23.6		0.0204414
23.7		0.0204414
23.8		0.0204414
23.9		0.0204414
24		0.0204414
24.1		0.0240553
24.2		0.0240553
24.3		0.0240553
24.4		0.0240553
24.5		0.0240553
24.6		0.0240553
24.7		0.0240553
24.8		0.0240553
24.9		0.0240553
25		0.0240553
25.1		0.0271132
25.2		0.0271132
25.3		0.0271132
25.4		0.0271132
25.5		0.0271132
25.6		0.0271132
25.7		0.0271132
25.8		0.0271132
25.9		0.0271132
26		0.0271132
26.1		0.0272614
26.2		0.0272614
26.3		0.0272614
26.4		0.0272614
26.5		0.0272614
26.6		0.0272614
26.7		0.0272614
26.8		0.0272614
26.9		0.0272614
27		0.0272614
27.1		0.0311348
27.2		0.0311348
27.3		0.0311348
27.4		0.0311348
27.5		0.0311348
27.6		0.0311348
27.7		0.0311348
27.8		0.0311348
27.9		0.0311348
28		0.0311348
28.1		0.0333031
28.2		0.0333031
28.3		0.0333031
28.4		0.0333031
28.5		0.0333031
28.6		0.0333031
28.7		0.0333031
28.8		0.0333031
28.9		0.0333031
29		0.0333031
29.1		0.0333957
29.2		0.0333957
29.3		0.0333957
29.4		0.0333957
29.5		0.0333957
29.6		0.0333957
29.7		0.0333957
29.8		0.0333957
29.9		0.0333957
30		0.0333957
30.1		0.0348042
30.2		0.0348042
30.3		0.0348042
30.4		0.0348042
30.5		0.0348042
30.6		0.0348042
30.7		0.0348042
30.8		0.0348042
30.9		0.0348042
31		0.0348042
31.1		0.0372505
31.2		0.0372505
31.3		0.0372505
31.4		0.0372505
31.5		0.0372505
31.6		0.0372505
31.7		0.0372505
31.8		0.0372505
31.9		0.0372505
32		0.0372505
32.1		0.0386404
32.2		0.0386404
32.3		0.0386404
32.4		0.0386404
32.5		0.0386404
32.6		0.0386404
32.7		0.0386404
32.8		0.0386404
32.9		0.0386404
33		0.0386404
33.1		0.0435516
33.2		0.0435516
33.3		0.0435516
33.4		0.0435516
33.5		0.0435516
33.6		0.0435516
33.7		0.0435516
33.8		0.0435516
33.9		0.0435516
34		0.0435516
34.1		0.044089
34.2		0.044089
34.3		0.044089
34.4		0.044089
34.5		0.044089
34.6		0.044089
34.7		0.044089
34.8		0.044089
34.9		0.044089
35		0.044089
35.1		0.044367
35.2		0.044367
35.3		0.044367
35.4		0.044367
35.5		0.044367
35.6		0.044367
35.7		0.044367
35.8		0.044367
35.9		0.044367
36		0.044367
36.1		0.0473322
36.2		0.0473322
36.3		0.0473322
36.4		0.0473322
36.5		0.0473322
36.6		0.0473322
36.7		0.0473322
36.8		0.0473322
36.9		0.0473322
37		0.0473322
37.1		0.0474434
37.2		0.0474434
37.3		0.0474434
37.4		0.0474434
37.5		0.0474434
37.6		0.0474434
37.7		0.0474434
37.8		0.0474434
37.9		0.0474434
38		0.0474434
38.1		0.0527252
38.2		0.0527252
38.3		0.0527252
38.4		0.0527252
38.5		0.0527252
38.6		0.0527252
38.7		0.0527252
38.8		0.0527252
38.9		0.0527252
39		0.0527252
39.1		0.0529476
39.2		0.0529476
39.3		0.0529476
39.4		0.0529476
39.5		0.0529476
39.6		0.0529476
39.7		0.0529476
39.8		0.0529476
39.9		0.0529476
40		0.0529476
40.1		0.056024
40.2		0.056024
40.3		0.056024
40.4		0.056024
40.5		0.056024
40.6		0.056024
40.7		0.056024
40.8		0.056024
40.9		0.056024
41		0.056024
41.1		0.0578587
41.2		0.0578587
41.3		0.0578587
41.4		0.0578587
41.5		0.0578587
41.6		0.0578587
41.7		0.0578587
41.8		0.0578587
41.9		0.0578587
42		0.0578587
42.1		0.0608796
42.2		0.0608796
42.3		0.0608796
42.4		0.0608796
42.5		0.0608796
42.6		0.0608796
42.7		0.0608796
42.8		0.0608796
42.9		0.0608796
43		0.0608796
43.1		0.0615467
43.2		0.0615467
43.3		0.0615467
43.4		0.0615467
43.5		0.0615467
43.6		0.0615467
43.7		0.0615467
43.8		0.0615467
43.9		0.0615467
44		0.0615467
44.1		0.063678
44.2		0.063678
44.3		0.063678
44.4		0.063678
44.5		0.063678
44.6		0.063678
44.7		0.063678
44.8		0.063678
44.9		0.063678
45		0.063678
45.1		0.0639004
45.2		0.0639004
45.3		0.0639004
45.4		0.0639004
45.5		0.0639004
45.6		0.0639004
45.7		0.0639004
45.8		0.0639004
45.9		0.0639004
46		0.0639004
46.1		0.068793
46.2		0.068793
46.3		0.068793
46.4		0.068793
46.5		0.068793
46.6		0.068793
46.7		0.068793
46.8		0.068793
46.9		0.068793
47		0.068793
47.1		0.0699791
47.2		0.0699791
47.3		0.0699791
47.4		0.0699791
47.5		0.0699791
47.6		0.0699791
47.7		0.0699791
47.8		0.0699791
47.9		0.0699791
48		0.0699791
48.1		0.0716099
48.2		0.0716099
48.3		0.0716099
48.4		0.0716099
48.5		0.0716099
48.6		0.0716099
48.7		0.0716099
48.8		0.0716099
48.9		0.0716099
49		0.0716099
49.1		0.0719806
49.2		0.0719806
49.3		0.0719806
49.4		0.0719806
49.5		0.0719806
49.6		0.0719806
49.7		0.0719806
49.8		0.0719806
49.9		0.0719806
50		0.0719806
50.1		0.0769658
50.2		0.0769658
50.3		0.0769658
50.4		0.0769658
50.5		0.0769658
50.6		0.0769658
50.7		0.0769658
50.8		0.0769658
50.9		0.0769658
51		0.0769658
51.1		0.0786708
51.2		0.0786708
51.3		0.0786708
51.4		0.0786708
51.5		0.0786708
51.6		0.0786708
51.7		0.0786708
51.8		0.0786708
51.9		0.0786708
52		0.0786708
52.1		0.0808392
52.2		0.0808392
52.3		0.0808392
52.4		0.0808392
52.5		0.0808392
52.6		0.0808392
52.7		0.0808392
52.8		0.0808392
52.9		0.0808392
53		0.0808392
53.1		0.0829704
53.2		0.0829704
53.3		0.0829704
53.4		0.0829704
53.5		0.0829704
53.6		0.0829704
53.7		0.0829704
53.8		0.0829704
53.9		0.0829704
54		0.0829704
54.1		0.085324
54.2		0.085324
54.3		0.085324
54.4		0.085324
54.5		0.085324
54.6		0.085324
54.7		0.085324
54.8		0.085324
54.9		0.085324
55		0.085324
55.1		0.0859912
55.2		0.0859912
55.3		0.0859912
55.4		0.0859912
55.5		0.0859912
55.6		0.0859912
55.7		0.0859912
55.8		0.0859912
55.9		0.0859912
56		0.0859912
56.1		0.0898645
56.2		0.0898645
56.3		0.0898645
56.4		0.0898645
56.5		0.0898645
56.6		0.0898645
56.7		0.0898645
56.8		0.0898645
56.9		0.0898645
57		0.0898645
57.1		0.0901981
57.2		0.0901981
57.3		0.0901981
57.4		0.0901981
57.5		0.0901981
57.6		0.0901981
57.7		0.0901981
57.8		0.0901981
57.9		0.0901981
58		0.0901981
58.1		0.091829
58.2		0.091829
58.3		0.091829
58.4		0.091829
58.5		0.091829
58.6		0.091829
58.7		0.091829
58.8		0.091829
58.9		0.091829
59		0.091829
59.1		0.0940344
59.2		0.0940344
59.3		0.0940344
59.4		0.0940344
59.5		0.0940344
59.6		0.0940344
59.7		0.0940344
59.8		0.0940344
59.9		0.0940344
60		0.0940344
60.1		0.0962768
60.2		0.0962768
60.3		0.0962768
60.4		0.0962768
60.5		0.0962768
60.6		0.0962768
60.7		0.0962768
60.8		0.0962768
60.9		0.0962768
61		0.0962768
61.1		0.0966104
61.2		0.0966104
61.3		0.0966104
61.4		0.0966104
61.5		0.0966104
61.6		0.0966104
61.7		0.0966104
61.8		0.0966104
61.9		0.0966104
62		0.0966104
62.1		0.0996497
62.2		0.0996497
62.3		0.0996497
62.4		0.0996497
62.5		0.0996497
62.6		0.0996497
62.7		0.0996497
62.8		0.0996497
62.9		0.0996497
63		0.0996497
63.1		0.102374
63.2		0.102374
63.3		0.102374
63.4		0.102374
63.5		0.102374
63.6		0.102374
63.7		0.102374
63.8		0.102374
63.9		0.102374
64		0.102374
64.1		0.104079
64.2		0.104079
64.3		0.104079
64.4		0.104079
64.5		0.104079
64.6		0.104079
64.7		0.104079
64.8		0.104079
64.9		0.104079
65		0.104079
65.1		0.108471
65.2		0.108471
65.3		0.108471
65.4		0.108471
65.5		0.108471
65.6		0.108471
65.7		0.108471
65.8		0.108471
65.9		0.108471
66		0.108471
66.1		0.108768
66.2		0.108768
66.3		0.108768
66.4		0.108768
66.5		0.108768
66.6		0.108768
66.7		0.108768
66.8		0.108768
66.9		0.108768
67		0.108768
67.1		0.110528
67.2		0.110528
67.3		0.110528
67.4		0.110528
67.5		0.110528
67.6		0.110528
67.7		0.110528
67.8		0.110528
67.9		0.110528
68		0.110528
68.1		0.113772
68.2		0.113772
68.3		0.113772
68.4		0.113772
68.5		0.113772
68.6		0.113772
68.7		0.113772
68.8		0.113772
68.9		0.113772
69		0.113772
69.1		0.114587
69.2		0.114587
69.3		0.114587
69.4		0.114587
69.5		0.114587
69.6		0.114587
69.7		0.114587
69.8		0.114587
69.9		0.114587
70		0.114587
70.1		0.118572
70.2		0.118572
70.3		0.118572
70.4		0.118572
70.5		0.118572
70.6		0.118572
70.7		0.118572
70.8		0.118572
70.9		0.118572
71		0.118572
71.1		0.118646
71.2		0.118646
71.3		0.118646
71.4		0.118646
71.5		0.118646
71.6		0.118646
71.7		0.118646
71.8		0.118646
71.9		0.118646
72		0.118646
72.1		0.121166
72.2		0.121166
72.3		0.121166
72.4		0.121166
72.5		0.121166
72.6		0.121166
72.7		0.121166
72.8		0.121166
72.9		0.121166
73		0.121166
73.1		0.123316
73.2		0.123316
73.3		0.123316
73.4		0.123316
73.5		0.123316
73.6		0.123316
73.7		0.123316
73.8		0.123316
73.9		0.123316
74		0.123316
74.1		0.124706
74.2		0.124706
74.3		0.124706
74.4		0.124706
74.5		0.124706
74.6		0.124706
74.7		0.124706
74.8		0.124706
74.9		0.124706
75		0.124706
75.1		0.129413
75.2		0.129413
75.3		0.129413
75.4		0.129413
75.5		0.129413
75.6		0.129413
75.7		0.129413
75.8		0.129413
75.9		0.129413
76		0.129413
76.1		0.13134
76.2		0.13134
76.3		0.13134
76.4		0.13134
76.5		0.13134
76.6		0.13134
76.7		0.13134
76.8		0.13134
76.9		0.13134
77		0.13134
77.1		0.132119
77.2		0.132119
77.3		0.132119
77.4		0.132119
77.5		0.132119
77.6		0.132119
77.7		0.132119
77.8		0.132119
77.9		0.132119
78		0.132119
78.1		0.133342
78.2		0.133342
78.3		0.133342
78.4		0.133342
78.5		0.133342
78.6		0.133342
78.7		0.133342
78.8		0.133342
78.9		0.133342
79		0.133342
79.1		0.135547
79.2		0.135547
79.3		0.135547
79.4		0.135547
79.5		0.135547
79.6		0.135547
79.7		0.135547
79.8		0.135547
79.9		0.135547
80		0.135547
80.1		0.139995
80.2		0.139995
80.3		0.139995
80.4		0.139995
80.5		0.139995
80.6		0.139995
80.7		0.139995
80.8		0.139995
80.9		0.139995
81		0.139995
81.1		0.142682
81.2		0.142682
81.3		0.142682
81.4		0.142682
81.5		0.142682
81.6		0.142682
81.7		0.142682
81.8		0.142682
81.9		0.142682
82		0.142682
82.1		0.142905
82.2		0.142905
82.3		0.142905
82.4		0.142905
82.5		0.142905
82.6		0.142905
82.7		0.142905
82.8		0.142905
82.9		0.142905
83		0.142905
83.1		0.143442
83.2		0.143442
83.3		0.143442
83.4		0.143442
83.5		0.143442
83.6		0.143442
83.7		0.143442
83.8		0.143442
83.9		0.143442
84		0.143442
84.1		0.147686
84.2		0.147686
84.3		0.147686
84.4		0.147686
84.5		0.147686
84.6		0.147686
84.7		0.147686
84.8		0.147686
84.9		0.147686
85		0.147686
85.1		0.148613
85.2		0.148613
85.3		0.148613
85.4		0.148613
85.5		0.148613
85.6		0.148613
85.7		0.148613
85.8		0.148613
85.9		0.148613
86		0.148613
86.1		0.151522
86.2		0.151522
86.3		0.151522
86.4		0.151522
86.5		0.151522
86.6		0.151522
86.7		0.151522
86.8		0.151522
86.9		0.151522
87		0.151522
87.1		0.152134
87.2		0.152134
87.3		0.152134
87.4		0.152134
87.5		0.152134
87.6		0.152134
87.7		0.152134
87.8		0.152134
87.9		0.152134
88		0.152134
88.1		0.156137
88.2		0.156137
88.3		0.156137
88.4		0.156137
88.5		0.156137
88.6		0.156137
88.7		0.156137
88.8		0.156137
88.9		0.156137
89		0.156137
89.1		0.15723
89.2		0.15723
89.3		0.15723
89.4		0.15723
89.5		0.15723
89.6		0.15723
89.7		0.15723
89.8		0.15723
89.9		0.15723
90		0.15723
90.1		0.158268
90.2		0.158268
90.3		0.158268
90.4		0.158268
90.5		0.158268
90.6		0.158268
90.7		0.158268
90.8		0.158268
90.9		0.158268
91		0.158268
91.1		0.159454
91.2		0.159454
91.3		0.159454
91.4		0.159454
91.5		0.159454
91.6		0.159454
91.7		0.159454
91.8		0.159454
91.9		0.159454
92		0.159454
92.1		0.165033
92.2		0.165033
92.3		0.165033
92.4		0.165033
92.5		0.165033
92.6		0.165033
92.7		0.165033
92.8		0.165033
92.9		0.165033
93		0.165033
93.1		0.167368
93.2		0.167368
93.3		0.167368
93.4		0.167368
93.5		0.167368
93.6		0.167368
93.7		0.167368
93.8		0.167368
93.9		0.167368
94		0.167368
94.1		0.167905
94.2		0.167905
94.3		0.167905
94.4		0.167905
94.5		0.167905
94.6		0.167905
94.7		0.167905
94.8		0.167905
94.9		0.167905
95		0.167905
95.1		0.169332
95.2		0.169332
95.3		0.169332
95.4		0.169332
95.5		0.169332
95.6		0.169332
95.7		0.169332
95.8		0.169332
95.9		0.169332
96		0.169332
96.1		0.172149
96.2		0.172149
96.3		0.172149
96.4		0.172149
96.5		0.172149
96.6		0.172149
96.7		0.172149
96.8		0.172149
96.9		0.172149
97		0.172149
97.1		0.176671
97.2		0.176671
97.3		0.176671
97.4		0.176671
97.5		0.176671
97.6		0.176671
97.7		0.176671
97.8		0.176671
97.9		0.176671
98		0.176671
98.1		0.177412
98.2		0.177412
98.3		0.177412
98.4		0.177412
98.5		0.177412
98.6		0.177412
98.7		0.177412
98.8		0.177412
98.9		0.177412
99		0.177412
99.1		0.177765
99.2		0.177765
99.3		0.177765
99.4		0.177765
99.5		0.177765
99.6		0.177765
99.7		0.177765
99.8		0.177765
99.9		0.177765
100		0.177765
100.1		0.180507
100.2		0.180507
100.3		0.180507
100.4		0.180507
100.5		0.180507
100.6		0.180507
100.7		0.180507
100.8		0.180507
100.9		0.180507
101		0.180507
101.1		0.180637
101.2		0.180637
101.3		0.180637
101.4		0.180637
101.5		0.180637
101.6		0.180637
101.7		0.180637
101.8		0.180637
101.9		0.180637
102		0.180637
102.1		0.18451
102.2		0.18451
102.3		0.18451
102.4		0.18451
102.5		0.18451
102.6		0.18451
102.7		0.18451
102.8		0.18451
102.9		0.18451
103		0.18451
103.1		0.18679
103.2		0.18679
103.3		0.18679
103.4		0.18679
103.5		0.18679
103.6		0.18679
103.7		0.18679
103.8		0.18679
103.9		0.18679
104		0.18679
104.1		0.189181
104.2		0.189181
104.3		0.189181
104.4		0.189181
104.5		0.189181
104.6		0.189181
104.7		0.189181
104.8		0.189181
104.9		0.189181
105		0.189181
105.1		0.189625
105.2		0.189625
105.3		0.189625
105.4		0.189625
105.5		0.189625
105.6		0.189625
105.7		0.189625
105.8		0.189625
105.9		0.189625
106		0.189625
106.1		0.194444
106.2		0.194444
106.3		0.194444
106.4		0.194444
106.5		0.194444
106.6		0.194444
106.7		0.194444
106.8		0.194444
106.9		0.194444
107		0.194444
107.1		0.195056
107.2		0.195056
107.3		0.195056
107.4		0.195056
107.5		0.195056
107.6		0.195056
107.7		0.195056
107.8		0.195056
107.9		0.195056
108		0.195056
108.1		0.196612
108.2		0.196612
108.3		0.196612
108.4		0.196612
108.5		0.196612
108.6		0.196612
108.7		0.196612
108.8		0.196612
108.9		0.196612
109		0.196612
109.1		0.198076
109.2		0.198076
109.3		0.198076
109.4		0.198076
109.5		0.198076
109.6		0.198076
109.7		0.198076
109.8		0.198076
109.9		0.198076
110		0.198076
110.1		0.204155
110.2		0.204155
110.3		0.204155
110.4		0.204155
110.5		0.204155
110.6		0.204155
110.7		0.204155
110.8		0.204155
110.9		0.204155
111		0.204155
111.1		0.205082
111.2		0.205082
111.3		0.205082
111.4		0.205082
111.5		0.205082
111.6		0.205082
111.7		0.205082
111.8		0.205082
111.9		0.205082
112		0.205082
112.1		0.205452
112.2		0.205452
112.3		0.205452
112.4		0.205452
112.5		0.205452
112.6		0.205452
112.7		0.205452
112.8		0.205452
112.9		0.205452
113		0.205452
113.1		0.206675
113.2		0.206675
113.3		0.206675
113.4		0.206675
113.5		0.206675
113.6		0.206675
113.7		0.206675
113.8		0.206675
113.9		0.206675
114		0.206675
114.1		0.21268
114.2		0.21268
114.3		0.21268
114.4		0.21268
114.5		0.21268
114.6		0.21268
114.7		0.21268
114.8		0.21268
114.9		0.21268
115		0.21268
115.1		0.213106
115.2		0.213106
115.3		0.213106
115.4		0.213106
115.5		0.213106
115.6		0.213106
115.7		0.213106
115.8		0.213106
115.9		0.213106
116		0.213106
116.1		0.214756
116.2		0.214756
116.3		0.214756
116.4		0.214756
116.5		0.214756
116.6		0.214756
116.7		0.214756
116.8		0.214756
116.9		0.214756
117		0.214756
117.1		0.218796
117.2		0.218796
117.3		0.218796
117.4		0.218796
117.5		0.218796
117.6		0.218796
117.7		0.218796
117.8		0.218796
117.9		0.218796
118		0.218796
118.1		0.222502
118.2		0.222502
118.3		0.222502
118.4		0.222502
118.5		0.222502
118.6		0.222502
118.7		0.222502
118.8		0.222502
118.9		0.222502
119		0.222502
119.1		0.223484
119.2		0.223484
119.3		0.223484
119.4		0.223484
119.5		0.223484
119.6		0.223484
119.7		0.223484
119.8		0.223484
119.9		0.223484
120		0.223484
120.1		0.224782
120.2		0.224782
120.3		0.224782
120.4		0.224782
120.5		0.224782
120.6		0.224782
120.7		0.224782
120.8		0.224782
120.9		0.224782
121		0.224782
121.1		0.226023
121.2		0.226023
121.3		0.226023
121.4		0.226023
121.5		0.226023
121.6		0.226023
121.7		0.226023
121.8		0.226023
121.9		0.226023
122		0.226023
122.1		0.231954
122.2		0.231954
122.3		0.231954
122.4		0.231954
122.5		0.231954
122.6		0.231954
122.7		0.231954
122.8		0.231954
122.9		0.231954
123		0.231954
123.1		0.233659
123.2		0.233659
123.3		0.233659
123.4		0.233659
123.5		0.233659
123.6		0.233659
123.7		0.233659
123.8		0.233659
123.9		0.233659
124		0.233659
124.1		0.234419
124.2		0.234419
124.3		0.234419
124.4		0.234419
124.5		0.234419
124.6		0.234419
124.7		0.234419
124.8		0.234419
124.9		0.234419
125		0.234419
125.1		0.235475
125.2		0.235475
125.3		0.235475
125.4		0.235475
125.5		0.235475
125.6		0.235475
125.7		0.235475
125.8		0.235475
125.9		0.235475
126		0.235475
126.1		0.241202
126.2		0.241202
126.3		0.241202
126.4		0.241202
126.5		0.241202
126.6		0.241202
126.7		0.241202
126.8		0.241202
126.9		0.241202
127		0.241202
127.1		0.241776
127.2		0.241776
127.3		0.241776
127.4		0.241776
127.5		0.241776
127.6		0.241776
127.7		0.241776
127.8		0.241776
127.9		0.241776
128		0.241776
128.1		0.243259
128.2		0.243259
128.3		0.243259
128.4		0.243259
128.5		0.243259
128.6		0.243259
128.7		0.243259
128.8		0.243259
128.9		0.243259
129		0.243259
129.1		0.245446
129.2		0.245446
129.3		0.245446
129.4		0.245446
129.5		0.245446
129.6		0.245446
129.7		0.245446
129.8		0.245446
129.9		0.245446
130		0.245446
130.1		0.247614
130.2		0.247614
130.3		0.247614
130.4		0.247614
130.5		0.247614
130.6		0.247614
130.7		0.247614
130.8		0.247614
130.9		0.247614
131		0.247614
131.1		0.249931
131.2		0.249931
131.3		0.249931
131.4		0.249931
131.5		0.249931
131.6		0.249931
131.7		0.249931
131.8		0.249931
131.9		0.249931
132		0.249931
132.1		0.251469
132.2		0.251469
132.3		0.251469
132.4		0.251469
132.5		0.251469
132.6		0.251469
132.7		0.251469
132.8		0.251469
132.9		0.251469
133		0.251469
133.1		0.25171
133.2		0.25171
133.3		0.25171
133.4		0.25171
133.5		0.25171
133.6		0.25171
133.7		0.25171
133.8		0.25171
133.9		0.25171
134		0.25171
134.1		0.254341
134.2		0.254341
134.3		0.254341
134.4		0.254341
134.5		0.254341
134.6		0.254341
134.7		0.254341
134.8		0.254341
134.9		0.254341
135		0.254341
135.1		0.25714
135.2		0.25714
135.3		0.25714
135.4		0.25714
135.5		0.25714
135.6		0.25714
135.7		0.25714
135.8		0.25714
135.9		0.25714
136		0.25714
136.1		0.257325
136.2		0.257325
136.3		0.257325
136.4		0.257325
136.5		0.257325
136.6		0.257325
136.7		0.257325
136.8		0.257325
136.9		0.257325
137		0.257325
137.1		0.259104
137.2		0.259104
137.3		0.259104
137.4		0.259104
137.5		0.259104
137.6		0.259104
137.7		0.259104
137.8		0.259104
137.9		0.259104
138		0.259104
138.1		0.264219
138.2		0.264219
138.3		0.264219
138.4		0.264219
138.5		0.264219
138.6		0.264219
138.7		0.264219
138.8		0.264219
138.9		0.264219
139		0.264219
139.1		0.265628
139.2		0.265628
139.3		0.265628
139.4		0.265628
139.5		0.265628
139.6		0.265628
139.7		0.265628
139.8		0.265628
139.9		0.265628
140		0.265628
140.1		0.266647
140.2		0.266647
140.3		0.266647
140.4		0.266647
140.5		0.266647
140.6		0.266647
140.7		0.266647
140.8		0.266647
140.9		0.266647
141		0.266647
141.1		0.266851
141.2		0.266851
141.3		0.266851
141.4		0.266851
141.5		0.266851
141.6		0.266851
141.7		0.266851
141.8		0.266851
141.9		0.266851
142		0.266851
142.1		0.269519
142.2		0.269519
142.3		0.269519
142.4		0.269519
142.5		0.269519
142.6		0.269519
142.7		0.269519
142.8		0.269519
142.9		0.269519
143		0.269519
143.1		0.272244
143.2		0.272244
143.3		0.272244
143.4		0.272244
143.5		0.272244
143.6		0.272244
143.7		0.272244
143.8		0.272244
143.9		0.272244
144		0.272244
144.1		0.273726
144.2		0.273726
144.3		0.273726
144.4		0.273726
144.5		0.273726
144.6		0.273726
144.7		0.273726
144.8		0.273726
144.9		0.273726
145		0.273726
145.1		0.276858
145.2		0.276858
145.3		0.276858
145.4		0.276858
145.5		0.276858
145.6		0.276858
145.7		0.276858
145.8		0.276858
145.9		0.276858
146		0.276858
146.1		0.277081
146.2		0.277081
146.3		0.277081
146.4		0.277081
146.5		0.277081
146.6		0.277081
146.7		0.277081
146.8		0.277081
146.9		0.277081
147		0.277081
147.1		0.280454
147.2		0.280454
147.3		0.280454
147.4		0.280454
147.5		0.280454
147.6		0.280454
147.7		0.280454
147.8		0.280454
147.9		0.280454
148		0.280454
148.1		0.286254
148.2		0.286254
148.3		0.286254
148.4		0.286254
148.5		0.286254
148.6		0.286254
148.7		0.286254
148.8		0.286254
148.9		0.286254
149		0.286254
149.1		0.287292
149.2		0.287292
149.3		0.287292
149.4		0.287292
149.5		0.287292
149.6		0.287292
149.7		0.287292
149.8		0.287292
149.9		0.287292
150		0.287292
150.1		0.287515
150.2		0.287515
150.3		0.287515
150.4		0.287515
150.5		0.287515
150.6		0.287515
150.7		0.287515
150.8		0.287515
150.9		0.287515
151		0.287515
151.1		0.287756
151.2		0.287756
151.3		0.287756
151.4		0.287756
151.5		0.287756
151.6		0.287756
151.7		0.287756
151.8		0.287756
151.9		0.287756
152		0.287756
152.1		0.29363
152.2		0.29363
152.3		0.29363
152.4		0.29363
152.5		0.29363
152.6		0.29363
152.7		0.29363
152.8		0.29363
152.9		0.29363
153		0.29363
153.1		0.295947
153.2		0.295947
153.3		0.295947
153.4		0.295947
153.5		0.295947
153.6		0.295947
153.7		0.295947
153.8		0.295947
153.9		0.295947
154		0.295947
154.1		0.296355
154.2		0.296355
154.3		0.296355
154.4		0.296355
154.5		0.296355
154.6		0.296355
154.7		0.296355
154.8		0.296355
154.9		0.296355
155		0.296355
155.1		0.298078
155.2		0.298078
155.3		0.298078
155.4		0.298078
155.5		0.298078
155.6		0.298078
155.7		0.298078
155.8		0.298078
155.9		0.298078
156		0.298078
156.1		0.299746
156.2		0.299746
156.3		0.299746
156.4		0.299746
156.5		0.299746
156.6		0.299746
156.7		0.299746
156.8		0.299746
156.9		0.299746
157		0.299746
157.1		0.303175
157.2		0.303175
157.3		0.303175
157.4		0.303175
157.5		0.303175
157.6		0.303175
157.7		0.303175
157.8		0.303175
157.9		0.303175
158		0.303175
158.1		0.303416
158.2		0.303416
158.3		0.303416
158.4		0.303416
158.5		0.303416
158.6		0.303416
158.7		0.303416
158.8		0.303416
158.9		0.303416
159		0.303416
159.1		0.307493
159.2		0.307493
159.3		0.307493
159.4		0.307493
159.5		0.307493
159.6		0.307493
159.7		0.307493
159.8		0.307493
159.9		0.307493
160		0.307493
160.1		0.309754
160.2		0.309754
160.3		0.309754
160.4		0.309754
160.5		0.309754
160.6		0.309754
160.7		0.309754
160.8		0.309754
160.9		0.309754
161		0.309754
161.1		0.309902
161.2		0.309902
161.3		0.309902
161.4		0.309902
161.5		0.309902
161.6		0.309902
161.7		0.309902
161.8		0.309902
161.9		0.309902
162		0.309902
162.1		0.315128
162.2		0.315128
162.3		0.315128
162.4		0.315128
162.5		0.315128
162.6		0.315128
162.7		0.315128
162.8		0.315128
162.9		0.315128
163		0.315128
163.1		0.316073
163.2		0.316073
163.3		0.316073
163.4		0.316073
163.5		0.316073
163.6		0.316073
163.7		0.316073
163.8		0.316073
163.9		0.316073
164		0.316073
164.1		0.31902
164.2		0.31902
164.3		0.31902
164.4		0.31902
164.5		0.31902
164.6		0.31902
164.7		0.31902
164.8		0.31902
164.9		0.31902
165		0.31902
165.1		0.319261
165.2		0.319261
165.3		0.319261
165.4		0.319261
165.5		0.319261
165.6		0.319261
165.7		0.319261
165.8		0.319261
165.9		0.319261
166		0.319261
166.1		0.322838
166.2		0.322838
166.3		0.322838
166.4		0.322838
166.5		0.322838
166.6		0.322838
166.7		0.322838
166.8		0.322838
166.9		0.322838
167		0.322838
167.1		0.326804
167.2		0.326804
167.3		0.326804
167.4		0.326804
167.5		0.326804
167.6		0.326804
167.7		0.326804
167.8		0.326804
167.9		0.326804
168		0.326804
168.1		0.327397
168.2		0.327397
168.3		0.327397
168.4		0.327397
168.5		0.327397
168.6		0.327397
168.7		0.327397
168.8		0.327397
168.9		0.327397
169		0.327397
169.1		0.329083
169.2		0.329083
169.3		0.329083
169.4		0.329083
169.5		0.329083
169.6		0.329083
169.7		0.329083
169.8		0.329083
169.9		0.329083
170		0.329083
170.1		0.332753
170.2		0.332753
170.3		0.332753
170.4		0.332753
170.5		0.332753
170.6		0.332753
170.7		0.332753
170.8		0.332753
170.9		0.332753
171		0.332753
171.1		0.334272
171.2		0.334272
171.3		0.334272
171.4		0.334272
171.5		0.334272
171.6		0.334272
171.7		0.334272
171.8		0.334272
171.9		0.334272
172		0.334272
172.1		0.33518
172.2		0.33518
172.3		0.33518
172.4		0.33518
172.5		0.33518
172.6		0.33518
172.7		0.33518
172.8		0.33518
172.9		0.33518
173		0.33518
173.1		0.337275
173.2		0.337275
173.3		0.337275
173.4		0.337275
173.5		0.337275
173.6		0.337275
173.7		0.337275
173.8		0.337275
173.9		0.337275
174		0.337275
174.1		0.342779
174.2		0.342779
174.3		0.342779
174.4		0.342779
174.5		0.342779
174.6		0.342779
174.7		0.342779
174.8		0.342779
174.9		0.342779
175		0.342779
175.1		0.344039
175.2		0.344039
175.3		0.344039
175.4		0.344039
175.5		0.344039
175.6		0.344039
175.7		0.344039
175.8		0.344039
175.9		0.344039
176		0.344039
176.1		0.344465
176.2		0.344465
176.3		0.344465
176.4		0.344465
176.5		0.344465
176.6		0.344465
176.7		0.344465
176.8		0.344465
176.9		0.344465
177		0.344465
177.1		0.345948
177.2		0.345948
177.3		0.345948
177.4		0.345948
177.5		0.345948
177.6		0.345948
177.7		0.345948
177.8		0.345948
177.9		0.345948
178		0.345948
178.1		0.349376
178.2		0.349376
178.3		0.349376
178.4		0.349376
178.5		0.349376
178.6		0.349376
178.7		0.349376
178.8		0.349376
178.9		0.349376
179		0.349376
179.1		0.353361
179.2		0.353361
179.3		0.353361
179.4		0.353361
179.5		0.353361
179.6		0.353361
179.7		0.353361
179.8		0.353361
179.9		0.353361
180		0.353361
180.1		0.353472
180.2		0.353472
180.3		0.353472
180.4		0.353472
180.5		0.353472
180.6		0.353472
180.7		0.353472
180.8		0.353472
180.9		0.353472
181		0.353472
181.1		0.355159
181.2		0.355159
181.3		0.355159
181.4		0.355159
181.5		0.355159
181.6		0.355159
181.7		0.355159
181.8		0.355159
181.9		0.355159
182		0.355159
182.1		0.356845
182.2		0.356845
182.3		0.356845
182.4		0.356845
182.5		0.356845
182.6		0.356845
182.7		0.356845
182.8		0.356845
182.9		0.356845
183		0.356845
183.1		0.357067
183.2		0.357067
183.3		0.357067
183.4		0.357067
183.5		0.357067
183.6		0.357067
183.7		0.357067
183.8		0.357067
183.9		0.357067
184		0.357067
184.1		0.361626
184.2		0.361626
184.3		0.361626
184.4		0.361626
184.5		0.361626
184.6		0.361626
184.7		0.361626
184.8		0.361626
184.9		0.361626
185		0.361626
185.1		0.361904
185.2		0.361904
185.3		0.361904
185.4		0.361904
185.5		0.361904
185.6		0.361904
185.7		0.361904
185.8		0.361904
185.9		0.361904
186		0.361904
186.1		0.36487
186.2		0.36487
186.3		0.36487
186.4		0.36487
186.5		0.36487
186.6		0.36487
186.7		0.36487
186.8		0.36487
186.9		0.36487
187		0.36487
187.1		0.368483
187.2		0.368483
187.3		0.368483
187.4		0.368483
187.5		0.368483
187.6		0.368483
187.7		0.368483
187.8		0.368483
187.9		0.368483
188		0.368483
188.1		0.368724
188.2		0.368724
188.3		0.368724
188.4		0.368724
188.5		0.368724
188.6		0.368724
188.7		0.368724
188.8		0.368724
188.9		0.368724
189		0.368724
189.1		0.369169
189.2		0.369169
189.3		0.369169
189.4		0.369169
189.5		0.369169
189.6		0.369169
189.7		0.369169
189.8		0.369169
189.9		0.369169
190		0.369169
190.1		0.374877
190.2		0.374877
190.3		0.374877
190.4		0.374877
190.5		0.374877
190.6		0.374877
190.7		0.374877
190.8		0.374877
190.9		0.374877
191		0.374877
191.1		0.375266
191.2		0.375266
191.3		0.375266
191.4		0.375266
191.5		0.375266
191.6		0.375266
191.7		0.375266
191.8		0.375266
191.9		0.375266
192		0.375266
192.1		0.377546
192.2		0.377546
192.3		0.377546
192.4		0.377546
192.5		0.377546
192.6		0.377546
192.7		0.377546
192.8		0.377546
192.9		0.377546
193		0.377546
193.1		0.381123
193.2		0.381123
193.3		0.381123
193.4		0.381123
193.5		0.381123
193.6		0.381123
193.7		0.381123
193.8		0.381123
193.9		0.381123
194		0.381123
194.1		0.382086
194.2		0.382086
194.3		0.382086
194.4		0.382086
194.5		0.382086
194.6		0.382086
194.7		0.382086
194.8		0.382086
194.9		0.382086
195		0.382086
195.1		0.386052
195.2		0.386052
195.3		0.386052
195.4		0.386052
195.5		0.386052
195.6		0.386052
195.7		0.386052
195.8		0.386052
195.9		0.386052
196		0.386052
196.1		0.386534
196.2		0.386534
196.3		0.386534
196.4		0.386534
196.5		0.386534
196.6		0.386534
196.7		0.386534
196.8		0.386534
196.9		0.386534
197		0.386534
197.1		0.388665
197.2		0.388665
197.3		0.388665
197.4		0.388665
197.5		0.388665
197.6		0.388665
197.7		0.388665
197.8		0.388665
197.9		0.388665
198		0.388665
198.1		0.389277
198.2		0.389277
198.3		0.389277
198.4		0.389277
198.5		0.389277
198.6		0.389277
198.7		0.389277
198.8		0.389277
198.9		0.389277
199		0.389277
199.1		0.39315
199.2		0.39315
199.3		0.39315
199.4		0.39315
199.5		0.39315
199.6		0.39315
199.7		0.39315
199.8		0.39315
199.9		0.39315
200		0.39315
200.1		0.396838
200.2		0.396838
200.3		0.396838
200.4		0.396838
200.5		0.396838
200.6		0.396838
200.7		0.396838
200.8		0.396838
200.9		0.396838
201		0.396838
201.1		0.397394
201.2		0.397394
201.3		0.397394
201.4		0.397394
201.5		0.397394
201.6		0.397394
201.7		0.397394
201.8		0.397394
201.9		0.397394
202		0.397394
202.1		0.397598
202.2		0.397598
202.3		0.397598
202.4		0.397598
202.5		0.397598
202.6		0.397598
202.7		0.397598
202.8		0.397598
202.9		0.397598
203		0.397598
203.1		0.400712
203.2		0.400712
203.3		0.400712
203.4		0.400712
203.5		0.400712
203.6		0.400712
203.7		0.400712
203.8		0.400712
203.9		0.400712
204		0.400712
204.1		0.40768
204.2		0.40768
204.3		0.40768
204.4		0.40768
204.5		0.40768
204.6		0.40768
204.7		0.40768
204.8		0.40768
204.9		0.40768
205		0.40768
205.1		0.407828
205.2		0.407828
205.3		0.407828
205.4		0.407828
205.5		0.407828
205.6		0.407828
205.7		0.407828
205.8		0.407828
205.9		0.407828
206		0.407828
206.1		0.408291
206.2		0.408291
206.3		0.408291
206.4		0.408291
206.5		0.408291
206.6		0.408291
206.7		0.408291
206.8		0.408291
206.9		0.408291
207		0.408291
207.1		0.408551
207.2		0.408551
207.3		0.408551
207.4		0.408551
207.5		0.408551
207.6		0.408551
207.7		0.408551
207.8		0.408551
207.9		0.408551
208		0.408551
208.1		0.41374
208.2		0.41374
208.3		0.41374
208.4		0.41374
208.5		0.41374
208.6		0.41374
208.7		0.41374
208.8		0.41374
208.9		0.41374
209		0.41374
209.1		0.414778
209.2		0.414778
209.3		0.414778
209.4		0.414778
209.5		0.414778
209.6		0.414778
209.7		0.414778
209.8		0.414778
209.9		0.414778
210		0.414778
210.1		0.416557
210.2		0.416557
210.3		0.416557
210.4		0.416557
210.5		0.416557
210.6		0.416557
210.7		0.416557
210.8		0.416557
210.9		0.416557
211		0.416557
211.1		0.418114
211.2		0.418114
211.3		0.418114
211.4		0.418114
211.5		0.418114
211.6		0.418114
211.7		0.418114
211.8		0.418114
211.9		0.418114
212		0.418114
212.1		0.424341
212.2		0.424341
212.3		0.424341
212.4		0.424341
212.5		0.424341
212.6		0.424341
212.7		0.424341
212.8		0.424341
212.9		0.424341
213		0.424341
213.1		0.42549
213.2		0.42549
213.3		0.42549
213.4		0.42549
213.5		0.42549
213.6		0.42549
213.7		0.42549
213.8		0.42549
213.9		0.42549
214		0.42549
214.1		0.425879
214.2		0.425879
214.3		0.425879
214.4		0.425879
214.5		0.425879
214.6		0.425879
214.7		0.425879
214.8		0.425879
214.9		0.425879
215		0.425879
215.1		0.426101
215.2		0.426101
215.3		0.426101
215.4		0.426101
215.5		0.426101
215.6		0.426101
215.7		0.426101
215.8		0.426101
215.9		0.426101
216		0.426101
216.1		0.432662
216.2		0.432662
216.3		0.432662
216.4		0.432662
216.5		0.432662
216.6		0.432662
216.7		0.432662
216.8		0.432662
216.9		0.432662
217		0.432662
217.1		0.433107
217.2		0.433107
217.3		0.433107
217.4		0.433107
217.5		0.433107
217.6		0.433107
217.7		0.433107
217.8		0.433107
217.9		0.433107
218		0.433107
218.1		0.434478
218.2		0.434478
218.3		0.434478
218.4		0.434478
218.5		0.434478
218.6		0.434478
218.7		0.434478
218.8		0.434478
218.9		0.434478
219		0.434478
219.1		0.438407
219.2		0.438407
219.3		0.438407
219.4		0.438407
219.5		0.438407
219.6		0.438407
219.7		0.438407
219.8		0.438407
219.9		0.438407
220		0.438407
220.1		0.439574
220.2		0.439574
220.3		0.439574
220.4		0.439574
220.5		0.439574
220.6		0.439574
220.7		0.439574
220.8		0.439574
220.9		0.439574
221		0.439574
221.1		0.442929
221.2		0.442929
221.3		0.442929
221.4		0.442929
221.5		0.442929
221.6		0.442929
221.7		0.442929
221.8		0.442929
221.9		0.442929
222		0.442929
222.1		0.443207
222.2		0.443207
222.3		0.443207
222.4		0.443207
222.5		0.443207
222.6		0.443207
222.7		0.443207
222.8		0.443207
222.9		0.443207
223		0.443207
223.1		0.445913
223.2		0.445913
223.3		0.445913
223.4		0.445913
223.5		0.445913
223.6		0.445913
223.7		0.445913
223.8		0.445913
223.9		0.445913
224		0.445913
224.1		0.446487
224.2		0.446487
224.3		0.446487
224.4		0.446487
224.5		0.446487
224.6		0.446487
224.7		0.446487
224.8		0.446487
224.9		0.446487
225		0.446487
225.1		0.448971
225.2		0.448971
225.3		0.448971
225.4		0.448971
225.5		0.448971
225.6		0.448971
225.7		0.448971
225.8		0.448971
225.9		0.448971
226		0.448971
226.1		0.450713
226.2		0.450713
226.3		0.450713
226.4		0.450713
226.5		0.450713
226.6		0.450713
226.7		0.450713
226.8		0.450713
226.9		0.450713
227		0.450713
227.1		0.453492
227.2		0.453492
227.3		0.453492
227.4		0.453492
227.5		0.453492
227.6		0.453492
227.7		0.453492
227.8		0.453492
227.9		0.453492
228		0.453492
228.1		0.454197
228.2		0.454197
228.3		0.454197
228.4		0.454197
228.5		0.454197
228.6		0.454197
228.7		0.454197
228.8		0.454197
228.9		0.454197
229		0.454197
229.1		0.457588
229.2		0.457588
229.3		0.457588
229.4		0.457588
229.5		0.457588
229.6		0.457588
229.7		0.457588
229.8		0.457588
229.9		0.457588
230		0.457588
230.1		0.459126
230.2		0.459126
230.3		0.459126
230.4		0.459126
230.5		0.459126
230.6		0.459126
230.7		0.459126
230.8		0.459126
230.9		0.459126
231		0.459126
231.1		0.461202
231.2		0.461202
231.3		0.461202
231.4		0.461202
231.5		0.461202
231.6		0.461202
231.7		0.461202
231.8		0.461202
231.9		0.461202
232		0.461202
232.1		0.462481
232.2		0.462481
232.3		0.462481
232.4		0.462481
232.5		0.462481
232.6		0.462481
232.7		0.462481
232.8		0.462481
232.9		0.462481
233		0.462481
233.1		0.46476
233.2		0.46476
233.3		0.46476
233.4		0.46476
233.5		0.46476
233.6		0.46476
233.7		0.46476
233.8		0.46476
233.9		0.46476
234		0.46476
234.1		0.468949
234.2		0.468949
234.3		0.468949
234.4		0.468949
234.5		0.468949
234.6		0.468949
234.7		0.468949
234.8		0.468949
234.9		0.468949
235		0.468949
235.1		0.46919
235.2		0.46919
235.3		0.46919
235.4		0.46919
235.5		0.46919
235.6		0.46919
235.7		0.46919
235.8		0.46919
235.9		0.46919
236		0.46919
236.1		0.470098
236.2		0.470098
236.3		0.470098
236.4		0.470098
236.5		0.470098
236.6		0.470098
236.7		0.470098
236.8		0.470098
236.9		0.470098
237		0.470098
237.1		0.474805
237.2		0.474805
237.3		0.474805
237.4		0.474805
237.5		0.474805
237.6		0.474805
237.7		0.474805
237.8		0.474805
237.9		0.474805
238		0.474805
238.1		0.477437
238.2		0.477437
238.3		0.477437
238.4		0.477437
238.5		0.477437
238.6		0.477437
238.7		0.477437
238.8		0.477437
238.9		0.477437
239		0.477437
239.1		0.478882
239.2		0.478882
239.3		0.478882
239.4		0.478882
239.5		0.478882
239.6		0.478882
239.7		0.478882
239.8		0.478882
239.9		0.478882
240		0.478882
240.1		0.479549
240.2		0.479549
240.3		0.479549
240.4		0.479549
240.5		0.479549
240.6		0.479549
240.7		0.479549
240.8		0.479549
240.9		0.479549
241		0.479549
241.1		0.481699
241.2		0.481699
241.3		0.481699
241.4		0.481699
241.5		0.481699
241.6		0.481699
241.7		0.481699
241.8		0.481699
241.9		0.481699
242		0.481699
242.1		0.484887
242.2		0.484887
242.3		0.484887
242.4		0.484887
242.5		0.484887
242.6		0.484887
242.7		0.484887
242.8		0.484887
242.9		0.484887
243		0.484887
243.1		0.486944
243.2		0.486944
243.3		0.486944
243.4		0.486944
243.5		0.486944
243.6		0.486944
243.7		0.486944
243.8		0.486944
243.9		0.486944
244		0.486944
244.1		0.487222
244.2		0.487222
244.3		0.487222
244.4		0.487222
244.5		0.487222
244.6		0.487222
244.7		0.487222
244.8		0.487222
244.9		0.487222
245		0.487222
245.1		0.489557
245.2		0.489557
245.3		0.489557
245.4		0.489557
245.5		0.489557
245.6		0.489557
245.7		0.489557
245.8		0.489557
245.9		0.489557
246		0.489557
246.1		0.492504
246.2		0.492504
246.3		0.492504
246.4		0.492504
246.5		0.492504
246.6		0.492504
246.7		0.492504
246.8		0.492504
246.9		0.492504
247		0.492504
247.1		0.492893
247.2		0.492893
247.3		0.492893
247.4		0.492893
247.5		0.492893
247.6		0.492893
247.7		0.492893
247.8		0.492893
247.9		0.492893
248		0.492893
248.1		0.495524
248.2		0.495524
248.3		0.495524
248.4		0.495524
248.5		0.495524
248.6		0.495524
248.7		0.495524
248.8		0.495524
248.9		0.495524
249		0.495524
249.1		0.495673
249.2		0.495673
249.3		0.495673
249.4		0.495673
249.5		0.495673
249.6		0.495673
249.7		0.495673
249.8		0.495673
249.9		0.495673
250		0.495673
250.1		0.503957
250.2		0.503957
250.3		0.503957
250.4		0.503957
250.5		0.503957
250.6		0.503957
250.7		0.503957
250.8		0.503957
250.9		0.503957
251		0.503957
251.1		0.504679
251.2		0.504679
251.3		0.504679
251.4		0.504679
251.5		0.504679
251.6		0.504679
251.7		0.504679
251.8		0.504679
251.9		0.504679
252		0.504679
252.1		0.505124
252.2		0.505124
252.3		0.505124
252.4		0.505124
252.5		0.505124
252.6		0.505124
252.7		0.505124
252.8		0.505124
252.9		0.505124
253		0.505124
253.1		0.505717
253.2		0.505717
253.3		0.505717
253.4		0.505717
253.5		0.505717
253.6		0.505717
253.7		0.505717
253.8		0.505717
253.9		0.505717
254		0.505717
254.1		0.507052
254.2		0.507052
254.3		0.507052
254.4		0.507052
254.5		0.507052
254.6		0.507052
254.7		0.507052
254.8		0.507052
254.9		0.507052
255		0.507052
255.1		0.512278
255.2		0.512278
255.3		0.512278
255.4		0.512278
255.5		0.512278
255.6		0.512278
255.7		0.512278
255.8		0.512278
255.9		0.512278
256		0.512278
256.1		0.514001
256.2		0.514001
256.3		0.514001
256.4		0.514001
256.5		0.514001
256.6		0.514001
256.7		0.514001
256.8		0.514001
256.9		0.514001
257		0.514001
257.1		0.516096
257.2		0.516096
257.3		0.516096
257.4		0.516096
257.5		0.516096
257.6		0.516096
257.7		0.516096
257.8		0.516096
257.9		0.516096
258		0.516096
258.1		0.517004
258.2		0.517004
258.3		0.517004
258.4		0.517004
258.5		0.517004
258.6		0.517004
258.7		0.517004
258.8		0.517004
258.9		0.517004
259		0.517004
259.1		0.517541
259.2		0.517541
259.3		0.517541
259.4		0.517541
259.5		0.517541
259.6		0.517541
259.7		0.517541
259.8		0.517541
259.9		0.517541
260		0.517541
260.1		0.522675
260.2		0.522675
260.3		0.522675
260.4		0.522675
260.5		0.522675
260.6		0.522675
260.7		0.522675
260.8		0.522675
260.9		0.522675
261		0.522675
261.1		0.523286
261.2		0.523286
261.3		0.523286
261.4		0.523286
261.5		0.523286
261.6		0.523286
261.7		0.523286
261.8		0.523286
261.9		0.523286
262		0.523286
262.1		0.525102
262.2		0.525102
262.3		0.525102
262.4		0.525102
262.5		0.525102
262.6		0.525102
262.7		0.525102
262.8		0.525102
262.9		0.525102
263		0.525102
263.1		0.525177
263.2		0.525177
263.3		0.525177
263.4		0.525177
263.5		0.525177
263.6		0.525177
263.7		0.525177
263.8		0.525177
263.9		0.525177
264		0.525177
264.1		0.533108
264.2		0.533108
264.3		0.533108
264.4		0.533108
264.5		0.533108
264.6		0.533108
264.7		0.533108
264.8		0.533108
264.9		0.533108
265		0.533108
265.1		0.533757
265.2		0.533757
265.3		0.533757
265.4		0.533757
265.5		0.533757
265.6		0.533757
265.7		0.533757
265.8		0.533757
265.9		0.533757
266		0.533757
266.1		0.534295
266.2		0.534295
266.3		0.534295
266.4		0.534295
266.5		0.534295
266.6		0.534295
266.7		0.534295
266.8		0.534295
266.9		0.534295
267		0.534295
267.1		0.536518
267.2		0.536518
267.3		0.536518
267.4		0.536518
267.5		0.536518
267.6		0.536518
267.7		0.536518
267.8		0.536518
267.9		0.536518
268		0.536518
268.1		0.541726
268.2		0.541726
268.3		0.541726
268.4		0.541726
268.5		0.541726
268.6		0.541726
268.7		0.541726
268.8		0.541726
268.9		0.541726
269		0.541726
269.1		0.541949
269.2		0.541949
269.3		0.541949
269.4		0.541949
269.5		0.541949
269.6		0.541949
269.7		0.541949
269.8		0.541949
269.9		0.541949
270		0.541949
270.1		0.542375
270.2		0.542375
270.3		0.542375
270.4		0.542375
270.5		0.542375
270.6		0.542375
270.7		0.542375
270.8		0.542375
270.9		0.542375
271		0.542375
271.1		0.543635
271.2		0.543635
271.3		0.543635
271.4		0.543635
271.5		0.543635
271.6		0.543635
271.7		0.543635
271.8		0.543635
271.9		0.543635
272		0.543635
272.1		0.547416
272.2		0.547416
272.3		0.547416
272.4		0.547416
272.5		0.547416
272.6		0.547416
272.7		0.547416
272.8		0.547416
272.9		0.547416
273		0.547416
273.1		0.547675
273.2		0.547675
273.3		0.547675
273.4		0.547675
273.5		0.547675
273.6		0.547675
273.7		0.547675
273.8		0.547675
273.9		0.547675
274		0.547675
274.1		0.551678
274.2		0.551678
274.3		0.551678
274.4		0.551678
274.5		0.551678
274.6		0.551678
274.7		0.551678
274.8		0.551678
274.9		0.551678
275		0.551678
275.1		0.552605
275.2		0.552605
275.3		0.552605
275.4		0.552605
275.5		0.552605
275.6		0.552605
275.7		0.552605
275.8		0.552605
275.9		0.552605
276		0.552605
276.1		0.55342
276.2		0.55342
276.3		0.55342
276.4		0.55342
276.5		0.55342
276.6		0.55342
276.7		0.55342
276.8		0.55342
276.9		0.55342
277		0.55342
277.1		0.557294
277.2		0.557294
277.3		0.557294
277.4		0.557294
277.5		0.557294
277.6		0.557294
277.7		0.557294
277.8		0.557294
277.9		0.557294
278		0.557294
278.1		0.557664
278.2		0.557664
278.3		0.557664
278.4		0.557664
278.5		0.557664
278.6		0.557664
278.7		0.557664
278.8		0.557664
278.9		0.557664
279		0.557664
279.1		0.559536
279.2		0.559536
279.3		0.559536
279.4		0.559536
279.5		0.559536
279.6		0.559536
279.7		0.559536
279.8		0.559536
279.9		0.559536
280		0.559536
280.1		0.563317
280.2		0.563317
280.3		0.563317
280.4		0.563317
280.5		0.563317
280.6		0.563317
280.7		0.563317
280.8		0.563317
280.9		0.563317
281		0.563317
281.1		0.563465
281.2		0.563465
281.3		0.563465
281.4		0.563465
281.5		0.563465
281.6		0.563465
281.7		0.563465
281.8		0.563465
281.9		0.563465
282		0.563465
282.1		0.56593
282.2		0.56593
282.3		0.56593
282.4		0.56593
282.5		0.56593
282.6		0.56593
282.7		0.56593
282.8		0.56593
282.9		0.56593
283		0.56593
283.1		0.569136
283.2		0.569136
283.3		0.569136
283.4		0.569136
283.5		0.569136
283.6		0.569136
283.7		0.569136
283.8		0.569136
283.9		0.569136
284		0.569136
284.1		0.57173
284.2		0.57173
284.3		0.57173
284.4		0.57173
284.5		0.57173
284.6		0.57173
284.7		0.57173
284.8		0.57173
284.9		0.57173
285		0.57173
285.1		0.573454
285.2		0.573454
285.3		0.573454
285.4		0.573454
285.5		0.573454
285.6		0.573454
285.7		0.573454
285.8		0.573454
285.9		0.573454
286		0.573454
286.1		0.577198
286.2		0.577198
286.3		0.577198
286.4		0.577198
286.5		0.577198
286.6		0.577198
286.7		0.577198
286.8		0.577198
286.9		0.577198
287		0.577198
287.1		0.58007
287.2		0.58007
287.3		0.58007
287.4		0.58007
287.5		0.58007
287.6		0.58007
287.7		0.58007
287.8		0.58007
287.9		0.58007
288		0.58007
288.1		0.580848
288.2		0.580848
288.3		0.580848
288.4		0.580848
288.5		0.580848
288.6		0.580848
288.7		0.580848
288.8		0.580848
288.9		0.580848
289		0.580848
289.1		0.58259
289.2		0.58259
289.3		0.58259
289.4		0.58259
289.5		0.58259
289.6		0.58259
289.7		0.58259
289.8		0.58259
289.9		0.58259
290		0.58259
290.1		0.584944
290.2		0.584944
290.3		0.584944
290.4		0.584944
290.5		0.584944
290.6		0.584944
290.7		0.584944
290.8		0.584944
290.9		0.584944
291		0.584944
291.1		0.589522
291.2		0.589522
291.3		0.589522
291.4		0.589522
291.5		0.589522
291.6		0.589522
291.7		0.589522
291.8		0.589522
291.9		0.589522
292		0.589522
292.1		0.589855
292.2		0.589855
292.3		0.589855
292.4		0.589855
292.5		0.589855
292.6		0.589855
292.7		0.589855
292.8		0.589855
292.9		0.589855
293		0.589855
293.1		0.590559
293.2		0.590559
293.3		0.590559
293.4		0.590559
293.5		0.590559
293.6		0.590559
293.7		0.590559
293.8		0.590559
293.9		0.590559
294		0.590559
294.1		0.592672
294.2		0.592672
294.3		0.592672
294.4		0.592672
294.5		0.592672
294.6		0.592672
294.7		0.592672
294.8		0.592672
294.9		0.592672
295		0.592672
295.1		0.592672
295.2		0.592672
295.3		0.592672
295.4		0.592672
295.5		0.592672
295.6		0.592672
295.7		0.592672
295.8		0.592672
295.9		0.592672
296		0.592672
296.1		0.592672
296.2		0.592672
296.3		0.592672
296.4		0.592672
296.5		0.592672
296.6		0.592672
296.7		0.592672
296.8		0.592672
296.9		0.592672
297		0.592672
297.1		0.597157
297.2		0.597157
297.3		0.597157
297.4		0.597157
297.5		0.597157
297.6		0.597157
297.7		0.597157
297.8		0.597157
297.9		0.597157
298		0.597157
298.1		0.598584
298.2		0.598584
298.3		0.598584
298.4		0.598584
298.5		0.598584
298.6		0.598584
298.7		0.598584
298.8		0.598584
298.9		0.598584
299		0.598584
299.1		0.600586
299.2		0.600586
299.3		0.600586
299.4		0.600586
299.5		0.600586
299.6		0.600586
299.7		0.600586
299.8		0.600586
299.9		0.600586
300		0.600586
300.1		0.601105
300.2		0.601105
300.3		0.601105
300.4		0.601105
300.5		0.601105
300.6		0.601105
300.7		0.601105
300.8		0.601105
300.9		0.601105
301		0.601105
301.1		0.602476
301.2		0.602476
301.3		0.602476
301.4		0.602476
301.5		0.602476
301.6		0.602476
301.7		0.602476
301.8		0.602476
301.9		0.602476
302		0.602476
302.1		0.605052
302.2		0.605052
302.3		0.605052
302.4		0.605052
302.5		0.605052
302.6		0.605052
302.7		0.605052
302.8		0.605052
302.9		0.605052
303		0.605052
303.1		0.607962
303.2		0.607962
303.3		0.607962
303.4		0.607962
303.5		0.607962
303.6		0.607962
303.7		0.607962
303.8		0.607962
303.9		0.607962
304		0.607962
304.1		0.61
304.2		0.61
304.3		0.61
304.4		0.61
304.5		0.61
304.6		0.61
304.7		0.61
304.8		0.61
304.9		0.61
305		0.61
305.1		0.610464
305.2		0.610464
305.3		0.610464
305.4		0.610464
305.5		0.610464
305.6		0.610464
305.7		0.610464
305.8		0.610464
305.9		0.610464
306		0.610464
306.1		0.61417
306.2		0.61417
306.3		0.61417
306.4		0.61417
306.5		0.61417
306.6		0.61417
306.7		0.61417
306.8		0.61417
306.9		0.61417
307		0.61417
307.1		0.615004
307.2		0.615004
307.3		0.615004
307.4		0.615004
307.5		0.615004
307.6		0.615004
307.7		0.615004
307.8		0.615004
307.9		0.615004
308		0.615004
308.1		0.616524
308.2		0.616524
308.3		0.616524
308.4		0.616524
308.5		0.616524
308.6		0.616524
308.7		0.616524
308.8		0.616524
308.9		0.616524
309		0.616524
309.1		0.618433
309.2		0.618433
309.3		0.618433
309.4		0.618433
309.5		0.618433
309.6		0.618433
309.7		0.618433
309.8		0.618433
309.9		0.618433
310		0.618433
310.1		0.619341
310.2		0.619341
310.3		0.619341
310.4		0.619341
310.5		0.619341
310.6		0.619341
310.7		0.619341
310.8		0.619341
310.9		0.619341
311		0.619341
311.1		0.624863
311.2		0.624863
311.3		0.624863
311.4		0.624863
311.5		0.624863
311.6		0.624863
311.7		0.624863
311.8		0.624863
311.9		0.624863
312		0.624863
312.1		0.625049
312.2		0.625049
312.3		0.625049
312.4		0.625049
312.5		0.625049
312.6		0.625049
312.7		0.625049
312.8		0.625049
312.9		0.625049
313		0.625049
313.1		0.62553
313.2		0.62553
313.3		0.62553
313.4		0.62553
313.5		0.62553
313.6		0.62553
313.7		0.62553
313.8		0.62553
313.9		0.62553
314		0.62553
314.1		0.627866
314.2		0.627866
314.3		0.627866
314.4		0.627866
314.5		0.627866
314.6		0.627866
314.7		0.627866
314.8		0.627866
314.9		0.627866
315		0.627866
315.1		0.630071
315.2		0.630071
315.3		0.630071
315.4		0.630071
315.5		0.630071
315.6		0.630071
315.7		0.630071
315.8		0.630071
315.9		0.630071
316		0.630071
316.1		0.636187
316.2		0.636187
316.3		0.636187
316.4		0.636187
316.5		0.636187
316.6		0.636187
316.7		0.636187
316.8		0.636187
316.9		0.636187
317		0.636187
317.1		0.636557
317.2		0.636557
317.3		0.636557
317.4		0.636557
317.5		0.636557
317.6		0.636557
317.7		0.636557
317.8		0.636557
317.9		0.636557
318		0.636557
318.1		0.63804
318.2		0.63804
318.3		0.63804
318.4		0.63804
318.5		0.63804
318.6		0.63804
318.7		0.63804
318.8		0.63804
318.9		0.63804
319		0.63804
319.1		0.640727
319.2		0.640727
319.3		0.640727
319.4		0.640727
319.5		0.640727
319.6		0.640727
319.7		0.640727
319.8		0.640727
319.9		0.640727
320		0.640727
320.1		0.643526
320.2		0.643526
320.3		0.643526
320.4		0.643526
320.5		0.643526
320.6		0.643526
320.7		0.643526
320.8		0.643526
320.9		0.643526
321		0.643526
321.1		0.643822
321.2		0.643822
321.3		0.643822
321.4		0.643822
321.5		0.643822
321.6		0.643822
321.7		0.643822
321.8		0.643822
321.9		0.643822
322		0.643822
322.1		0.646862
322.2		0.646862
322.3		0.646862
322.4		0.646862
322.5		0.646862
322.6		0.646862
322.7		0.646862
322.8		0.646862
322.9		0.646862
323		0.646862
323.1		0.65016
323.2		0.65016
323.3		0.65016
323.4		0.65016
323.5		0.65016
323.6		0.65016
323.7		0.65016
323.8		0.65016
323.9		0.65016
324		0.65016
324.1		0.651124
324.2		0.651124
324.3		0.651124
324.4		0.651124
324.5		0.651124
324.6		0.651124
324.7		0.651124
324.8		0.651124
324.9		0.651124
325		0.651124
325.1		0.653533
325.2		0.653533
325.3		0.653533
325.4		0.653533
325.5		0.653533
325.6		0.653533
325.7		0.653533
325.8		0.653533
325.9		0.653533
326		0.653533
326.1		0.654182
326.2		0.654182
326.3		0.654182
326.4		0.654182
326.5		0.654182
326.6		0.654182
326.7		0.654182
326.8		0.654182
326.9		0.654182
327		0.654182
327.1		0.654349
327.2		0.654349
327.3		0.654349
327.4		0.654349
327.5		0.654349
327.6		0.654349
327.7		0.654349
327.8		0.654349
327.9		0.654349
328		0.654349
328.1		0.658556
328.2		0.658556
328.3		0.658556
328.4		0.658556
328.5		0.658556
328.6		0.658556
328.7		0.658556
328.8		0.658556
328.9		0.658556
329		0.658556
329.1		0.661891
329.2		0.661891
329.3		0.661891
329.4		0.661891
329.5		0.661891
329.6		0.661891
329.7		0.661891
329.8		0.661891
329.9		0.661891
330		0.661891
330.1		0.662151
330.2		0.662151
330.3		0.662151
330.4		0.662151
330.5		0.662151
330.6		0.662151
330.7		0.662151
330.8		0.662151
330.9		0.662151
331		0.662151
331.1		0.665487
331.2		0.665487
331.3		0.665487
331.4		0.665487
331.5		0.665487
331.6		0.665487
331.7		0.665487
331.8		0.665487
331.9		0.665487
332		0.665487
332.1		0.667192
332.2		0.667192
332.3		0.667192
332.4		0.667192
332.5		0.667192
332.6		0.667192
332.7		0.667192
332.8		0.667192
332.9		0.667192
333		0.667192
333.1		0.669805
333.2		0.669805
333.3		0.669805
333.4		0.669805
333.5		0.669805
333.6		0.669805
333.7		0.669805
333.8		0.669805
333.9		0.669805
334		0.669805
334.1		0.670416
334.2		0.670416
334.3		0.670416
334.4		0.670416
334.5		0.670416
334.6		0.670416
334.7		0.670416
334.8		0.670416
334.9		0.670416
335		0.670416
335.1		0.673141
335.2		0.673141
335.3		0.673141
335.4		0.673141
335.5		0.673141
335.6		0.673141
335.7		0.673141
335.8		0.673141
335.9		0.673141
336		0.673141
336.1		0.673919
336.2		0.673919
336.3		0.673919
336.4		0.673919
336.5		0.673919
336.6		0.673919
336.7		0.673919
336.8		0.673919
336.9		0.673919
337		0.673919
337.1		0.675161
337.2		0.675161
337.3		0.675161
337.4		0.675161
337.5		0.675161
337.6		0.675161
337.7		0.675161
337.8		0.675161
337.9		0.675161
338		0.675161
338.1		0.678552
338.2		0.678552
338.3		0.678552
338.4		0.678552
338.5		0.678552
338.6		0.678552
338.7		0.678552
338.8		0.678552
338.9		0.678552
339		0.678552
339.1		0.6787
339.2		0.6787
339.3		0.6787
339.4		0.6787
339.5		0.6787
339.6		0.6787
339.7		0.6787
339.8		0.6787
339.9		0.6787
340		0.6787
340.1		0.683037
340.2		0.683037
340.3		0.683037
340.4		0.683037
340.5		0.683037
340.6		0.683037
340.7		0.683037
340.8		0.683037
340.9		0.683037
341		0.683037
341.1		0.685446
341.2		0.685446
341.3		0.685446
341.4		0.685446
341.5		0.685446
341.6		0.685446
341.7		0.685446
341.8		0.685446
341.9		0.685446
342		0.685446
342.1		0.69058
342.2		0.69058
342.3		0.69058
342.4		0.69058
342.5		0.69058
342.6		0.69058
342.7		0.69058
342.8		0.69058
342.9		0.69058
343		0.69058
343.1		0.691303
343.2		0.691303
343.3		0.691303
343.4		0.691303
343.5		0.691303
343.6		0.691303
343.7		0.691303
343.8		0.691303
343.9		0.691303
344		0.691303
344.1		0.693267
344.2		0.693267
344.3		0.693267
344.4		0.693267
344.5		0.693267
344.6		0.693267
344.7		0.693267
344.8		0.693267
344.9		0.693267
345		0.693267
345.1		0.696992
345.2		0.696992
345.3		0.696992
345.4		0.696992
345.5		0.696992
345.6		0.696992
345.7		0.696992
345.8		0.696992
345.9		0.696992
346		0.696992
346.1		0.699401
346.2		0.699401
346.3		0.699401
346.4		0.699401
346.5		0.699401
346.6		0.699401
346.7		0.699401
346.8		0.699401
346.9		0.699401
347		0.699401
347.1		0.700291
347.2		0.700291
347.3		0.700291
347.4		0.700291
347.5		0.700291
347.6		0.700291
347.7		0.700291
347.8		0.700291
347.9		0.700291
348		0.700291
348.1		0.704739
348.2		0.704739
348.3		0.704739
348.4		0.704739
348.5		0.704739
348.6		0.704739
348.7		0.704739
348.8		0.704739
348.9		0.704739
349		0.704739
349.1		0.706833
349.2		0.706833
349.3		0.706833
349.4		0.706833
349.5		0.706833
349.6		0.706833
349.7		0.706833
349.8		0.706833
349.9		0.706833
350		0.706833
350.1		0.708093
350.2		0.708093
350.3		0.708093
350.4		0.708093
350.5		0.708093
350.6		0.708093
350.7		0.708093
350.8		0.708093
350.9		0.708093
351		0.708093
351.1		0.711744
351.2		0.711744
351.3		0.711744
351.4		0.711744
351.5		0.711744
351.6		0.711744
351.7		0.711744
351.8		0.711744
351.9		0.711744
352		0.711744
352.1		0.711744
352.2		0.711744
352.3		0.711744
352.4		0.711744
352.5		0.711744
352.6		0.711744
352.7		0.711744
352.8		0.711744
352.9		0.711744
353		0.711744
353.1		0.712282
353.2		0.712282
353.3		0.712282
353.4		0.712282
353.5		0.712282
353.6		0.712282
353.7		0.712282
353.8		0.712282
353.9		0.712282
354		0.712282
354.1		0.713134
354.2		0.713134
354.3		0.713134
354.4		0.713134
354.5		0.713134
354.6		0.713134
354.7		0.713134
354.8		0.713134
354.9		0.713134
355		0.713134
355.1		0.713134
355.2		0.713134
355.3		0.713134
355.4		0.713134
355.5		0.713134
355.6		0.713134
355.7		0.713134
355.8		0.713134
355.9		0.713134
356		0.713134
356.1		0.718712
356.2		0.718712
356.3		0.718712
356.4		0.718712
356.5		0.718712
356.6		0.718712
356.7		0.718712
356.8		0.718712
356.9		0.718712
357		0.718712
357.1		0.720566
357.2		0.720566
357.3		0.720566
357.4		0.720566
357.5		0.720566
357.6		0.720566
357.7		0.720566
357.8		0.720566
357.9		0.720566
358		0.720566
358.1		0.720566
358.2		0.720566
358.3		0.720566
358.4		0.720566
358.5		0.720566
358.6		0.720566
358.7		0.720566
358.8		0.720566
358.9		0.720566
359		0.720566
359.1		0.721437
359.2		0.721437
359.3		0.721437
359.4		0.721437
359.5		0.721437
359.6		0.721437
359.7		0.721437
359.8		0.721437
359.9		0.721437
360		0.721437
360.1		0.724179
360.2		0.724179
360.3		0.724179
360.4		0.724179
360.5		0.724179
360.6		0.724179
360.7		0.724179
360.8		0.724179
360.9		0.724179
361		0.724179
361.1		0.724383
361.2		0.724383
361.3		0.724383
361.4		0.724383
361.5		0.724383
361.6		0.724383
361.7		0.724383
361.8		0.724383
361.9		0.724383
362		0.724383
362.1		0.72872
362.2		0.72872
362.3		0.72872
362.4		0.72872
362.5		0.72872
362.6		0.72872
362.7		0.72872
362.8		0.72872
362.9		0.72872
363		0.72872
363.1		0.72998
363.2		0.72998
363.3		0.72998
363.4		0.72998
363.5		0.72998
363.6		0.72998
363.7		0.72998
363.8		0.72998
363.9		0.72998
364		0.72998
364.1		0.731018
364.2		0.731018
364.3		0.731018
364.4		0.731018
364.5		0.731018
364.6		0.731018
364.7		0.731018
364.8		0.731018
364.9		0.731018
365		0.731018
365.1		0.732426
365.2		0.732426
365.3		0.732426
365.4		0.732426
365.5		0.732426
365.6		0.732426
365.7		0.732426
365.8		0.732426
365.9		0.732426
366		0.732426
366.1		0.736652
366.2		0.736652
366.3		0.736652
366.4		0.736652
366.5		0.736652
366.6		0.736652
366.7		0.736652
366.8		0.736652
366.9		0.736652
367		0.736652
367.1		0.740414
367.2		0.740414
367.3		0.740414
367.4		0.740414
367.5		0.740414
367.6		0.740414
367.7		0.740414
367.8		0.740414
367.9		0.740414
368		0.740414
368.1		0.741137
368.2		0.741137
368.3		0.741137
368.4		0.741137
368.5		0.741137
368.6		0.741137
368.7		0.741137
368.8		0.741137
368.9		0.741137
369		0.741137
369.1		0.741507
369.2		0.741507
369.3		0.741507
369.4		0.741507
369.5		0.741507
369.6		0.741507
369.7		0.741507
369.8		0.741507
369.9		0.741507
370		0.741507
370.1		0.74451
370.2		0.74451
370.3		0.74451
370.4		0.74451
370.5		0.74451
370.6		0.74451
370.7		0.74451
370.8		0.74451
370.9		0.74451
371		0.74451
371.1		0.744955
371.2		0.744955
371.3		0.744955
371.4		0.744955
371.5		0.744955
371.6		0.744955
371.7		0.744955
371.8		0.744955
371.9		0.744955
372		0.744955
372.1		0.747623
372.2		0.747623
372.3		0.747623
372.4		0.747623
372.5		0.747623
372.6		0.747623
372.7		0.747623
372.8		0.747623
372.9		0.747623
373		0.747623
373.1		0.752349
373.2		0.752349
373.3		0.752349
373.4		0.752349
373.5		0.752349
373.6		0.752349
373.7		0.752349
373.8		0.752349
373.9		0.752349
374		0.752349
374.1		0.752924
374.2		0.752924
374.3		0.752924
374.4		0.752924
374.5		0.752924
374.6		0.752924
374.7		0.752924
374.8		0.752924
374.9		0.752924
375		0.752924
375.1		0.754369
375.2		0.754369
375.3		0.754369
375.4		0.754369
375.5		0.754369
375.6		0.754369
375.7		0.754369
375.8		0.754369
375.9		0.754369
376		0.754369
376.1		0.755481
376.2		0.755481
376.3		0.755481
376.4		0.755481
376.5		0.755481
376.6		0.755481
376.7		0.755481
376.8		0.755481
376.9		0.755481
377		0.755481
377.1		0.756204
377.2		0.756204
377.3		0.756204
377.4		0.756204
377.5		0.756204
377.6		0.756204
377.7		0.756204
377.8		0.756204
377.9		0.756204
378		0.756204
378.1		0.76004
378.2		0.76004
378.3		0.76004
378.4		0.76004
378.5		0.76004
378.6		0.76004
378.7		0.76004
378.8		0.76004
378.9		0.76004
379		0.76004
379.1		0.763469
379.2		0.763469
379.3		0.763469
379.4		0.763469
379.5		0.763469
379.6		0.763469
379.7		0.763469
379.8		0.763469
379.9		0.763469
380		0.763469
380.1		0.767509
380.2		0.767509
380.3		0.767509
380.4		0.767509
380.5		0.767509
380.6		0.767509
380.7		0.767509
380.8		0.767509
380.9		0.767509
381		0.767509
381.1		0.768491
381.2		0.768491
381.3		0.768491
381.4		0.768491
381.5		0.768491
381.6		0.768491
381.7		0.768491
381.8		0.768491
381.9		0.768491
382		0.768491
382.1		0.768732
382.2		0.768732
382.3		0.768732
382.4		0.768732
382.5		0.768732
382.6		0.768732
382.7		0.768732
382.8		0.768732
382.9		0.768732
383		0.768732
383.1		0.772531
383.2		0.772531
383.3		0.772531
383.4		0.772531
383.5		0.772531
383.6		0.772531
383.7		0.772531
383.8		0.772531
383.9		0.772531
384		0.772531
384.1		0.772772
384.2		0.772772
384.3		0.772772
384.4		0.772772
384.5		0.772772
384.6		0.772772
384.7		0.772772
384.8		0.772772
384.9		0.772772
385		0.772772
385.1		0.776386
385.2		0.776386
385.3		0.776386
385.4		0.776386
385.5		0.776386
385.6		0.776386
385.7		0.776386
385.8		0.776386
385.9		0.776386
386		0.776386
386.1		0.776701
386.2		0.776701
386.3		0.776701
386.4		0.776701
386.5		0.776701
386.6		0.776701
386.7		0.776701
386.8		0.776701
386.9		0.776701
387		0.776701
387.1		0.780259
387.2		0.780259
387.3		0.780259
387.4		0.780259
387.5		0.780259
387.6		0.780259
387.7		0.780259
387.8		0.780259
387.9		0.780259
388		0.780259
388.1		0.78252
388.2		0.78252
388.3		0.78252
388.4		0.78252
388.5		0.78252
388.6		0.78252
388.7		0.78252
388.8		0.78252
388.9		0.78252
389		0.78252
389.1		0.78328
389.2		0.78328
389.3		0.78328
389.4		0.78328
389.5		0.78328
389.6		0.78328
389.7		0.78328
389.8		0.78328
389.9		0.78328
390		0.78328
390.1		0.783947
390.2		0.783947
390.3		0.783947
390.4		0.783947
390.5		0.783947
390.6		0.783947
390.7		0.783947
390.8		0.783947
390.9		0.783947
391		0.783947
391.1		0.786653
391.2		0.786653
391.3		0.786653
391.4		0.786653
391.5		0.786653
391.6		0.786653
391.7		0.786653
391.8		0.786653
391.9		0.786653
392		0.786653
392.1		0.791212
392.2		0.791212
392.3		0.791212
392.4		0.791212
392.5		0.791212
392.6		0.791212
392.7		0.791212
392.8		0.791212
392.9		0.791212
393		0.791212
393.1		0.791323
393.2		0.791323
393.3		0.791323
393.4		0.791323
393.5		0.791323
393.6		0.791323
393.7		0.791323
393.8		0.791323
393.9		0.791323
394		0.791323
394.1		0.792676
394.2		0.792676
394.3		0.792676
394.4		0.792676
394.5		0.792676
394.6		0.792676
394.7		0.792676
394.8		0.792676
394.9		0.792676
395		0.792676
395.1		0.792972
395.2		0.792972
395.3		0.792972
395.4		0.792972
395.5		0.792972
395.6		0.792972
395.7		0.792972
395.8		0.792972
395.9		0.792972
396		0.792972
396.1		0.799681
396.2		0.799681
396.3		0.799681
396.4		0.799681
396.5		0.799681
396.6		0.799681
396.7		0.799681
396.8		0.799681
396.9		0.799681
397		0.799681
397.1		0.799922
397.2		0.799922
397.3		0.799922
397.4		0.799922
397.5		0.799922
397.6		0.799922
397.7		0.799922
397.8		0.799922
397.9		0.799922
398		0.799922
398.1		0.801553
398.2		0.801553
398.3		0.801553
398.4		0.801553
398.5		0.801553
398.6		0.801553
398.7		0.801553
398.8		0.801553
398.9		0.801553
399		0.801553
399.1		0.802517
399.2		0.802517
399.3		0.802517
399.4		0.802517
399.5		0.802517
399.6		0.802517
399.7		0.802517
399.8		0.802517
399.9		0.802517
400		0.802517
400.1		0.806483
400.2		0.806483
400.3		0.806483
400.4		0.806483
400.5		0.806483
400.6		0.806483
400.7		0.806483
400.8		0.806483
400.9		0.806483
401		0.806483
401.1		0.808985
401.2		0.808985
401.3		0.808985
401.4		0.808985
401.5		0.808985
401.6		0.808985
401.7		0.808985
401.8		0.808985
401.9		0.808985
402		0.808985
402.1		0.810893
402.2		0.810893
402.3		0.810893
402.4		0.810893
402.5		0.810893
402.6		0.810893
402.7		0.810893
402.8		0.810893
402.9		0.810893
403		0.810893
403.1		0.812172
403.2		0.812172
403.3		0.812172
403.4		0.812172
403.5		0.812172
403.6		0.812172
403.7		0.812172
403.8		0.812172
403.9		0.812172
404		0.812172
404.1		0.815545
404.2		0.815545
404.3		0.815545
404.4		0.815545
404.5		0.815545
404.6		0.815545
404.7		0.815545
404.8		0.815545
404.9		0.815545
405		0.815545
405.1		0.816731
405.2		0.816731
405.3		0.816731
405.4		0.816731
405.5		0.816731
405.6		0.816731
405.7		0.816731
405.8		0.816731
405.9		0.816731
406		0.816731
406.1		0.818232
406.2		0.818232
406.3		0.818232
406.4		0.818232
406.5		0.818232
406.6		0.818232
406.7		0.818232
406.8		0.818232
406.9		0.818232
407		0.818232
407.1		0.819159
407.2		0.819159
407.3		0.819159
407.4		0.819159
407.5		0.819159
407.6		0.819159
407.7		0.819159
407.8		0.819159
407.9		0.819159
408		0.819159
408.1		0.822069
408.2		0.822069
408.3		0.822069
408.4		0.822069
408.5		0.822069
408.6		0.822069
408.7		0.822069
408.8		0.822069
408.9		0.822069
409		0.822069
409.1		0.826035
409.2		0.826035
409.3		0.826035
409.4		0.826035
409.5		0.826035
409.6		0.826035
409.7		0.826035
409.8		0.826035
409.9		0.826035
410		0.826035
410.1		0.827888
410.2		0.827888
410.3		0.827888
410.4		0.827888
410.5		0.827888
410.6		0.827888
410.7		0.827888
410.8		0.827888
410.9		0.827888
411		0.827888
411.1		0.827999
411.2		0.827999
411.3		0.827999
411.4		0.827999
411.5		0.827999
411.6		0.827999
411.7		0.827999
411.8		0.827999
411.9		0.827999
412		0.827999
412.1		0.829945
412.2		0.829945
412.3		0.829945
412.4		0.829945
412.5		0.829945
412.6		0.829945
412.7		0.829945
412.8		0.829945
412.9		0.829945
413		0.829945
413.1		0.832836
413.2		0.832836
413.3		0.832836
413.4		0.832836
413.5		0.832836
413.6		0.832836
413.7		0.832836
413.8		0.832836
413.9		0.832836
414		0.832836
414.1		0.833207
414.2		0.833207
414.3		0.833207
414.4		0.833207
414.5		0.833207
414.6		0.833207
414.7		0.833207
414.8		0.833207
414.9		0.833207
415		0.833207
415.1		0.8386
415.2		0.8386
415.3		0.8386
415.4		0.8386
415.5		0.8386
415.6		0.8386
415.7		0.8386
415.8		0.8386
415.9		0.8386
416		0.8386
416.1		0.838692
416.2		0.838692
416.3		0.838692
416.4		0.838692
416.5		0.838692
416.6		0.838692
416.7		0.838692
416.8		0.838692
416.9		0.838692
417		0.838692
417.1		0.841583
417.2		0.841583
417.3		0.841583
417.4		0.841583
417.5		0.841583
417.6		0.841583
417.7		0.841583
417.8		0.841583
417.9		0.841583
418		0.841583
418.1		0.844586
418.2		0.844586
418.3		0.844586
418.4		0.844586
418.5		0.844586
418.6		0.844586
418.7		0.844586
418.8		0.844586
418.9		0.844586
419		0.844586
419.1		0.845364
419.2		0.845364
419.3		0.845364
419.4		0.845364
419.5		0.845364
419.6		0.845364
419.7		0.845364
419.8		0.845364
419.9		0.845364
420		0.845364
420.1		0.84605
420.2		0.84605
420.3		0.84605
420.4		0.84605
420.5		0.84605
420.6		0.84605
420.7		0.84605
420.8		0.84605
420.9		0.84605
421		0.84605
421.1		0.848478
421.2		0.848478
421.3		0.848478
421.4		0.848478
421.5		0.848478
421.6		0.848478
421.7		0.848478
421.8		0.848478
421.9		0.848478
422		0.848478
422.1		0.85135
422.2		0.85135
422.3		0.85135
422.4		0.85135
422.5		0.85135
422.6		0.85135
422.7		0.85135
422.8		0.85135
422.9		0.85135
423		0.85135
423.1		0.851665
423.2		0.851665
423.3		0.851665
423.4		0.851665
423.5		0.851665
423.6		0.851665
423.7		0.851665
423.8		0.851665
423.9		0.851665
424		0.851665
424.1		0.857132
424.2		0.857132
424.3		0.857132
424.4		0.857132
424.5		0.857132
424.6		0.857132
424.7		0.857132
424.8		0.857132
424.9		0.857132
425		0.857132
425.1		0.857466
425.2		0.857466
425.3		0.857466
425.4		0.857466
425.5		0.857466
425.6		0.857466
425.7		0.857466
425.8		0.857466
425.9		0.857466
426		0.857466
426.1		0.862544
426.2		0.862544
426.3		0.862544
426.4		0.862544
426.5		0.862544
426.6		0.862544
426.7		0.862544
426.8		0.862544
426.9		0.862544
427		0.862544
427.1		0.862785
427.2		0.862785
427.3		0.862785
427.4		0.862785
427.5		0.862785
427.6		0.862785
427.7		0.862785
427.8		0.862785
427.9		0.862785
428		0.862785
428.1		0.863081
428.2		0.863081
428.3		0.863081
428.4		0.863081
428.5		0.863081
428.6		0.863081
428.7		0.863081
428.8		0.863081
428.9		0.863081
429		0.863081
429.1		0.86449
429.2		0.86449
429.3		0.86449
429.4		0.86449
429.5		0.86449
429.6		0.86449
429.7		0.86449
429.8		0.86449
429.9		0.86449
430		0.86449
430.1		0.870309
430.2		0.870309
430.3		0.870309
430.4		0.870309
430.5		0.870309
430.6		0.870309
430.7		0.870309
430.8		0.870309
430.9		0.870309
431		0.870309
431.1		0.87207
431.2		0.87207
431.3		0.87207
431.4		0.87207
431.5		0.87207
431.6		0.87207
431.7		0.87207
431.8		0.87207
431.9		0.87207
432		0.87207
432.1		0.87231
432.2		0.87231
432.3		0.87231
432.4		0.87231
432.5		0.87231
432.6		0.87231
432.7		0.87231
432.8		0.87231
432.9		0.87231
433		0.87231
433.1		0.87333
433.2		0.87333
433.3		0.87333
433.4		0.87333
433.5		0.87333
433.6		0.87333
433.7		0.87333
433.8		0.87333
433.9		0.87333
434		0.87333
434.1		0.876295
434.2		0.876295
434.3		0.876295
434.4		0.876295
434.5		0.876295
434.6		0.876295
434.7		0.876295
434.8		0.876295
434.9		0.876295
435		0.876295
435.1		0.878259
435.2		0.878259
435.3		0.878259
435.4		0.878259
435.5		0.878259
435.6		0.878259
435.7		0.878259
435.8		0.878259
435.9		0.878259
436		0.878259
436.1		0.880687
436.2		0.880687
436.3		0.880687
436.4		0.880687
436.5		0.880687
436.6		0.880687
436.7		0.880687
436.8		0.880687
436.9		0.880687
437		0.880687
437.1		0.883597
437.2		0.883597
437.3		0.883597
437.4		0.883597
437.5		0.883597
437.6		0.883597
437.7		0.883597
437.8		0.883597
437.9		0.883597
438		0.883597
438.1		0.883856
438.2		0.883856
438.3		0.883856
438.4		0.883856
438.5		0.883856
438.6		0.883856
438.7		0.883856
438.8		0.883856
438.9		0.883856
439		0.883856
439.1		0.887099
439.2		0.887099
439.3		0.887099
439.4		0.887099
439.5		0.887099
439.6		0.887099
439.7		0.887099
439.8		0.887099
439.9		0.887099
440		0.887099
440.1		0.888193
440.2		0.888193
440.3		0.888193
440.4		0.888193
440.5		0.888193
440.6		0.888193
440.7		0.888193
440.8		0.888193
440.9		0.888193
441		0.888193
441.1		0.889564
441.2		0.889564
441.3		0.889564
441.4		0.889564
441.5		0.889564
441.6		0.889564
441.7		0.889564
441.8		0.889564
441.9		0.889564
442		0.889564
442.1		0.89416
442.2		0.89416
442.3		0.89416
442.4		0.89416
442.5		0.89416
442.6		0.89416
442.7		0.89416
442.8		0.89416
442.9		0.89416
443		0.89416
443.1		0.895791
443.2		0.895791
443.3		0.895791
443.4		0.895791
443.5		0.895791
443.6		0.895791
443.7		0.895791
443.8		0.895791
443.9		0.895791
444		0.895791
444.1		0.896662
444.2		0.896662
444.3		0.896662
444.4		0.896662
444.5		0.896662
444.6		0.896662
444.7		0.896662
444.8		0.896662
444.9		0.896662
445		0.896662
445.1		0.90048
445.2		0.90048
445.3		0.90048
445.4		0.90048
445.5		0.90048
445.6		0.90048
445.7		0.90048
445.8		0.90048
445.9		0.90048
446		0.90048
446.1		0.901036
446.2		0.901036
446.3		0.901036
446.4		0.901036
446.5		0.901036
446.6		0.901036
446.7		0.901036
446.8		0.901036
446.9		0.901036
447		0.901036
447.1		0.902519
447.2		0.902519
447.3		0.902519
447.4		0.902519
447.5		0.902519
447.6		0.902519
447.7		0.902519
447.8		0.902519
447.9		0.902519
448		0.902519
448.1		0.904817
448.2		0.904817
448.3		0.904817
448.4		0.904817
448.5		0.904817
448.6		0.904817
448.7		0.904817
448.8		0.904817
448.9		0.904817
449		0.904817
449.1		0.907522
449.2		0.907522
449.3		0.907522
449.4		0.907522
449.5		0.907522
449.6		0.907522
449.7		0.907522
449.8		0.907522
449.9		0.907522
450		0.907522
450.1		0.909042
450.2		0.909042
450.3		0.909042
450.4		0.909042
450.5		0.909042
450.6		0.909042
450.7		0.909042
450.8		0.909042
450.9		0.909042
451		0.909042
451.1		0.911044
451.2		0.911044
451.3		0.911044
451.4		0.911044
451.5		0.911044
451.6		0.911044
451.7		0.911044
451.8		0.911044
451.9		0.911044
452		0.911044
452.1		0.912693
452.2		0.912693
452.3		0.912693
452.4		0.912693
452.5		0.912693
452.6		0.912693
452.7		0.912693
452.8		0.912693
452.9		0.912693
453		0.912693
453.1		0.918123
453.2		0.918123
453.3		0.918123
453.4		0.918123
453.5		0.918123
453.6		0.918123
453.7		0.918123
453.8		0.918123
453.9		0.918123
454		0.918123
454.1		0.918586
454.2		0.918586
454.3		0.918586
454.4		0.918586
454.5		0.918586
454.6		0.918586
454.7		0.918586
454.8		0.918586
454.9		0.918586
455		0.918586
455.1		0.91942
455.2		0.91942
455.3		0.91942
455.4		0.91942
455.5		0.91942
455.6		0.91942
455.7		0.91942
455.8		0.91942
455.9		0.91942
456		0.91942
456.1		0.921959
456.2		0.921959
456.3		0.921959
456.4		0.921959
456.5		0.921959
456.6		0.921959
456.7		0.921959
456.8		0.921959
456.9		0.921959
457		0.921959
457.1		0.922274
457.2		0.922274
457.3		0.922274
457.4		0.922274
457.5		0.922274
457.6		0.922274
457.7		0.922274
457.8		0.922274
457.9		0.922274
458		0.922274
458.1		0.923664
458.2		0.923664
458.3		0.923664
458.4		0.923664
458.5		0.923664
458.6		0.923664
458.7		0.923664
458.8		0.923664
458.9		0.923664
459		0.923664
459.1		0.927037
459.2		0.927037
459.3		0.927037
459.4		0.927037
459.5		0.927037
459.6		0.927037
459.7		0.927037
459.8		0.927037
459.9		0.927037
460		0.927037
460.1		0.927704
460.2		0.927704
460.3		0.927704
460.4		0.927704
460.5		0.927704
460.6		0.927704
460.7		0.927704
460.8		0.927704
460.9		0.927704
461		0.927704
461.1		0.931819
461.2		0.931819
461.3		0.931819
461.4		0.931819
461.5		0.931819
461.6		0.931819
461.7		0.931819
461.8		0.931819
461.9		0.931819
462		0.931819
462.1		0.931967
462.2		0.931967
462.3		0.931967
462.4		0.931967
462.5		0.931967
462.6		0.931967
462.7		0.931967
462.8		0.931967
462.9		0.931967
463		0.931967
463.1		0.932467
463.2		0.932467
463.3		0.932467
463.4		0.932467
463.5		0.932467
463.6		0.932467
463.7		0.932467
463.8		0.932467
463.9		0.932467
464		0.932467
464.1		0.937971
464.2		0.937971
464.3		0.937971
464.4		0.937971
464.5		0.937971
464.6		0.937971
464.7		0.937971
464.8		0.937971
464.9		0.937971
465		0.937971
465.1		0.939306
465.2		0.939306
465.3		0.939306
465.4		0.939306
465.5		0.939306
465.6		0.939306
465.7		0.939306
465.8		0.939306
465.9		0.939306
466		0.939306
466.1		0.939621
466.2		0.939621
466.3		0.939621
466.4		0.939621
466.5		0.939621
466.6		0.939621
466.7		0.939621
466.8		0.939621
466.9		0.939621
467		0.939621
467.1		0.942364
467.2		0.942364
467.3		0.942364
467.4		0.942364
467.5		0.942364
467.6		0.942364
467.7		0.942364
467.8		0.942364
467.9		0.942364
468		0.942364
468.1		0.947849
468.2		0.947849
468.3		0.947849
468.4		0.947849
468.5		0.947849
468.6		0.947849
468.7		0.947849
468.8		0.947849
468.9		0.947849
469		0.947849
469.1		0.948924
469.2		0.948924
469.3		0.948924
469.4		0.948924
469.5		0.948924
469.6		0.948924
469.7		0.948924
469.8		0.948924
469.9		0.948924
470		0.948924
470.1		0.949035
470.2		0.949035
470.3		0.949035
470.4		0.949035
470.5		0.949035
470.6		0.949035
470.7		0.949035
470.8		0.949035
470.9		0.949035
471		0.949035
471.1		0.95087
471.2		0.95087
471.3		0.95087
471.4		0.95087
471.5		0.95087
471.6		0.95087
471.7		0.95087
471.8		0.95087
471.9		0.95087
472		0.95087
472.1		0.953428
472.2		0.953428
472.3		0.953428
472.4		0.953428
472.5		0.953428
472.6		0.953428
472.7		0.953428
472.8		0.953428
472.9		0.953428
473		0.953428
473.1		0.954614
473.2		0.954614
473.3		0.954614
473.4		0.954614
473.5		0.954614
473.6		0.954614
473.7		0.954614
473.8		0.954614
473.9		0.954614
474		0.954614
474.1		0.957227
474.2		0.957227
474.3		0.957227
474.4		0.957227
474.5		0.957227
474.6		0.957227
474.7		0.957227
474.8		0.957227
474.9		0.957227
475		0.957227
475.1		0.959895
475.2		0.959895
475.3		0.959895
475.4		0.959895
475.5		0.959895
475.6		0.959895
475.7		0.959895
475.8		0.959895
475.9		0.959895
476		0.959895
476.1		0.963139
476.2		0.963139
476.3		0.963139
476.4		0.963139
476.5		0.963139
476.6		0.963139
476.7		0.963139
476.8		0.963139
476.9		0.963139
477		0.963139
477.1		0.964955
477.2		0.964955
477.3		0.964955
477.4		0.964955
477.5		0.964955
477.6		0.964955
477.7		0.964955
477.8		0.964955
477.9		0.964955
478		0.964955
478.1		0.965437
478.2		0.965437
478.3		0.965437
478.4		0.965437
478.5		0.965437
478.6		0.965437
478.7		0.965437
478.8		0.965437
478.9		0.965437
479		0.965437
479.1		0.96603
479.2		0.96603
479.3		0.96603
479.4		0.96603
479.5		0.96603
479.6		0.96603
479.7		0.96603
479.8		0.96603
479.9		0.96603
480		0.96603
480.1		0.972164
480.2		0.972164
480.3		0.972164
480.4		0.972164
480.5		0.972164
480.6		0.972164
480.7		0.972164
480.8		0.972164
480.9		0.972164
481		0.972164
481.1		0.973795
481.2		0.973795
481.3		0.973795
481.4		0.973795
481.5		0.973795
481.6		0.973795
481.7		0.973795
481.8		0.973795
481.9		0.973795
482		0.973795
482.1		0.97398
482.2		0.97398
482.3		0.97398
482.4		0.97398
482.5		0.97398
482.6		0.97398
482.7		0.97398
482.8		0.97398
482.9		0.97398
483		0.97398
483.1		0.974851
483.2		0.974851
483.3		0.974851
483.4		0.974851
483.5		0.974851
483.6		0.974851
483.7		0.974851
483.8		0.974851
483.9		0.974851
484		0.974851
484.1		0.981467
484.2		0.981467
484.3		0.981467
484.4		0.981467
484.5		0.981467
484.6		0.981467
484.7		0.981467
484.8		0.981467
484.9		0.981467
485		0.981467
485.1		0.981727
485.2		0.981727
485.3		0.981727
485.4		0.981727
485.5		0.981727
485.6		0.981727
485.7		0.981727
485.8		0.981727
485.9		0.981727
486		0.981727
486.1		0.981968
486.2		0.981968
486.3		0.981968
486.4		0.981968
486.5		0.981968
486.6		0.981968
486.7		0.981968
486.8		0.981968
486.9		0.981968
487		0.981968
487.1		0.983506
487.2		0.983506
487.3		0.983506
487.4		0.983506
487.5		0.983506
487.6		0.983506
487.7		0.983506
487.8		0.983506
487.9		0.983506
488		0.983506
488.1		0.988658
488.2		0.988658
488.3		0.988658
488.4		0.988658
488.5		0.988658
488.6		0.988658
488.7		0.988658
488.8		0.988658
488.9		0.988658
489		0.988658
489.1		0.989251
489.2		0.989251
489.3		0.989251
489.4		0.989251
489.5		0.989251
489.6		0.989251
489.7		0.989251
489.8		0.989251
489.9		0.989251
490		0.989251
490.1		0.991253
490.2		0.991253
490.3		0.991253
490.4		0.991253
490.5		0.991253
490.6		0.991253
490.7		0.991253
490.8		0.991253
490.9		0.991253
491		0.991253
491.1		0.99205
491.2		0.99205
491.3		0.99205
491.4		0.99205
491.5		0.99205
491.6		0.99205
491.7		0.99205
491.8		0.99205
491.9		0.99205
492		0.99205
492.1		0.994885
492.2		0.994885
492.3		0.994885
492.4		0.994885
492.5		0.994885
492.6		0.994885
492.7		0.994885
492.8		0.994885
492.9		0.994885
493		0.994885
493.1		0.99848
493.2		0.99848
493.3		0.99848
493.4		0.99848
493.5		0.99848
493.6		0.99848
493.7		0.99848
493.8		0.99848
493.9		0.99848
494		0.99848
494.1		0.998907
494.2		0.998907
494.3		0.998907
494.4		0.998907
494.5		0.998907
494.6		0.998907
494.7		0.998907
494.8		0.998907
494.9		0.998907
495		0.998907
495.1		0.999852
495.2		0.999852
495.3		0.999852
495.4		0.999852
495.5		0.999852
495.6		0.999852
495.7		0.999852
495.8		0.999852
495.9		0.999852
496		0.999852
496.1		0.999981
496.2		0.999981
496.3		0.999981
496.4		0.999981
496.5		0.999981
496.6		0.999981
496.7		0.999981
496.8		0.999981
496.9		0.999981
497		0.999981
497.1		1
497.2		1
497.3		1
497.4		1
497.5		1
497.6		1
497.7		1
497.8		1
497.9		1
498		1
498.1		1
498.2		1
498.3		1
498.4		1
498.5		1
498.6		1
498.7		1
498.8		1
498.9		1
499		1
499.1		1
499.2		1
499.3		1
499.4		1
499.5		1
499.6		1
499.7		1
499.8		1
499.9		1
500		1
500.1		1
500.2		1
500.3		1
500.4		1
500.5		1
500.6		1
500.7		1
500.8		1
500.9		1
501		1
501.1		1
501.2		1
501.3		1
501.4		1
501.5		1
501.6		1
501.7		1
501.8		1
501.9		1
502		1
502.1		1
502.2		1
502.3		1
502.4		1
502.5		1
502.6		1
502.7		1
502.8		1
502.9		1
503		1
503.1		1
503.2		1
503.3		1
503.4		1
503.5		1
503.6		1
503.7		1
503.8		1
503.9		1
504		1
504.1		1
504.2		1
504.3		1
504.4		1
504.5		1
504.6		1
504.7		1
504.8		1
504.9		1
505		1
505.1		1
505.2		1
505.3		1
505.4		1
505.5		1
505.6		1
505.7		1
505.8		1
505.9		1
506		1
506.1		1
506.2		1
506.3		1
506.4		1
506.5		1
506.6		1
506.7		1
506.8		1
506.9		1
507		1
507.1		1
507.2		1
507.3		1
507.4		1
507.5		1
507.6		1
507.7		1
507.8		1
507.9		1
508		1
508.1		1
508.2		1
508.3		1
508.4		1
508.5		1
508.6		1
508.7		1
508.8		1
508.9		1
509		1
509.1		1
509.2		1
509.3		1
509.4		1
509.5		1
509.6		1
509.7		1
509.8		1
509.9		1
510		1
510.1		1
510.2		1
510.3		1
510.4		1
510.5		1
510.6		1
510.7		1
510.8		1
510.9		1
511		1
511.1		1
511.2		1
511.3		1
511.4		1
511.5		1
511.6		1
511.7		1
511.8		1
511.9		1
512		1
512.1		1
512.2		1
512.3		1
512.4		1
512.5		1
512.6		1
512.7		1
512.8		1
512.9		1
513		1
513.1		1
513.2		1
513.3		1
513.4		1
513.5		1
513.6		1
513.7		1
513.8		1
513.9		1
514		1
514.1		1
514.2		1
514.3		1
514.4		1
514.5		1
514.6		1
514.7		1
514.8		1
514.9		1
515		1
515.1		1
515.2		1
515.3		1
515.4		1
515.5		1
515.6		1
515.7		1
515.8		1
515.9		1
516		1
516.1		1
516.2		1
516.3		1
516.4		1
516.5		1
516.6		1
516.7		1
516.8		1
516.9		1
517		1
517.1		1
517.2		1
517.3		1
517.4		1
517.5		1
517.6		1
517.7		1
517.8		1
517.9		1
518		1
518.1		1
518.2		1
518.3		1
518.4		1
518.5		1
518.6		1
518.7		1
518.8		1
518.9		1
519		1
519.1		1
519.2		1
519.3		1
519.4		1
519.5		1
519.6		1
519.7		1
519.8		1
519.9		1
520		1
520.1		1
520.2		1
520.3		1
520.4		1
520.5		1
520.6		1
520.7		1
520.8		1
520.9		1
521		1
521.1		1
521.2		1
521.3		1
521.4		1
521.5		1
521.6		1
521.7		1
521.8		1
521.9		1
522		1
522.1		1
522.2		1
522.3		1
522.4		1
522.5		1
522.6		1
522.7		1
522.8		1
522.9		1
523		1
523.1		1
523.2		1
523.3		1
523.4		1
523.5		1
523.6		1
523.7		1
523.8		1
523.9		1
524		1
524.1		1
524.2		1
524.3		1
524.4		1
524.5		1
524.6		1
524.7		1
524.8		1
524.9		1
525		1
525.1		1
525.2		1
525.3		1
525.4		1
525.5		1
525.6		1
525.7		1
525.8		1
525.9		1
526		1
526.1		1
526.2		1
526.3		1
526.4		1
526.5		1
526.6		1
526.7		1
526.8		1
526.9		1
527		1
527.1		1
527.2		1
527.3		1
527.4		1
527.5		1
527.6		1
527.7		1
527.8		1
527.9		1
528		1
528.1		1
528.2		1
528.3		1
528.4		1
528.5		1
528.6		1
528.7		1
528.8		1
528.9		1
529		1
529.1		1
529.2		1
529.3		1
529.4		1
529.5		1
529.6		1
529.7		1
529.8		1
529.9		1
530		1
530.1		1
530.2		1
530.3		1
530.4		1
530.5		1
530.6		1
530.7		1
530.8		1
530.9		1
531		1
531.1		1
531.2		1
531.3		1
531.4		1
531.5		1
531.6		1
531.7		1
531.8		1
531.9		1
532		1
532.1		1
532.2		1
532.3		1
532.4		1
532.5		1
532.6		1
532.7		1
532.8		1
532.9		1
533		1
533.1		1
533.2		1
533.3		1
533.4		1
533.5		1
533.6		1
533.7		1
533.8		1
533.9		1
534		1
534.1		1
534.2		1
534.3		1
534.4		1
534.5		1
534.6		1
534.7		1
534.8		1
534.9		1
535		1
535.1		1
535.2		1
535.3		1
535.4		1
535.5		1
535.6		1
535.7		1
535.8		1
535.9		1
536		1
536.1		1
536.2		1
536.3		1
536.4		1
536.5		1
536.6		1
536.7		1
536.8		1
536.9		1
537		1
537.1		1
537.2		1
537.3		1
537.4		1
537.5		1
537.6		1
537.7		1
537.8		1
537.9		1
538		1
538.1		1
538.2		1
538.3		1
538.4		1
538.5		1
538.6		1
538.7		1
538.8		1
538.9		1
539		1
539.1		1
539.2		1
539.3		1
539.4		1
539.5		1
539.6		1
539.7		1
539.8		1
539.9		1
540		1
540.1		1
540.2		1
540.3		1
540.4		1
540.5		1
540.6		1
540.7		1
540.8		1
540.9		1
541		1
541.1		1
541.2		1
541.3		1
541.4		1
541.5		1
541.6		1
541.7		1
541.8		1
541.9		1
542		1
542.1		1
542.2		1
542.3		1
542.4		1
542.5		1
542.6		1
542.7		1
542.8		1
542.9		1
543		1
543.1		1
543.2		1
543.3		1
543.4		1
543.5		1
543.6		1
543.7		1
543.8		1
543.9		1
544		1
544.1		1
544.2		1
544.3		1
544.4		1
544.5		1
544.6		1
544.7		1
544.8		1
544.9		1
545		1
545.1		1
545.2		1
545.3		1
545.4		1
545.5		1
545.6		1
545.7		1
545.8		1
545.9		1
546		1
546.1		1
546.2		1
546.3		1
546.4		1
546.5		1
546.6		1
546.7		1
546.8		1
546.9		1
547		1
547.1		1
547.2		1
547.3		1
547.4		1
547.5		1
547.6		1
547.7		1
547.8		1
547.9		1
548		1
548.1		1
548.2		1
548.3		1
548.4		1
548.5		1
548.6		1
548.7		1
548.8		1
548.9		1
549		1
549.1		1
549.2		1
549.3		1
549.4		1
549.5		1
549.6		1
549.7		1
549.8		1
549.9		1
550		1
550.1		1
550.2		1
550.3		1
550.4		1
550.5		1
550.6		1
550.7		1
550.8		1
550.9		1
551		1
551.1		1
551.2		1
551.3		1
551.4		1
551.5		1
551.6		1
551.7		1
551.8		1
551.9		1
552		1
552.1		1
552.2		1
552.3		1
552.4		1
552.5		1
552.6		1
552.7		1
552.8		1
552.9		1
553		1
553.1		1
553.2		1
553.3		1
553.4		1
553.5		1
553.6		1
553.7		1
553.8		1
553.9		1
554		1
554.1		1
554.2		1
554.3		1
554.4		1
554.5		1
554.6		1
554.7		1
554.8		1
554.9		1
555		1
555.1		1
555.2		1
555.3		1
555.4		1
555.5		1
555.6		1
555.7		1
555.8		1
555.9		1
556		1
556.1		1
556.2		1
556.3		1
556.4		1
556.5		1
556.6		1
556.7		1
556.8		1
556.9		1
557		1
557.1		1
557.2		1
557.3		1
557.4		1
557.5		1
557.6		1
557.7		1
557.8		1
557.9		1
558		1
558.1		1
558.2		1
558.3		1
558.4		1
558.5		1
558.6		1
558.7		1
558.8		1
558.9		1
559		1
559.1		1
559.2		1
559.3		1
559.4		1
559.5		1
559.6		1
559.7		1
559.8		1
559.9		1
560		1
560.1		1
560.2		1
560.3		1
560.4		1
560.5		1
560.6		1
560.7		1
560.8		1
560.9		1
561		1
561.1		1
561.2		1
561.3		1
561.4		1
561.5		1
561.6		1
561.7		1
561.8		1
561.9		1
562		1
562.1		1
562.2		1
562.3		1
562.4		1
562.5		1
562.6		1
562.7		1
562.8		1
562.9		1
563		1
563.1		1
563.2		1
563.3		1
563.4		1
563.5		1
563.6		1
563.7		1
563.8		1
563.9		1
564		1
564.1		1
564.2		1
564.3		1
564.4		1
564.5		1
564.6		1
564.7		1
564.8		1
564.9		1
565		1
565.1		1
565.2		1
565.3		1
565.4		1
565.5		1
565.6		1
565.7		1
565.8		1
565.9		1
566		1
566.1		1
566.2		1
566.3		1
566.4		1
566.5		1
566.6		1
566.7		1
566.8		1
566.9		1
567		1
567.1		1
567.2		1
567.3		1
567.4		1
567.5		1
567.6		1
567.7		1
567.8		1
567.9		1
568		1
568.1		1
568.2		1
568.3		1
568.4		1
568.5		1
568.6		1
568.7		1
568.8		1
568.9		1
569		1
569.1		1
569.2		1
569.3		1
569.4		1
569.5		1
569.6		1
569.7		1
569.8		1
569.9		1
570		1
570.1		1
570.2		1
570.3		1
570.4		1
570.5		1
570.6		1
570.7		1
570.8		1
570.9		1
571		1
571.1		1
571.2		1
571.3		1
571.4		1
571.5		1
571.6		1
571.7		1
571.8		1
571.9		1
572		1
572.1		1
572.2		1
572.3		1
572.4		1
572.5		1
572.6		1
572.7		1
572.8		1
572.9		1
573		1
573.1		1
573.2		1
573.3		1
573.4		1
573.5		1
573.6		1
573.7		1
573.8		1
573.9		1
574		1
574.1		1
574.2		1
574.3		1
574.4		1
574.5		1
574.6		1
574.7		1
574.8		1
574.9		1
575		1
575.1		1
575.2		1
575.3		1
575.4		1
575.5		1
575.6		1
575.7		1
575.8		1
575.9		1
576		1
576.1		1
576.2		1
576.3		1
576.4		1
576.5		1
576.6		1
576.7		1
576.8		1
576.9		1
577		1
577.1		1
577.2		1
577.3		1
577.4		1
577.5		1
577.6		1
577.7		1
577.8		1
577.9		1
578		1
578.1		1
578.2		1
578.3		1
578.4		1
578.5		1
578.6		1
578.7		1
578.8		1
578.9		1
579		1
579.1		1
579.2		1
579.3		1
579.4		1
579.5		1
579.6		1
579.7		1
579.8		1
579.9		1
580		1
580.1		1
580.2		1
580.3		1
580.4		1
580.5		1
580.6		1
580.7		1
580.8		1
580.9		1
581		1
581.1		1
581.2		1
581.3		1
581.4		1
581.5		1
581.6		1
581.7		1
581.8		1
581.9		1
582		1
582.1		1
582.2		1
582.3		1
582.4		1
582.5		1
582.6		1
582.7		1
582.8		1
582.9		1
583		1
583.1		1
583.2		1
583.3		1
583.4		1
583.5		1
583.6		1
583.7		1
583.8		1
583.9		1
584		1
584.1		1
584.2		1
584.3		1
584.4		1
584.5		1
584.6		1
584.7		1
584.8		1
584.9		1
585		1
585.1		1
585.2		1
585.3		1
585.4		1
585.5		1
585.6		1
585.7		1
585.8		1
585.9		1
586		1
586.1		1
586.2		1
586.3		1
586.4		1
586.5		1
586.6		1
586.7		1
586.8		1
586.9		1
587		1
587.1		1
587.2		1
587.3		1
587.4		1
587.5		1
587.6		1
587.7		1
587.8		1
587.9		1
588		1
588.1		1
588.2		1
588.3		1
588.4		1
588.5		1
588.6		1
588.7		1
588.8		1
588.9		1
589		1
589.1		1
589.2		1
589.3		1
589.4		1
589.5		1
589.6		1
589.7		1
589.8		1
589.9		1
590		1
590.1		1
590.2		1
590.3		1
590.4		1
590.5		1
590.6		1
590.7		1
590.8		1
590.9		1
591		1
591.1		1
591.2		1
591.3		1
591.4		1
591.5		1
591.6		1
591.7		1
591.8		1
591.9		1
592		1
592.1		1
592.2		1
592.3		1
592.4		1
592.5		1
592.6		1
592.7		1
592.8		1
592.9		1
593		1
593.1		1
593.2		1
593.3		1
593.4		1
593.5		1
593.6		1
593.7		1
593.8		1
593.9		1
594		1
594.1		1
594.2		1
594.3		1
594.4		1
594.5		1
594.6		1
594.7		1
594.8		1
594.9		1
595		1
595.1		1
595.2		1
595.3		1
595.4		1
595.5		1
595.6		1
595.7		1
595.8		1
595.9		1
596		1
596.1		1
596.2		1
596.3		1
596.4		1
596.5		1
596.6		1
596.7		1
596.8		1
596.9		1
597		1
597.1		1
597.2		1
597.3		1
597.4		1
597.5		1
597.6		1
597.7		1
597.8		1
597.9		1
598		1
598.1		1
598.2		1
598.3		1
598.4		1
598.5		1
598.6		1
598.7		1
598.8		1
598.9		1
599		1
599.1		1
599.2		1
599.3		1
599.4		1
599.5		1
599.6		1
599.7		1
599.8		1
599.9		1
600		1
