# Calibration file of tamex_id 1 @ channel 44
# fine_T bin		 Calibration value
0.1		0
0.2		0
0.3		0
0.4		0
0.5		0
0.6		0
0.7		0
0.8		0
0.9		0
1		0
1.1		0
1.2		0
1.3		0
1.4		0
1.5		0
1.6		0
1.7		0
1.8		0
1.9		0
2		0
2.1		0
2.2		0
2.3		0
2.4		0
2.5		0
2.6		0
2.7		0
2.8		0
2.9		0
3		0
3.1		0
3.2		0
3.3		0
3.4		0
3.5		0
3.6		0
3.7		0
3.8		0
3.9		0
4		0
4.1		0
4.2		0
4.3		0
4.4		0
4.5		0
4.6		0
4.7		0
4.8		0
4.9		0
5		0
5.1		0
5.2		0
5.3		0
5.4		0
5.5		0
5.6		0
5.7		0
5.8		0
5.9		0
6		0
6.1		0
6.2		0
6.3		0
6.4		0
6.5		0
6.6		0
6.7		0
6.8		0
6.9		0
7		0
7.1		0
7.2		0
7.3		0
7.4		0
7.5		0
7.6		0
7.7		0
7.8		0
7.9		0
8		0
8.1		0
8.2		0
8.3		0
8.4		0
8.5		0
8.6		0
8.7		0
8.8		0
8.9		0
9		0
9.1		0
9.2		0
9.3		0
9.4		0
9.5		0
9.6		0
9.7		0
9.8		0
9.9		0
10		0
10.1		0
10.2		0
10.3		0
10.4		0
10.5		0
10.6		0
10.7		0
10.8		0
10.9		0
11		0
11.1		0
11.2		0
11.3		0
11.4		0
11.5		0
11.6		0
11.7		0
11.8		0
11.9		0
12		0
12.1		0
12.2		0
12.3		0
12.4		0
12.5		0
12.6		0
12.7		0
12.8		0
12.9		0
13		0
13.1		0
13.2		0
13.3		0
13.4		0
13.5		0
13.6		0
13.7		0
13.8		0
13.9		0
14		0
14.1		0
14.2		0
14.3		0
14.4		0
14.5		0
14.6		0
14.7		0
14.8		0
14.9		0
15		0
15.1		0
15.2		0
15.3		0
15.4		0
15.5		0
15.6		0
15.7		0
15.8		0
15.9		0
16		0
16.1		0.000880646
16.2		0.000880646
16.3		0.000880646
16.4		0.000880646
16.5		0.000880646
16.6		0.000880646
16.7		0.000880646
16.8		0.000880646
16.9		0.000880646
17		0.000880646
17.1		0.00614655
17.2		0.00614655
17.3		0.00614655
17.4		0.00614655
17.5		0.00614655
17.6		0.00614655
17.7		0.00614655
17.8		0.00614655
17.9		0.00614655
18		0.00614655
18.1		0.00634424
18.2		0.00634424
18.3		0.00634424
18.4		0.00634424
18.5		0.00634424
18.6		0.00634424
18.7		0.00634424
18.8		0.00634424
18.9		0.00634424
19		0.00634424
19.1		0.00929171
19.2		0.00929171
19.3		0.00929171
19.4		0.00929171
19.5		0.00929171
19.6		0.00929171
19.7		0.00929171
19.8		0.00929171
19.9		0.00929171
20		0.00929171
20.1		0.0140903
20.2		0.0140903
20.3		0.0140903
20.4		0.0140903
20.5		0.0140903
20.6		0.0140903
20.7		0.0140903
20.8		0.0140903
20.9		0.0140903
21		0.0140903
21.1		0.0155281
21.2		0.0155281
21.3		0.0155281
21.4		0.0155281
21.5		0.0155281
21.6		0.0155281
21.7		0.0155281
21.8		0.0155281
21.9		0.0155281
22		0.0155281
22.1		0.0159055
22.2		0.0159055
22.3		0.0159055
22.4		0.0159055
22.5		0.0159055
22.6		0.0159055
22.7		0.0159055
22.8		0.0159055
22.9		0.0159055
23		0.0159055
23.1		0.0161751
23.2		0.0161751
23.3		0.0161751
23.4		0.0161751
23.5		0.0161751
23.6		0.0161751
23.7		0.0161751
23.8		0.0161751
23.9		0.0161751
24		0.0161751
24.1		0.0202009
24.2		0.0202009
24.3		0.0202009
24.4		0.0202009
24.5		0.0202009
24.6		0.0202009
24.7		0.0202009
24.8		0.0202009
24.9		0.0202009
25		0.0202009
25.1		0.0230406
25.2		0.0230406
25.3		0.0230406
25.4		0.0230406
25.5		0.0230406
25.6		0.0230406
25.7		0.0230406
25.8		0.0230406
25.9		0.0230406
26		0.0230406
26.1		0.0238673
26.2		0.0238673
26.3		0.0238673
26.4		0.0238673
26.5		0.0238673
26.6		0.0238673
26.7		0.0238673
26.8		0.0238673
26.9		0.0238673
27		0.0238673
27.1		0.026653
27.2		0.026653
27.3		0.026653
27.4		0.026653
27.5		0.026653
27.6		0.026653
27.7		0.026653
27.8		0.026653
27.9		0.026653
28		0.026653
28.1		0.0271922
28.2		0.0271922
28.3		0.0271922
28.4		0.0271922
28.5		0.0271922
28.6		0.0271922
28.7		0.0271922
28.8		0.0271922
28.9		0.0271922
29		0.0271922
29.1		0.0310742
29.2		0.0310742
29.3		0.0310742
29.4		0.0310742
29.5		0.0310742
29.6		0.0310742
29.7		0.0310742
29.8		0.0310742
29.9		0.0310742
30		0.0310742
30.1		0.0317931
30.2		0.0317931
30.3		0.0317931
30.4		0.0317931
30.5		0.0317931
30.6		0.0317931
30.7		0.0317931
30.8		0.0317931
30.9		0.0317931
31		0.0317931
31.1		0.032512
31.2		0.032512
31.3		0.032512
31.4		0.032512
31.5		0.032512
31.6		0.032512
31.7		0.032512
31.8		0.032512
31.9		0.032512
32		0.032512
32.1		0.0337341
32.2		0.0337341
32.3		0.0337341
32.4		0.0337341
32.5		0.0337341
32.6		0.0337341
32.7		0.0337341
32.8		0.0337341
32.9		0.0337341
33		0.0337341
33.1		0.0366456
33.2		0.0366456
33.3		0.0366456
33.4		0.0366456
33.5		0.0366456
33.6		0.0366456
33.7		0.0366456
33.8		0.0366456
33.9		0.0366456
34		0.0366456
34.1		0.0387843
34.2		0.0387843
34.3		0.0387843
34.4		0.0387843
34.5		0.0387843
34.6		0.0387843
34.7		0.0387843
34.8		0.0387843
34.9		0.0387843
35		0.0387843
35.1		0.0410309
35.2		0.0410309
35.3		0.0410309
35.4		0.0410309
35.5		0.0410309
35.6		0.0410309
35.7		0.0410309
35.8		0.0410309
35.9		0.0410309
36		0.0410309
36.1		0.0411926
36.2		0.0411926
36.3		0.0411926
36.4		0.0411926
36.5		0.0411926
36.6		0.0411926
36.7		0.0411926
36.8		0.0411926
36.9		0.0411926
37		0.0411926
37.1		0.0418397
37.2		0.0418397
37.3		0.0418397
37.4		0.0418397
37.5		0.0418397
37.6		0.0418397
37.7		0.0418397
37.8		0.0418397
37.9		0.0418397
38		0.0418397
38.1		0.0444456
38.2		0.0444456
38.3		0.0444456
38.4		0.0444456
38.5		0.0444456
38.6		0.0444456
38.7		0.0444456
38.8		0.0444456
38.9		0.0444456
39		0.0444456
39.1		0.0453802
39.2		0.0453802
39.3		0.0453802
39.4		0.0453802
39.5		0.0453802
39.6		0.0453802
39.7		0.0453802
39.8		0.0453802
39.9		0.0453802
40		0.0453802
40.1		0.0493162
40.2		0.0493162
40.3		0.0493162
40.4		0.0493162
40.5		0.0493162
40.6		0.0493162
40.7		0.0493162
40.8		0.0493162
40.9		0.0493162
41		0.0493162
41.1		0.0508977
41.2		0.0508977
41.3		0.0508977
41.4		0.0508977
41.5		0.0508977
41.6		0.0508977
41.7		0.0508977
41.8		0.0508977
41.9		0.0508977
42		0.0508977
42.1		0.0536475
42.2		0.0536475
42.3		0.0536475
42.4		0.0536475
42.5		0.0536475
42.6		0.0536475
42.7		0.0536475
42.8		0.0536475
42.9		0.0536475
43		0.0536475
43.1		0.0544203
43.2		0.0544203
43.3		0.0544203
43.4		0.0544203
43.5		0.0544203
43.6		0.0544203
43.7		0.0544203
43.8		0.0544203
43.9		0.0544203
44		0.0544203
44.1		0.0558221
44.2		0.0558221
44.3		0.0558221
44.4		0.0558221
44.5		0.0558221
44.6		0.0558221
44.7		0.0558221
44.8		0.0558221
44.9		0.0558221
45		0.0558221
45.1		0.0561277
45.2		0.0561277
45.3		0.0561277
45.4		0.0561277
45.5		0.0561277
45.6		0.0561277
45.7		0.0561277
45.8		0.0561277
45.9		0.0561277
46		0.0561277
46.1		0.0607645
46.2		0.0607645
46.3		0.0607645
46.4		0.0607645
46.5		0.0607645
46.6		0.0607645
46.7		0.0607645
46.8		0.0607645
46.9		0.0607645
47		0.0607645
47.1		0.0611599
47.2		0.0611599
47.3		0.0611599
47.4		0.0611599
47.5		0.0611599
47.6		0.0611599
47.7		0.0611599
47.8		0.0611599
47.9		0.0611599
48		0.0611599
48.1		0.0631728
48.2		0.0631728
48.3		0.0631728
48.4		0.0631728
48.5		0.0631728
48.6		0.0631728
48.7		0.0631728
48.8		0.0631728
48.9		0.0631728
49		0.0631728
49.1		0.0648263
49.2		0.0648263
49.3		0.0648263
49.4		0.0648263
49.5		0.0648263
49.6		0.0648263
49.7		0.0648263
49.8		0.0648263
49.9		0.0648263
50		0.0648263
50.1		0.0683848
50.2		0.0683848
50.3		0.0683848
50.4		0.0683848
50.5		0.0683848
50.6		0.0683848
50.7		0.0683848
50.8		0.0683848
50.9		0.0683848
51		0.0683848
51.1		0.0712604
51.2		0.0712604
51.3		0.0712604
51.4		0.0712604
51.5		0.0712604
51.6		0.0712604
51.7		0.0712604
51.8		0.0712604
51.9		0.0712604
52		0.0712604
52.1		0.0719074
52.2		0.0719074
52.3		0.0719074
52.4		0.0719074
52.5		0.0719074
52.6		0.0719074
52.7		0.0719074
52.8		0.0719074
52.9		0.0719074
53		0.0719074
53.1		0.0728779
53.2		0.0728779
53.3		0.0728779
53.4		0.0728779
53.5		0.0728779
53.6		0.0728779
53.7		0.0728779
53.8		0.0728779
53.9		0.0728779
54		0.0728779
54.1		0.0759332
54.2		0.0759332
54.3		0.0759332
54.4		0.0759332
54.5		0.0759332
54.6		0.0759332
54.7		0.0759332
54.8		0.0759332
54.9		0.0759332
55		0.0759332
55.1		0.0778023
55.2		0.0778023
55.3		0.0778023
55.4		0.0778023
55.5		0.0778023
55.6		0.0778023
55.7		0.0778023
55.8		0.0778023
55.9		0.0778023
56		0.0778023
56.1		0.0781618
56.2		0.0781618
56.3		0.0781618
56.4		0.0781618
56.5		0.0781618
56.6		0.0781618
56.7		0.0781618
56.8		0.0781618
56.9		0.0781618
57		0.0781618
57.1		0.081954
57.2		0.081954
57.3		0.081954
57.4		0.081954
57.5		0.081954
57.6		0.081954
57.7		0.081954
57.8		0.081954
57.9		0.081954
58		0.081954
58.1		0.0845779
58.2		0.0845779
58.3		0.0845779
58.4		0.0845779
58.5		0.0845779
58.6		0.0845779
58.7		0.0845779
58.8		0.0845779
58.9		0.0845779
59		0.0845779
59.1		0.0878129
59.2		0.0878129
59.3		0.0878129
59.4		0.0878129
59.5		0.0878129
59.6		0.0878129
59.7		0.0878129
59.8		0.0878129
59.9		0.0878129
60		0.0878129
60.1		0.0885858
60.2		0.0885858
60.3		0.0885858
60.4		0.0885858
60.5		0.0885858
60.6		0.0885858
60.7		0.0885858
60.8		0.0885858
60.9		0.0885858
61		0.0885858
61.1		0.0892148
61.2		0.0892148
61.3		0.0892148
61.4		0.0892148
61.5		0.0892148
61.6		0.0892148
61.7		0.0892148
61.8		0.0892148
61.9		0.0892148
62		0.0892148
62.1		0.092342
62.2		0.092342
62.3		0.092342
62.4		0.092342
62.5		0.092342
62.6		0.092342
62.7		0.092342
62.8		0.092342
62.9		0.092342
63		0.092342
63.1		0.0952535
63.2		0.0952535
63.3		0.0952535
63.4		0.0952535
63.5		0.0952535
63.6		0.0952535
63.7		0.0952535
63.8		0.0952535
63.9		0.0952535
64		0.0952535
64.1		0.09626
64.2		0.09626
64.3		0.09626
64.4		0.09626
64.5		0.09626
64.6		0.09626
64.7		0.09626
64.8		0.09626
64.9		0.09626
65		0.09626
65.1		0.0979853
65.2		0.0979853
65.3		0.0979853
65.4		0.0979853
65.5		0.0979853
65.6		0.0979853
65.7		0.0979853
65.8		0.0979853
65.9		0.0979853
66		0.0979853
66.1		0.100591
66.2		0.100591
66.3		0.100591
66.4		0.100591
66.5		0.100591
66.6		0.100591
66.7		0.100591
66.8		0.100591
66.9		0.100591
67		0.100591
67.1		0.100771
67.2		0.100771
67.3		0.100771
67.4		0.100771
67.5		0.100771
67.6		0.100771
67.7		0.100771
67.8		0.100771
67.9		0.100771
68		0.100771
68.1		0.103808
68.2		0.103808
68.3		0.103808
68.4		0.103808
68.5		0.103808
68.6		0.103808
68.7		0.103808
68.8		0.103808
68.9		0.103808
69		0.103808
69.1		0.105336
69.2		0.105336
69.3		0.105336
69.4		0.105336
69.5		0.105336
69.6		0.105336
69.7		0.105336
69.8		0.105336
69.9		0.105336
70		0.105336
70.1		0.106396
70.2		0.106396
70.3		0.106396
70.4		0.106396
70.5		0.106396
70.6		0.106396
70.7		0.106396
70.8		0.106396
70.9		0.106396
71		0.106396
71.1		0.108355
71.2		0.108355
71.3		0.108355
71.4		0.108355
71.5		0.108355
71.6		0.108355
71.7		0.108355
71.8		0.108355
71.9		0.108355
72		0.108355
72.1		0.111321
72.2		0.111321
72.3		0.111321
72.4		0.111321
72.5		0.111321
72.6		0.111321
72.7		0.111321
72.8		0.111321
72.9		0.111321
73		0.111321
73.1		0.111608
73.2		0.111608
73.3		0.111608
73.4		0.111608
73.5		0.111608
73.6		0.111608
73.7		0.111608
73.8		0.111608
73.9		0.111608
74		0.111608
74.1		0.114987
74.2		0.114987
74.3		0.114987
74.4		0.114987
74.5		0.114987
74.6		0.114987
74.7		0.114987
74.8		0.114987
74.9		0.114987
75		0.114987
75.1		0.115095
75.2		0.115095
75.3		0.115095
75.4		0.115095
75.5		0.115095
75.6		0.115095
75.7		0.115095
75.8		0.115095
75.9		0.115095
76		0.115095
76.1		0.118797
76.2		0.118797
76.3		0.118797
76.4		0.118797
76.5		0.118797
76.6		0.118797
76.7		0.118797
76.8		0.118797
76.9		0.118797
77		0.118797
77.1		0.120001
77.2		0.120001
77.3		0.120001
77.4		0.120001
77.5		0.120001
77.6		0.120001
77.7		0.120001
77.8		0.120001
77.9		0.120001
78		0.120001
78.1		0.120163
78.2		0.120163
78.3		0.120163
78.4		0.120163
78.5		0.120163
78.6		0.120163
78.7		0.120163
78.8		0.120163
78.9		0.120163
79		0.120163
79.1		0.122931
79.2		0.122931
79.3		0.122931
79.4		0.122931
79.5		0.122931
79.6		0.122931
79.7		0.122931
79.8		0.122931
79.9		0.122931
80		0.122931
80.1		0.127568
80.2		0.127568
80.3		0.127568
80.4		0.127568
80.5		0.127568
80.6		0.127568
80.7		0.127568
80.8		0.127568
80.9		0.127568
81		0.127568
81.1		0.129563
81.2		0.129563
81.3		0.129563
81.4		0.129563
81.5		0.129563
81.6		0.129563
81.7		0.129563
81.8		0.129563
81.9		0.129563
82		0.129563
82.1		0.13021
82.2		0.13021
82.3		0.13021
82.4		0.13021
82.5		0.13021
82.6		0.13021
82.7		0.13021
82.8		0.13021
82.9		0.13021
83		0.13021
83.1		0.131252
83.2		0.131252
83.3		0.131252
83.4		0.131252
83.5		0.131252
83.6		0.131252
83.7		0.131252
83.8		0.131252
83.9		0.131252
84		0.131252
84.1		0.1342
84.2		0.1342
84.3		0.1342
84.4		0.1342
84.5		0.1342
84.6		0.1342
84.7		0.1342
84.8		0.1342
84.9		0.1342
85		0.1342
85.1		0.137309
85.2		0.137309
85.3		0.137309
85.4		0.137309
85.5		0.137309
85.6		0.137309
85.7		0.137309
85.8		0.137309
85.9		0.137309
86		0.137309
86.1		0.139969
86.2		0.139969
86.3		0.139969
86.4		0.139969
86.5		0.139969
86.6		0.139969
86.7		0.139969
86.8		0.139969
86.9		0.139969
87		0.139969
87.1		0.141371
87.2		0.141371
87.3		0.141371
87.4		0.141371
87.5		0.141371
87.6		0.141371
87.7		0.141371
87.8		0.141371
87.9		0.141371
88		0.141371
88.1		0.142898
88.2		0.142898
88.3		0.142898
88.4		0.142898
88.5		0.142898
88.6		0.142898
88.7		0.142898
88.8		0.142898
88.9		0.142898
89		0.142898
89.1		0.145037
89.2		0.145037
89.3		0.145037
89.4		0.145037
89.5		0.145037
89.6		0.145037
89.7		0.145037
89.8		0.145037
89.9		0.145037
90		0.145037
90.1		0.146457
90.2		0.146457
90.3		0.146457
90.4		0.146457
90.5		0.146457
90.6		0.146457
90.7		0.146457
90.8		0.146457
90.9		0.146457
91		0.146457
91.1		0.149278
91.2		0.149278
91.3		0.149278
91.4		0.149278
91.5		0.149278
91.6		0.149278
91.7		0.149278
91.8		0.149278
91.9		0.149278
92		0.149278
92.1		0.150015
92.2		0.150015
92.3		0.150015
92.4		0.150015
92.5		0.150015
92.6		0.150015
92.7		0.150015
92.8		0.150015
92.9		0.150015
93		0.150015
93.1		0.153448
93.2		0.153448
93.3		0.153448
93.4		0.153448
93.5		0.153448
93.6		0.153448
93.7		0.153448
93.8		0.153448
93.9		0.153448
94		0.153448
94.1		0.155371
94.2		0.155371
94.3		0.155371
94.4		0.155371
94.5		0.155371
94.6		0.155371
94.7		0.155371
94.8		0.155371
94.9		0.155371
95		0.155371
95.1		0.156683
95.2		0.156683
95.3		0.156683
95.4		0.156683
95.5		0.156683
95.6		0.156683
95.7		0.156683
95.8		0.156683
95.9		0.156683
96		0.156683
96.1		0.157348
96.2		0.157348
96.3		0.157348
96.4		0.157348
96.5		0.157348
96.6		0.157348
96.7		0.157348
96.8		0.157348
96.9		0.157348
97		0.157348
97.1		0.161068
97.2		0.161068
97.3		0.161068
97.4		0.161068
97.5		0.161068
97.6		0.161068
97.7		0.161068
97.8		0.161068
97.9		0.161068
98		0.161068
98.1		0.164447
98.2		0.164447
98.3		0.164447
98.4		0.164447
98.5		0.164447
98.6		0.164447
98.7		0.164447
98.8		0.164447
98.9		0.164447
99		0.164447
99.1		0.165004
99.2		0.165004
99.3		0.165004
99.4		0.165004
99.5		0.165004
99.6		0.165004
99.7		0.165004
99.8		0.165004
99.9		0.165004
100		0.165004
100.1		0.165166
100.2		0.165166
100.3		0.165166
100.4		0.165166
100.5		0.165166
100.6		0.165166
100.7		0.165166
100.8		0.165166
100.9		0.165166
101		0.165166
101.1		0.166442
101.2		0.166442
101.3		0.166442
101.4		0.166442
101.5		0.166442
101.6		0.166442
101.7		0.166442
101.8		0.166442
101.9		0.166442
102		0.166442
102.1		0.169893
102.2		0.169893
102.3		0.169893
102.4		0.169893
102.5		0.169893
102.6		0.169893
102.7		0.169893
102.8		0.169893
102.9		0.169893
103		0.169893
103.1		0.171708
103.2		0.171708
103.3		0.171708
103.4		0.171708
103.5		0.171708
103.6		0.171708
103.7		0.171708
103.8		0.171708
103.9		0.171708
104		0.171708
104.1		0.17532
104.2		0.17532
104.3		0.17532
104.4		0.17532
104.5		0.17532
104.6		0.17532
104.7		0.17532
104.8		0.17532
104.9		0.17532
105		0.17532
105.1		0.177172
105.2		0.177172
105.3		0.177172
105.4		0.177172
105.5		0.177172
105.6		0.177172
105.7		0.177172
105.8		0.177172
105.9		0.177172
106		0.177172
106.1		0.180694
106.2		0.180694
106.3		0.180694
106.4		0.180694
106.5		0.180694
106.6		0.180694
106.7		0.180694
106.8		0.180694
106.9		0.180694
107		0.180694
107.1		0.181395
107.2		0.181395
107.3		0.181395
107.4		0.181395
107.5		0.181395
107.6		0.181395
107.7		0.181395
107.8		0.181395
107.9		0.181395
108		0.181395
108.1		0.181719
108.2		0.181719
108.3		0.181719
108.4		0.181719
108.5		0.181719
108.6		0.181719
108.7		0.181719
108.8		0.181719
108.9		0.181719
109		0.181719
109.1		0.182114
109.2		0.182114
109.3		0.182114
109.4		0.182114
109.5		0.182114
109.6		0.182114
109.7		0.182114
109.8		0.182114
109.9		0.182114
110		0.182114
110.1		0.187649
110.2		0.187649
110.3		0.187649
110.4		0.187649
110.5		0.187649
110.6		0.187649
110.7		0.187649
110.8		0.187649
110.9		0.187649
111		0.187649
111.1		0.189662
111.2		0.189662
111.3		0.189662
111.4		0.189662
111.5		0.189662
111.6		0.189662
111.7		0.189662
111.8		0.189662
111.9		0.189662
112		0.189662
112.1		0.19013
112.2		0.19013
112.3		0.19013
112.4		0.19013
112.5		0.19013
112.6		0.19013
112.7		0.19013
112.8		0.19013
112.9		0.19013
113		0.19013
113.1		0.19128
113.2		0.19128
113.3		0.19128
113.4		0.19128
113.5		0.19128
113.6		0.19128
113.7		0.19128
113.8		0.19128
113.9		0.19128
114		0.19128
114.1		0.195755
114.2		0.195755
114.3		0.195755
114.4		0.195755
114.5		0.195755
114.6		0.195755
114.7		0.195755
114.8		0.195755
114.9		0.195755
115		0.195755
115.1		0.196402
115.2		0.196402
115.3		0.196402
115.4		0.196402
115.5		0.196402
115.6		0.196402
115.7		0.196402
115.8		0.196402
115.9		0.196402
116		0.196402
116.1		0.197139
116.2		0.197139
116.3		0.197139
116.4		0.197139
116.5		0.197139
116.6		0.197139
116.7		0.197139
116.8		0.197139
116.9		0.197139
117		0.197139
117.1		0.200014
117.2		0.200014
117.3		0.200014
117.4		0.200014
117.5		0.200014
117.6		0.200014
117.7		0.200014
117.8		0.200014
117.9		0.200014
118		0.200014
118.1		0.201272
118.2		0.201272
118.3		0.201272
118.4		0.201272
118.5		0.201272
118.6		0.201272
118.7		0.201272
118.8		0.201272
118.9		0.201272
119		0.201272
119.1		0.205101
119.2		0.205101
119.3		0.205101
119.4		0.205101
119.5		0.205101
119.6		0.205101
119.7		0.205101
119.8		0.205101
119.9		0.205101
120		0.205101
120.1		0.206916
120.2		0.206916
120.3		0.206916
120.4		0.206916
120.5		0.206916
120.6		0.206916
120.7		0.206916
120.8		0.206916
120.9		0.206916
121		0.206916
121.1		0.2083
121.2		0.2083
121.3		0.2083
121.4		0.2083
121.5		0.2083
121.6		0.2083
121.7		0.2083
121.8		0.2083
121.9		0.2083
122		0.2083
122.1		0.210079
122.2		0.210079
122.3		0.210079
122.4		0.210079
122.5		0.210079
122.6		0.210079
122.7		0.210079
122.8		0.210079
122.9		0.210079
123		0.210079
123.1		0.210726
123.2		0.210726
123.3		0.210726
123.4		0.210726
123.5		0.210726
123.6		0.210726
123.7		0.210726
123.8		0.210726
123.9		0.210726
124		0.210726
124.1		0.21477
124.2		0.21477
124.3		0.21477
124.4		0.21477
124.5		0.21477
124.6		0.21477
124.7		0.21477
124.8		0.21477
124.9		0.21477
125		0.21477
125.1		0.215902
125.2		0.215902
125.3		0.215902
125.4		0.215902
125.5		0.215902
125.6		0.215902
125.7		0.215902
125.8		0.215902
125.9		0.215902
126		0.215902
126.1		0.21964
126.2		0.21964
126.3		0.21964
126.4		0.21964
126.5		0.21964
126.6		0.21964
126.7		0.21964
126.8		0.21964
126.9		0.21964
127		0.21964
127.1		0.220737
127.2		0.220737
127.3		0.220737
127.4		0.220737
127.5		0.220737
127.6		0.220737
127.7		0.220737
127.8		0.220737
127.9		0.220737
128		0.220737
128.1		0.222839
128.2		0.222839
128.3		0.222839
128.4		0.222839
128.5		0.222839
128.6		0.222839
128.7		0.222839
128.8		0.222839
128.9		0.222839
129		0.222839
129.1		0.223055
129.2		0.223055
129.3		0.223055
129.4		0.223055
129.5		0.223055
129.6		0.223055
129.7		0.223055
129.8		0.223055
129.9		0.223055
130		0.223055
130.1		0.227512
130.2		0.227512
130.3		0.227512
130.4		0.227512
130.5		0.227512
130.6		0.227512
130.7		0.227512
130.8		0.227512
130.9		0.227512
131		0.227512
131.1		0.230711
131.2		0.230711
131.3		0.230711
131.4		0.230711
131.5		0.230711
131.6		0.230711
131.7		0.230711
131.8		0.230711
131.9		0.230711
132		0.230711
132.1		0.231107
132.2		0.231107
132.3		0.231107
132.4		0.231107
132.5		0.231107
132.6		0.231107
132.7		0.231107
132.8		0.231107
132.9		0.231107
133		0.231107
133.1		0.231736
133.2		0.231736
133.3		0.231736
133.4		0.231736
133.5		0.231736
133.6		0.231736
133.7		0.231736
133.8		0.231736
133.9		0.231736
134		0.231736
134.1		0.23276
134.2		0.23276
134.3		0.23276
134.4		0.23276
134.5		0.23276
134.6		0.23276
134.7		0.23276
134.8		0.23276
134.9		0.23276
135		0.23276
135.1		0.235132
135.2		0.235132
135.3		0.235132
135.4		0.235132
135.5		0.235132
135.6		0.235132
135.7		0.235132
135.8		0.235132
135.9		0.235132
136		0.235132
136.1		0.23817
136.2		0.23817
136.3		0.23817
136.4		0.23817
136.5		0.23817
136.6		0.23817
136.7		0.23817
136.8		0.23817
136.9		0.23817
137		0.23817
137.1		0.24038
137.2		0.24038
137.3		0.24038
137.4		0.24038
137.5		0.24038
137.6		0.24038
137.7		0.24038
137.8		0.24038
137.9		0.24038
138		0.24038
138.1		0.240794
138.2		0.240794
138.3		0.240794
138.4		0.240794
138.5		0.240794
138.6		0.240794
138.7		0.240794
138.8		0.240794
138.9		0.240794
139		0.240794
139.1		0.241602
139.2		0.241602
139.3		0.241602
139.4		0.241602
139.5		0.241602
139.6		0.241602
139.7		0.241602
139.8		0.241602
139.9		0.241602
140		0.241602
140.1		0.244873
140.2		0.244873
140.3		0.244873
140.4		0.244873
140.5		0.244873
140.6		0.244873
140.7		0.244873
140.8		0.244873
140.9		0.244873
141		0.244873
141.1		0.248108
141.2		0.248108
141.3		0.248108
141.4		0.248108
141.5		0.248108
141.6		0.248108
141.7		0.248108
141.8		0.248108
141.9		0.248108
142		0.248108
142.1		0.248432
142.2		0.248432
142.3		0.248432
142.4		0.248432
142.5		0.248432
142.6		0.248432
142.7		0.248432
142.8		0.248432
142.9		0.248432
143		0.248432
143.1		0.250139
143.2		0.250139
143.3		0.250139
143.4		0.250139
143.5		0.250139
143.6		0.250139
143.7		0.250139
143.8		0.250139
143.9		0.250139
144		0.250139
144.1		0.253428
144.2		0.253428
144.3		0.253428
144.4		0.253428
144.5		0.253428
144.6		0.253428
144.7		0.253428
144.8		0.253428
144.9		0.253428
145		0.253428
145.1		0.2551
145.2		0.2551
145.3		0.2551
145.4		0.2551
145.5		0.2551
145.6		0.2551
145.7		0.2551
145.8		0.2551
145.9		0.2551
146		0.2551
146.1		0.257274
146.2		0.257274
146.3		0.257274
146.4		0.257274
146.5		0.257274
146.6		0.257274
146.7		0.257274
146.8		0.257274
146.9		0.257274
147		0.257274
147.1		0.258353
147.2		0.258353
147.3		0.258353
147.4		0.258353
147.5		0.258353
147.6		0.258353
147.7		0.258353
147.8		0.258353
147.9		0.258353
148		0.258353
148.1		0.259952
148.2		0.259952
148.3		0.259952
148.4		0.259952
148.5		0.259952
148.6		0.259952
148.7		0.259952
148.8		0.259952
148.9		0.259952
149		0.259952
149.1		0.26121
149.2		0.26121
149.3		0.26121
149.4		0.26121
149.5		0.26121
149.6		0.26121
149.7		0.26121
149.8		0.26121
149.9		0.26121
150		0.26121
150.1		0.265811
150.2		0.265811
150.3		0.265811
150.4		0.265811
150.5		0.265811
150.6		0.265811
150.7		0.265811
150.8		0.265811
150.9		0.265811
151		0.265811
151.1		0.266728
151.2		0.266728
151.3		0.266728
151.4		0.266728
151.5		0.266728
151.6		0.266728
151.7		0.266728
151.8		0.266728
151.9		0.266728
152		0.266728
152.1		0.267483
152.2		0.267483
152.3		0.267483
152.4		0.267483
152.5		0.267483
152.6		0.267483
152.7		0.267483
152.8		0.267483
152.9		0.267483
153		0.267483
153.1		0.269603
153.2		0.269603
153.3		0.269603
153.4		0.269603
153.5		0.269603
153.6		0.269603
153.7		0.269603
153.8		0.269603
153.9		0.269603
154		0.269603
154.1		0.271239
154.2		0.271239
154.3		0.271239
154.4		0.271239
154.5		0.271239
154.6		0.271239
154.7		0.271239
154.8		0.271239
154.9		0.271239
155		0.271239
155.1		0.274851
155.2		0.274851
155.3		0.274851
155.4		0.274851
155.5		0.274851
155.6		0.274851
155.7		0.274851
155.8		0.274851
155.9		0.274851
156		0.274851
156.1		0.275462
156.2		0.275462
156.3		0.275462
156.4		0.275462
156.5		0.275462
156.6		0.275462
156.7		0.275462
156.8		0.275462
156.9		0.275462
157		0.275462
157.1		0.276253
157.2		0.276253
157.3		0.276253
157.4		0.276253
157.5		0.276253
157.6		0.276253
157.7		0.276253
157.8		0.276253
157.9		0.276253
158		0.276253
158.1		0.280998
158.2		0.280998
158.3		0.280998
158.4		0.280998
158.5		0.280998
158.6		0.280998
158.7		0.280998
158.8		0.280998
158.9		0.280998
159		0.280998
159.1		0.281196
159.2		0.281196
159.3		0.281196
159.4		0.281196
159.5		0.281196
159.6		0.281196
159.7		0.281196
159.8		0.281196
159.9		0.281196
160		0.281196
160.1		0.281717
160.2		0.281717
160.3		0.281717
160.4		0.281717
160.5		0.281717
160.6		0.281717
160.7		0.281717
160.8		0.281717
160.9		0.281717
161		0.281717
161.1		0.2863
161.2		0.2863
161.3		0.2863
161.4		0.2863
161.5		0.2863
161.6		0.2863
161.7		0.2863
161.8		0.2863
161.9		0.2863
162		0.2863
162.1		0.289085
162.2		0.289085
162.3		0.289085
162.4		0.289085
162.5		0.289085
162.6		0.289085
162.7		0.289085
162.8		0.289085
162.9		0.289085
163		0.289085
163.1		0.291098
163.2		0.291098
163.3		0.291098
163.4		0.291098
163.5		0.291098
163.6		0.291098
163.7		0.291098
163.8		0.291098
163.9		0.291098
164		0.291098
164.1		0.291332
164.2		0.291332
164.3		0.291332
164.4		0.291332
164.5		0.291332
164.6		0.291332
164.7		0.291332
164.8		0.291332
164.9		0.291332
165		0.291332
165.1		0.292302
165.2		0.292302
165.3		0.292302
165.4		0.292302
165.5		0.292302
165.6		0.292302
165.7		0.292302
165.8		0.292302
165.9		0.292302
166		0.292302
166.1		0.295519
166.2		0.295519
166.3		0.295519
166.4		0.295519
166.5		0.295519
166.6		0.295519
166.7		0.295519
166.8		0.295519
166.9		0.295519
167		0.295519
167.1		0.295969
167.2		0.295969
167.3		0.295969
167.4		0.295969
167.5		0.295969
167.6		0.295969
167.7		0.295969
167.8		0.295969
167.9		0.295969
168		0.295969
168.1		0.298251
168.2		0.298251
168.3		0.298251
168.4		0.298251
168.5		0.298251
168.6		0.298251
168.7		0.298251
168.8		0.298251
168.9		0.298251
169		0.298251
169.1		0.301181
169.2		0.301181
169.3		0.301181
169.4		0.301181
169.5		0.301181
169.6		0.301181
169.7		0.301181
169.8		0.301181
169.9		0.301181
170		0.301181
170.1		0.301882
170.2		0.301882
170.3		0.301882
170.4		0.301882
170.5		0.301882
170.6		0.301882
170.7		0.301882
170.8		0.301882
170.9		0.301882
171		0.301882
171.1		0.304362
171.2		0.304362
171.3		0.304362
171.4		0.304362
171.5		0.304362
171.6		0.304362
171.7		0.304362
171.8		0.304362
171.9		0.304362
172		0.304362
172.1		0.305225
172.2		0.305225
172.3		0.305225
172.4		0.305225
172.5		0.305225
172.6		0.305225
172.7		0.305225
172.8		0.305225
172.9		0.305225
173		0.305225
173.1		0.307795
173.2		0.307795
173.3		0.307795
173.4		0.307795
173.5		0.307795
173.6		0.307795
173.7		0.307795
173.8		0.307795
173.9		0.307795
174		0.307795
174.1		0.310347
174.2		0.310347
174.3		0.310347
174.4		0.310347
174.5		0.310347
174.6		0.310347
174.7		0.310347
174.8		0.310347
174.9		0.310347
175		0.310347
175.1		0.313582
175.2		0.313582
175.3		0.313582
175.4		0.313582
175.5		0.313582
175.6		0.313582
175.7		0.313582
175.8		0.313582
175.9		0.313582
176		0.313582
176.1		0.314319
176.2		0.314319
176.3		0.314319
176.4		0.314319
176.5		0.314319
176.6		0.314319
176.7		0.314319
176.8		0.314319
176.9		0.314319
177		0.314319
177.1		0.315649
177.2		0.315649
177.3		0.315649
177.4		0.315649
177.5		0.315649
177.6		0.315649
177.7		0.315649
177.8		0.315649
177.9		0.315649
178		0.315649
178.1		0.317967
178.2		0.317967
178.3		0.317967
178.4		0.317967
178.5		0.317967
178.6		0.317967
178.7		0.317967
178.8		0.317967
178.9		0.317967
179		0.317967
179.1		0.31829
179.2		0.31829
179.3		0.31829
179.4		0.31829
179.5		0.31829
179.6		0.31829
179.7		0.31829
179.8		0.31829
179.9		0.31829
180		0.31829
180.1		0.321058
180.2		0.321058
180.3		0.321058
180.4		0.321058
180.5		0.321058
180.6		0.321058
180.7		0.321058
180.8		0.321058
180.9		0.321058
181		0.321058
181.1		0.322011
181.2		0.322011
181.3		0.322011
181.4		0.322011
181.5		0.322011
181.6		0.322011
181.7		0.322011
181.8		0.322011
181.9		0.322011
182		0.322011
182.1		0.323053
182.2		0.323053
182.3		0.323053
182.4		0.323053
182.5		0.323053
182.6		0.323053
182.7		0.323053
182.8		0.323053
182.9		0.323053
183		0.323053
183.1		0.327331
183.2		0.327331
183.3		0.327331
183.4		0.327331
183.5		0.327331
183.6		0.327331
183.7		0.327331
183.8		0.327331
183.9		0.327331
184		0.327331
184.1		0.329487
184.2		0.329487
184.3		0.329487
184.4		0.329487
184.5		0.329487
184.6		0.329487
184.7		0.329487
184.8		0.329487
184.9		0.329487
185		0.329487
185.1		0.330602
185.2		0.330602
185.3		0.330602
185.4		0.330602
185.5		0.330602
185.6		0.330602
185.7		0.330602
185.8		0.330602
185.9		0.330602
186		0.330602
186.1		0.330907
186.2		0.330907
186.3		0.330907
186.4		0.330907
186.5		0.330907
186.6		0.330907
186.7		0.330907
186.8		0.330907
186.9		0.330907
187		0.330907
187.1		0.333513
187.2		0.333513
187.3		0.333513
187.4		0.333513
187.5		0.333513
187.6		0.333513
187.7		0.333513
187.8		0.333513
187.9		0.333513
188		0.333513
188.1		0.339084
188.2		0.339084
188.3		0.339084
188.4		0.339084
188.5		0.339084
188.6		0.339084
188.7		0.339084
188.8		0.339084
188.9		0.339084
189		0.339084
189.1		0.339534
189.2		0.339534
189.3		0.339534
189.4		0.339534
189.5		0.339534
189.6		0.339534
189.7		0.339534
189.8		0.339534
189.9		0.339534
190		0.339534
190.1		0.340612
190.2		0.340612
190.3		0.340612
190.4		0.340612
190.5		0.340612
190.6		0.340612
190.7		0.340612
190.8		0.340612
190.9		0.340612
191		0.340612
191.1		0.34081
191.2		0.34081
191.3		0.34081
191.4		0.34081
191.5		0.34081
191.6		0.34081
191.7		0.34081
191.8		0.34081
191.9		0.34081
192		0.34081
192.1		0.346849
192.2		0.346849
192.3		0.346849
192.4		0.346849
192.5		0.346849
192.6		0.346849
192.7		0.346849
192.8		0.346849
192.9		0.346849
193		0.346849
193.1		0.347028
193.2		0.347028
193.3		0.347028
193.4		0.347028
193.5		0.347028
193.6		0.347028
193.7		0.347028
193.8		0.347028
193.9		0.347028
194		0.347028
194.1		0.349814
194.2		0.349814
194.3		0.349814
194.4		0.349814
194.5		0.349814
194.6		0.349814
194.7		0.349814
194.8		0.349814
194.9		0.349814
195		0.349814
195.1		0.350066
195.2		0.350066
195.3		0.350066
195.4		0.350066
195.5		0.350066
195.6		0.350066
195.7		0.350066
195.8		0.350066
195.9		0.350066
196		0.350066
196.1		0.355853
196.2		0.355853
196.3		0.355853
196.4		0.355853
196.5		0.355853
196.6		0.355853
196.7		0.355853
196.8		0.355853
196.9		0.355853
197		0.355853
197.1		0.356428
197.2		0.356428
197.3		0.356428
197.4		0.356428
197.5		0.356428
197.6		0.356428
197.7		0.356428
197.8		0.356428
197.9		0.356428
198		0.356428
198.1		0.35738
198.2		0.35738
198.3		0.35738
198.4		0.35738
198.5		0.35738
198.6		0.35738
198.7		0.35738
198.8		0.35738
198.9		0.35738
199		0.35738
199.1		0.357902
199.2		0.357902
199.3		0.357902
199.4		0.357902
199.5		0.357902
199.6		0.357902
199.7		0.357902
199.8		0.357902
199.9		0.357902
200		0.357902
200.1		0.36297
200.2		0.36297
200.3		0.36297
200.4		0.36297
200.5		0.36297
200.6		0.36297
200.7		0.36297
200.8		0.36297
200.9		0.36297
201		0.36297
201.1		0.364695
201.2		0.364695
201.3		0.364695
201.4		0.364695
201.5		0.364695
201.6		0.364695
201.7		0.364695
201.8		0.364695
201.9		0.364695
202		0.364695
202.1		0.365702
202.2		0.365702
202.3		0.365702
202.4		0.365702
202.5		0.365702
202.6		0.365702
202.7		0.365702
202.8		0.365702
202.9		0.365702
203		0.365702
203.1		0.367139
203.2		0.367139
203.3		0.367139
203.4		0.367139
203.5		0.367139
203.6		0.367139
203.7		0.367139
203.8		0.367139
203.9		0.367139
204		0.367139
204.1		0.371543
204.2		0.371543
204.3		0.371543
204.4		0.371543
204.5		0.371543
204.6		0.371543
204.7		0.371543
204.8		0.371543
204.9		0.371543
205		0.371543
205.1		0.372261
205.2		0.372261
205.3		0.372261
205.4		0.372261
205.5		0.372261
205.6		0.372261
205.7		0.372261
205.8		0.372261
205.9		0.372261
206		0.372261
206.1		0.372998
206.2		0.372998
206.3		0.372998
206.4		0.372998
206.5		0.372998
206.6		0.372998
206.7		0.372998
206.8		0.372998
206.9		0.372998
207		0.372998
207.1		0.373753
207.2		0.373753
207.3		0.373753
207.4		0.373753
207.5		0.373753
207.6		0.373753
207.7		0.373753
207.8		0.373753
207.9		0.373753
208		0.373753
208.1		0.377851
208.2		0.377851
208.3		0.377851
208.4		0.377851
208.5		0.377851
208.6		0.377851
208.7		0.377851
208.8		0.377851
208.9		0.377851
209		0.377851
209.1		0.380996
209.2		0.380996
209.3		0.380996
209.4		0.380996
209.5		0.380996
209.6		0.380996
209.7		0.380996
209.8		0.380996
209.9		0.380996
210		0.380996
210.1		0.381248
210.2		0.381248
210.3		0.381248
210.4		0.381248
210.5		0.381248
210.6		0.381248
210.7		0.381248
210.8		0.381248
210.9		0.381248
211		0.381248
211.1		0.382182
211.2		0.382182
211.3		0.382182
211.4		0.382182
211.5		0.382182
211.6		0.382182
211.7		0.382182
211.8		0.382182
211.9		0.382182
212		0.382182
212.1		0.385741
212.2		0.385741
212.3		0.385741
212.4		0.385741
212.5		0.385741
212.6		0.385741
212.7		0.385741
212.8		0.385741
212.9		0.385741
213		0.385741
213.1		0.38779
213.2		0.38779
213.3		0.38779
213.4		0.38779
213.5		0.38779
213.6		0.38779
213.7		0.38779
213.8		0.38779
213.9		0.38779
214		0.38779
214.1		0.388239
214.2		0.388239
214.3		0.388239
214.4		0.388239
214.5		0.388239
214.6		0.388239
214.7		0.388239
214.8		0.388239
214.9		0.388239
215		0.388239
215.1		0.391258
215.2		0.391258
215.3		0.391258
215.4		0.391258
215.5		0.391258
215.6		0.391258
215.7		0.391258
215.8		0.391258
215.9		0.391258
216		0.391258
216.1		0.391743
216.2		0.391743
216.3		0.391743
216.4		0.391743
216.5		0.391743
216.6		0.391743
216.7		0.391743
216.8		0.391743
216.9		0.391743
217		0.391743
217.1		0.395158
217.2		0.395158
217.3		0.395158
217.4		0.395158
217.5		0.395158
217.6		0.395158
217.7		0.395158
217.8		0.395158
217.9		0.395158
218		0.395158
218.1		0.396021
218.2		0.396021
218.3		0.396021
218.4		0.396021
218.5		0.396021
218.6		0.396021
218.7		0.396021
218.8		0.396021
218.9		0.396021
219		0.396021
219.1		0.397692
219.2		0.397692
219.3		0.397692
219.4		0.397692
219.5		0.397692
219.6		0.397692
219.7		0.397692
219.8		0.397692
219.9		0.397692
220		0.397692
220.1		0.398519
220.2		0.398519
220.3		0.398519
220.4		0.398519
220.5		0.398519
220.6		0.398519
220.7		0.398519
220.8		0.398519
220.9		0.398519
221		0.398519
221.1		0.401359
221.2		0.401359
221.3		0.401359
221.4		0.401359
221.5		0.401359
221.6		0.401359
221.7		0.401359
221.8		0.401359
221.9		0.401359
222		0.401359
222.1		0.405007
222.2		0.405007
222.3		0.405007
222.4		0.405007
222.5		0.405007
222.6		0.405007
222.7		0.405007
222.8		0.405007
222.9		0.405007
223		0.405007
223.1		0.405528
223.2		0.405528
223.3		0.405528
223.4		0.405528
223.5		0.405528
223.6		0.405528
223.7		0.405528
223.8		0.405528
223.9		0.405528
224		0.405528
224.1		0.409015
224.2		0.409015
224.3		0.409015
224.4		0.409015
224.5		0.409015
224.6		0.409015
224.7		0.409015
224.8		0.409015
224.9		0.409015
225		0.409015
225.1		0.409572
225.2		0.409572
225.3		0.409572
225.4		0.409572
225.5		0.409572
225.6		0.409572
225.7		0.409572
225.8		0.409572
225.9		0.409572
226		0.409572
226.1		0.412232
226.2		0.412232
226.3		0.412232
226.4		0.412232
226.5		0.412232
226.6		0.412232
226.7		0.412232
226.8		0.412232
226.9		0.412232
227		0.412232
227.1		0.413095
227.2		0.413095
227.3		0.413095
227.4		0.413095
227.5		0.413095
227.6		0.413095
227.7		0.413095
227.8		0.413095
227.9		0.413095
228		0.413095
228.1		0.415683
228.2		0.415683
228.3		0.415683
228.4		0.415683
228.5		0.415683
228.6		0.415683
228.7		0.415683
228.8		0.415683
228.9		0.415683
229		0.415683
229.1		0.415862
229.2		0.415862
229.3		0.415862
229.4		0.415862
229.5		0.415862
229.6		0.415862
229.7		0.415862
229.8		0.415862
229.9		0.415862
230		0.415862
230.1		0.419888
230.2		0.419888
230.3		0.419888
230.4		0.419888
230.5		0.419888
230.6		0.419888
230.7		0.419888
230.8		0.419888
230.9		0.419888
231		0.419888
231.1		0.421416
231.2		0.421416
231.3		0.421416
231.4		0.421416
231.5		0.421416
231.6		0.421416
231.7		0.421416
231.8		0.421416
231.9		0.421416
232		0.421416
232.1		0.422584
232.2		0.422584
232.3		0.422584
232.4		0.422584
232.5		0.422584
232.6		0.422584
232.7		0.422584
232.8		0.422584
232.9		0.422584
233		0.422584
233.1		0.423231
233.2		0.423231
233.3		0.423231
233.4		0.423231
233.5		0.423231
233.6		0.423231
233.7		0.423231
233.8		0.423231
233.9		0.423231
234		0.423231
234.1		0.428695
234.2		0.428695
234.3		0.428695
234.4		0.428695
234.5		0.428695
234.6		0.428695
234.7		0.428695
234.8		0.428695
234.9		0.428695
235		0.428695
235.1		0.429845
235.2		0.429845
235.3		0.429845
235.4		0.429845
235.5		0.429845
235.6		0.429845
235.7		0.429845
235.8		0.429845
235.9		0.429845
236		0.429845
236.1		0.431534
236.2		0.431534
236.3		0.431534
236.4		0.431534
236.5		0.431534
236.6		0.431534
236.7		0.431534
236.8		0.431534
236.9		0.431534
237		0.431534
237.1		0.43166
237.2		0.43166
237.3		0.43166
237.4		0.43166
237.5		0.43166
237.6		0.43166
237.7		0.43166
237.8		0.43166
237.9		0.43166
238		0.43166
238.1		0.436333
238.2		0.436333
238.3		0.436333
238.4		0.436333
238.5		0.436333
238.6		0.436333
238.7		0.436333
238.8		0.436333
238.9		0.436333
239		0.436333
239.1		0.438022
239.2		0.438022
239.3		0.438022
239.4		0.438022
239.5		0.438022
239.6		0.438022
239.7		0.438022
239.8		0.438022
239.9		0.438022
240		0.438022
240.1		0.439658
240.2		0.439658
240.3		0.439658
240.4		0.439658
240.5		0.439658
240.6		0.439658
240.7		0.439658
240.8		0.439658
240.9		0.439658
241		0.439658
241.1		0.440269
241.2		0.440269
241.3		0.440269
241.4		0.440269
241.5		0.440269
241.6		0.440269
241.7		0.440269
241.8		0.440269
241.9		0.440269
242		0.440269
242.1		0.442713
242.2		0.442713
242.3		0.442713
242.4		0.442713
242.5		0.442713
242.6		0.442713
242.7		0.442713
242.8		0.442713
242.9		0.442713
243		0.442713
243.1		0.445858
243.2		0.445858
243.3		0.445858
243.4		0.445858
243.5		0.445858
243.6		0.445858
243.7		0.445858
243.8		0.445858
243.9		0.445858
244		0.445858
244.1		0.44717
244.2		0.44717
244.3		0.44717
244.4		0.44717
244.5		0.44717
244.6		0.44717
244.7		0.44717
244.8		0.44717
244.9		0.44717
245		0.44717
245.1		0.448896
245.2		0.448896
245.3		0.448896
245.4		0.448896
245.5		0.448896
245.6		0.448896
245.7		0.448896
245.8		0.448896
245.9		0.448896
246		0.448896
246.1		0.44983
246.2		0.44983
246.3		0.44983
246.4		0.44983
246.5		0.44983
246.6		0.44983
246.7		0.44983
246.8		0.44983
246.9		0.44983
247		0.44983
247.1		0.451609
247.2		0.451609
247.3		0.451609
247.4		0.451609
247.5		0.451609
247.6		0.451609
247.7		0.451609
247.8		0.451609
247.9		0.451609
248		0.451609
248.1		0.455132
248.2		0.455132
248.3		0.455132
248.4		0.455132
248.5		0.455132
248.6		0.455132
248.7		0.455132
248.8		0.455132
248.9		0.455132
249		0.455132
249.1		0.455438
249.2		0.455438
249.3		0.455438
249.4		0.455438
249.5		0.455438
249.6		0.455438
249.7		0.455438
249.8		0.455438
249.9		0.455438
250		0.455438
250.1		0.457846
250.2		0.457846
250.3		0.457846
250.4		0.457846
250.5		0.457846
250.6		0.457846
250.7		0.457846
250.8		0.457846
250.9		0.457846
251		0.457846
251.1		0.458385
251.2		0.458385
251.3		0.458385
251.4		0.458385
251.5		0.458385
251.6		0.458385
251.7		0.458385
251.8		0.458385
251.9		0.458385
252		0.458385
252.1		0.464927
252.2		0.464927
252.3		0.464927
252.4		0.464927
252.5		0.464927
252.6		0.464927
252.7		0.464927
252.8		0.464927
252.9		0.464927
253		0.464927
253.1		0.465736
253.2		0.465736
253.3		0.465736
253.4		0.465736
253.5		0.465736
253.6		0.465736
253.7		0.465736
253.8		0.465736
253.9		0.465736
254		0.465736
254.1		0.466167
254.2		0.466167
254.3		0.466167
254.4		0.466167
254.5		0.466167
254.6		0.466167
254.7		0.466167
254.8		0.466167
254.9		0.466167
255		0.466167
255.1		0.466958
255.2		0.466958
255.3		0.466958
255.4		0.466958
255.5		0.466958
255.6		0.466958
255.7		0.466958
255.8		0.466958
255.9		0.466958
256		0.466958
256.1		0.471703
256.2		0.471703
256.3		0.471703
256.4		0.471703
256.5		0.471703
256.6		0.471703
256.7		0.471703
256.8		0.471703
256.9		0.471703
257		0.471703
257.1		0.473428
257.2		0.473428
257.3		0.473428
257.4		0.473428
257.5		0.473428
257.6		0.473428
257.7		0.473428
257.8		0.473428
257.9		0.473428
258		0.473428
258.1		0.474668
258.2		0.474668
258.3		0.474668
258.4		0.474668
258.5		0.474668
258.6		0.474668
258.7		0.474668
258.8		0.474668
258.9		0.474668
259		0.474668
259.1		0.475153
259.2		0.475153
259.3		0.475153
259.4		0.475153
259.5		0.475153
259.6		0.475153
259.7		0.475153
259.8		0.475153
259.9		0.475153
260		0.475153
260.1		0.477975
260.2		0.477975
260.3		0.477975
260.4		0.477975
260.5		0.477975
260.6		0.477975
260.7		0.477975
260.8		0.477975
260.9		0.477975
261		0.477975
261.1		0.481066
261.2		0.481066
261.3		0.481066
261.4		0.481066
261.5		0.481066
261.6		0.481066
261.7		0.481066
261.8		0.481066
261.9		0.481066
262		0.481066
262.1		0.482468
262.2		0.482468
262.3		0.482468
262.4		0.482468
262.5		0.482468
262.6		0.482468
262.7		0.482468
262.8		0.482468
262.9		0.482468
263		0.482468
263.1		0.484355
263.2		0.484355
263.3		0.484355
263.4		0.484355
263.5		0.484355
263.6		0.484355
263.7		0.484355
263.8		0.484355
263.9		0.484355
264		0.484355
264.1		0.485056
264.2		0.485056
264.3		0.485056
264.4		0.485056
264.5		0.485056
264.6		0.485056
264.7		0.485056
264.8		0.485056
264.9		0.485056
265		0.485056
265.1		0.486332
265.2		0.486332
265.3		0.486332
265.4		0.486332
265.5		0.486332
265.6		0.486332
265.7		0.486332
265.8		0.486332
265.9		0.486332
266		0.486332
266.1		0.489064
266.2		0.489064
266.3		0.489064
266.4		0.489064
266.5		0.489064
266.6		0.489064
266.7		0.489064
266.8		0.489064
266.9		0.489064
267		0.489064
267.1		0.49043
267.2		0.49043
267.3		0.49043
267.4		0.49043
267.5		0.49043
267.6		0.49043
267.7		0.49043
267.8		0.49043
267.9		0.49043
268		0.49043
268.1		0.493377
268.2		0.493377
268.3		0.493377
268.4		0.493377
268.5		0.493377
268.6		0.493377
268.7		0.493377
268.8		0.493377
268.9		0.493377
269		0.493377
269.1		0.494132
269.2		0.494132
269.3		0.494132
269.4		0.494132
269.5		0.494132
269.6		0.494132
269.7		0.494132
269.8		0.494132
269.9		0.494132
270		0.494132
270.1		0.496972
270.2		0.496972
270.3		0.496972
270.4		0.496972
270.5		0.496972
270.6		0.496972
270.7		0.496972
270.8		0.496972
270.9		0.496972
271		0.496972
271.1		0.498805
271.2		0.498805
271.3		0.498805
271.4		0.498805
271.5		0.498805
271.6		0.498805
271.7		0.498805
271.8		0.498805
271.9		0.498805
272		0.498805
272.1		0.501806
272.2		0.501806
272.3		0.501806
272.4		0.501806
272.5		0.501806
272.6		0.501806
272.7		0.501806
272.8		0.501806
272.9		0.501806
273		0.501806
273.1		0.501914
273.2		0.501914
273.3		0.501914
273.4		0.501914
273.5		0.501914
273.6		0.501914
273.7		0.501914
273.8		0.501914
273.9		0.501914
274		0.501914
274.1		0.504304
274.2		0.504304
274.3		0.504304
274.4		0.504304
274.5		0.504304
274.6		0.504304
274.7		0.504304
274.8		0.504304
274.9		0.504304
275		0.504304
275.1		0.505077
275.2		0.505077
275.3		0.505077
275.4		0.505077
275.5		0.505077
275.6		0.505077
275.7		0.505077
275.8		0.505077
275.9		0.505077
276		0.505077
276.1		0.507701
276.2		0.507701
276.3		0.507701
276.4		0.507701
276.5		0.507701
276.6		0.507701
276.7		0.507701
276.8		0.507701
276.9		0.507701
277		0.507701
277.1		0.51099
277.2		0.51099
277.3		0.51099
277.4		0.51099
277.5		0.51099
277.6		0.51099
277.7		0.51099
277.8		0.51099
277.9		0.51099
278		0.51099
278.1		0.511385
278.2		0.511385
278.3		0.511385
278.4		0.511385
278.5		0.511385
278.6		0.511385
278.7		0.511385
278.8		0.511385
278.9		0.511385
279		0.511385
279.1		0.512374
279.2		0.512374
279.3		0.512374
279.4		0.512374
279.5		0.512374
279.6		0.512374
279.7		0.512374
279.8		0.512374
279.9		0.512374
280		0.512374
280.1		0.515501
280.2		0.515501
280.3		0.515501
280.4		0.515501
280.5		0.515501
280.6		0.515501
280.7		0.515501
280.8		0.515501
280.9		0.515501
281		0.515501
281.1		0.51595
281.2		0.51595
281.3		0.51595
281.4		0.51595
281.5		0.51595
281.6		0.51595
281.7		0.51595
281.8		0.51595
281.9		0.51595
282		0.51595
282.1		0.518934
282.2		0.518934
282.3		0.518934
282.4		0.518934
282.5		0.518934
282.6		0.518934
282.7		0.518934
282.8		0.518934
282.9		0.518934
283		0.518934
283.1		0.523373
283.2		0.523373
283.3		0.523373
283.4		0.523373
283.5		0.523373
283.6		0.523373
283.7		0.523373
283.8		0.523373
283.9		0.523373
284		0.523373
284.1		0.524667
284.2		0.524667
284.3		0.524667
284.4		0.524667
284.5		0.524667
284.6		0.524667
284.7		0.524667
284.8		0.524667
284.9		0.524667
285		0.524667
285.1		0.529286
285.2		0.529286
285.3		0.529286
285.4		0.529286
285.5		0.529286
285.6		0.529286
285.7		0.529286
285.8		0.529286
285.9		0.529286
286		0.529286
286.1		0.530023
286.2		0.530023
286.3		0.530023
286.4		0.530023
286.5		0.530023
286.6		0.530023
286.7		0.530023
286.8		0.530023
286.9		0.530023
287		0.530023
287.1		0.53209
287.2		0.53209
287.3		0.53209
287.4		0.53209
287.5		0.53209
287.6		0.53209
287.7		0.53209
287.8		0.53209
287.9		0.53209
288		0.53209
288.1		0.534821
288.2		0.534821
288.3		0.534821
288.4		0.534821
288.5		0.534821
288.6		0.534821
288.7		0.534821
288.8		0.534821
288.9		0.534821
289		0.534821
289.1		0.538955
289.2		0.538955
289.3		0.538955
289.4		0.538955
289.5		0.538955
289.6		0.538955
289.7		0.538955
289.8		0.538955
289.9		0.538955
290		0.538955
290.1		0.539333
290.2		0.539333
290.3		0.539333
290.4		0.539333
290.5		0.539333
290.6		0.539333
290.7		0.539333
290.8		0.539333
290.9		0.539333
291		0.539333
291.1		0.542172
291.2		0.542172
291.3		0.542172
291.4		0.542172
291.5		0.542172
291.6		0.542172
291.7		0.542172
291.8		0.542172
291.9		0.542172
292		0.542172
292.1		0.542478
292.2		0.542478
292.3		0.542478
292.4		0.542478
292.5		0.542478
292.6		0.542478
292.7		0.542478
292.8		0.542478
292.9		0.542478
293		0.542478
293.1		0.545749
293.2		0.545749
293.3		0.545749
293.4		0.545749
293.5		0.545749
293.6		0.545749
293.7		0.545749
293.8		0.545749
293.9		0.545749
294		0.545749
294.1		0.546809
294.2		0.546809
294.3		0.546809
294.4		0.546809
294.5		0.546809
294.6		0.546809
294.7		0.546809
294.8		0.546809
294.9		0.546809
295		0.546809
295.1		0.549631
295.2		0.549631
295.3		0.549631
295.4		0.549631
295.5		0.549631
295.6		0.549631
295.7		0.549631
295.8		0.549631
295.9		0.549631
296		0.549631
296.1		0.553639
296.2		0.553639
296.3		0.553639
296.4		0.553639
296.5		0.553639
296.6		0.553639
296.7		0.553639
296.8		0.553639
296.9		0.553639
297		0.553639
297.1		0.554321
297.2		0.554321
297.3		0.554321
297.4		0.554321
297.5		0.554321
297.6		0.554321
297.7		0.554321
297.8		0.554321
297.9		0.554321
298		0.554321
298.1		0.557395
298.2		0.557395
298.3		0.557395
298.4		0.557395
298.5		0.557395
298.6		0.557395
298.7		0.557395
298.8		0.557395
298.9		0.557395
299		0.557395
299.1		0.563236
299.2		0.563236
299.3		0.563236
299.4		0.563236
299.5		0.563236
299.6		0.563236
299.7		0.563236
299.8		0.563236
299.9		0.563236
300		0.563236
300.1		0.566093
300.2		0.566093
300.3		0.566093
300.4		0.566093
300.5		0.566093
300.6		0.566093
300.7		0.566093
300.8		0.566093
300.9		0.566093
301		0.566093
301.1		0.566417
301.2		0.566417
301.3		0.566417
301.4		0.566417
301.5		0.566417
301.6		0.566417
301.7		0.566417
301.8		0.566417
301.9		0.566417
302		0.566417
302.1		0.568699
302.2		0.568699
302.3		0.568699
302.4		0.568699
302.5		0.568699
302.6		0.568699
302.7		0.568699
302.8		0.568699
302.9		0.568699
303		0.568699
303.1		0.571162
303.2		0.571162
303.3		0.571162
303.4		0.571162
303.5		0.571162
303.6		0.571162
303.7		0.571162
303.8		0.571162
303.9		0.571162
304		0.571162
304.1		0.574468
304.2		0.574468
304.3		0.574468
304.4		0.574468
304.5		0.574468
304.6		0.574468
304.7		0.574468
304.8		0.574468
304.9		0.574468
305		0.574468
305.1		0.575834
305.2		0.575834
305.3		0.575834
305.4		0.575834
305.5		0.575834
305.6		0.575834
305.7		0.575834
305.8		0.575834
305.9		0.575834
306		0.575834
306.1		0.577272
306.2		0.577272
306.3		0.577272
306.4		0.577272
306.5		0.577272
306.6		0.577272
306.7		0.577272
306.8		0.577272
306.9		0.577272
307		0.577272
307.1		0.57756
307.2		0.57756
307.3		0.57756
307.4		0.57756
307.5		0.57756
307.6		0.57756
307.7		0.57756
307.8		0.57756
307.9		0.57756
308		0.57756
308.1		0.5788
308.2		0.5788
308.3		0.5788
308.4		0.5788
308.5		0.5788
308.6		0.5788
308.7		0.5788
308.8		0.5788
308.9		0.5788
309		0.5788
309.1		0.58022
309.2		0.58022
309.3		0.58022
309.4		0.58022
309.5		0.58022
309.6		0.58022
309.7		0.58022
309.8		0.58022
309.9		0.58022
310		0.58022
310.1		0.586204
310.2		0.586204
310.3		0.586204
310.4		0.586204
310.5		0.586204
310.6		0.586204
310.7		0.586204
310.8		0.586204
310.9		0.586204
311		0.586204
311.1		0.586546
311.2		0.586546
311.3		0.586546
311.4		0.586546
311.5		0.586546
311.6		0.586546
311.7		0.586546
311.8		0.586546
311.9		0.586546
312		0.586546
312.1		0.586905
312.2		0.586905
312.3		0.586905
312.4		0.586905
312.5		0.586905
312.6		0.586905
312.7		0.586905
312.8		0.586905
312.9		0.586905
313		0.586905
313.1		0.59041
313.2		0.59041
313.3		0.59041
313.4		0.59041
313.5		0.59041
313.6		0.59041
313.7		0.59041
313.8		0.59041
313.9		0.59041
314		0.59041
314.1		0.591273
314.2		0.591273
314.3		0.591273
314.4		0.591273
314.5		0.591273
314.6		0.591273
314.7		0.591273
314.8		0.591273
314.9		0.591273
315		0.591273
315.1		0.594238
315.2		0.594238
315.3		0.594238
315.4		0.594238
315.5		0.594238
315.6		0.594238
315.7		0.594238
315.8		0.594238
315.9		0.594238
316		0.594238
316.1		0.594885
316.2		0.594885
316.3		0.594885
316.4		0.594885
316.5		0.594885
316.6		0.594885
316.7		0.594885
316.8		0.594885
316.9		0.594885
317		0.594885
317.1		0.595209
317.2		0.595209
317.3		0.595209
317.4		0.595209
317.5		0.595209
317.6		0.595209
317.7		0.595209
317.8		0.595209
317.9		0.595209
318		0.595209
318.1		0.599145
318.2		0.599145
318.3		0.599145
318.4		0.599145
318.5		0.599145
318.6		0.599145
318.7		0.599145
318.8		0.599145
318.9		0.599145
319		0.599145
319.1		0.600187
319.2		0.600187
319.3		0.600187
319.4		0.600187
319.5		0.600187
319.6		0.600187
319.7		0.600187
319.8		0.600187
319.9		0.600187
320		0.600187
320.1		0.60308
320.2		0.60308
320.3		0.60308
320.4		0.60308
320.5		0.60308
320.6		0.60308
320.7		0.60308
320.8		0.60308
320.9		0.60308
321		0.60308
321.1		0.603602
321.2		0.603602
321.3		0.603602
321.4		0.603602
321.5		0.603602
321.6		0.603602
321.7		0.603602
321.8		0.603602
321.9		0.603602
322		0.603602
322.1		0.606693
322.2		0.606693
322.3		0.606693
322.4		0.606693
322.5		0.606693
322.6		0.606693
322.7		0.606693
322.8		0.606693
322.9		0.606693
323		0.606693
323.1		0.608939
323.2		0.608939
323.3		0.608939
323.4		0.608939
323.5		0.608939
323.6		0.608939
323.7		0.608939
323.8		0.608939
323.9		0.608939
324		0.608939
324.1		0.612911
324.2		0.612911
324.3		0.612911
324.4		0.612911
324.5		0.612911
324.6		0.612911
324.7		0.612911
324.8		0.612911
324.9		0.612911
325		0.612911
325.1		0.61372
325.2		0.61372
325.3		0.61372
325.4		0.61372
325.5		0.61372
325.6		0.61372
325.7		0.61372
325.8		0.61372
325.9		0.61372
326		0.61372
326.1		0.614205
326.2		0.614205
326.3		0.614205
326.4		0.614205
326.5		0.614205
326.6		0.614205
326.7		0.614205
326.8		0.614205
326.9		0.614205
327		0.614205
327.1		0.617189
327.2		0.617189
327.3		0.617189
327.4		0.617189
327.5		0.617189
327.6		0.617189
327.7		0.617189
327.8		0.617189
327.9		0.617189
328		0.617189
328.1		0.618303
328.2		0.618303
328.3		0.618303
328.4		0.618303
328.5		0.618303
328.6		0.618303
328.7		0.618303
328.8		0.618303
328.9		0.618303
329		0.618303
329.1		0.621053
329.2		0.621053
329.3		0.621053
329.4		0.621053
329.5		0.621053
329.6		0.621053
329.7		0.621053
329.8		0.621053
329.9		0.621053
330		0.621053
330.1		0.623443
330.2		0.623443
330.3		0.623443
330.4		0.623443
330.5		0.623443
330.6		0.623443
330.7		0.623443
330.8		0.623443
330.9		0.623443
331		0.623443
331.1		0.624575
331.2		0.624575
331.3		0.624575
331.4		0.624575
331.5		0.624575
331.6		0.624575
331.7		0.624575
331.8		0.624575
331.9		0.624575
332		0.624575
332.1		0.626534
332.2		0.626534
332.3		0.626534
332.4		0.626534
332.5		0.626534
332.6		0.626534
332.7		0.626534
332.8		0.626534
332.9		0.626534
333		0.626534
333.1		0.628529
333.2		0.628529
333.3		0.628529
333.4		0.628529
333.5		0.628529
333.6		0.628529
333.7		0.628529
333.8		0.628529
333.9		0.628529
334		0.628529
334.1		0.62932
334.2		0.62932
334.3		0.62932
334.4		0.62932
334.5		0.62932
334.6		0.62932
334.7		0.62932
334.8		0.62932
334.9		0.62932
335		0.62932
335.1		0.631135
335.2		0.631135
335.3		0.631135
335.4		0.631135
335.5		0.631135
335.6		0.631135
335.7		0.631135
335.8		0.631135
335.9		0.631135
336		0.631135
336.1		0.634874
336.2		0.634874
336.3		0.634874
336.4		0.634874
336.5		0.634874
336.6		0.634874
336.7		0.634874
336.8		0.634874
336.9		0.634874
337		0.634874
337.1		0.636958
337.2		0.636958
337.3		0.636958
337.4		0.636958
337.5		0.636958
337.6		0.636958
337.7		0.636958
337.8		0.636958
337.9		0.636958
338		0.636958
338.1		0.637264
338.2		0.637264
338.3		0.637264
338.4		0.637264
338.5		0.637264
338.6		0.637264
338.7		0.637264
338.8		0.637264
338.9		0.637264
339		0.637264
339.1		0.644255
339.2		0.644255
339.3		0.644255
339.4		0.644255
339.5		0.644255
339.6		0.644255
339.7		0.644255
339.8		0.644255
339.9		0.644255
340		0.644255
340.1		0.646034
340.2		0.646034
340.3		0.646034
340.4		0.646034
340.5		0.646034
340.6		0.646034
340.7		0.646034
340.8		0.646034
340.9		0.646034
341		0.646034
341.1		0.648892
341.2		0.648892
341.3		0.648892
341.4		0.648892
341.5		0.648892
341.6		0.648892
341.7		0.648892
341.8		0.648892
341.9		0.648892
342		0.648892
342.1		0.650132
342.2		0.650132
342.3		0.650132
342.4		0.650132
342.5		0.650132
342.6		0.650132
342.7		0.650132
342.8		0.650132
342.9		0.650132
343		0.650132
343.1		0.650653
343.2		0.650653
343.3		0.650653
343.4		0.650653
343.5		0.650653
343.6		0.650653
343.7		0.650653
343.8		0.650653
343.9		0.650653
344		0.650653
344.1		0.654571
344.2		0.654571
344.3		0.654571
344.4		0.654571
344.5		0.654571
344.6		0.654571
344.7		0.654571
344.8		0.654571
344.9		0.654571
345		0.654571
345.1		0.656153
345.2		0.656153
345.3		0.656153
345.4		0.656153
345.5		0.656153
345.6		0.656153
345.7		0.656153
345.8		0.656153
345.9		0.656153
346		0.656153
346.1		0.660071
346.2		0.660071
346.3		0.660071
346.4		0.660071
346.5		0.660071
346.6		0.660071
346.7		0.660071
346.8		0.660071
346.9		0.660071
347		0.660071
347.1		0.660592
347.2		0.660592
347.3		0.660592
347.4		0.660592
347.5		0.660592
347.6		0.660592
347.7		0.660592
347.8		0.660592
347.9		0.660592
348		0.660592
348.1		0.66061
348.2		0.66061
348.3		0.66061
348.4		0.66061
348.5		0.66061
348.6		0.66061
348.7		0.66061
348.8		0.66061
348.9		0.66061
349		0.66061
349.1		0.662317
349.2		0.662317
349.3		0.662317
349.4		0.662317
349.5		0.662317
349.6		0.662317
349.7		0.662317
349.8		0.662317
349.9		0.662317
350		0.662317
350.1		0.66309
350.2		0.66309
350.3		0.66309
350.4		0.66309
350.5		0.66309
350.6		0.66309
350.7		0.66309
350.8		0.66309
350.9		0.66309
351		0.66309
351.1		0.666918
351.2		0.666918
351.3		0.666918
351.4		0.666918
351.5		0.666918
351.6		0.666918
351.7		0.666918
351.8		0.666918
351.9		0.666918
352		0.666918
352.1		0.67222
352.2		0.67222
352.3		0.67222
352.4		0.67222
352.5		0.67222
352.6		0.67222
352.7		0.67222
352.8		0.67222
352.9		0.67222
353		0.67222
353.1		0.672975
353.2		0.672975
353.3		0.672975
353.4		0.672975
353.5		0.672975
353.6		0.672975
353.7		0.672975
353.8		0.672975
353.9		0.672975
354		0.672975
354.1		0.674179
354.2		0.674179
354.3		0.674179
354.4		0.674179
354.5		0.674179
354.6		0.674179
354.7		0.674179
354.8		0.674179
354.9		0.674179
355		0.674179
355.1		0.67718
355.2		0.67718
355.3		0.67718
355.4		0.67718
355.5		0.67718
355.6		0.67718
355.7		0.67718
355.8		0.67718
355.9		0.67718
356		0.67718
356.1		0.683812
356.2		0.683812
356.3		0.683812
356.4		0.683812
356.5		0.683812
356.6		0.683812
356.7		0.683812
356.8		0.683812
356.9		0.683812
357		0.683812
357.1		0.685358
357.2		0.685358
357.3		0.685358
357.4		0.685358
357.5		0.685358
357.6		0.685358
357.7		0.685358
357.8		0.685358
357.9		0.685358
358		0.685358
358.1		0.685645
358.2		0.685645
358.3		0.685645
358.4		0.685645
358.5		0.685645
358.6		0.685645
358.7		0.685645
358.8		0.685645
358.9		0.685645
359		0.685645
359.1		0.688898
359.2		0.688898
359.3		0.688898
359.4		0.688898
359.5		0.688898
359.6		0.688898
359.7		0.688898
359.8		0.688898
359.9		0.688898
360		0.688898
360.1		0.689276
360.2		0.689276
360.3		0.689276
360.4		0.689276
360.5		0.689276
360.6		0.689276
360.7		0.689276
360.8		0.689276
360.9		0.689276
361		0.689276
361.1		0.694021
361.2		0.694021
361.3		0.694021
361.4		0.694021
361.5		0.694021
361.6		0.694021
361.7		0.694021
361.8		0.694021
361.9		0.694021
362		0.694021
362.1		0.695081
362.2		0.695081
362.3		0.695081
362.4		0.695081
362.5		0.695081
362.6		0.695081
362.7		0.695081
362.8		0.695081
362.9		0.695081
363		0.695081
363.1		0.696483
363.2		0.696483
363.3		0.696483
363.4		0.696483
363.5		0.696483
363.6		0.696483
363.7		0.696483
363.8		0.696483
363.9		0.696483
364		0.696483
364.1		0.69837
364.2		0.69837
364.3		0.69837
364.4		0.69837
364.5		0.69837
364.6		0.69837
364.7		0.69837
364.8		0.69837
364.9		0.69837
365		0.69837
365.1		0.700958
365.2		0.700958
365.3		0.700958
365.4		0.700958
365.5		0.700958
365.6		0.700958
365.7		0.700958
365.8		0.700958
365.9		0.700958
366		0.700958
366.1		0.701389
366.2		0.701389
366.3		0.701389
366.4		0.701389
366.5		0.701389
366.6		0.701389
366.7		0.701389
366.8		0.701389
366.9		0.701389
367		0.701389
367.1		0.704822
367.2		0.704822
367.3		0.704822
367.4		0.704822
367.5		0.704822
367.6		0.704822
367.7		0.704822
367.8		0.704822
367.9		0.704822
368		0.704822
368.1		0.709315
368.2		0.709315
368.3		0.709315
368.4		0.709315
368.5		0.709315
368.6		0.709315
368.7		0.709315
368.8		0.709315
368.9		0.709315
369		0.709315
369.1		0.710052
369.2		0.710052
369.3		0.710052
369.4		0.710052
369.5		0.710052
369.6		0.710052
369.7		0.710052
369.8		0.710052
369.9		0.710052
370		0.710052
370.1		0.710987
370.2		0.710987
370.3		0.710987
370.4		0.710987
370.5		0.710987
370.6		0.710987
370.7		0.710987
370.8		0.710987
370.9		0.710987
371		0.710987
371.1		0.711292
371.2		0.711292
371.3		0.711292
371.4		0.711292
371.5		0.711292
371.6		0.711292
371.7		0.711292
371.8		0.711292
371.9		0.711292
372		0.711292
372.1		0.714527
372.2		0.714527
372.3		0.714527
372.4		0.714527
372.5		0.714527
372.6		0.714527
372.7		0.714527
372.8		0.714527
372.9		0.714527
373		0.714527
373.1		0.717654
373.2		0.717654
373.3		0.717654
373.4		0.717654
373.5		0.717654
373.6		0.717654
373.7		0.717654
373.8		0.717654
373.9		0.717654
374		0.717654
374.1		0.718517
374.2		0.718517
374.3		0.718517
374.4		0.718517
374.5		0.718517
374.6		0.718517
374.7		0.718517
374.8		0.718517
374.9		0.718517
375		0.718517
375.1		0.721357
375.2		0.721357
375.3		0.721357
375.4		0.721357
375.5		0.721357
375.6		0.721357
375.7		0.721357
375.8		0.721357
375.9		0.721357
376		0.721357
376.1		0.721842
376.2		0.721842
376.3		0.721842
376.4		0.721842
376.5		0.721842
376.6		0.721842
376.7		0.721842
376.8		0.721842
376.9		0.721842
377		0.721842
377.1		0.726676
377.2		0.726676
377.3		0.726676
377.4		0.726676
377.5		0.726676
377.6		0.726676
377.7		0.726676
377.8		0.726676
377.9		0.726676
378		0.726676
378.1		0.727072
378.2		0.727072
378.3		0.727072
378.4		0.727072
378.5		0.727072
378.6		0.727072
378.7		0.727072
378.8		0.727072
378.9		0.727072
379		0.727072
379.1		0.728725
379.2		0.728725
379.3		0.728725
379.4		0.728725
379.5		0.728725
379.6		0.728725
379.7		0.728725
379.8		0.728725
379.9		0.728725
380		0.728725
380.1		0.731978
380.2		0.731978
380.3		0.731978
380.4		0.731978
380.5		0.731978
380.6		0.731978
380.7		0.731978
380.8		0.731978
380.9		0.731978
381		0.731978
381.1		0.732104
381.2		0.732104
381.3		0.732104
381.4		0.732104
381.5		0.732104
381.6		0.732104
381.7		0.732104
381.8		0.732104
381.9		0.732104
382		0.732104
382.1		0.737118
382.2		0.737118
382.3		0.737118
382.4		0.737118
382.5		0.737118
382.6		0.737118
382.7		0.737118
382.8		0.737118
382.9		0.737118
383		0.737118
383.1		0.73764
383.2		0.73764
383.3		0.73764
383.4		0.73764
383.5		0.73764
383.6		0.73764
383.7		0.73764
383.8		0.73764
383.9		0.73764
384		0.73764
384.1		0.737837
384.2		0.737837
384.3		0.737837
384.4		0.737837
384.5		0.737837
384.6		0.737837
384.7		0.737837
384.8		0.737837
384.9		0.737837
385		0.737837
385.1		0.741665
385.2		0.741665
385.3		0.741665
385.4		0.741665
385.5		0.741665
385.6		0.741665
385.7		0.741665
385.8		0.741665
385.9		0.741665
386		0.741665
386.1		0.743624
386.2		0.743624
386.3		0.743624
386.4		0.743624
386.5		0.743624
386.6		0.743624
386.7		0.743624
386.8		0.743624
386.9		0.743624
387		0.743624
387.1		0.744289
387.2		0.744289
387.3		0.744289
387.4		0.744289
387.5		0.744289
387.6		0.744289
387.7		0.744289
387.8		0.744289
387.9		0.744289
388		0.744289
388.1		0.748117
388.2		0.748117
388.3		0.748117
388.4		0.748117
388.5		0.748117
388.6		0.748117
388.7		0.748117
388.8		0.748117
388.9		0.748117
389		0.748117
389.1		0.748477
389.2		0.748477
389.3		0.748477
389.4		0.748477
389.5		0.748477
389.6		0.748477
389.7		0.748477
389.8		0.748477
389.9		0.748477
390		0.748477
390.1		0.75315
390.2		0.75315
390.3		0.75315
390.4		0.75315
390.5		0.75315
390.6		0.75315
390.7		0.75315
390.8		0.75315
390.9		0.75315
391		0.75315
391.1		0.753347
391.2		0.753347
391.3		0.753347
391.4		0.753347
391.5		0.753347
391.6		0.753347
391.7		0.753347
391.8		0.753347
391.9		0.753347
392		0.753347
392.1		0.755234
392.2		0.755234
392.3		0.755234
392.4		0.755234
392.5		0.755234
392.6		0.755234
392.7		0.755234
392.8		0.755234
392.9		0.755234
393		0.755234
393.1		0.755612
393.2		0.755612
393.3		0.755612
393.4		0.755612
393.5		0.755612
393.6		0.755612
393.7		0.755612
393.8		0.755612
393.9		0.755612
394		0.755612
394.1		0.760644
394.2		0.760644
394.3		0.760644
394.4		0.760644
394.5		0.760644
394.6		0.760644
394.7		0.760644
394.8		0.760644
394.9		0.760644
395		0.760644
395.1		0.762963
395.2		0.762963
395.3		0.762963
395.4		0.762963
395.5		0.762963
395.6		0.762963
395.7		0.762963
395.8		0.762963
395.9		0.762963
396		0.762963
396.1		0.764149
396.2		0.764149
396.3		0.764149
396.4		0.764149
396.5		0.764149
396.6		0.764149
396.7		0.764149
396.8		0.764149
396.9		0.764149
397		0.764149
397.1		0.765047
397.2		0.765047
397.3		0.765047
397.4		0.765047
397.5		0.765047
397.6		0.765047
397.7		0.765047
397.8		0.765047
397.9		0.765047
398		0.765047
398.1		0.76742
398.2		0.76742
398.3		0.76742
398.4		0.76742
398.5		0.76742
398.6		0.76742
398.7		0.76742
398.8		0.76742
398.9		0.76742
399		0.76742
399.1		0.769738
399.2		0.769738
399.3		0.769738
399.4		0.769738
399.5		0.769738
399.6		0.769738
399.7		0.769738
399.8		0.769738
399.9		0.769738
400		0.769738
400.1		0.771517
400.2		0.771517
400.3		0.771517
400.4		0.771517
400.5		0.771517
400.6		0.771517
400.7		0.771517
400.8		0.771517
400.9		0.771517
401		0.771517
401.1		0.773297
401.2		0.773297
401.3		0.773297
401.4		0.773297
401.5		0.773297
401.6		0.773297
401.7		0.773297
401.8		0.773297
401.9		0.773297
402		0.773297
402.1		0.775094
402.2		0.775094
402.3		0.775094
402.4		0.775094
402.5		0.775094
402.6		0.775094
402.7		0.775094
402.8		0.775094
402.9		0.775094
403		0.775094
403.1		0.778059
403.2		0.778059
403.3		0.778059
403.4		0.778059
403.5		0.778059
403.6		0.778059
403.7		0.778059
403.8		0.778059
403.9		0.778059
404		0.778059
404.1		0.779102
404.2		0.779102
404.3		0.779102
404.4		0.779102
404.5		0.779102
404.6		0.779102
404.7		0.779102
404.8		0.779102
404.9		0.779102
405		0.779102
405.1		0.781079
405.2		0.781079
405.3		0.781079
405.4		0.781079
405.5		0.781079
405.6		0.781079
405.7		0.781079
405.8		0.781079
405.9		0.781079
406		0.781079
406.1		0.784673
406.2		0.784673
406.3		0.784673
406.4		0.784673
406.5		0.784673
406.6		0.784673
406.7		0.784673
406.8		0.784673
406.9		0.784673
407		0.784673
407.1		0.785859
407.2		0.785859
407.3		0.785859
407.4		0.785859
407.5		0.785859
407.6		0.785859
407.7		0.785859
407.8		0.785859
407.9		0.785859
408		0.785859
408.1		0.786488
408.2		0.786488
408.3		0.786488
408.4		0.786488
408.5		0.786488
408.6		0.786488
408.7		0.786488
408.8		0.786488
408.9		0.786488
409		0.786488
409.1		0.788573
409.2		0.788573
409.3		0.788573
409.4		0.788573
409.5		0.788573
409.6		0.788573
409.7		0.788573
409.8		0.788573
409.9		0.788573
410		0.788573
410.1		0.790011
410.2		0.790011
410.3		0.790011
410.4		0.790011
410.5		0.790011
410.6		0.790011
410.7		0.790011
410.8		0.790011
410.9		0.790011
411		0.790011
411.1		0.79427
411.2		0.79427
411.3		0.79427
411.4		0.79427
411.5		0.79427
411.6		0.79427
411.7		0.79427
411.8		0.79427
411.9		0.79427
412		0.79427
412.1		0.796211
412.2		0.796211
412.3		0.796211
412.4		0.796211
412.5		0.796211
412.6		0.796211
412.7		0.796211
412.8		0.796211
412.9		0.796211
413		0.796211
413.1		0.797308
413.2		0.797308
413.3		0.797308
413.4		0.797308
413.5		0.797308
413.6		0.797308
413.7		0.797308
413.8		0.797308
413.9		0.797308
414		0.797308
414.1		0.797775
414.2		0.797775
414.3		0.797775
414.4		0.797775
414.5		0.797775
414.6		0.797775
414.7		0.797775
414.8		0.797775
414.9		0.797775
415		0.797775
415.1		0.798997
415.2		0.798997
415.3		0.798997
415.4		0.798997
415.5		0.798997
415.6		0.798997
415.7		0.798997
415.8		0.798997
415.9		0.798997
416		0.798997
416.1		0.802106
416.2		0.802106
416.3		0.802106
416.4		0.802106
416.5		0.802106
416.6		0.802106
416.7		0.802106
416.8		0.802106
416.9		0.802106
417		0.802106
417.1		0.803364
417.2		0.803364
417.3		0.803364
417.4		0.803364
417.5		0.803364
417.6		0.803364
417.7		0.803364
417.8		0.803364
417.9		0.803364
418		0.803364
418.1		0.806132
418.2		0.806132
418.3		0.806132
418.4		0.806132
418.5		0.806132
418.6		0.806132
418.7		0.806132
418.8		0.806132
418.9		0.806132
419		0.806132
419.1		0.808576
419.2		0.808576
419.3		0.808576
419.4		0.808576
419.5		0.808576
419.6		0.808576
419.7		0.808576
419.8		0.808576
419.9		0.808576
420		0.808576
420.1		0.812261
420.2		0.812261
420.3		0.812261
420.4		0.812261
420.5		0.812261
420.6		0.812261
420.7		0.812261
420.8		0.812261
420.9		0.812261
421		0.812261
421.1		0.812494
421.2		0.812494
421.3		0.812494
421.4		0.812494
421.5		0.812494
421.6		0.812494
421.7		0.812494
421.8		0.812494
421.9		0.812494
422		0.812494
422.1		0.812728
422.2		0.812728
422.3		0.812728
422.4		0.812728
422.5		0.812728
422.6		0.812728
422.7		0.812728
422.8		0.812728
422.9		0.812728
423		0.812728
423.1		0.815604
423.2		0.815604
423.3		0.815604
423.4		0.815604
423.5		0.815604
423.6		0.815604
423.7		0.815604
423.8		0.815604
423.9		0.815604
424		0.815604
424.1		0.818623
424.2		0.818623
424.3		0.818623
424.4		0.818623
424.5		0.818623
424.6		0.818623
424.7		0.818623
424.8		0.818623
424.9		0.818623
425		0.818623
425.1		0.818875
425.2		0.818875
425.3		0.818875
425.4		0.818875
425.5		0.818875
425.6		0.818875
425.7		0.818875
425.8		0.818875
425.9		0.818875
426		0.818875
426.1		0.821948
426.2		0.821948
426.3		0.821948
426.4		0.821948
426.5		0.821948
426.6		0.821948
426.7		0.821948
426.8		0.821948
426.9		0.821948
427		0.821948
427.1		0.823368
427.2		0.823368
427.3		0.823368
427.4		0.823368
427.5		0.823368
427.6		0.823368
427.7		0.823368
427.8		0.823368
427.9		0.823368
428		0.823368
428.1		0.824698
428.2		0.824698
428.3		0.824698
428.4		0.824698
428.5		0.824698
428.6		0.824698
428.7		0.824698
428.8		0.824698
428.9		0.824698
429		0.824698
429.1		0.825902
429.2		0.825902
429.3		0.825902
429.4		0.825902
429.5		0.825902
429.6		0.825902
429.7		0.825902
429.8		0.825902
429.9		0.825902
430		0.825902
430.1		0.828005
430.2		0.828005
430.3		0.828005
430.4		0.828005
430.5		0.828005
430.6		0.828005
430.7		0.828005
430.8		0.828005
430.9		0.828005
431		0.828005
431.1		0.829694
431.2		0.829694
431.3		0.829694
431.4		0.829694
431.5		0.829694
431.6		0.829694
431.7		0.829694
431.8		0.829694
431.9		0.829694
432		0.829694
432.1		0.831887
432.2		0.831887
432.3		0.831887
432.4		0.831887
432.5		0.831887
432.6		0.831887
432.7		0.831887
432.8		0.831887
432.9		0.831887
433		0.831887
433.1		0.832336
433.2		0.832336
433.3		0.832336
433.4		0.832336
433.5		0.832336
433.6		0.832336
433.7		0.832336
433.8		0.832336
433.9		0.832336
434		0.832336
434.1		0.835589
434.2		0.835589
434.3		0.835589
434.4		0.835589
434.5		0.835589
434.6		0.835589
434.7		0.835589
434.8		0.835589
434.9		0.835589
435		0.835589
435.1		0.836595
435.2		0.836595
435.3		0.836595
435.4		0.836595
435.5		0.836595
435.6		0.836595
435.7		0.836595
435.8		0.836595
435.9		0.836595
436		0.836595
436.1		0.840082
436.2		0.840082
436.3		0.840082
436.4		0.840082
436.5		0.840082
436.6		0.840082
436.7		0.840082
436.8		0.840082
436.9		0.840082
437		0.840082
437.1		0.840621
437.2		0.840621
437.3		0.840621
437.4		0.840621
437.5		0.840621
437.6		0.840621
437.7		0.840621
437.8		0.840621
437.9		0.840621
438		0.840621
438.1		0.843874
438.2		0.843874
438.3		0.843874
438.4		0.843874
438.5		0.843874
438.6		0.843874
438.7		0.843874
438.8		0.843874
438.9		0.843874
439		0.843874
439.1		0.846804
439.2		0.846804
439.3		0.846804
439.4		0.846804
439.5		0.846804
439.6		0.846804
439.7		0.846804
439.8		0.846804
439.9		0.846804
440		0.846804
440.1		0.847576
440.2		0.847576
440.3		0.847576
440.4		0.847576
440.5		0.847576
440.6		0.847576
440.7		0.847576
440.8		0.847576
440.9		0.847576
441		0.847576
441.1		0.848745
441.2		0.848745
441.3		0.848745
441.4		0.848745
441.5		0.848745
441.6		0.848745
441.7		0.848745
441.8		0.848745
441.9		0.848745
442		0.848745
442.1		0.851512
442.2		0.851512
442.3		0.851512
442.4		0.851512
442.5		0.851512
442.6		0.851512
442.7		0.851512
442.8		0.851512
442.9		0.851512
443		0.851512
443.1		0.853597
443.2		0.853597
443.3		0.853597
443.4		0.853597
443.5		0.853597
443.6		0.853597
443.7		0.853597
443.8		0.853597
443.9		0.853597
444		0.853597
444.1		0.853993
444.2		0.853993
444.3		0.853993
444.4		0.853993
444.5		0.853993
444.6		0.853993
444.7		0.853993
444.8		0.853993
444.9		0.853993
445		0.853993
445.1		0.855233
445.2		0.855233
445.3		0.855233
445.4		0.855233
445.5		0.855233
445.6		0.855233
445.7		0.855233
445.8		0.855233
445.9		0.855233
446		0.855233
446.1		0.859798
446.2		0.859798
446.3		0.859798
446.4		0.859798
446.5		0.859798
446.6		0.859798
446.7		0.859798
446.8		0.859798
446.9		0.859798
447		0.859798
447.1		0.860067
447.2		0.860067
447.3		0.860067
447.4		0.860067
447.5		0.860067
447.6		0.860067
447.7		0.860067
447.8		0.860067
447.9		0.860067
448		0.860067
448.1		0.86226
448.2		0.86226
448.3		0.86226
448.4		0.86226
448.5		0.86226
448.6		0.86226
448.7		0.86226
448.8		0.86226
448.9		0.86226
449		0.86226
449.1		0.865189
449.2		0.865189
449.3		0.865189
449.4		0.865189
449.5		0.865189
449.6		0.865189
449.7		0.865189
449.8		0.865189
449.9		0.865189
450		0.865189
450.1		0.867058
450.2		0.867058
450.3		0.867058
450.4		0.867058
450.5		0.867058
450.6		0.867058
450.7		0.867058
450.8		0.867058
450.9		0.867058
451		0.867058
451.1		0.868982
451.2		0.868982
451.3		0.868982
451.4		0.868982
451.5		0.868982
451.6		0.868982
451.7		0.868982
451.8		0.868982
451.9		0.868982
452		0.868982
452.1		0.869521
452.2		0.869521
452.3		0.869521
452.4		0.869521
452.5		0.869521
452.6		0.869521
452.7		0.869521
452.8		0.869521
452.9		0.869521
453		0.869521
453.1		0.870455
453.2		0.870455
453.3		0.870455
453.4		0.870455
453.5		0.870455
453.6		0.870455
453.7		0.870455
453.8		0.870455
453.9		0.870455
454		0.870455
454.1		0.874032
454.2		0.874032
454.3		0.874032
454.4		0.874032
454.5		0.874032
454.6		0.874032
454.7		0.874032
454.8		0.874032
454.9		0.874032
455		0.874032
455.1		0.876943
455.2		0.876943
455.3		0.876943
455.4		0.876943
455.5		0.876943
455.6		0.876943
455.7		0.876943
455.8		0.876943
455.9		0.876943
456		0.876943
456.1		0.877321
456.2		0.877321
456.3		0.877321
456.4		0.877321
456.5		0.877321
456.6		0.877321
456.7		0.877321
456.8		0.877321
456.9		0.877321
457		0.877321
457.1		0.877734
457.2		0.877734
457.3		0.877734
457.4		0.877734
457.5		0.877734
457.6		0.877734
457.7		0.877734
457.8		0.877734
457.9		0.877734
458		0.877734
458.1		0.883719
458.2		0.883719
458.3		0.883719
458.4		0.883719
458.5		0.883719
458.6		0.883719
458.7		0.883719
458.8		0.883719
458.9		0.883719
459		0.883719
459.1		0.884887
459.2		0.884887
459.3		0.884887
459.4		0.884887
459.5		0.884887
459.6		0.884887
459.7		0.884887
459.8		0.884887
459.9		0.884887
460		0.884887
460.1		0.885318
460.2		0.885318
460.3		0.885318
460.4		0.885318
460.5		0.885318
460.6		0.885318
460.7		0.885318
460.8		0.885318
460.9		0.885318
461		0.885318
461.1		0.887637
461.2		0.887637
461.3		0.887637
461.4		0.887637
461.5		0.887637
461.6		0.887637
461.7		0.887637
461.8		0.887637
461.9		0.887637
462		0.887637
462.1		0.890764
462.2		0.890764
462.3		0.890764
462.4		0.890764
462.5		0.890764
462.6		0.890764
462.7		0.890764
462.8		0.890764
462.9		0.890764
463		0.890764
463.1		0.893622
463.2		0.893622
463.3		0.893622
463.4		0.893622
463.5		0.893622
463.6		0.893622
463.7		0.893622
463.8		0.893622
463.9		0.893622
464		0.893622
464.1		0.893855
464.2		0.893855
464.3		0.893855
464.4		0.893855
464.5		0.893855
464.6		0.893855
464.7		0.893855
464.8		0.893855
464.9		0.893855
465		0.893855
465.1		0.894538
465.2		0.894538
465.3		0.894538
465.4		0.894538
465.5		0.894538
465.6		0.894538
465.7		0.894538
465.8		0.894538
465.9		0.894538
466		0.894538
466.1		0.898654
466.2		0.898654
466.3		0.898654
466.4		0.898654
466.5		0.898654
466.6		0.898654
466.7		0.898654
466.8		0.898654
466.9		0.898654
467		0.898654
467.1		0.902015
467.2		0.902015
467.3		0.902015
467.4		0.902015
467.5		0.902015
467.6		0.902015
467.7		0.902015
467.8		0.902015
467.9		0.902015
468		0.902015
468.1		0.902644
468.2		0.902644
468.3		0.902644
468.4		0.902644
468.5		0.902644
468.6		0.902644
468.7		0.902644
468.8		0.902644
468.9		0.902644
469		0.902644
469.1		0.902805
469.2		0.902805
469.3		0.902805
469.4		0.902805
469.5		0.902805
469.6		0.902805
469.7		0.902805
469.8		0.902805
469.9		0.902805
470		0.902805
470.1		0.906508
470.2		0.906508
470.3		0.906508
470.4		0.906508
470.5		0.906508
470.6		0.906508
470.7		0.906508
470.8		0.906508
470.9		0.906508
471		0.906508
471.1		0.908431
471.2		0.908431
471.3		0.908431
471.4		0.908431
471.5		0.908431
471.6		0.908431
471.7		0.908431
471.8		0.908431
471.9		0.908431
472		0.908431
472.1		0.911342
472.2		0.911342
472.3		0.911342
472.4		0.911342
472.5		0.911342
472.6		0.911342
472.7		0.911342
472.8		0.911342
472.9		0.911342
473		0.911342
473.1		0.912978
473.2		0.912978
473.3		0.912978
473.4		0.912978
473.5		0.912978
473.6		0.912978
473.7		0.912978
473.8		0.912978
473.9		0.912978
474		0.912978
474.1		0.913194
474.2		0.913194
474.3		0.913194
474.4		0.913194
474.5		0.913194
474.6		0.913194
474.7		0.913194
474.8		0.913194
474.9		0.913194
475		0.913194
475.1		0.915656
475.2		0.915656
475.3		0.915656
475.4		0.915656
475.5		0.915656
475.6		0.915656
475.7		0.915656
475.8		0.915656
475.9		0.915656
476		0.915656
476.1		0.918082
476.2		0.918082
476.3		0.918082
476.4		0.918082
476.5		0.918082
476.6		0.918082
476.7		0.918082
476.8		0.918082
476.9		0.918082
477		0.918082
477.1		0.920221
477.2		0.920221
477.3		0.920221
477.4		0.920221
477.5		0.920221
477.6		0.920221
477.7		0.920221
477.8		0.920221
477.9		0.920221
478		0.920221
478.1		0.921407
478.2		0.921407
478.3		0.921407
478.4		0.921407
478.5		0.921407
478.6		0.921407
478.7		0.921407
478.8		0.921407
478.9		0.921407
479		0.921407
479.1		0.923797
479.2		0.923797
479.3		0.923797
479.4		0.923797
479.5		0.923797
479.6		0.923797
479.7		0.923797
479.8		0.923797
479.9		0.923797
480		0.923797
480.1		0.926763
480.2		0.926763
480.3		0.926763
480.4		0.926763
480.5		0.926763
480.6		0.926763
480.7		0.926763
480.8		0.926763
480.9		0.926763
481		0.926763
481.1		0.927356
481.2		0.927356
481.3		0.927356
481.4		0.927356
481.5		0.927356
481.6		0.927356
481.7		0.927356
481.8		0.927356
481.9		0.927356
482		0.927356
482.1		0.928542
482.2		0.928542
482.3		0.928542
482.4		0.928542
482.5		0.928542
482.6		0.928542
482.7		0.928542
482.8		0.928542
482.9		0.928542
483		0.928542
483.1		0.931957
483.2		0.931957
483.3		0.931957
483.4		0.931957
483.5		0.931957
483.6		0.931957
483.7		0.931957
483.8		0.931957
483.9		0.931957
484		0.931957
484.1		0.93467
484.2		0.93467
484.3		0.93467
484.4		0.93467
484.5		0.93467
484.6		0.93467
484.7		0.93467
484.8		0.93467
484.9		0.93467
485		0.93467
485.1		0.937492
485.2		0.937492
485.3		0.937492
485.4		0.937492
485.5		0.937492
485.6		0.937492
485.7		0.937492
485.8		0.937492
485.9		0.937492
486		0.937492
486.1		0.938463
486.2		0.938463
486.3		0.938463
486.4		0.938463
486.5		0.938463
486.6		0.938463
486.7		0.938463
486.8		0.938463
486.9		0.938463
487		0.938463
487.1		0.939469
487.2		0.939469
487.3		0.939469
487.4		0.939469
487.5		0.939469
487.6		0.939469
487.7		0.939469
487.8		0.939469
487.9		0.939469
488		0.939469
488.1		0.942668
488.2		0.942668
488.3		0.942668
488.4		0.942668
488.5		0.942668
488.6		0.942668
488.7		0.942668
488.8		0.942668
488.9		0.942668
489		0.942668
489.1		0.943117
489.2		0.943117
489.3		0.943117
489.4		0.943117
489.5		0.943117
489.6		0.943117
489.7		0.943117
489.8		0.943117
489.9		0.943117
490		0.943117
490.1		0.944429
490.2		0.944429
490.3		0.944429
490.4		0.944429
490.5		0.944429
490.6		0.944429
490.7		0.944429
490.8		0.944429
490.9		0.944429
491		0.944429
491.1		0.948887
491.2		0.948887
491.3		0.948887
491.4		0.948887
491.5		0.948887
491.6		0.948887
491.7		0.948887
491.8		0.948887
491.9		0.948887
492		0.948887
492.1		0.949192
492.2		0.949192
492.3		0.949192
492.4		0.949192
492.5		0.949192
492.6		0.949192
492.7		0.949192
492.8		0.949192
492.9		0.949192
493		0.949192
493.1		0.952643
493.2		0.952643
493.3		0.952643
493.4		0.952643
493.5		0.952643
493.6		0.952643
493.7		0.952643
493.8		0.952643
493.9		0.952643
494		0.952643
494.1		0.95302
494.2		0.95302
494.3		0.95302
494.4		0.95302
494.5		0.95302
494.6		0.95302
494.7		0.95302
494.8		0.95302
494.9		0.95302
495		0.95302
495.1		0.954135
495.2		0.954135
495.3		0.954135
495.4		0.954135
495.5		0.954135
495.6		0.954135
495.7		0.954135
495.8		0.954135
495.9		0.954135
496		0.954135
496.1		0.955608
496.2		0.955608
496.3		0.955608
496.4		0.955608
496.5		0.955608
496.6		0.955608
496.7		0.955608
496.8		0.955608
496.9		0.955608
497		0.955608
497.1		0.960119
497.2		0.960119
497.3		0.960119
497.4		0.960119
497.5		0.960119
497.6		0.960119
497.7		0.960119
497.8		0.960119
497.9		0.960119
498		0.960119
498.1		0.960928
498.2		0.960928
498.3		0.960928
498.4		0.960928
498.5		0.960928
498.6		0.960928
498.7		0.960928
498.8		0.960928
498.9		0.960928
499		0.960928
499.1		0.962078
499.2		0.962078
499.3		0.962078
499.4		0.962078
499.5		0.962078
499.6		0.962078
499.7		0.962078
499.8		0.962078
499.9		0.962078
500		0.962078
500.1		0.964181
500.2		0.964181
500.3		0.964181
500.4		0.964181
500.5		0.964181
500.6		0.964181
500.7		0.964181
500.8		0.964181
500.9		0.964181
501		0.964181
501.1		0.965763
501.2		0.965763
501.3		0.965763
501.4		0.965763
501.5		0.965763
501.6		0.965763
501.7		0.965763
501.8		0.965763
501.9		0.965763
502		0.965763
502.1		0.968764
502.2		0.968764
502.3		0.968764
502.4		0.968764
502.5		0.968764
502.6		0.968764
502.7		0.968764
502.8		0.968764
502.9		0.968764
503		0.968764
503.1		0.971783
503.2		0.971783
503.3		0.971783
503.4		0.971783
503.5		0.971783
503.6		0.971783
503.7		0.971783
503.8		0.971783
503.9		0.971783
504		0.971783
504.1		0.972305
504.2		0.972305
504.3		0.972305
504.4		0.972305
504.5		0.972305
504.6		0.972305
504.7		0.972305
504.8		0.972305
504.9		0.972305
505		0.972305
505.1		0.973509
505.2		0.973509
505.3		0.973509
505.4		0.973509
505.5		0.973509
505.6		0.973509
505.7		0.973509
505.8		0.973509
505.9		0.973509
506		0.973509
506.1		0.977427
506.2		0.977427
506.3		0.977427
506.4		0.977427
506.5		0.977427
506.6		0.977427
506.7		0.977427
506.8		0.977427
506.9		0.977427
507		0.977427
507.1		0.978343
507.2		0.978343
507.3		0.978343
507.4		0.978343
507.5		0.978343
507.6		0.978343
507.7		0.978343
507.8		0.978343
507.9		0.978343
508		0.978343
508.1		0.978577
508.2		0.978577
508.3		0.978577
508.4		0.978577
508.5		0.978577
508.6		0.978577
508.7		0.978577
508.8		0.978577
508.9		0.978577
509		0.978577
509.1		0.982729
509.2		0.982729
509.3		0.982729
509.4		0.982729
509.5		0.982729
509.6		0.982729
509.7		0.982729
509.8		0.982729
509.9		0.982729
510		0.982729
510.1		0.983088
510.2		0.983088
510.3		0.983088
510.4		0.983088
510.5		0.983088
510.6		0.983088
510.7		0.983088
510.8		0.983088
510.9		0.983088
511		0.983088
511.1		0.985892
511.2		0.985892
511.3		0.985892
511.4		0.985892
511.5		0.985892
511.6		0.985892
511.7		0.985892
511.8		0.985892
511.9		0.985892
512		0.985892
512.1		0.987761
512.2		0.987761
512.3		0.987761
512.4		0.987761
512.5		0.987761
512.6		0.987761
512.7		0.987761
512.8		0.987761
512.9		0.987761
513		0.987761
513.1		0.989001
513.2		0.989001
513.3		0.989001
513.4		0.989001
513.5		0.989001
513.6		0.989001
513.7		0.989001
513.8		0.989001
513.9		0.989001
514		0.989001
514.1		0.991805
514.2		0.991805
514.3		0.991805
514.4		0.991805
514.5		0.991805
514.6		0.991805
514.7		0.991805
514.8		0.991805
514.9		0.991805
515		0.991805
515.1		0.993045
515.2		0.993045
515.3		0.993045
515.4		0.993045
515.5		0.993045
515.6		0.993045
515.7		0.993045
515.8		0.993045
515.9		0.993045
516		0.993045
516.1		0.994429
516.2		0.994429
516.3		0.994429
516.4		0.994429
516.5		0.994429
516.6		0.994429
516.7		0.994429
516.8		0.994429
516.9		0.994429
517		0.994429
517.1		0.997071
517.2		0.997071
517.3		0.997071
517.4		0.997071
517.5		0.997071
517.6		0.997071
517.7		0.997071
517.8		0.997071
517.9		0.997071
518		0.997071
518.1		0.999874
518.2		0.999874
518.3		0.999874
518.4		0.999874
518.5		0.999874
518.6		0.999874
518.7		0.999874
518.8		0.999874
518.9		0.999874
519		0.999874
519.1		1
519.2		1
519.3		1
519.4		1
519.5		1
519.6		1
519.7		1
519.8		1
519.9		1
520		1
520.1		1
520.2		1
520.3		1
520.4		1
520.5		1
520.6		1
520.7		1
520.8		1
520.9		1
521		1
521.1		1
521.2		1
521.3		1
521.4		1
521.5		1
521.6		1
521.7		1
521.8		1
521.9		1
522		1
522.1		1
522.2		1
522.3		1
522.4		1
522.5		1
522.6		1
522.7		1
522.8		1
522.9		1
523		1
523.1		1
523.2		1
523.3		1
523.4		1
523.5		1
523.6		1
523.7		1
523.8		1
523.9		1
524		1
524.1		1
524.2		1
524.3		1
524.4		1
524.5		1
524.6		1
524.7		1
524.8		1
524.9		1
525		1
525.1		1
525.2		1
525.3		1
525.4		1
525.5		1
525.6		1
525.7		1
525.8		1
525.9		1
526		1
526.1		1
526.2		1
526.3		1
526.4		1
526.5		1
526.6		1
526.7		1
526.8		1
526.9		1
527		1
527.1		1
527.2		1
527.3		1
527.4		1
527.5		1
527.6		1
527.7		1
527.8		1
527.9		1
528		1
528.1		1
528.2		1
528.3		1
528.4		1
528.5		1
528.6		1
528.7		1
528.8		1
528.9		1
529		1
529.1		1
529.2		1
529.3		1
529.4		1
529.5		1
529.6		1
529.7		1
529.8		1
529.9		1
530		1
530.1		1
530.2		1
530.3		1
530.4		1
530.5		1
530.6		1
530.7		1
530.8		1
530.9		1
531		1
531.1		1
531.2		1
531.3		1
531.4		1
531.5		1
531.6		1
531.7		1
531.8		1
531.9		1
532		1
532.1		1
532.2		1
532.3		1
532.4		1
532.5		1
532.6		1
532.7		1
532.8		1
532.9		1
533		1
533.1		1
533.2		1
533.3		1
533.4		1
533.5		1
533.6		1
533.7		1
533.8		1
533.9		1
534		1
534.1		1
534.2		1
534.3		1
534.4		1
534.5		1
534.6		1
534.7		1
534.8		1
534.9		1
535		1
535.1		1
535.2		1
535.3		1
535.4		1
535.5		1
535.6		1
535.7		1
535.8		1
535.9		1
536		1
536.1		1
536.2		1
536.3		1
536.4		1
536.5		1
536.6		1
536.7		1
536.8		1
536.9		1
537		1
537.1		1
537.2		1
537.3		1
537.4		1
537.5		1
537.6		1
537.7		1
537.8		1
537.9		1
538		1
538.1		1
538.2		1
538.3		1
538.4		1
538.5		1
538.6		1
538.7		1
538.8		1
538.9		1
539		1
539.1		1
539.2		1
539.3		1
539.4		1
539.5		1
539.6		1
539.7		1
539.8		1
539.9		1
540		1
540.1		1
540.2		1
540.3		1
540.4		1
540.5		1
540.6		1
540.7		1
540.8		1
540.9		1
541		1
541.1		1
541.2		1
541.3		1
541.4		1
541.5		1
541.6		1
541.7		1
541.8		1
541.9		1
542		1
542.1		1
542.2		1
542.3		1
542.4		1
542.5		1
542.6		1
542.7		1
542.8		1
542.9		1
543		1
543.1		1
543.2		1
543.3		1
543.4		1
543.5		1
543.6		1
543.7		1
543.8		1
543.9		1
544		1
544.1		1
544.2		1
544.3		1
544.4		1
544.5		1
544.6		1
544.7		1
544.8		1
544.9		1
545		1
545.1		1
545.2		1
545.3		1
545.4		1
545.5		1
545.6		1
545.7		1
545.8		1
545.9		1
546		1
546.1		1
546.2		1
546.3		1
546.4		1
546.5		1
546.6		1
546.7		1
546.8		1
546.9		1
547		1
547.1		1
547.2		1
547.3		1
547.4		1
547.5		1
547.6		1
547.7		1
547.8		1
547.9		1
548		1
548.1		1
548.2		1
548.3		1
548.4		1
548.5		1
548.6		1
548.7		1
548.8		1
548.9		1
549		1
549.1		1
549.2		1
549.3		1
549.4		1
549.5		1
549.6		1
549.7		1
549.8		1
549.9		1
550		1
550.1		1
550.2		1
550.3		1
550.4		1
550.5		1
550.6		1
550.7		1
550.8		1
550.9		1
551		1
551.1		1
551.2		1
551.3		1
551.4		1
551.5		1
551.6		1
551.7		1
551.8		1
551.9		1
552		1
552.1		1
552.2		1
552.3		1
552.4		1
552.5		1
552.6		1
552.7		1
552.8		1
552.9		1
553		1
553.1		1
553.2		1
553.3		1
553.4		1
553.5		1
553.6		1
553.7		1
553.8		1
553.9		1
554		1
554.1		1
554.2		1
554.3		1
554.4		1
554.5		1
554.6		1
554.7		1
554.8		1
554.9		1
555		1
555.1		1
555.2		1
555.3		1
555.4		1
555.5		1
555.6		1
555.7		1
555.8		1
555.9		1
556		1
556.1		1
556.2		1
556.3		1
556.4		1
556.5		1
556.6		1
556.7		1
556.8		1
556.9		1
557		1
557.1		1
557.2		1
557.3		1
557.4		1
557.5		1
557.6		1
557.7		1
557.8		1
557.9		1
558		1
558.1		1
558.2		1
558.3		1
558.4		1
558.5		1
558.6		1
558.7		1
558.8		1
558.9		1
559		1
559.1		1
559.2		1
559.3		1
559.4		1
559.5		1
559.6		1
559.7		1
559.8		1
559.9		1
560		1
560.1		1
560.2		1
560.3		1
560.4		1
560.5		1
560.6		1
560.7		1
560.8		1
560.9		1
561		1
561.1		1
561.2		1
561.3		1
561.4		1
561.5		1
561.6		1
561.7		1
561.8		1
561.9		1
562		1
562.1		1
562.2		1
562.3		1
562.4		1
562.5		1
562.6		1
562.7		1
562.8		1
562.9		1
563		1
563.1		1
563.2		1
563.3		1
563.4		1
563.5		1
563.6		1
563.7		1
563.8		1
563.9		1
564		1
564.1		1
564.2		1
564.3		1
564.4		1
564.5		1
564.6		1
564.7		1
564.8		1
564.9		1
565		1
565.1		1
565.2		1
565.3		1
565.4		1
565.5		1
565.6		1
565.7		1
565.8		1
565.9		1
566		1
566.1		1
566.2		1
566.3		1
566.4		1
566.5		1
566.6		1
566.7		1
566.8		1
566.9		1
567		1
567.1		1
567.2		1
567.3		1
567.4		1
567.5		1
567.6		1
567.7		1
567.8		1
567.9		1
568		1
568.1		1
568.2		1
568.3		1
568.4		1
568.5		1
568.6		1
568.7		1
568.8		1
568.9		1
569		1
569.1		1
569.2		1
569.3		1
569.4		1
569.5		1
569.6		1
569.7		1
569.8		1
569.9		1
570		1
570.1		1
570.2		1
570.3		1
570.4		1
570.5		1
570.6		1
570.7		1
570.8		1
570.9		1
571		1
571.1		1
571.2		1
571.3		1
571.4		1
571.5		1
571.6		1
571.7		1
571.8		1
571.9		1
572		1
572.1		1
572.2		1
572.3		1
572.4		1
572.5		1
572.6		1
572.7		1
572.8		1
572.9		1
573		1
573.1		1
573.2		1
573.3		1
573.4		1
573.5		1
573.6		1
573.7		1
573.8		1
573.9		1
574		1
574.1		1
574.2		1
574.3		1
574.4		1
574.5		1
574.6		1
574.7		1
574.8		1
574.9		1
575		1
575.1		1
575.2		1
575.3		1
575.4		1
575.5		1
575.6		1
575.7		1
575.8		1
575.9		1
576		1
576.1		1
576.2		1
576.3		1
576.4		1
576.5		1
576.6		1
576.7		1
576.8		1
576.9		1
577		1
577.1		1
577.2		1
577.3		1
577.4		1
577.5		1
577.6		1
577.7		1
577.8		1
577.9		1
578		1
578.1		1
578.2		1
578.3		1
578.4		1
578.5		1
578.6		1
578.7		1
578.8		1
578.9		1
579		1
579.1		1
579.2		1
579.3		1
579.4		1
579.5		1
579.6		1
579.7		1
579.8		1
579.9		1
580		1
580.1		1
580.2		1
580.3		1
580.4		1
580.5		1
580.6		1
580.7		1
580.8		1
580.9		1
581		1
581.1		1
581.2		1
581.3		1
581.4		1
581.5		1
581.6		1
581.7		1
581.8		1
581.9		1
582		1
582.1		1
582.2		1
582.3		1
582.4		1
582.5		1
582.6		1
582.7		1
582.8		1
582.9		1
583		1
583.1		1
583.2		1
583.3		1
583.4		1
583.5		1
583.6		1
583.7		1
583.8		1
583.9		1
584		1
584.1		1
584.2		1
584.3		1
584.4		1
584.5		1
584.6		1
584.7		1
584.8		1
584.9		1
585		1
585.1		1
585.2		1
585.3		1
585.4		1
585.5		1
585.6		1
585.7		1
585.8		1
585.9		1
586		1
586.1		1
586.2		1
586.3		1
586.4		1
586.5		1
586.6		1
586.7		1
586.8		1
586.9		1
587		1
587.1		1
587.2		1
587.3		1
587.4		1
587.5		1
587.6		1
587.7		1
587.8		1
587.9		1
588		1
588.1		1
588.2		1
588.3		1
588.4		1
588.5		1
588.6		1
588.7		1
588.8		1
588.9		1
589		1
589.1		1
589.2		1
589.3		1
589.4		1
589.5		1
589.6		1
589.7		1
589.8		1
589.9		1
590		1
590.1		1
590.2		1
590.3		1
590.4		1
590.5		1
590.6		1
590.7		1
590.8		1
590.9		1
591		1
591.1		1
591.2		1
591.3		1
591.4		1
591.5		1
591.6		1
591.7		1
591.8		1
591.9		1
592		1
592.1		1
592.2		1
592.3		1
592.4		1
592.5		1
592.6		1
592.7		1
592.8		1
592.9		1
593		1
593.1		1
593.2		1
593.3		1
593.4		1
593.5		1
593.6		1
593.7		1
593.8		1
593.9		1
594		1
594.1		1
594.2		1
594.3		1
594.4		1
594.5		1
594.6		1
594.7		1
594.8		1
594.9		1
595		1
595.1		1
595.2		1
595.3		1
595.4		1
595.5		1
595.6		1
595.7		1
595.8		1
595.9		1
596		1
596.1		1
596.2		1
596.3		1
596.4		1
596.5		1
596.6		1
596.7		1
596.8		1
596.9		1
597		1
597.1		1
597.2		1
597.3		1
597.4		1
597.5		1
597.6		1
597.7		1
597.8		1
597.9		1
598		1
598.1		1
598.2		1
598.3		1
598.4		1
598.5		1
598.6		1
598.7		1
598.8		1
598.9		1
599		1
599.1		1
599.2		1
599.3		1
599.4		1
599.5		1
599.6		1
599.7		1
599.8		1
599.9		1
600		1
