# Calibration file of tamex_id 1 @ channel 26
# fine_T bin		 Calibration value
0.1		0
0.2		0
0.3		0
0.4		0
0.5		0
0.6		0
0.7		0
0.8		0
0.9		0
1		0
1.1		0
1.2		0
1.3		0
1.4		0
1.5		0
1.6		0
1.7		0
1.8		0
1.9		0
2		0
2.1		0
2.2		0
2.3		0
2.4		0
2.5		0
2.6		0
2.7		0
2.8		0
2.9		0
3		0
3.1		0
3.2		0
3.3		0
3.4		0
3.5		0
3.6		0
3.7		0
3.8		0
3.9		0
4		0
4.1		0
4.2		0
4.3		0
4.4		0
4.5		0
4.6		0
4.7		0
4.8		0
4.9		0
5		0
5.1		0
5.2		0
5.3		0
5.4		0
5.5		0
5.6		0
5.7		0
5.8		0
5.9		0
6		0
6.1		0
6.2		0
6.3		0
6.4		0
6.5		0
6.6		0
6.7		0
6.8		0
6.9		0
7		0
7.1		0
7.2		0
7.3		0
7.4		0
7.5		0
7.6		0
7.7		0
7.8		0
7.9		0
8		0
8.1		0
8.2		0
8.3		0
8.4		0
8.5		0
8.6		0
8.7		0
8.8		0
8.9		0
9		0
9.1		0
9.2		0
9.3		0
9.4		0
9.5		0
9.6		0
9.7		0
9.8		0
9.9		0
10		0
10.1		0
10.2		0
10.3		0
10.4		0
10.5		0
10.6		0
10.7		0
10.8		0
10.9		0
11		0
11.1		0
11.2		0
11.3		0
11.4		0
11.5		0
11.6		0
11.7		0
11.8		0
11.9		0
12		0
12.1		0
12.2		0
12.3		0
12.4		0
12.5		0
12.6		0
12.7		0
12.8		0
12.9		0
13		0
13.1		0
13.2		0
13.3		0
13.4		0
13.5		0
13.6		0
13.7		0
13.8		0
13.9		0
14		0
14.1		0
14.2		0
14.3		0
14.4		0
14.5		0
14.6		0
14.7		0
14.8		0
14.9		0
15		0
15.1		0
15.2		0
15.3		0
15.4		0
15.5		0
15.6		0
15.7		0
15.8		0
15.9		0
16		0
16.1		0
16.2		0
16.3		0
16.4		0
16.5		0
16.6		0
16.7		0
16.8		0
16.9		0
17		0
17.1		0
17.2		0
17.3		0
17.4		0
17.5		0
17.6		0
17.7		0
17.8		0
17.9		0
18		0
18.1		0
18.2		0
18.3		0
18.4		0
18.5		0
18.6		0
18.7		0
18.8		0
18.9		0
19		0
19.1		0
19.2		0
19.3		0
19.4		0
19.5		0
19.6		0
19.7		0
19.8		0
19.9		0
20		0
20.1		0.0714286
20.2		0.0714286
20.3		0.0714286
20.4		0.0714286
20.5		0.0714286
20.6		0.0714286
20.7		0.0714286
20.8		0.0714286
20.9		0.0714286
21		0.0714286
21.1		0.0714286
21.2		0.0714286
21.3		0.0714286
21.4		0.0714286
21.5		0.0714286
21.6		0.0714286
21.7		0.0714286
21.8		0.0714286
21.9		0.0714286
22		0.0714286
22.1		0.0714286
22.2		0.0714286
22.3		0.0714286
22.4		0.0714286
22.5		0.0714286
22.6		0.0714286
22.7		0.0714286
22.8		0.0714286
22.9		0.0714286
23		0.0714286
23.1		0.0714286
23.2		0.0714286
23.3		0.0714286
23.4		0.0714286
23.5		0.0714286
23.6		0.0714286
23.7		0.0714286
23.8		0.0714286
23.9		0.0714286
24		0.0714286
24.1		0.0714286
24.2		0.0714286
24.3		0.0714286
24.4		0.0714286
24.5		0.0714286
24.6		0.0714286
24.7		0.0714286
24.8		0.0714286
24.9		0.0714286
25		0.0714286
25.1		0.0714286
25.2		0.0714286
25.3		0.0714286
25.4		0.0714286
25.5		0.0714286
25.6		0.0714286
25.7		0.0714286
25.8		0.0714286
25.9		0.0714286
26		0.0714286
26.1		0.0714286
26.2		0.0714286
26.3		0.0714286
26.4		0.0714286
26.5		0.0714286
26.6		0.0714286
26.7		0.0714286
26.8		0.0714286
26.9		0.0714286
27		0.0714286
27.1		0.0714286
27.2		0.0714286
27.3		0.0714286
27.4		0.0714286
27.5		0.0714286
27.6		0.0714286
27.7		0.0714286
27.8		0.0714286
27.9		0.0714286
28		0.0714286
28.1		0.0714286
28.2		0.0714286
28.3		0.0714286
28.4		0.0714286
28.5		0.0714286
28.6		0.0714286
28.7		0.0714286
28.8		0.0714286
28.9		0.0714286
29		0.0714286
29.1		0.0714286
29.2		0.0714286
29.3		0.0714286
29.4		0.0714286
29.5		0.0714286
29.6		0.0714286
29.7		0.0714286
29.8		0.0714286
29.9		0.0714286
30		0.0714286
30.1		0.0714286
30.2		0.0714286
30.3		0.0714286
30.4		0.0714286
30.5		0.0714286
30.6		0.0714286
30.7		0.0714286
30.8		0.0714286
30.9		0.0714286
31		0.0714286
31.1		0.0714286
31.2		0.0714286
31.3		0.0714286
31.4		0.0714286
31.5		0.0714286
31.6		0.0714286
31.7		0.0714286
31.8		0.0714286
31.9		0.0714286
32		0.0714286
32.1		0.0714286
32.2		0.0714286
32.3		0.0714286
32.4		0.0714286
32.5		0.0714286
32.6		0.0714286
32.7		0.0714286
32.8		0.0714286
32.9		0.0714286
33		0.0714286
33.1		0.0714286
33.2		0.0714286
33.3		0.0714286
33.4		0.0714286
33.5		0.0714286
33.6		0.0714286
33.7		0.0714286
33.8		0.0714286
33.9		0.0714286
34		0.0714286
34.1		0.0714286
34.2		0.0714286
34.3		0.0714286
34.4		0.0714286
34.5		0.0714286
34.6		0.0714286
34.7		0.0714286
34.8		0.0714286
34.9		0.0714286
35		0.0714286
35.1		0.0714286
35.2		0.0714286
35.3		0.0714286
35.4		0.0714286
35.5		0.0714286
35.6		0.0714286
35.7		0.0714286
35.8		0.0714286
35.9		0.0714286
36		0.0714286
36.1		0.0714286
36.2		0.0714286
36.3		0.0714286
36.4		0.0714286
36.5		0.0714286
36.6		0.0714286
36.7		0.0714286
36.8		0.0714286
36.9		0.0714286
37		0.0714286
37.1		0.0714286
37.2		0.0714286
37.3		0.0714286
37.4		0.0714286
37.5		0.0714286
37.6		0.0714286
37.7		0.0714286
37.8		0.0714286
37.9		0.0714286
38		0.0714286
38.1		0.0714286
38.2		0.0714286
38.3		0.0714286
38.4		0.0714286
38.5		0.0714286
38.6		0.0714286
38.7		0.0714286
38.8		0.0714286
38.9		0.0714286
39		0.0714286
39.1		0.0714286
39.2		0.0714286
39.3		0.0714286
39.4		0.0714286
39.5		0.0714286
39.6		0.0714286
39.7		0.0714286
39.8		0.0714286
39.9		0.0714286
40		0.0714286
40.1		0.0714286
40.2		0.0714286
40.3		0.0714286
40.4		0.0714286
40.5		0.0714286
40.6		0.0714286
40.7		0.0714286
40.8		0.0714286
40.9		0.0714286
41		0.0714286
41.1		0.0714286
41.2		0.0714286
41.3		0.0714286
41.4		0.0714286
41.5		0.0714286
41.6		0.0714286
41.7		0.0714286
41.8		0.0714286
41.9		0.0714286
42		0.0714286
42.1		0.0714286
42.2		0.0714286
42.3		0.0714286
42.4		0.0714286
42.5		0.0714286
42.6		0.0714286
42.7		0.0714286
42.8		0.0714286
42.9		0.0714286
43		0.0714286
43.1		0.0714286
43.2		0.0714286
43.3		0.0714286
43.4		0.0714286
43.5		0.0714286
43.6		0.0714286
43.7		0.0714286
43.8		0.0714286
43.9		0.0714286
44		0.0714286
44.1		0.0714286
44.2		0.0714286
44.3		0.0714286
44.4		0.0714286
44.5		0.0714286
44.6		0.0714286
44.7		0.0714286
44.8		0.0714286
44.9		0.0714286
45		0.0714286
45.1		0.0714286
45.2		0.0714286
45.3		0.0714286
45.4		0.0714286
45.5		0.0714286
45.6		0.0714286
45.7		0.0714286
45.8		0.0714286
45.9		0.0714286
46		0.0714286
46.1		0.0714286
46.2		0.0714286
46.3		0.0714286
46.4		0.0714286
46.5		0.0714286
46.6		0.0714286
46.7		0.0714286
46.8		0.0714286
46.9		0.0714286
47		0.0714286
47.1		0.0714286
47.2		0.0714286
47.3		0.0714286
47.4		0.0714286
47.5		0.0714286
47.6		0.0714286
47.7		0.0714286
47.8		0.0714286
47.9		0.0714286
48		0.0714286
48.1		0.0714286
48.2		0.0714286
48.3		0.0714286
48.4		0.0714286
48.5		0.0714286
48.6		0.0714286
48.7		0.0714286
48.8		0.0714286
48.9		0.0714286
49		0.0714286
49.1		0.0714286
49.2		0.0714286
49.3		0.0714286
49.4		0.0714286
49.5		0.0714286
49.6		0.0714286
49.7		0.0714286
49.8		0.0714286
49.9		0.0714286
50		0.0714286
50.1		0.0714286
50.2		0.0714286
50.3		0.0714286
50.4		0.0714286
50.5		0.0714286
50.6		0.0714286
50.7		0.0714286
50.8		0.0714286
50.9		0.0714286
51		0.0714286
51.1		0.0714286
51.2		0.0714286
51.3		0.0714286
51.4		0.0714286
51.5		0.0714286
51.6		0.0714286
51.7		0.0714286
51.8		0.0714286
51.9		0.0714286
52		0.0714286
52.1		0.0714286
52.2		0.0714286
52.3		0.0714286
52.4		0.0714286
52.5		0.0714286
52.6		0.0714286
52.7		0.0714286
52.8		0.0714286
52.9		0.0714286
53		0.0714286
53.1		0.0714286
53.2		0.0714286
53.3		0.0714286
53.4		0.0714286
53.5		0.0714286
53.6		0.0714286
53.7		0.0714286
53.8		0.0714286
53.9		0.0714286
54		0.0714286
54.1		0.0714286
54.2		0.0714286
54.3		0.0714286
54.4		0.0714286
54.5		0.0714286
54.6		0.0714286
54.7		0.0714286
54.8		0.0714286
54.9		0.0714286
55		0.0714286
55.1		0.0714286
55.2		0.0714286
55.3		0.0714286
55.4		0.0714286
55.5		0.0714286
55.6		0.0714286
55.7		0.0714286
55.8		0.0714286
55.9		0.0714286
56		0.0714286
56.1		0.0714286
56.2		0.0714286
56.3		0.0714286
56.4		0.0714286
56.5		0.0714286
56.6		0.0714286
56.7		0.0714286
56.8		0.0714286
56.9		0.0714286
57		0.0714286
57.1		0.0714286
57.2		0.0714286
57.3		0.0714286
57.4		0.0714286
57.5		0.0714286
57.6		0.0714286
57.7		0.0714286
57.8		0.0714286
57.9		0.0714286
58		0.0714286
58.1		0.0714286
58.2		0.0714286
58.3		0.0714286
58.4		0.0714286
58.5		0.0714286
58.6		0.0714286
58.7		0.0714286
58.8		0.0714286
58.9		0.0714286
59		0.0714286
59.1		0.0714286
59.2		0.0714286
59.3		0.0714286
59.4		0.0714286
59.5		0.0714286
59.6		0.0714286
59.7		0.0714286
59.8		0.0714286
59.9		0.0714286
60		0.0714286
60.1		0.0714286
60.2		0.0714286
60.3		0.0714286
60.4		0.0714286
60.5		0.0714286
60.6		0.0714286
60.7		0.0714286
60.8		0.0714286
60.9		0.0714286
61		0.0714286
61.1		0.0714286
61.2		0.0714286
61.3		0.0714286
61.4		0.0714286
61.5		0.0714286
61.6		0.0714286
61.7		0.0714286
61.8		0.0714286
61.9		0.0714286
62		0.0714286
62.1		0.0714286
62.2		0.0714286
62.3		0.0714286
62.4		0.0714286
62.5		0.0714286
62.6		0.0714286
62.7		0.0714286
62.8		0.0714286
62.9		0.0714286
63		0.0714286
63.1		0.0714286
63.2		0.0714286
63.3		0.0714286
63.4		0.0714286
63.5		0.0714286
63.6		0.0714286
63.7		0.0714286
63.8		0.0714286
63.9		0.0714286
64		0.0714286
64.1		0.0714286
64.2		0.0714286
64.3		0.0714286
64.4		0.0714286
64.5		0.0714286
64.6		0.0714286
64.7		0.0714286
64.8		0.0714286
64.9		0.0714286
65		0.0714286
65.1		0.0714286
65.2		0.0714286
65.3		0.0714286
65.4		0.0714286
65.5		0.0714286
65.6		0.0714286
65.7		0.0714286
65.8		0.0714286
65.9		0.0714286
66		0.0714286
66.1		0.0714286
66.2		0.0714286
66.3		0.0714286
66.4		0.0714286
66.5		0.0714286
66.6		0.0714286
66.7		0.0714286
66.8		0.0714286
66.9		0.0714286
67		0.0714286
67.1		0.0714286
67.2		0.0714286
67.3		0.0714286
67.4		0.0714286
67.5		0.0714286
67.6		0.0714286
67.7		0.0714286
67.8		0.0714286
67.9		0.0714286
68		0.0714286
68.1		0.0714286
68.2		0.0714286
68.3		0.0714286
68.4		0.0714286
68.5		0.0714286
68.6		0.0714286
68.7		0.0714286
68.8		0.0714286
68.9		0.0714286
69		0.0714286
69.1		0.0714286
69.2		0.0714286
69.3		0.0714286
69.4		0.0714286
69.5		0.0714286
69.6		0.0714286
69.7		0.0714286
69.8		0.0714286
69.9		0.0714286
70		0.0714286
70.1		0.0714286
70.2		0.0714286
70.3		0.0714286
70.4		0.0714286
70.5		0.0714286
70.6		0.0714286
70.7		0.0714286
70.8		0.0714286
70.9		0.0714286
71		0.0714286
71.1		0.0714286
71.2		0.0714286
71.3		0.0714286
71.4		0.0714286
71.5		0.0714286
71.6		0.0714286
71.7		0.0714286
71.8		0.0714286
71.9		0.0714286
72		0.0714286
72.1		0.0714286
72.2		0.0714286
72.3		0.0714286
72.4		0.0714286
72.5		0.0714286
72.6		0.0714286
72.7		0.0714286
72.8		0.0714286
72.9		0.0714286
73		0.0714286
73.1		0.0714286
73.2		0.0714286
73.3		0.0714286
73.4		0.0714286
73.5		0.0714286
73.6		0.0714286
73.7		0.0714286
73.8		0.0714286
73.9		0.0714286
74		0.0714286
74.1		0.0714286
74.2		0.0714286
74.3		0.0714286
74.4		0.0714286
74.5		0.0714286
74.6		0.0714286
74.7		0.0714286
74.8		0.0714286
74.9		0.0714286
75		0.0714286
75.1		0.0714286
75.2		0.0714286
75.3		0.0714286
75.4		0.0714286
75.5		0.0714286
75.6		0.0714286
75.7		0.0714286
75.8		0.0714286
75.9		0.0714286
76		0.0714286
76.1		0.0714286
76.2		0.0714286
76.3		0.0714286
76.4		0.0714286
76.5		0.0714286
76.6		0.0714286
76.7		0.0714286
76.8		0.0714286
76.9		0.0714286
77		0.0714286
77.1		0.0714286
77.2		0.0714286
77.3		0.0714286
77.4		0.0714286
77.5		0.0714286
77.6		0.0714286
77.7		0.0714286
77.8		0.0714286
77.9		0.0714286
78		0.0714286
78.1		0.0714286
78.2		0.0714286
78.3		0.0714286
78.4		0.0714286
78.5		0.0714286
78.6		0.0714286
78.7		0.0714286
78.8		0.0714286
78.9		0.0714286
79		0.0714286
79.1		0.0714286
79.2		0.0714286
79.3		0.0714286
79.4		0.0714286
79.5		0.0714286
79.6		0.0714286
79.7		0.0714286
79.8		0.0714286
79.9		0.0714286
80		0.0714286
80.1		0.0714286
80.2		0.0714286
80.3		0.0714286
80.4		0.0714286
80.5		0.0714286
80.6		0.0714286
80.7		0.0714286
80.8		0.0714286
80.9		0.0714286
81		0.0714286
81.1		0.0714286
81.2		0.0714286
81.3		0.0714286
81.4		0.0714286
81.5		0.0714286
81.6		0.0714286
81.7		0.0714286
81.8		0.0714286
81.9		0.0714286
82		0.0714286
82.1		0.0714286
82.2		0.0714286
82.3		0.0714286
82.4		0.0714286
82.5		0.0714286
82.6		0.0714286
82.7		0.0714286
82.8		0.0714286
82.9		0.0714286
83		0.0714286
83.1		0.0714286
83.2		0.0714286
83.3		0.0714286
83.4		0.0714286
83.5		0.0714286
83.6		0.0714286
83.7		0.0714286
83.8		0.0714286
83.9		0.0714286
84		0.0714286
84.1		0.0714286
84.2		0.0714286
84.3		0.0714286
84.4		0.0714286
84.5		0.0714286
84.6		0.0714286
84.7		0.0714286
84.8		0.0714286
84.9		0.0714286
85		0.0714286
85.1		0.0714286
85.2		0.0714286
85.3		0.0714286
85.4		0.0714286
85.5		0.0714286
85.6		0.0714286
85.7		0.0714286
85.8		0.0714286
85.9		0.0714286
86		0.0714286
86.1		0.142857
86.2		0.142857
86.3		0.142857
86.4		0.142857
86.5		0.142857
86.6		0.142857
86.7		0.142857
86.8		0.142857
86.9		0.142857
87		0.142857
87.1		0.142857
87.2		0.142857
87.3		0.142857
87.4		0.142857
87.5		0.142857
87.6		0.142857
87.7		0.142857
87.8		0.142857
87.9		0.142857
88		0.142857
88.1		0.142857
88.2		0.142857
88.3		0.142857
88.4		0.142857
88.5		0.142857
88.6		0.142857
88.7		0.142857
88.8		0.142857
88.9		0.142857
89		0.142857
89.1		0.142857
89.2		0.142857
89.3		0.142857
89.4		0.142857
89.5		0.142857
89.6		0.142857
89.7		0.142857
89.8		0.142857
89.9		0.142857
90		0.142857
90.1		0.142857
90.2		0.142857
90.3		0.142857
90.4		0.142857
90.5		0.142857
90.6		0.142857
90.7		0.142857
90.8		0.142857
90.9		0.142857
91		0.142857
91.1		0.142857
91.2		0.142857
91.3		0.142857
91.4		0.142857
91.5		0.142857
91.6		0.142857
91.7		0.142857
91.8		0.142857
91.9		0.142857
92		0.142857
92.1		0.142857
92.2		0.142857
92.3		0.142857
92.4		0.142857
92.5		0.142857
92.6		0.142857
92.7		0.142857
92.8		0.142857
92.9		0.142857
93		0.142857
93.1		0.142857
93.2		0.142857
93.3		0.142857
93.4		0.142857
93.5		0.142857
93.6		0.142857
93.7		0.142857
93.8		0.142857
93.9		0.142857
94		0.142857
94.1		0.142857
94.2		0.142857
94.3		0.142857
94.4		0.142857
94.5		0.142857
94.6		0.142857
94.7		0.142857
94.8		0.142857
94.9		0.142857
95		0.142857
95.1		0.142857
95.2		0.142857
95.3		0.142857
95.4		0.142857
95.5		0.142857
95.6		0.142857
95.7		0.142857
95.8		0.142857
95.9		0.142857
96		0.142857
96.1		0.142857
96.2		0.142857
96.3		0.142857
96.4		0.142857
96.5		0.142857
96.6		0.142857
96.7		0.142857
96.8		0.142857
96.9		0.142857
97		0.142857
97.1		0.142857
97.2		0.142857
97.3		0.142857
97.4		0.142857
97.5		0.142857
97.6		0.142857
97.7		0.142857
97.8		0.142857
97.9		0.142857
98		0.142857
98.1		0.142857
98.2		0.142857
98.3		0.142857
98.4		0.142857
98.5		0.142857
98.6		0.142857
98.7		0.142857
98.8		0.142857
98.9		0.142857
99		0.142857
99.1		0.142857
99.2		0.142857
99.3		0.142857
99.4		0.142857
99.5		0.142857
99.6		0.142857
99.7		0.142857
99.8		0.142857
99.9		0.142857
100		0.142857
100.1		0.142857
100.2		0.142857
100.3		0.142857
100.4		0.142857
100.5		0.142857
100.6		0.142857
100.7		0.142857
100.8		0.142857
100.9		0.142857
101		0.142857
101.1		0.142857
101.2		0.142857
101.3		0.142857
101.4		0.142857
101.5		0.142857
101.6		0.142857
101.7		0.142857
101.8		0.142857
101.9		0.142857
102		0.142857
102.1		0.142857
102.2		0.142857
102.3		0.142857
102.4		0.142857
102.5		0.142857
102.6		0.142857
102.7		0.142857
102.8		0.142857
102.9		0.142857
103		0.142857
103.1		0.142857
103.2		0.142857
103.3		0.142857
103.4		0.142857
103.5		0.142857
103.6		0.142857
103.7		0.142857
103.8		0.142857
103.9		0.142857
104		0.142857
104.1		0.142857
104.2		0.142857
104.3		0.142857
104.4		0.142857
104.5		0.142857
104.6		0.142857
104.7		0.142857
104.8		0.142857
104.9		0.142857
105		0.142857
105.1		0.142857
105.2		0.142857
105.3		0.142857
105.4		0.142857
105.5		0.142857
105.6		0.142857
105.7		0.142857
105.8		0.142857
105.9		0.142857
106		0.142857
106.1		0.142857
106.2		0.142857
106.3		0.142857
106.4		0.142857
106.5		0.142857
106.6		0.142857
106.7		0.142857
106.8		0.142857
106.9		0.142857
107		0.142857
107.1		0.142857
107.2		0.142857
107.3		0.142857
107.4		0.142857
107.5		0.142857
107.6		0.142857
107.7		0.142857
107.8		0.142857
107.9		0.142857
108		0.142857
108.1		0.214286
108.2		0.214286
108.3		0.214286
108.4		0.214286
108.5		0.214286
108.6		0.214286
108.7		0.214286
108.8		0.214286
108.9		0.214286
109		0.214286
109.1		0.214286
109.2		0.214286
109.3		0.214286
109.4		0.214286
109.5		0.214286
109.6		0.214286
109.7		0.214286
109.8		0.214286
109.9		0.214286
110		0.214286
110.1		0.214286
110.2		0.214286
110.3		0.214286
110.4		0.214286
110.5		0.214286
110.6		0.214286
110.7		0.214286
110.8		0.214286
110.9		0.214286
111		0.214286
111.1		0.214286
111.2		0.214286
111.3		0.214286
111.4		0.214286
111.5		0.214286
111.6		0.214286
111.7		0.214286
111.8		0.214286
111.9		0.214286
112		0.214286
112.1		0.214286
112.2		0.214286
112.3		0.214286
112.4		0.214286
112.5		0.214286
112.6		0.214286
112.7		0.214286
112.8		0.214286
112.9		0.214286
113		0.214286
113.1		0.214286
113.2		0.214286
113.3		0.214286
113.4		0.214286
113.5		0.214286
113.6		0.214286
113.7		0.214286
113.8		0.214286
113.9		0.214286
114		0.214286
114.1		0.214286
114.2		0.214286
114.3		0.214286
114.4		0.214286
114.5		0.214286
114.6		0.214286
114.7		0.214286
114.8		0.214286
114.9		0.214286
115		0.214286
115.1		0.214286
115.2		0.214286
115.3		0.214286
115.4		0.214286
115.5		0.214286
115.6		0.214286
115.7		0.214286
115.8		0.214286
115.9		0.214286
116		0.214286
116.1		0.214286
116.2		0.214286
116.3		0.214286
116.4		0.214286
116.5		0.214286
116.6		0.214286
116.7		0.214286
116.8		0.214286
116.9		0.214286
117		0.214286
117.1		0.214286
117.2		0.214286
117.3		0.214286
117.4		0.214286
117.5		0.214286
117.6		0.214286
117.7		0.214286
117.8		0.214286
117.9		0.214286
118		0.214286
118.1		0.214286
118.2		0.214286
118.3		0.214286
118.4		0.214286
118.5		0.214286
118.6		0.214286
118.7		0.214286
118.8		0.214286
118.9		0.214286
119		0.214286
119.1		0.214286
119.2		0.214286
119.3		0.214286
119.4		0.214286
119.5		0.214286
119.6		0.214286
119.7		0.214286
119.8		0.214286
119.9		0.214286
120		0.214286
120.1		0.214286
120.2		0.214286
120.3		0.214286
120.4		0.214286
120.5		0.214286
120.6		0.214286
120.7		0.214286
120.8		0.214286
120.9		0.214286
121		0.214286
121.1		0.214286
121.2		0.214286
121.3		0.214286
121.4		0.214286
121.5		0.214286
121.6		0.214286
121.7		0.214286
121.8		0.214286
121.9		0.214286
122		0.214286
122.1		0.214286
122.2		0.214286
122.3		0.214286
122.4		0.214286
122.5		0.214286
122.6		0.214286
122.7		0.214286
122.8		0.214286
122.9		0.214286
123		0.214286
123.1		0.214286
123.2		0.214286
123.3		0.214286
123.4		0.214286
123.5		0.214286
123.6		0.214286
123.7		0.214286
123.8		0.214286
123.9		0.214286
124		0.214286
124.1		0.214286
124.2		0.214286
124.3		0.214286
124.4		0.214286
124.5		0.214286
124.6		0.214286
124.7		0.214286
124.8		0.214286
124.9		0.214286
125		0.214286
125.1		0.214286
125.2		0.214286
125.3		0.214286
125.4		0.214286
125.5		0.214286
125.6		0.214286
125.7		0.214286
125.8		0.214286
125.9		0.214286
126		0.214286
126.1		0.214286
126.2		0.214286
126.3		0.214286
126.4		0.214286
126.5		0.214286
126.6		0.214286
126.7		0.214286
126.8		0.214286
126.9		0.214286
127		0.214286
127.1		0.214286
127.2		0.214286
127.3		0.214286
127.4		0.214286
127.5		0.214286
127.6		0.214286
127.7		0.214286
127.8		0.214286
127.9		0.214286
128		0.214286
128.1		0.214286
128.2		0.214286
128.3		0.214286
128.4		0.214286
128.5		0.214286
128.6		0.214286
128.7		0.214286
128.8		0.214286
128.9		0.214286
129		0.214286
129.1		0.214286
129.2		0.214286
129.3		0.214286
129.4		0.214286
129.5		0.214286
129.6		0.214286
129.7		0.214286
129.8		0.214286
129.9		0.214286
130		0.214286
130.1		0.214286
130.2		0.214286
130.3		0.214286
130.4		0.214286
130.5		0.214286
130.6		0.214286
130.7		0.214286
130.8		0.214286
130.9		0.214286
131		0.214286
131.1		0.214286
131.2		0.214286
131.3		0.214286
131.4		0.214286
131.5		0.214286
131.6		0.214286
131.7		0.214286
131.8		0.214286
131.9		0.214286
132		0.214286
132.1		0.214286
132.2		0.214286
132.3		0.214286
132.4		0.214286
132.5		0.214286
132.6		0.214286
132.7		0.214286
132.8		0.214286
132.9		0.214286
133		0.214286
133.1		0.214286
133.2		0.214286
133.3		0.214286
133.4		0.214286
133.5		0.214286
133.6		0.214286
133.7		0.214286
133.8		0.214286
133.9		0.214286
134		0.214286
134.1		0.214286
134.2		0.214286
134.3		0.214286
134.4		0.214286
134.5		0.214286
134.6		0.214286
134.7		0.214286
134.8		0.214286
134.9		0.214286
135		0.214286
135.1		0.214286
135.2		0.214286
135.3		0.214286
135.4		0.214286
135.5		0.214286
135.6		0.214286
135.7		0.214286
135.8		0.214286
135.9		0.214286
136		0.214286
136.1		0.214286
136.2		0.214286
136.3		0.214286
136.4		0.214286
136.5		0.214286
136.6		0.214286
136.7		0.214286
136.8		0.214286
136.9		0.214286
137		0.214286
137.1		0.214286
137.2		0.214286
137.3		0.214286
137.4		0.214286
137.5		0.214286
137.6		0.214286
137.7		0.214286
137.8		0.214286
137.9		0.214286
138		0.214286
138.1		0.214286
138.2		0.214286
138.3		0.214286
138.4		0.214286
138.5		0.214286
138.6		0.214286
138.7		0.214286
138.8		0.214286
138.9		0.214286
139		0.214286
139.1		0.214286
139.2		0.214286
139.3		0.214286
139.4		0.214286
139.5		0.214286
139.6		0.214286
139.7		0.214286
139.8		0.214286
139.9		0.214286
140		0.214286
140.1		0.214286
140.2		0.214286
140.3		0.214286
140.4		0.214286
140.5		0.214286
140.6		0.214286
140.7		0.214286
140.8		0.214286
140.9		0.214286
141		0.214286
141.1		0.214286
141.2		0.214286
141.3		0.214286
141.4		0.214286
141.5		0.214286
141.6		0.214286
141.7		0.214286
141.8		0.214286
141.9		0.214286
142		0.214286
142.1		0.214286
142.2		0.214286
142.3		0.214286
142.4		0.214286
142.5		0.214286
142.6		0.214286
142.7		0.214286
142.8		0.214286
142.9		0.214286
143		0.214286
143.1		0.214286
143.2		0.214286
143.3		0.214286
143.4		0.214286
143.5		0.214286
143.6		0.214286
143.7		0.214286
143.8		0.214286
143.9		0.214286
144		0.214286
144.1		0.214286
144.2		0.214286
144.3		0.214286
144.4		0.214286
144.5		0.214286
144.6		0.214286
144.7		0.214286
144.8		0.214286
144.9		0.214286
145		0.214286
145.1		0.214286
145.2		0.214286
145.3		0.214286
145.4		0.214286
145.5		0.214286
145.6		0.214286
145.7		0.214286
145.8		0.214286
145.9		0.214286
146		0.214286
146.1		0.214286
146.2		0.214286
146.3		0.214286
146.4		0.214286
146.5		0.214286
146.6		0.214286
146.7		0.214286
146.8		0.214286
146.9		0.214286
147		0.214286
147.1		0.214286
147.2		0.214286
147.3		0.214286
147.4		0.214286
147.5		0.214286
147.6		0.214286
147.7		0.214286
147.8		0.214286
147.9		0.214286
148		0.214286
148.1		0.214286
148.2		0.214286
148.3		0.214286
148.4		0.214286
148.5		0.214286
148.6		0.214286
148.7		0.214286
148.8		0.214286
148.9		0.214286
149		0.214286
149.1		0.214286
149.2		0.214286
149.3		0.214286
149.4		0.214286
149.5		0.214286
149.6		0.214286
149.7		0.214286
149.8		0.214286
149.9		0.214286
150		0.214286
150.1		0.214286
150.2		0.214286
150.3		0.214286
150.4		0.214286
150.5		0.214286
150.6		0.214286
150.7		0.214286
150.8		0.214286
150.9		0.214286
151		0.214286
151.1		0.214286
151.2		0.214286
151.3		0.214286
151.4		0.214286
151.5		0.214286
151.6		0.214286
151.7		0.214286
151.8		0.214286
151.9		0.214286
152		0.214286
152.1		0.214286
152.2		0.214286
152.3		0.214286
152.4		0.214286
152.5		0.214286
152.6		0.214286
152.7		0.214286
152.8		0.214286
152.9		0.214286
153		0.214286
153.1		0.214286
153.2		0.214286
153.3		0.214286
153.4		0.214286
153.5		0.214286
153.6		0.214286
153.7		0.214286
153.8		0.214286
153.9		0.214286
154		0.214286
154.1		0.214286
154.2		0.214286
154.3		0.214286
154.4		0.214286
154.5		0.214286
154.6		0.214286
154.7		0.214286
154.8		0.214286
154.9		0.214286
155		0.214286
155.1		0.285714
155.2		0.285714
155.3		0.285714
155.4		0.285714
155.5		0.285714
155.6		0.285714
155.7		0.285714
155.8		0.285714
155.9		0.285714
156		0.285714
156.1		0.285714
156.2		0.285714
156.3		0.285714
156.4		0.285714
156.5		0.285714
156.6		0.285714
156.7		0.285714
156.8		0.285714
156.9		0.285714
157		0.285714
157.1		0.285714
157.2		0.285714
157.3		0.285714
157.4		0.285714
157.5		0.285714
157.6		0.285714
157.7		0.285714
157.8		0.285714
157.9		0.285714
158		0.285714
158.1		0.285714
158.2		0.285714
158.3		0.285714
158.4		0.285714
158.5		0.285714
158.6		0.285714
158.7		0.285714
158.8		0.285714
158.9		0.285714
159		0.285714
159.1		0.285714
159.2		0.285714
159.3		0.285714
159.4		0.285714
159.5		0.285714
159.6		0.285714
159.7		0.285714
159.8		0.285714
159.9		0.285714
160		0.285714
160.1		0.285714
160.2		0.285714
160.3		0.285714
160.4		0.285714
160.5		0.285714
160.6		0.285714
160.7		0.285714
160.8		0.285714
160.9		0.285714
161		0.285714
161.1		0.285714
161.2		0.285714
161.3		0.285714
161.4		0.285714
161.5		0.285714
161.6		0.285714
161.7		0.285714
161.8		0.285714
161.9		0.285714
162		0.285714
162.1		0.285714
162.2		0.285714
162.3		0.285714
162.4		0.285714
162.5		0.285714
162.6		0.285714
162.7		0.285714
162.8		0.285714
162.9		0.285714
163		0.285714
163.1		0.285714
163.2		0.285714
163.3		0.285714
163.4		0.285714
163.5		0.285714
163.6		0.285714
163.7		0.285714
163.8		0.285714
163.9		0.285714
164		0.285714
164.1		0.285714
164.2		0.285714
164.3		0.285714
164.4		0.285714
164.5		0.285714
164.6		0.285714
164.7		0.285714
164.8		0.285714
164.9		0.285714
165		0.285714
165.1		0.285714
165.2		0.285714
165.3		0.285714
165.4		0.285714
165.5		0.285714
165.6		0.285714
165.7		0.285714
165.8		0.285714
165.9		0.285714
166		0.285714
166.1		0.285714
166.2		0.285714
166.3		0.285714
166.4		0.285714
166.5		0.285714
166.6		0.285714
166.7		0.285714
166.8		0.285714
166.9		0.285714
167		0.285714
167.1		0.285714
167.2		0.285714
167.3		0.285714
167.4		0.285714
167.5		0.285714
167.6		0.285714
167.7		0.285714
167.8		0.285714
167.9		0.285714
168		0.285714
168.1		0.285714
168.2		0.285714
168.3		0.285714
168.4		0.285714
168.5		0.285714
168.6		0.285714
168.7		0.285714
168.8		0.285714
168.9		0.285714
169		0.285714
169.1		0.285714
169.2		0.285714
169.3		0.285714
169.4		0.285714
169.5		0.285714
169.6		0.285714
169.7		0.285714
169.8		0.285714
169.9		0.285714
170		0.285714
170.1		0.285714
170.2		0.285714
170.3		0.285714
170.4		0.285714
170.5		0.285714
170.6		0.285714
170.7		0.285714
170.8		0.285714
170.9		0.285714
171		0.285714
171.1		0.285714
171.2		0.285714
171.3		0.285714
171.4		0.285714
171.5		0.285714
171.6		0.285714
171.7		0.285714
171.8		0.285714
171.9		0.285714
172		0.285714
172.1		0.285714
172.2		0.285714
172.3		0.285714
172.4		0.285714
172.5		0.285714
172.6		0.285714
172.7		0.285714
172.8		0.285714
172.9		0.285714
173		0.285714
173.1		0.285714
173.2		0.285714
173.3		0.285714
173.4		0.285714
173.5		0.285714
173.6		0.285714
173.7		0.285714
173.8		0.285714
173.9		0.285714
174		0.285714
174.1		0.285714
174.2		0.285714
174.3		0.285714
174.4		0.285714
174.5		0.285714
174.6		0.285714
174.7		0.285714
174.8		0.285714
174.9		0.285714
175		0.285714
175.1		0.285714
175.2		0.285714
175.3		0.285714
175.4		0.285714
175.5		0.285714
175.6		0.285714
175.7		0.285714
175.8		0.285714
175.9		0.285714
176		0.285714
176.1		0.285714
176.2		0.285714
176.3		0.285714
176.4		0.285714
176.5		0.285714
176.6		0.285714
176.7		0.285714
176.8		0.285714
176.9		0.285714
177		0.285714
177.1		0.285714
177.2		0.285714
177.3		0.285714
177.4		0.285714
177.5		0.285714
177.6		0.285714
177.7		0.285714
177.8		0.285714
177.9		0.285714
178		0.285714
178.1		0.285714
178.2		0.285714
178.3		0.285714
178.4		0.285714
178.5		0.285714
178.6		0.285714
178.7		0.285714
178.8		0.285714
178.9		0.285714
179		0.285714
179.1		0.285714
179.2		0.285714
179.3		0.285714
179.4		0.285714
179.5		0.285714
179.6		0.285714
179.7		0.285714
179.8		0.285714
179.9		0.285714
180		0.285714
180.1		0.285714
180.2		0.285714
180.3		0.285714
180.4		0.285714
180.5		0.285714
180.6		0.285714
180.7		0.285714
180.8		0.285714
180.9		0.285714
181		0.285714
181.1		0.285714
181.2		0.285714
181.3		0.285714
181.4		0.285714
181.5		0.285714
181.6		0.285714
181.7		0.285714
181.8		0.285714
181.9		0.285714
182		0.285714
182.1		0.285714
182.2		0.285714
182.3		0.285714
182.4		0.285714
182.5		0.285714
182.6		0.285714
182.7		0.285714
182.8		0.285714
182.9		0.285714
183		0.285714
183.1		0.285714
183.2		0.285714
183.3		0.285714
183.4		0.285714
183.5		0.285714
183.6		0.285714
183.7		0.285714
183.8		0.285714
183.9		0.285714
184		0.285714
184.1		0.285714
184.2		0.285714
184.3		0.285714
184.4		0.285714
184.5		0.285714
184.6		0.285714
184.7		0.285714
184.8		0.285714
184.9		0.285714
185		0.285714
185.1		0.285714
185.2		0.285714
185.3		0.285714
185.4		0.285714
185.5		0.285714
185.6		0.285714
185.7		0.285714
185.8		0.285714
185.9		0.285714
186		0.285714
186.1		0.285714
186.2		0.285714
186.3		0.285714
186.4		0.285714
186.5		0.285714
186.6		0.285714
186.7		0.285714
186.8		0.285714
186.9		0.285714
187		0.285714
187.1		0.285714
187.2		0.285714
187.3		0.285714
187.4		0.285714
187.5		0.285714
187.6		0.285714
187.7		0.285714
187.8		0.285714
187.9		0.285714
188		0.285714
188.1		0.285714
188.2		0.285714
188.3		0.285714
188.4		0.285714
188.5		0.285714
188.6		0.285714
188.7		0.285714
188.8		0.285714
188.9		0.285714
189		0.285714
189.1		0.285714
189.2		0.285714
189.3		0.285714
189.4		0.285714
189.5		0.285714
189.6		0.285714
189.7		0.285714
189.8		0.285714
189.9		0.285714
190		0.285714
190.1		0.285714
190.2		0.285714
190.3		0.285714
190.4		0.285714
190.5		0.285714
190.6		0.285714
190.7		0.285714
190.8		0.285714
190.9		0.285714
191		0.285714
191.1		0.285714
191.2		0.285714
191.3		0.285714
191.4		0.285714
191.5		0.285714
191.6		0.285714
191.7		0.285714
191.8		0.285714
191.9		0.285714
192		0.285714
192.1		0.285714
192.2		0.285714
192.3		0.285714
192.4		0.285714
192.5		0.285714
192.6		0.285714
192.7		0.285714
192.8		0.285714
192.9		0.285714
193		0.285714
193.1		0.285714
193.2		0.285714
193.3		0.285714
193.4		0.285714
193.5		0.285714
193.6		0.285714
193.7		0.285714
193.8		0.285714
193.9		0.285714
194		0.285714
194.1		0.285714
194.2		0.285714
194.3		0.285714
194.4		0.285714
194.5		0.285714
194.6		0.285714
194.7		0.285714
194.8		0.285714
194.9		0.285714
195		0.285714
195.1		0.285714
195.2		0.285714
195.3		0.285714
195.4		0.285714
195.5		0.285714
195.6		0.285714
195.7		0.285714
195.8		0.285714
195.9		0.285714
196		0.285714
196.1		0.285714
196.2		0.285714
196.3		0.285714
196.4		0.285714
196.5		0.285714
196.6		0.285714
196.7		0.285714
196.8		0.285714
196.9		0.285714
197		0.285714
197.1		0.285714
197.2		0.285714
197.3		0.285714
197.4		0.285714
197.5		0.285714
197.6		0.285714
197.7		0.285714
197.8		0.285714
197.9		0.285714
198		0.285714
198.1		0.285714
198.2		0.285714
198.3		0.285714
198.4		0.285714
198.5		0.285714
198.6		0.285714
198.7		0.285714
198.8		0.285714
198.9		0.285714
199		0.285714
199.1		0.285714
199.2		0.285714
199.3		0.285714
199.4		0.285714
199.5		0.285714
199.6		0.285714
199.7		0.285714
199.8		0.285714
199.9		0.285714
200		0.285714
200.1		0.285714
200.2		0.285714
200.3		0.285714
200.4		0.285714
200.5		0.285714
200.6		0.285714
200.7		0.285714
200.8		0.285714
200.9		0.285714
201		0.285714
201.1		0.285714
201.2		0.285714
201.3		0.285714
201.4		0.285714
201.5		0.285714
201.6		0.285714
201.7		0.285714
201.8		0.285714
201.9		0.285714
202		0.285714
202.1		0.285714
202.2		0.285714
202.3		0.285714
202.4		0.285714
202.5		0.285714
202.6		0.285714
202.7		0.285714
202.8		0.285714
202.9		0.285714
203		0.285714
203.1		0.285714
203.2		0.285714
203.3		0.285714
203.4		0.285714
203.5		0.285714
203.6		0.285714
203.7		0.285714
203.8		0.285714
203.9		0.285714
204		0.285714
204.1		0.285714
204.2		0.285714
204.3		0.285714
204.4		0.285714
204.5		0.285714
204.6		0.285714
204.7		0.285714
204.8		0.285714
204.9		0.285714
205		0.285714
205.1		0.285714
205.2		0.285714
205.3		0.285714
205.4		0.285714
205.5		0.285714
205.6		0.285714
205.7		0.285714
205.8		0.285714
205.9		0.285714
206		0.285714
206.1		0.285714
206.2		0.285714
206.3		0.285714
206.4		0.285714
206.5		0.285714
206.6		0.285714
206.7		0.285714
206.8		0.285714
206.9		0.285714
207		0.285714
207.1		0.285714
207.2		0.285714
207.3		0.285714
207.4		0.285714
207.5		0.285714
207.6		0.285714
207.7		0.285714
207.8		0.285714
207.9		0.285714
208		0.285714
208.1		0.285714
208.2		0.285714
208.3		0.285714
208.4		0.285714
208.5		0.285714
208.6		0.285714
208.7		0.285714
208.8		0.285714
208.9		0.285714
209		0.285714
209.1		0.285714
209.2		0.285714
209.3		0.285714
209.4		0.285714
209.5		0.285714
209.6		0.285714
209.7		0.285714
209.8		0.285714
209.9		0.285714
210		0.285714
210.1		0.285714
210.2		0.285714
210.3		0.285714
210.4		0.285714
210.5		0.285714
210.6		0.285714
210.7		0.285714
210.8		0.285714
210.9		0.285714
211		0.285714
211.1		0.285714
211.2		0.285714
211.3		0.285714
211.4		0.285714
211.5		0.285714
211.6		0.285714
211.7		0.285714
211.8		0.285714
211.9		0.285714
212		0.285714
212.1		0.285714
212.2		0.285714
212.3		0.285714
212.4		0.285714
212.5		0.285714
212.6		0.285714
212.7		0.285714
212.8		0.285714
212.9		0.285714
213		0.285714
213.1		0.285714
213.2		0.285714
213.3		0.285714
213.4		0.285714
213.5		0.285714
213.6		0.285714
213.7		0.285714
213.8		0.285714
213.9		0.285714
214		0.285714
214.1		0.285714
214.2		0.285714
214.3		0.285714
214.4		0.285714
214.5		0.285714
214.6		0.285714
214.7		0.285714
214.8		0.285714
214.9		0.285714
215		0.285714
215.1		0.285714
215.2		0.285714
215.3		0.285714
215.4		0.285714
215.5		0.285714
215.6		0.285714
215.7		0.285714
215.8		0.285714
215.9		0.285714
216		0.285714
216.1		0.285714
216.2		0.285714
216.3		0.285714
216.4		0.285714
216.5		0.285714
216.6		0.285714
216.7		0.285714
216.8		0.285714
216.9		0.285714
217		0.285714
217.1		0.285714
217.2		0.285714
217.3		0.285714
217.4		0.285714
217.5		0.285714
217.6		0.285714
217.7		0.285714
217.8		0.285714
217.9		0.285714
218		0.285714
218.1		0.285714
218.2		0.285714
218.3		0.285714
218.4		0.285714
218.5		0.285714
218.6		0.285714
218.7		0.285714
218.8		0.285714
218.9		0.285714
219		0.285714
219.1		0.285714
219.2		0.285714
219.3		0.285714
219.4		0.285714
219.5		0.285714
219.6		0.285714
219.7		0.285714
219.8		0.285714
219.9		0.285714
220		0.285714
220.1		0.285714
220.2		0.285714
220.3		0.285714
220.4		0.285714
220.5		0.285714
220.6		0.285714
220.7		0.285714
220.8		0.285714
220.9		0.285714
221		0.285714
221.1		0.285714
221.2		0.285714
221.3		0.285714
221.4		0.285714
221.5		0.285714
221.6		0.285714
221.7		0.285714
221.8		0.285714
221.9		0.285714
222		0.285714
222.1		0.285714
222.2		0.285714
222.3		0.285714
222.4		0.285714
222.5		0.285714
222.6		0.285714
222.7		0.285714
222.8		0.285714
222.9		0.285714
223		0.285714
223.1		0.285714
223.2		0.285714
223.3		0.285714
223.4		0.285714
223.5		0.285714
223.6		0.285714
223.7		0.285714
223.8		0.285714
223.9		0.285714
224		0.285714
224.1		0.285714
224.2		0.285714
224.3		0.285714
224.4		0.285714
224.5		0.285714
224.6		0.285714
224.7		0.285714
224.8		0.285714
224.9		0.285714
225		0.285714
225.1		0.285714
225.2		0.285714
225.3		0.285714
225.4		0.285714
225.5		0.285714
225.6		0.285714
225.7		0.285714
225.8		0.285714
225.9		0.285714
226		0.285714
226.1		0.285714
226.2		0.285714
226.3		0.285714
226.4		0.285714
226.5		0.285714
226.6		0.285714
226.7		0.285714
226.8		0.285714
226.9		0.285714
227		0.285714
227.1		0.285714
227.2		0.285714
227.3		0.285714
227.4		0.285714
227.5		0.285714
227.6		0.285714
227.7		0.285714
227.8		0.285714
227.9		0.285714
228		0.285714
228.1		0.357143
228.2		0.357143
228.3		0.357143
228.4		0.357143
228.5		0.357143
228.6		0.357143
228.7		0.357143
228.8		0.357143
228.9		0.357143
229		0.357143
229.1		0.357143
229.2		0.357143
229.3		0.357143
229.4		0.357143
229.5		0.357143
229.6		0.357143
229.7		0.357143
229.8		0.357143
229.9		0.357143
230		0.357143
230.1		0.357143
230.2		0.357143
230.3		0.357143
230.4		0.357143
230.5		0.357143
230.6		0.357143
230.7		0.357143
230.8		0.357143
230.9		0.357143
231		0.357143
231.1		0.357143
231.2		0.357143
231.3		0.357143
231.4		0.357143
231.5		0.357143
231.6		0.357143
231.7		0.357143
231.8		0.357143
231.9		0.357143
232		0.357143
232.1		0.357143
232.2		0.357143
232.3		0.357143
232.4		0.357143
232.5		0.357143
232.6		0.357143
232.7		0.357143
232.8		0.357143
232.9		0.357143
233		0.357143
233.1		0.357143
233.2		0.357143
233.3		0.357143
233.4		0.357143
233.5		0.357143
233.6		0.357143
233.7		0.357143
233.8		0.357143
233.9		0.357143
234		0.357143
234.1		0.357143
234.2		0.357143
234.3		0.357143
234.4		0.357143
234.5		0.357143
234.6		0.357143
234.7		0.357143
234.8		0.357143
234.9		0.357143
235		0.357143
235.1		0.357143
235.2		0.357143
235.3		0.357143
235.4		0.357143
235.5		0.357143
235.6		0.357143
235.7		0.357143
235.8		0.357143
235.9		0.357143
236		0.357143
236.1		0.357143
236.2		0.357143
236.3		0.357143
236.4		0.357143
236.5		0.357143
236.6		0.357143
236.7		0.357143
236.8		0.357143
236.9		0.357143
237		0.357143
237.1		0.357143
237.2		0.357143
237.3		0.357143
237.4		0.357143
237.5		0.357143
237.6		0.357143
237.7		0.357143
237.8		0.357143
237.9		0.357143
238		0.357143
238.1		0.428571
238.2		0.428571
238.3		0.428571
238.4		0.428571
238.5		0.428571
238.6		0.428571
238.7		0.428571
238.8		0.428571
238.9		0.428571
239		0.428571
239.1		0.428571
239.2		0.428571
239.3		0.428571
239.4		0.428571
239.5		0.428571
239.6		0.428571
239.7		0.428571
239.8		0.428571
239.9		0.428571
240		0.428571
240.1		0.428571
240.2		0.428571
240.3		0.428571
240.4		0.428571
240.5		0.428571
240.6		0.428571
240.7		0.428571
240.8		0.428571
240.9		0.428571
241		0.428571
241.1		0.428571
241.2		0.428571
241.3		0.428571
241.4		0.428571
241.5		0.428571
241.6		0.428571
241.7		0.428571
241.8		0.428571
241.9		0.428571
242		0.428571
242.1		0.5
242.2		0.5
242.3		0.5
242.4		0.5
242.5		0.5
242.6		0.5
242.7		0.5
242.8		0.5
242.9		0.5
243		0.5
243.1		0.5
243.2		0.5
243.3		0.5
243.4		0.5
243.5		0.5
243.6		0.5
243.7		0.5
243.8		0.5
243.9		0.5
244		0.5
244.1		0.5
244.2		0.5
244.3		0.5
244.4		0.5
244.5		0.5
244.6		0.5
244.7		0.5
244.8		0.5
244.9		0.5
245		0.5
245.1		0.5
245.2		0.5
245.3		0.5
245.4		0.5
245.5		0.5
245.6		0.5
245.7		0.5
245.8		0.5
245.9		0.5
246		0.5
246.1		0.5
246.2		0.5
246.3		0.5
246.4		0.5
246.5		0.5
246.6		0.5
246.7		0.5
246.8		0.5
246.9		0.5
247		0.5
247.1		0.5
247.2		0.5
247.3		0.5
247.4		0.5
247.5		0.5
247.6		0.5
247.7		0.5
247.8		0.5
247.9		0.5
248		0.5
248.1		0.5
248.2		0.5
248.3		0.5
248.4		0.5
248.5		0.5
248.6		0.5
248.7		0.5
248.8		0.5
248.9		0.5
249		0.5
249.1		0.5
249.2		0.5
249.3		0.5
249.4		0.5
249.5		0.5
249.6		0.5
249.7		0.5
249.8		0.5
249.9		0.5
250		0.5
250.1		0.5
250.2		0.5
250.3		0.5
250.4		0.5
250.5		0.5
250.6		0.5
250.7		0.5
250.8		0.5
250.9		0.5
251		0.5
251.1		0.5
251.2		0.5
251.3		0.5
251.4		0.5
251.5		0.5
251.6		0.5
251.7		0.5
251.8		0.5
251.9		0.5
252		0.5
252.1		0.5
252.2		0.5
252.3		0.5
252.4		0.5
252.5		0.5
252.6		0.5
252.7		0.5
252.8		0.5
252.9		0.5
253		0.5
253.1		0.5
253.2		0.5
253.3		0.5
253.4		0.5
253.5		0.5
253.6		0.5
253.7		0.5
253.8		0.5
253.9		0.5
254		0.5
254.1		0.5
254.2		0.5
254.3		0.5
254.4		0.5
254.5		0.5
254.6		0.5
254.7		0.5
254.8		0.5
254.9		0.5
255		0.5
255.1		0.5
255.2		0.5
255.3		0.5
255.4		0.5
255.5		0.5
255.6		0.5
255.7		0.5
255.8		0.5
255.9		0.5
256		0.5
256.1		0.5
256.2		0.5
256.3		0.5
256.4		0.5
256.5		0.5
256.6		0.5
256.7		0.5
256.8		0.5
256.9		0.5
257		0.5
257.1		0.5
257.2		0.5
257.3		0.5
257.4		0.5
257.5		0.5
257.6		0.5
257.7		0.5
257.8		0.5
257.9		0.5
258		0.5
258.1		0.5
258.2		0.5
258.3		0.5
258.4		0.5
258.5		0.5
258.6		0.5
258.7		0.5
258.8		0.5
258.9		0.5
259		0.5
259.1		0.5
259.2		0.5
259.3		0.5
259.4		0.5
259.5		0.5
259.6		0.5
259.7		0.5
259.8		0.5
259.9		0.5
260		0.5
260.1		0.5
260.2		0.5
260.3		0.5
260.4		0.5
260.5		0.5
260.6		0.5
260.7		0.5
260.8		0.5
260.9		0.5
261		0.5
261.1		0.571429
261.2		0.571429
261.3		0.571429
261.4		0.571429
261.5		0.571429
261.6		0.571429
261.7		0.571429
261.8		0.571429
261.9		0.571429
262		0.571429
262.1		0.571429
262.2		0.571429
262.3		0.571429
262.4		0.571429
262.5		0.571429
262.6		0.571429
262.7		0.571429
262.8		0.571429
262.9		0.571429
263		0.571429
263.1		0.571429
263.2		0.571429
263.3		0.571429
263.4		0.571429
263.5		0.571429
263.6		0.571429
263.7		0.571429
263.8		0.571429
263.9		0.571429
264		0.571429
264.1		0.571429
264.2		0.571429
264.3		0.571429
264.4		0.571429
264.5		0.571429
264.6		0.571429
264.7		0.571429
264.8		0.571429
264.9		0.571429
265		0.571429
265.1		0.571429
265.2		0.571429
265.3		0.571429
265.4		0.571429
265.5		0.571429
265.6		0.571429
265.7		0.571429
265.8		0.571429
265.9		0.571429
266		0.571429
266.1		0.571429
266.2		0.571429
266.3		0.571429
266.4		0.571429
266.5		0.571429
266.6		0.571429
266.7		0.571429
266.8		0.571429
266.9		0.571429
267		0.571429
267.1		0.571429
267.2		0.571429
267.3		0.571429
267.4		0.571429
267.5		0.571429
267.6		0.571429
267.7		0.571429
267.8		0.571429
267.9		0.571429
268		0.571429
268.1		0.571429
268.2		0.571429
268.3		0.571429
268.4		0.571429
268.5		0.571429
268.6		0.571429
268.7		0.571429
268.8		0.571429
268.9		0.571429
269		0.571429
269.1		0.571429
269.2		0.571429
269.3		0.571429
269.4		0.571429
269.5		0.571429
269.6		0.571429
269.7		0.571429
269.8		0.571429
269.9		0.571429
270		0.571429
270.1		0.571429
270.2		0.571429
270.3		0.571429
270.4		0.571429
270.5		0.571429
270.6		0.571429
270.7		0.571429
270.8		0.571429
270.9		0.571429
271		0.571429
271.1		0.571429
271.2		0.571429
271.3		0.571429
271.4		0.571429
271.5		0.571429
271.6		0.571429
271.7		0.571429
271.8		0.571429
271.9		0.571429
272		0.571429
272.1		0.571429
272.2		0.571429
272.3		0.571429
272.4		0.571429
272.5		0.571429
272.6		0.571429
272.7		0.571429
272.8		0.571429
272.9		0.571429
273		0.571429
273.1		0.642857
273.2		0.642857
273.3		0.642857
273.4		0.642857
273.5		0.642857
273.6		0.642857
273.7		0.642857
273.8		0.642857
273.9		0.642857
274		0.642857
274.1		0.642857
274.2		0.642857
274.3		0.642857
274.4		0.642857
274.5		0.642857
274.6		0.642857
274.7		0.642857
274.8		0.642857
274.9		0.642857
275		0.642857
275.1		0.642857
275.2		0.642857
275.3		0.642857
275.4		0.642857
275.5		0.642857
275.6		0.642857
275.7		0.642857
275.8		0.642857
275.9		0.642857
276		0.642857
276.1		0.642857
276.2		0.642857
276.3		0.642857
276.4		0.642857
276.5		0.642857
276.6		0.642857
276.7		0.642857
276.8		0.642857
276.9		0.642857
277		0.642857
277.1		0.642857
277.2		0.642857
277.3		0.642857
277.4		0.642857
277.5		0.642857
277.6		0.642857
277.7		0.642857
277.8		0.642857
277.9		0.642857
278		0.642857
278.1		0.642857
278.2		0.642857
278.3		0.642857
278.4		0.642857
278.5		0.642857
278.6		0.642857
278.7		0.642857
278.8		0.642857
278.9		0.642857
279		0.642857
279.1		0.642857
279.2		0.642857
279.3		0.642857
279.4		0.642857
279.5		0.642857
279.6		0.642857
279.7		0.642857
279.8		0.642857
279.9		0.642857
280		0.642857
280.1		0.642857
280.2		0.642857
280.3		0.642857
280.4		0.642857
280.5		0.642857
280.6		0.642857
280.7		0.642857
280.8		0.642857
280.9		0.642857
281		0.642857
281.1		0.642857
281.2		0.642857
281.3		0.642857
281.4		0.642857
281.5		0.642857
281.6		0.642857
281.7		0.642857
281.8		0.642857
281.9		0.642857
282		0.642857
282.1		0.642857
282.2		0.642857
282.3		0.642857
282.4		0.642857
282.5		0.642857
282.6		0.642857
282.7		0.642857
282.8		0.642857
282.9		0.642857
283		0.642857
283.1		0.642857
283.2		0.642857
283.3		0.642857
283.4		0.642857
283.5		0.642857
283.6		0.642857
283.7		0.642857
283.8		0.642857
283.9		0.642857
284		0.642857
284.1		0.642857
284.2		0.642857
284.3		0.642857
284.4		0.642857
284.5		0.642857
284.6		0.642857
284.7		0.642857
284.8		0.642857
284.9		0.642857
285		0.642857
285.1		0.642857
285.2		0.642857
285.3		0.642857
285.4		0.642857
285.5		0.642857
285.6		0.642857
285.7		0.642857
285.8		0.642857
285.9		0.642857
286		0.642857
286.1		0.642857
286.2		0.642857
286.3		0.642857
286.4		0.642857
286.5		0.642857
286.6		0.642857
286.7		0.642857
286.8		0.642857
286.9		0.642857
287		0.642857
287.1		0.642857
287.2		0.642857
287.3		0.642857
287.4		0.642857
287.5		0.642857
287.6		0.642857
287.7		0.642857
287.8		0.642857
287.9		0.642857
288		0.642857
288.1		0.642857
288.2		0.642857
288.3		0.642857
288.4		0.642857
288.5		0.642857
288.6		0.642857
288.7		0.642857
288.8		0.642857
288.9		0.642857
289		0.642857
289.1		0.642857
289.2		0.642857
289.3		0.642857
289.4		0.642857
289.5		0.642857
289.6		0.642857
289.7		0.642857
289.8		0.642857
289.9		0.642857
290		0.642857
290.1		0.642857
290.2		0.642857
290.3		0.642857
290.4		0.642857
290.5		0.642857
290.6		0.642857
290.7		0.642857
290.8		0.642857
290.9		0.642857
291		0.642857
291.1		0.642857
291.2		0.642857
291.3		0.642857
291.4		0.642857
291.5		0.642857
291.6		0.642857
291.7		0.642857
291.8		0.642857
291.9		0.642857
292		0.642857
292.1		0.642857
292.2		0.642857
292.3		0.642857
292.4		0.642857
292.5		0.642857
292.6		0.642857
292.7		0.642857
292.8		0.642857
292.9		0.642857
293		0.642857
293.1		0.642857
293.2		0.642857
293.3		0.642857
293.4		0.642857
293.5		0.642857
293.6		0.642857
293.7		0.642857
293.8		0.642857
293.9		0.642857
294		0.642857
294.1		0.642857
294.2		0.642857
294.3		0.642857
294.4		0.642857
294.5		0.642857
294.6		0.642857
294.7		0.642857
294.8		0.642857
294.9		0.642857
295		0.642857
295.1		0.642857
295.2		0.642857
295.3		0.642857
295.4		0.642857
295.5		0.642857
295.6		0.642857
295.7		0.642857
295.8		0.642857
295.9		0.642857
296		0.642857
296.1		0.642857
296.2		0.642857
296.3		0.642857
296.4		0.642857
296.5		0.642857
296.6		0.642857
296.7		0.642857
296.8		0.642857
296.9		0.642857
297		0.642857
297.1		0.642857
297.2		0.642857
297.3		0.642857
297.4		0.642857
297.5		0.642857
297.6		0.642857
297.7		0.642857
297.8		0.642857
297.9		0.642857
298		0.642857
298.1		0.642857
298.2		0.642857
298.3		0.642857
298.4		0.642857
298.5		0.642857
298.6		0.642857
298.7		0.642857
298.8		0.642857
298.9		0.642857
299		0.642857
299.1		0.642857
299.2		0.642857
299.3		0.642857
299.4		0.642857
299.5		0.642857
299.6		0.642857
299.7		0.642857
299.8		0.642857
299.9		0.642857
300		0.642857
300.1		0.642857
300.2		0.642857
300.3		0.642857
300.4		0.642857
300.5		0.642857
300.6		0.642857
300.7		0.642857
300.8		0.642857
300.9		0.642857
301		0.642857
301.1		0.642857
301.2		0.642857
301.3		0.642857
301.4		0.642857
301.5		0.642857
301.6		0.642857
301.7		0.642857
301.8		0.642857
301.9		0.642857
302		0.642857
302.1		0.642857
302.2		0.642857
302.3		0.642857
302.4		0.642857
302.5		0.642857
302.6		0.642857
302.7		0.642857
302.8		0.642857
302.9		0.642857
303		0.642857
303.1		0.642857
303.2		0.642857
303.3		0.642857
303.4		0.642857
303.5		0.642857
303.6		0.642857
303.7		0.642857
303.8		0.642857
303.9		0.642857
304		0.642857
304.1		0.642857
304.2		0.642857
304.3		0.642857
304.4		0.642857
304.5		0.642857
304.6		0.642857
304.7		0.642857
304.8		0.642857
304.9		0.642857
305		0.642857
305.1		0.642857
305.2		0.642857
305.3		0.642857
305.4		0.642857
305.5		0.642857
305.6		0.642857
305.7		0.642857
305.8		0.642857
305.9		0.642857
306		0.642857
306.1		0.642857
306.2		0.642857
306.3		0.642857
306.4		0.642857
306.5		0.642857
306.6		0.642857
306.7		0.642857
306.8		0.642857
306.9		0.642857
307		0.642857
307.1		0.642857
307.2		0.642857
307.3		0.642857
307.4		0.642857
307.5		0.642857
307.6		0.642857
307.7		0.642857
307.8		0.642857
307.9		0.642857
308		0.642857
308.1		0.642857
308.2		0.642857
308.3		0.642857
308.4		0.642857
308.5		0.642857
308.6		0.642857
308.7		0.642857
308.8		0.642857
308.9		0.642857
309		0.642857
309.1		0.642857
309.2		0.642857
309.3		0.642857
309.4		0.642857
309.5		0.642857
309.6		0.642857
309.7		0.642857
309.8		0.642857
309.9		0.642857
310		0.642857
310.1		0.642857
310.2		0.642857
310.3		0.642857
310.4		0.642857
310.5		0.642857
310.6		0.642857
310.7		0.642857
310.8		0.642857
310.9		0.642857
311		0.642857
311.1		0.642857
311.2		0.642857
311.3		0.642857
311.4		0.642857
311.5		0.642857
311.6		0.642857
311.7		0.642857
311.8		0.642857
311.9		0.642857
312		0.642857
312.1		0.642857
312.2		0.642857
312.3		0.642857
312.4		0.642857
312.5		0.642857
312.6		0.642857
312.7		0.642857
312.8		0.642857
312.9		0.642857
313		0.642857
313.1		0.642857
313.2		0.642857
313.3		0.642857
313.4		0.642857
313.5		0.642857
313.6		0.642857
313.7		0.642857
313.8		0.642857
313.9		0.642857
314		0.642857
314.1		0.642857
314.2		0.642857
314.3		0.642857
314.4		0.642857
314.5		0.642857
314.6		0.642857
314.7		0.642857
314.8		0.642857
314.9		0.642857
315		0.642857
315.1		0.642857
315.2		0.642857
315.3		0.642857
315.4		0.642857
315.5		0.642857
315.6		0.642857
315.7		0.642857
315.8		0.642857
315.9		0.642857
316		0.642857
316.1		0.642857
316.2		0.642857
316.3		0.642857
316.4		0.642857
316.5		0.642857
316.6		0.642857
316.7		0.642857
316.8		0.642857
316.9		0.642857
317		0.642857
317.1		0.642857
317.2		0.642857
317.3		0.642857
317.4		0.642857
317.5		0.642857
317.6		0.642857
317.7		0.642857
317.8		0.642857
317.9		0.642857
318		0.642857
318.1		0.642857
318.2		0.642857
318.3		0.642857
318.4		0.642857
318.5		0.642857
318.6		0.642857
318.7		0.642857
318.8		0.642857
318.9		0.642857
319		0.642857
319.1		0.642857
319.2		0.642857
319.3		0.642857
319.4		0.642857
319.5		0.642857
319.6		0.642857
319.7		0.642857
319.8		0.642857
319.9		0.642857
320		0.642857
320.1		0.642857
320.2		0.642857
320.3		0.642857
320.4		0.642857
320.5		0.642857
320.6		0.642857
320.7		0.642857
320.8		0.642857
320.9		0.642857
321		0.642857
321.1		0.714286
321.2		0.714286
321.3		0.714286
321.4		0.714286
321.5		0.714286
321.6		0.714286
321.7		0.714286
321.8		0.714286
321.9		0.714286
322		0.714286
322.1		0.714286
322.2		0.714286
322.3		0.714286
322.4		0.714286
322.5		0.714286
322.6		0.714286
322.7		0.714286
322.8		0.714286
322.9		0.714286
323		0.714286
323.1		0.714286
323.2		0.714286
323.3		0.714286
323.4		0.714286
323.5		0.714286
323.6		0.714286
323.7		0.714286
323.8		0.714286
323.9		0.714286
324		0.714286
324.1		0.714286
324.2		0.714286
324.3		0.714286
324.4		0.714286
324.5		0.714286
324.6		0.714286
324.7		0.714286
324.8		0.714286
324.9		0.714286
325		0.714286
325.1		0.714286
325.2		0.714286
325.3		0.714286
325.4		0.714286
325.5		0.714286
325.6		0.714286
325.7		0.714286
325.8		0.714286
325.9		0.714286
326		0.714286
326.1		0.714286
326.2		0.714286
326.3		0.714286
326.4		0.714286
326.5		0.714286
326.6		0.714286
326.7		0.714286
326.8		0.714286
326.9		0.714286
327		0.714286
327.1		0.714286
327.2		0.714286
327.3		0.714286
327.4		0.714286
327.5		0.714286
327.6		0.714286
327.7		0.714286
327.8		0.714286
327.9		0.714286
328		0.714286
328.1		0.714286
328.2		0.714286
328.3		0.714286
328.4		0.714286
328.5		0.714286
328.6		0.714286
328.7		0.714286
328.8		0.714286
328.9		0.714286
329		0.714286
329.1		0.714286
329.2		0.714286
329.3		0.714286
329.4		0.714286
329.5		0.714286
329.6		0.714286
329.7		0.714286
329.8		0.714286
329.9		0.714286
330		0.714286
330.1		0.714286
330.2		0.714286
330.3		0.714286
330.4		0.714286
330.5		0.714286
330.6		0.714286
330.7		0.714286
330.8		0.714286
330.9		0.714286
331		0.714286
331.1		0.714286
331.2		0.714286
331.3		0.714286
331.4		0.714286
331.5		0.714286
331.6		0.714286
331.7		0.714286
331.8		0.714286
331.9		0.714286
332		0.714286
332.1		0.714286
332.2		0.714286
332.3		0.714286
332.4		0.714286
332.5		0.714286
332.6		0.714286
332.7		0.714286
332.8		0.714286
332.9		0.714286
333		0.714286
333.1		0.714286
333.2		0.714286
333.3		0.714286
333.4		0.714286
333.5		0.714286
333.6		0.714286
333.7		0.714286
333.8		0.714286
333.9		0.714286
334		0.714286
334.1		0.714286
334.2		0.714286
334.3		0.714286
334.4		0.714286
334.5		0.714286
334.6		0.714286
334.7		0.714286
334.8		0.714286
334.9		0.714286
335		0.714286
335.1		0.714286
335.2		0.714286
335.3		0.714286
335.4		0.714286
335.5		0.714286
335.6		0.714286
335.7		0.714286
335.8		0.714286
335.9		0.714286
336		0.714286
336.1		0.714286
336.2		0.714286
336.3		0.714286
336.4		0.714286
336.5		0.714286
336.6		0.714286
336.7		0.714286
336.8		0.714286
336.9		0.714286
337		0.714286
337.1		0.785714
337.2		0.785714
337.3		0.785714
337.4		0.785714
337.5		0.785714
337.6		0.785714
337.7		0.785714
337.8		0.785714
337.9		0.785714
338		0.785714
338.1		0.785714
338.2		0.785714
338.3		0.785714
338.4		0.785714
338.5		0.785714
338.6		0.785714
338.7		0.785714
338.8		0.785714
338.9		0.785714
339		0.785714
339.1		0.785714
339.2		0.785714
339.3		0.785714
339.4		0.785714
339.5		0.785714
339.6		0.785714
339.7		0.785714
339.8		0.785714
339.9		0.785714
340		0.785714
340.1		0.785714
340.2		0.785714
340.3		0.785714
340.4		0.785714
340.5		0.785714
340.6		0.785714
340.7		0.785714
340.8		0.785714
340.9		0.785714
341		0.785714
341.1		0.785714
341.2		0.785714
341.3		0.785714
341.4		0.785714
341.5		0.785714
341.6		0.785714
341.7		0.785714
341.8		0.785714
341.9		0.785714
342		0.785714
342.1		0.785714
342.2		0.785714
342.3		0.785714
342.4		0.785714
342.5		0.785714
342.6		0.785714
342.7		0.785714
342.8		0.785714
342.9		0.785714
343		0.785714
343.1		0.785714
343.2		0.785714
343.3		0.785714
343.4		0.785714
343.5		0.785714
343.6		0.785714
343.7		0.785714
343.8		0.785714
343.9		0.785714
344		0.785714
344.1		0.785714
344.2		0.785714
344.3		0.785714
344.4		0.785714
344.5		0.785714
344.6		0.785714
344.7		0.785714
344.8		0.785714
344.9		0.785714
345		0.785714
345.1		0.785714
345.2		0.785714
345.3		0.785714
345.4		0.785714
345.5		0.785714
345.6		0.785714
345.7		0.785714
345.8		0.785714
345.9		0.785714
346		0.785714
346.1		0.785714
346.2		0.785714
346.3		0.785714
346.4		0.785714
346.5		0.785714
346.6		0.785714
346.7		0.785714
346.8		0.785714
346.9		0.785714
347		0.785714
347.1		0.785714
347.2		0.785714
347.3		0.785714
347.4		0.785714
347.5		0.785714
347.6		0.785714
347.7		0.785714
347.8		0.785714
347.9		0.785714
348		0.785714
348.1		0.785714
348.2		0.785714
348.3		0.785714
348.4		0.785714
348.5		0.785714
348.6		0.785714
348.7		0.785714
348.8		0.785714
348.9		0.785714
349		0.785714
349.1		0.785714
349.2		0.785714
349.3		0.785714
349.4		0.785714
349.5		0.785714
349.6		0.785714
349.7		0.785714
349.8		0.785714
349.9		0.785714
350		0.785714
350.1		0.785714
350.2		0.785714
350.3		0.785714
350.4		0.785714
350.5		0.785714
350.6		0.785714
350.7		0.785714
350.8		0.785714
350.9		0.785714
351		0.785714
351.1		0.785714
351.2		0.785714
351.3		0.785714
351.4		0.785714
351.5		0.785714
351.6		0.785714
351.7		0.785714
351.8		0.785714
351.9		0.785714
352		0.785714
352.1		0.785714
352.2		0.785714
352.3		0.785714
352.4		0.785714
352.5		0.785714
352.6		0.785714
352.7		0.785714
352.8		0.785714
352.9		0.785714
353		0.785714
353.1		0.785714
353.2		0.785714
353.3		0.785714
353.4		0.785714
353.5		0.785714
353.6		0.785714
353.7		0.785714
353.8		0.785714
353.9		0.785714
354		0.785714
354.1		0.785714
354.2		0.785714
354.3		0.785714
354.4		0.785714
354.5		0.785714
354.6		0.785714
354.7		0.785714
354.8		0.785714
354.9		0.785714
355		0.785714
355.1		0.785714
355.2		0.785714
355.3		0.785714
355.4		0.785714
355.5		0.785714
355.6		0.785714
355.7		0.785714
355.8		0.785714
355.9		0.785714
356		0.785714
356.1		0.785714
356.2		0.785714
356.3		0.785714
356.4		0.785714
356.5		0.785714
356.6		0.785714
356.7		0.785714
356.8		0.785714
356.9		0.785714
357		0.785714
357.1		0.785714
357.2		0.785714
357.3		0.785714
357.4		0.785714
357.5		0.785714
357.6		0.785714
357.7		0.785714
357.8		0.785714
357.9		0.785714
358		0.785714
358.1		0.785714
358.2		0.785714
358.3		0.785714
358.4		0.785714
358.5		0.785714
358.6		0.785714
358.7		0.785714
358.8		0.785714
358.9		0.785714
359		0.785714
359.1		0.785714
359.2		0.785714
359.3		0.785714
359.4		0.785714
359.5		0.785714
359.6		0.785714
359.7		0.785714
359.8		0.785714
359.9		0.785714
360		0.785714
360.1		0.785714
360.2		0.785714
360.3		0.785714
360.4		0.785714
360.5		0.785714
360.6		0.785714
360.7		0.785714
360.8		0.785714
360.9		0.785714
361		0.785714
361.1		0.785714
361.2		0.785714
361.3		0.785714
361.4		0.785714
361.5		0.785714
361.6		0.785714
361.7		0.785714
361.8		0.785714
361.9		0.785714
362		0.785714
362.1		0.785714
362.2		0.785714
362.3		0.785714
362.4		0.785714
362.5		0.785714
362.6		0.785714
362.7		0.785714
362.8		0.785714
362.9		0.785714
363		0.785714
363.1		0.785714
363.2		0.785714
363.3		0.785714
363.4		0.785714
363.5		0.785714
363.6		0.785714
363.7		0.785714
363.8		0.785714
363.9		0.785714
364		0.785714
364.1		0.785714
364.2		0.785714
364.3		0.785714
364.4		0.785714
364.5		0.785714
364.6		0.785714
364.7		0.785714
364.8		0.785714
364.9		0.785714
365		0.785714
365.1		0.785714
365.2		0.785714
365.3		0.785714
365.4		0.785714
365.5		0.785714
365.6		0.785714
365.7		0.785714
365.8		0.785714
365.9		0.785714
366		0.785714
366.1		0.785714
366.2		0.785714
366.3		0.785714
366.4		0.785714
366.5		0.785714
366.6		0.785714
366.7		0.785714
366.8		0.785714
366.9		0.785714
367		0.785714
367.1		0.785714
367.2		0.785714
367.3		0.785714
367.4		0.785714
367.5		0.785714
367.6		0.785714
367.7		0.785714
367.8		0.785714
367.9		0.785714
368		0.785714
368.1		0.785714
368.2		0.785714
368.3		0.785714
368.4		0.785714
368.5		0.785714
368.6		0.785714
368.7		0.785714
368.8		0.785714
368.9		0.785714
369		0.785714
369.1		0.785714
369.2		0.785714
369.3		0.785714
369.4		0.785714
369.5		0.785714
369.6		0.785714
369.7		0.785714
369.8		0.785714
369.9		0.785714
370		0.785714
370.1		0.785714
370.2		0.785714
370.3		0.785714
370.4		0.785714
370.5		0.785714
370.6		0.785714
370.7		0.785714
370.8		0.785714
370.9		0.785714
371		0.785714
371.1		0.785714
371.2		0.785714
371.3		0.785714
371.4		0.785714
371.5		0.785714
371.6		0.785714
371.7		0.785714
371.8		0.785714
371.9		0.785714
372		0.785714
372.1		0.785714
372.2		0.785714
372.3		0.785714
372.4		0.785714
372.5		0.785714
372.6		0.785714
372.7		0.785714
372.8		0.785714
372.9		0.785714
373		0.785714
373.1		0.785714
373.2		0.785714
373.3		0.785714
373.4		0.785714
373.5		0.785714
373.6		0.785714
373.7		0.785714
373.8		0.785714
373.9		0.785714
374		0.785714
374.1		0.785714
374.2		0.785714
374.3		0.785714
374.4		0.785714
374.5		0.785714
374.6		0.785714
374.7		0.785714
374.8		0.785714
374.9		0.785714
375		0.785714
375.1		0.785714
375.2		0.785714
375.3		0.785714
375.4		0.785714
375.5		0.785714
375.6		0.785714
375.7		0.785714
375.8		0.785714
375.9		0.785714
376		0.785714
376.1		0.785714
376.2		0.785714
376.3		0.785714
376.4		0.785714
376.5		0.785714
376.6		0.785714
376.7		0.785714
376.8		0.785714
376.9		0.785714
377		0.785714
377.1		0.785714
377.2		0.785714
377.3		0.785714
377.4		0.785714
377.5		0.785714
377.6		0.785714
377.7		0.785714
377.8		0.785714
377.9		0.785714
378		0.785714
378.1		0.857143
378.2		0.857143
378.3		0.857143
378.4		0.857143
378.5		0.857143
378.6		0.857143
378.7		0.857143
378.8		0.857143
378.9		0.857143
379		0.857143
379.1		0.857143
379.2		0.857143
379.3		0.857143
379.4		0.857143
379.5		0.857143
379.6		0.857143
379.7		0.857143
379.8		0.857143
379.9		0.857143
380		0.857143
380.1		0.857143
380.2		0.857143
380.3		0.857143
380.4		0.857143
380.5		0.857143
380.6		0.857143
380.7		0.857143
380.8		0.857143
380.9		0.857143
381		0.857143
381.1		0.857143
381.2		0.857143
381.3		0.857143
381.4		0.857143
381.5		0.857143
381.6		0.857143
381.7		0.857143
381.8		0.857143
381.9		0.857143
382		0.857143
382.1		0.857143
382.2		0.857143
382.3		0.857143
382.4		0.857143
382.5		0.857143
382.6		0.857143
382.7		0.857143
382.8		0.857143
382.9		0.857143
383		0.857143
383.1		0.857143
383.2		0.857143
383.3		0.857143
383.4		0.857143
383.5		0.857143
383.6		0.857143
383.7		0.857143
383.8		0.857143
383.9		0.857143
384		0.857143
384.1		0.857143
384.2		0.857143
384.3		0.857143
384.4		0.857143
384.5		0.857143
384.6		0.857143
384.7		0.857143
384.8		0.857143
384.9		0.857143
385		0.857143
385.1		0.857143
385.2		0.857143
385.3		0.857143
385.4		0.857143
385.5		0.857143
385.6		0.857143
385.7		0.857143
385.8		0.857143
385.9		0.857143
386		0.857143
386.1		0.857143
386.2		0.857143
386.3		0.857143
386.4		0.857143
386.5		0.857143
386.6		0.857143
386.7		0.857143
386.8		0.857143
386.9		0.857143
387		0.857143
387.1		0.857143
387.2		0.857143
387.3		0.857143
387.4		0.857143
387.5		0.857143
387.6		0.857143
387.7		0.857143
387.8		0.857143
387.9		0.857143
388		0.857143
388.1		0.857143
388.2		0.857143
388.3		0.857143
388.4		0.857143
388.5		0.857143
388.6		0.857143
388.7		0.857143
388.8		0.857143
388.9		0.857143
389		0.857143
389.1		0.857143
389.2		0.857143
389.3		0.857143
389.4		0.857143
389.5		0.857143
389.6		0.857143
389.7		0.857143
389.8		0.857143
389.9		0.857143
390		0.857143
390.1		0.857143
390.2		0.857143
390.3		0.857143
390.4		0.857143
390.5		0.857143
390.6		0.857143
390.7		0.857143
390.8		0.857143
390.9		0.857143
391		0.857143
391.1		0.857143
391.2		0.857143
391.3		0.857143
391.4		0.857143
391.5		0.857143
391.6		0.857143
391.7		0.857143
391.8		0.857143
391.9		0.857143
392		0.857143
392.1		0.857143
392.2		0.857143
392.3		0.857143
392.4		0.857143
392.5		0.857143
392.6		0.857143
392.7		0.857143
392.8		0.857143
392.9		0.857143
393		0.857143
393.1		0.857143
393.2		0.857143
393.3		0.857143
393.4		0.857143
393.5		0.857143
393.6		0.857143
393.7		0.857143
393.8		0.857143
393.9		0.857143
394		0.857143
394.1		0.857143
394.2		0.857143
394.3		0.857143
394.4		0.857143
394.5		0.857143
394.6		0.857143
394.7		0.857143
394.8		0.857143
394.9		0.857143
395		0.857143
395.1		0.857143
395.2		0.857143
395.3		0.857143
395.4		0.857143
395.5		0.857143
395.6		0.857143
395.7		0.857143
395.8		0.857143
395.9		0.857143
396		0.857143
396.1		0.857143
396.2		0.857143
396.3		0.857143
396.4		0.857143
396.5		0.857143
396.6		0.857143
396.7		0.857143
396.8		0.857143
396.9		0.857143
397		0.857143
397.1		0.857143
397.2		0.857143
397.3		0.857143
397.4		0.857143
397.5		0.857143
397.6		0.857143
397.7		0.857143
397.8		0.857143
397.9		0.857143
398		0.857143
398.1		0.857143
398.2		0.857143
398.3		0.857143
398.4		0.857143
398.5		0.857143
398.6		0.857143
398.7		0.857143
398.8		0.857143
398.9		0.857143
399		0.857143
399.1		0.857143
399.2		0.857143
399.3		0.857143
399.4		0.857143
399.5		0.857143
399.6		0.857143
399.7		0.857143
399.8		0.857143
399.9		0.857143
400		0.857143
400.1		0.857143
400.2		0.857143
400.3		0.857143
400.4		0.857143
400.5		0.857143
400.6		0.857143
400.7		0.857143
400.8		0.857143
400.9		0.857143
401		0.857143
401.1		0.857143
401.2		0.857143
401.3		0.857143
401.4		0.857143
401.5		0.857143
401.6		0.857143
401.7		0.857143
401.8		0.857143
401.9		0.857143
402		0.857143
402.1		0.857143
402.2		0.857143
402.3		0.857143
402.4		0.857143
402.5		0.857143
402.6		0.857143
402.7		0.857143
402.8		0.857143
402.9		0.857143
403		0.857143
403.1		0.857143
403.2		0.857143
403.3		0.857143
403.4		0.857143
403.5		0.857143
403.6		0.857143
403.7		0.857143
403.8		0.857143
403.9		0.857143
404		0.857143
404.1		0.857143
404.2		0.857143
404.3		0.857143
404.4		0.857143
404.5		0.857143
404.6		0.857143
404.7		0.857143
404.8		0.857143
404.9		0.857143
405		0.857143
405.1		0.857143
405.2		0.857143
405.3		0.857143
405.4		0.857143
405.5		0.857143
405.6		0.857143
405.7		0.857143
405.8		0.857143
405.9		0.857143
406		0.857143
406.1		0.857143
406.2		0.857143
406.3		0.857143
406.4		0.857143
406.5		0.857143
406.6		0.857143
406.7		0.857143
406.8		0.857143
406.9		0.857143
407		0.857143
407.1		0.857143
407.2		0.857143
407.3		0.857143
407.4		0.857143
407.5		0.857143
407.6		0.857143
407.7		0.857143
407.8		0.857143
407.9		0.857143
408		0.857143
408.1		0.857143
408.2		0.857143
408.3		0.857143
408.4		0.857143
408.5		0.857143
408.6		0.857143
408.7		0.857143
408.8		0.857143
408.9		0.857143
409		0.857143
409.1		0.857143
409.2		0.857143
409.3		0.857143
409.4		0.857143
409.5		0.857143
409.6		0.857143
409.7		0.857143
409.8		0.857143
409.9		0.857143
410		0.857143
410.1		0.857143
410.2		0.857143
410.3		0.857143
410.4		0.857143
410.5		0.857143
410.6		0.857143
410.7		0.857143
410.8		0.857143
410.9		0.857143
411		0.857143
411.1		0.857143
411.2		0.857143
411.3		0.857143
411.4		0.857143
411.5		0.857143
411.6		0.857143
411.7		0.857143
411.8		0.857143
411.9		0.857143
412		0.857143
412.1		0.857143
412.2		0.857143
412.3		0.857143
412.4		0.857143
412.5		0.857143
412.6		0.857143
412.7		0.857143
412.8		0.857143
412.9		0.857143
413		0.857143
413.1		0.857143
413.2		0.857143
413.3		0.857143
413.4		0.857143
413.5		0.857143
413.6		0.857143
413.7		0.857143
413.8		0.857143
413.9		0.857143
414		0.857143
414.1		0.857143
414.2		0.857143
414.3		0.857143
414.4		0.857143
414.5		0.857143
414.6		0.857143
414.7		0.857143
414.8		0.857143
414.9		0.857143
415		0.857143
415.1		0.857143
415.2		0.857143
415.3		0.857143
415.4		0.857143
415.5		0.857143
415.6		0.857143
415.7		0.857143
415.8		0.857143
415.9		0.857143
416		0.857143
416.1		0.857143
416.2		0.857143
416.3		0.857143
416.4		0.857143
416.5		0.857143
416.6		0.857143
416.7		0.857143
416.8		0.857143
416.9		0.857143
417		0.857143
417.1		0.857143
417.2		0.857143
417.3		0.857143
417.4		0.857143
417.5		0.857143
417.6		0.857143
417.7		0.857143
417.8		0.857143
417.9		0.857143
418		0.857143
418.1		0.857143
418.2		0.857143
418.3		0.857143
418.4		0.857143
418.5		0.857143
418.6		0.857143
418.7		0.857143
418.8		0.857143
418.9		0.857143
419		0.857143
419.1		0.857143
419.2		0.857143
419.3		0.857143
419.4		0.857143
419.5		0.857143
419.6		0.857143
419.7		0.857143
419.8		0.857143
419.9		0.857143
420		0.857143
420.1		0.857143
420.2		0.857143
420.3		0.857143
420.4		0.857143
420.5		0.857143
420.6		0.857143
420.7		0.857143
420.8		0.857143
420.9		0.857143
421		0.857143
421.1		0.857143
421.2		0.857143
421.3		0.857143
421.4		0.857143
421.5		0.857143
421.6		0.857143
421.7		0.857143
421.8		0.857143
421.9		0.857143
422		0.857143
422.1		0.857143
422.2		0.857143
422.3		0.857143
422.4		0.857143
422.5		0.857143
422.6		0.857143
422.7		0.857143
422.8		0.857143
422.9		0.857143
423		0.857143
423.1		0.857143
423.2		0.857143
423.3		0.857143
423.4		0.857143
423.5		0.857143
423.6		0.857143
423.7		0.857143
423.8		0.857143
423.9		0.857143
424		0.857143
424.1		0.857143
424.2		0.857143
424.3		0.857143
424.4		0.857143
424.5		0.857143
424.6		0.857143
424.7		0.857143
424.8		0.857143
424.9		0.857143
425		0.857143
425.1		0.857143
425.2		0.857143
425.3		0.857143
425.4		0.857143
425.5		0.857143
425.6		0.857143
425.7		0.857143
425.8		0.857143
425.9		0.857143
426		0.857143
426.1		0.928571
426.2		0.928571
426.3		0.928571
426.4		0.928571
426.5		0.928571
426.6		0.928571
426.7		0.928571
426.8		0.928571
426.9		0.928571
427		0.928571
427.1		0.928571
427.2		0.928571
427.3		0.928571
427.4		0.928571
427.5		0.928571
427.6		0.928571
427.7		0.928571
427.8		0.928571
427.9		0.928571
428		0.928571
428.1		0.928571
428.2		0.928571
428.3		0.928571
428.4		0.928571
428.5		0.928571
428.6		0.928571
428.7		0.928571
428.8		0.928571
428.9		0.928571
429		0.928571
429.1		0.928571
429.2		0.928571
429.3		0.928571
429.4		0.928571
429.5		0.928571
429.6		0.928571
429.7		0.928571
429.8		0.928571
429.9		0.928571
430		0.928571
430.1		0.928571
430.2		0.928571
430.3		0.928571
430.4		0.928571
430.5		0.928571
430.6		0.928571
430.7		0.928571
430.8		0.928571
430.9		0.928571
431		0.928571
431.1		0.928571
431.2		0.928571
431.3		0.928571
431.4		0.928571
431.5		0.928571
431.6		0.928571
431.7		0.928571
431.8		0.928571
431.9		0.928571
432		0.928571
432.1		0.928571
432.2		0.928571
432.3		0.928571
432.4		0.928571
432.5		0.928571
432.6		0.928571
432.7		0.928571
432.8		0.928571
432.9		0.928571
433		0.928571
433.1		0.928571
433.2		0.928571
433.3		0.928571
433.4		0.928571
433.5		0.928571
433.6		0.928571
433.7		0.928571
433.8		0.928571
433.9		0.928571
434		0.928571
434.1		0.928571
434.2		0.928571
434.3		0.928571
434.4		0.928571
434.5		0.928571
434.6		0.928571
434.7		0.928571
434.8		0.928571
434.9		0.928571
435		0.928571
435.1		0.928571
435.2		0.928571
435.3		0.928571
435.4		0.928571
435.5		0.928571
435.6		0.928571
435.7		0.928571
435.8		0.928571
435.9		0.928571
436		0.928571
436.1		0.928571
436.2		0.928571
436.3		0.928571
436.4		0.928571
436.5		0.928571
436.6		0.928571
436.7		0.928571
436.8		0.928571
436.9		0.928571
437		0.928571
437.1		0.928571
437.2		0.928571
437.3		0.928571
437.4		0.928571
437.5		0.928571
437.6		0.928571
437.7		0.928571
437.8		0.928571
437.9		0.928571
438		0.928571
438.1		0.928571
438.2		0.928571
438.3		0.928571
438.4		0.928571
438.5		0.928571
438.6		0.928571
438.7		0.928571
438.8		0.928571
438.9		0.928571
439		0.928571
439.1		0.928571
439.2		0.928571
439.3		0.928571
439.4		0.928571
439.5		0.928571
439.6		0.928571
439.7		0.928571
439.8		0.928571
439.9		0.928571
440		0.928571
440.1		0.928571
440.2		0.928571
440.3		0.928571
440.4		0.928571
440.5		0.928571
440.6		0.928571
440.7		0.928571
440.8		0.928571
440.9		0.928571
441		0.928571
441.1		0.928571
441.2		0.928571
441.3		0.928571
441.4		0.928571
441.5		0.928571
441.6		0.928571
441.7		0.928571
441.8		0.928571
441.9		0.928571
442		0.928571
442.1		0.928571
442.2		0.928571
442.3		0.928571
442.4		0.928571
442.5		0.928571
442.6		0.928571
442.7		0.928571
442.8		0.928571
442.9		0.928571
443		0.928571
443.1		0.928571
443.2		0.928571
443.3		0.928571
443.4		0.928571
443.5		0.928571
443.6		0.928571
443.7		0.928571
443.8		0.928571
443.9		0.928571
444		0.928571
444.1		0.928571
444.2		0.928571
444.3		0.928571
444.4		0.928571
444.5		0.928571
444.6		0.928571
444.7		0.928571
444.8		0.928571
444.9		0.928571
445		0.928571
445.1		0.928571
445.2		0.928571
445.3		0.928571
445.4		0.928571
445.5		0.928571
445.6		0.928571
445.7		0.928571
445.8		0.928571
445.9		0.928571
446		0.928571
446.1		0.928571
446.2		0.928571
446.3		0.928571
446.4		0.928571
446.5		0.928571
446.6		0.928571
446.7		0.928571
446.8		0.928571
446.9		0.928571
447		0.928571
447.1		1
447.2		1
447.3		1
447.4		1
447.5		1
447.6		1
447.7		1
447.8		1
447.9		1
448		1
448.1		1
448.2		1
448.3		1
448.4		1
448.5		1
448.6		1
448.7		1
448.8		1
448.9		1
449		1
449.1		1
449.2		1
449.3		1
449.4		1
449.5		1
449.6		1
449.7		1
449.8		1
449.9		1
450		1
450.1		1
450.2		1
450.3		1
450.4		1
450.5		1
450.6		1
450.7		1
450.8		1
450.9		1
451		1
451.1		1
451.2		1
451.3		1
451.4		1
451.5		1
451.6		1
451.7		1
451.8		1
451.9		1
452		1
452.1		1
452.2		1
452.3		1
452.4		1
452.5		1
452.6		1
452.7		1
452.8		1
452.9		1
453		1
453.1		1
453.2		1
453.3		1
453.4		1
453.5		1
453.6		1
453.7		1
453.8		1
453.9		1
454		1
454.1		1
454.2		1
454.3		1
454.4		1
454.5		1
454.6		1
454.7		1
454.8		1
454.9		1
455		1
455.1		1
455.2		1
455.3		1
455.4		1
455.5		1
455.6		1
455.7		1
455.8		1
455.9		1
456		1
456.1		1
456.2		1
456.3		1
456.4		1
456.5		1
456.6		1
456.7		1
456.8		1
456.9		1
457		1
457.1		1
457.2		1
457.3		1
457.4		1
457.5		1
457.6		1
457.7		1
457.8		1
457.9		1
458		1
458.1		1
458.2		1
458.3		1
458.4		1
458.5		1
458.6		1
458.7		1
458.8		1
458.9		1
459		1
459.1		1
459.2		1
459.3		1
459.4		1
459.5		1
459.6		1
459.7		1
459.8		1
459.9		1
460		1
460.1		1
460.2		1
460.3		1
460.4		1
460.5		1
460.6		1
460.7		1
460.8		1
460.9		1
461		1
461.1		1
461.2		1
461.3		1
461.4		1
461.5		1
461.6		1
461.7		1
461.8		1
461.9		1
462		1
462.1		1
462.2		1
462.3		1
462.4		1
462.5		1
462.6		1
462.7		1
462.8		1
462.9		1
463		1
463.1		1
463.2		1
463.3		1
463.4		1
463.5		1
463.6		1
463.7		1
463.8		1
463.9		1
464		1
464.1		1
464.2		1
464.3		1
464.4		1
464.5		1
464.6		1
464.7		1
464.8		1
464.9		1
465		1
465.1		1
465.2		1
465.3		1
465.4		1
465.5		1
465.6		1
465.7		1
465.8		1
465.9		1
466		1
466.1		1
466.2		1
466.3		1
466.4		1
466.5		1
466.6		1
466.7		1
466.8		1
466.9		1
467		1
467.1		1
467.2		1
467.3		1
467.4		1
467.5		1
467.6		1
467.7		1
467.8		1
467.9		1
468		1
468.1		1
468.2		1
468.3		1
468.4		1
468.5		1
468.6		1
468.7		1
468.8		1
468.9		1
469		1
469.1		1
469.2		1
469.3		1
469.4		1
469.5		1
469.6		1
469.7		1
469.8		1
469.9		1
470		1
470.1		1
470.2		1
470.3		1
470.4		1
470.5		1
470.6		1
470.7		1
470.8		1
470.9		1
471		1
471.1		1
471.2		1
471.3		1
471.4		1
471.5		1
471.6		1
471.7		1
471.8		1
471.9		1
472		1
472.1		1
472.2		1
472.3		1
472.4		1
472.5		1
472.6		1
472.7		1
472.8		1
472.9		1
473		1
473.1		1
473.2		1
473.3		1
473.4		1
473.5		1
473.6		1
473.7		1
473.8		1
473.9		1
474		1
474.1		1
474.2		1
474.3		1
474.4		1
474.5		1
474.6		1
474.7		1
474.8		1
474.9		1
475		1
475.1		1
475.2		1
475.3		1
475.4		1
475.5		1
475.6		1
475.7		1
475.8		1
475.9		1
476		1
476.1		1
476.2		1
476.3		1
476.4		1
476.5		1
476.6		1
476.7		1
476.8		1
476.9		1
477		1
477.1		1
477.2		1
477.3		1
477.4		1
477.5		1
477.6		1
477.7		1
477.8		1
477.9		1
478		1
478.1		1
478.2		1
478.3		1
478.4		1
478.5		1
478.6		1
478.7		1
478.8		1
478.9		1
479		1
479.1		1
479.2		1
479.3		1
479.4		1
479.5		1
479.6		1
479.7		1
479.8		1
479.9		1
480		1
480.1		1
480.2		1
480.3		1
480.4		1
480.5		1
480.6		1
480.7		1
480.8		1
480.9		1
481		1
481.1		1
481.2		1
481.3		1
481.4		1
481.5		1
481.6		1
481.7		1
481.8		1
481.9		1
482		1
482.1		1
482.2		1
482.3		1
482.4		1
482.5		1
482.6		1
482.7		1
482.8		1
482.9		1
483		1
483.1		1
483.2		1
483.3		1
483.4		1
483.5		1
483.6		1
483.7		1
483.8		1
483.9		1
484		1
484.1		1
484.2		1
484.3		1
484.4		1
484.5		1
484.6		1
484.7		1
484.8		1
484.9		1
485		1
485.1		1
485.2		1
485.3		1
485.4		1
485.5		1
485.6		1
485.7		1
485.8		1
485.9		1
486		1
486.1		1
486.2		1
486.3		1
486.4		1
486.5		1
486.6		1
486.7		1
486.8		1
486.9		1
487		1
487.1		1
487.2		1
487.3		1
487.4		1
487.5		1
487.6		1
487.7		1
487.8		1
487.9		1
488		1
488.1		1
488.2		1
488.3		1
488.4		1
488.5		1
488.6		1
488.7		1
488.8		1
488.9		1
489		1
489.1		1
489.2		1
489.3		1
489.4		1
489.5		1
489.6		1
489.7		1
489.8		1
489.9		1
490		1
490.1		1
490.2		1
490.3		1
490.4		1
490.5		1
490.6		1
490.7		1
490.8		1
490.9		1
491		1
491.1		1
491.2		1
491.3		1
491.4		1
491.5		1
491.6		1
491.7		1
491.8		1
491.9		1
492		1
492.1		1
492.2		1
492.3		1
492.4		1
492.5		1
492.6		1
492.7		1
492.8		1
492.9		1
493		1
493.1		1
493.2		1
493.3		1
493.4		1
493.5		1
493.6		1
493.7		1
493.8		1
493.9		1
494		1
494.1		1
494.2		1
494.3		1
494.4		1
494.5		1
494.6		1
494.7		1
494.8		1
494.9		1
495		1
495.1		1
495.2		1
495.3		1
495.4		1
495.5		1
495.6		1
495.7		1
495.8		1
495.9		1
496		1
496.1		1
496.2		1
496.3		1
496.4		1
496.5		1
496.6		1
496.7		1
496.8		1
496.9		1
497		1
497.1		1
497.2		1
497.3		1
497.4		1
497.5		1
497.6		1
497.7		1
497.8		1
497.9		1
498		1
498.1		1
498.2		1
498.3		1
498.4		1
498.5		1
498.6		1
498.7		1
498.8		1
498.9		1
499		1
499.1		1
499.2		1
499.3		1
499.4		1
499.5		1
499.6		1
499.7		1
499.8		1
499.9		1
500		1
500.1		1
500.2		1
500.3		1
500.4		1
500.5		1
500.6		1
500.7		1
500.8		1
500.9		1
501		1
501.1		1
501.2		1
501.3		1
501.4		1
501.5		1
501.6		1
501.7		1
501.8		1
501.9		1
502		1
502.1		1
502.2		1
502.3		1
502.4		1
502.5		1
502.6		1
502.7		1
502.8		1
502.9		1
503		1
503.1		1
503.2		1
503.3		1
503.4		1
503.5		1
503.6		1
503.7		1
503.8		1
503.9		1
504		1
504.1		1
504.2		1
504.3		1
504.4		1
504.5		1
504.6		1
504.7		1
504.8		1
504.9		1
505		1
505.1		1
505.2		1
505.3		1
505.4		1
505.5		1
505.6		1
505.7		1
505.8		1
505.9		1
506		1
506.1		1
506.2		1
506.3		1
506.4		1
506.5		1
506.6		1
506.7		1
506.8		1
506.9		1
507		1
507.1		1
507.2		1
507.3		1
507.4		1
507.5		1
507.6		1
507.7		1
507.8		1
507.9		1
508		1
508.1		1
508.2		1
508.3		1
508.4		1
508.5		1
508.6		1
508.7		1
508.8		1
508.9		1
509		1
509.1		1
509.2		1
509.3		1
509.4		1
509.5		1
509.6		1
509.7		1
509.8		1
509.9		1
510		1
510.1		1
510.2		1
510.3		1
510.4		1
510.5		1
510.6		1
510.7		1
510.8		1
510.9		1
511		1
511.1		1
511.2		1
511.3		1
511.4		1
511.5		1
511.6		1
511.7		1
511.8		1
511.9		1
512		1
512.1		1
512.2		1
512.3		1
512.4		1
512.5		1
512.6		1
512.7		1
512.8		1
512.9		1
513		1
513.1		1
513.2		1
513.3		1
513.4		1
513.5		1
513.6		1
513.7		1
513.8		1
513.9		1
514		1
514.1		1
514.2		1
514.3		1
514.4		1
514.5		1
514.6		1
514.7		1
514.8		1
514.9		1
515		1
515.1		1
515.2		1
515.3		1
515.4		1
515.5		1
515.6		1
515.7		1
515.8		1
515.9		1
516		1
516.1		1
516.2		1
516.3		1
516.4		1
516.5		1
516.6		1
516.7		1
516.8		1
516.9		1
517		1
517.1		1
517.2		1
517.3		1
517.4		1
517.5		1
517.6		1
517.7		1
517.8		1
517.9		1
518		1
518.1		1
518.2		1
518.3		1
518.4		1
518.5		1
518.6		1
518.7		1
518.8		1
518.9		1
519		1
519.1		1
519.2		1
519.3		1
519.4		1
519.5		1
519.6		1
519.7		1
519.8		1
519.9		1
520		1
520.1		1
520.2		1
520.3		1
520.4		1
520.5		1
520.6		1
520.7		1
520.8		1
520.9		1
521		1
521.1		1
521.2		1
521.3		1
521.4		1
521.5		1
521.6		1
521.7		1
521.8		1
521.9		1
522		1
522.1		1
522.2		1
522.3		1
522.4		1
522.5		1
522.6		1
522.7		1
522.8		1
522.9		1
523		1
523.1		1
523.2		1
523.3		1
523.4		1
523.5		1
523.6		1
523.7		1
523.8		1
523.9		1
524		1
524.1		1
524.2		1
524.3		1
524.4		1
524.5		1
524.6		1
524.7		1
524.8		1
524.9		1
525		1
525.1		1
525.2		1
525.3		1
525.4		1
525.5		1
525.6		1
525.7		1
525.8		1
525.9		1
526		1
526.1		1
526.2		1
526.3		1
526.4		1
526.5		1
526.6		1
526.7		1
526.8		1
526.9		1
527		1
527.1		1
527.2		1
527.3		1
527.4		1
527.5		1
527.6		1
527.7		1
527.8		1
527.9		1
528		1
528.1		1
528.2		1
528.3		1
528.4		1
528.5		1
528.6		1
528.7		1
528.8		1
528.9		1
529		1
529.1		1
529.2		1
529.3		1
529.4		1
529.5		1
529.6		1
529.7		1
529.8		1
529.9		1
530		1
530.1		1
530.2		1
530.3		1
530.4		1
530.5		1
530.6		1
530.7		1
530.8		1
530.9		1
531		1
531.1		1
531.2		1
531.3		1
531.4		1
531.5		1
531.6		1
531.7		1
531.8		1
531.9		1
532		1
532.1		1
532.2		1
532.3		1
532.4		1
532.5		1
532.6		1
532.7		1
532.8		1
532.9		1
533		1
533.1		1
533.2		1
533.3		1
533.4		1
533.5		1
533.6		1
533.7		1
533.8		1
533.9		1
534		1
534.1		1
534.2		1
534.3		1
534.4		1
534.5		1
534.6		1
534.7		1
534.8		1
534.9		1
535		1
535.1		1
535.2		1
535.3		1
535.4		1
535.5		1
535.6		1
535.7		1
535.8		1
535.9		1
536		1
536.1		1
536.2		1
536.3		1
536.4		1
536.5		1
536.6		1
536.7		1
536.8		1
536.9		1
537		1
537.1		1
537.2		1
537.3		1
537.4		1
537.5		1
537.6		1
537.7		1
537.8		1
537.9		1
538		1
538.1		1
538.2		1
538.3		1
538.4		1
538.5		1
538.6		1
538.7		1
538.8		1
538.9		1
539		1
539.1		1
539.2		1
539.3		1
539.4		1
539.5		1
539.6		1
539.7		1
539.8		1
539.9		1
540		1
540.1		1
540.2		1
540.3		1
540.4		1
540.5		1
540.6		1
540.7		1
540.8		1
540.9		1
541		1
541.1		1
541.2		1
541.3		1
541.4		1
541.5		1
541.6		1
541.7		1
541.8		1
541.9		1
542		1
542.1		1
542.2		1
542.3		1
542.4		1
542.5		1
542.6		1
542.7		1
542.8		1
542.9		1
543		1
543.1		1
543.2		1
543.3		1
543.4		1
543.5		1
543.6		1
543.7		1
543.8		1
543.9		1
544		1
544.1		1
544.2		1
544.3		1
544.4		1
544.5		1
544.6		1
544.7		1
544.8		1
544.9		1
545		1
545.1		1
545.2		1
545.3		1
545.4		1
545.5		1
545.6		1
545.7		1
545.8		1
545.9		1
546		1
546.1		1
546.2		1
546.3		1
546.4		1
546.5		1
546.6		1
546.7		1
546.8		1
546.9		1
547		1
547.1		1
547.2		1
547.3		1
547.4		1
547.5		1
547.6		1
547.7		1
547.8		1
547.9		1
548		1
548.1		1
548.2		1
548.3		1
548.4		1
548.5		1
548.6		1
548.7		1
548.8		1
548.9		1
549		1
549.1		1
549.2		1
549.3		1
549.4		1
549.5		1
549.6		1
549.7		1
549.8		1
549.9		1
550		1
550.1		1
550.2		1
550.3		1
550.4		1
550.5		1
550.6		1
550.7		1
550.8		1
550.9		1
551		1
551.1		1
551.2		1
551.3		1
551.4		1
551.5		1
551.6		1
551.7		1
551.8		1
551.9		1
552		1
552.1		1
552.2		1
552.3		1
552.4		1
552.5		1
552.6		1
552.7		1
552.8		1
552.9		1
553		1
553.1		1
553.2		1
553.3		1
553.4		1
553.5		1
553.6		1
553.7		1
553.8		1
553.9		1
554		1
554.1		1
554.2		1
554.3		1
554.4		1
554.5		1
554.6		1
554.7		1
554.8		1
554.9		1
555		1
555.1		1
555.2		1
555.3		1
555.4		1
555.5		1
555.6		1
555.7		1
555.8		1
555.9		1
556		1
556.1		1
556.2		1
556.3		1
556.4		1
556.5		1
556.6		1
556.7		1
556.8		1
556.9		1
557		1
557.1		1
557.2		1
557.3		1
557.4		1
557.5		1
557.6		1
557.7		1
557.8		1
557.9		1
558		1
558.1		1
558.2		1
558.3		1
558.4		1
558.5		1
558.6		1
558.7		1
558.8		1
558.9		1
559		1
559.1		1
559.2		1
559.3		1
559.4		1
559.5		1
559.6		1
559.7		1
559.8		1
559.9		1
560		1
560.1		1
560.2		1
560.3		1
560.4		1
560.5		1
560.6		1
560.7		1
560.8		1
560.9		1
561		1
561.1		1
561.2		1
561.3		1
561.4		1
561.5		1
561.6		1
561.7		1
561.8		1
561.9		1
562		1
562.1		1
562.2		1
562.3		1
562.4		1
562.5		1
562.6		1
562.7		1
562.8		1
562.9		1
563		1
563.1		1
563.2		1
563.3		1
563.4		1
563.5		1
563.6		1
563.7		1
563.8		1
563.9		1
564		1
564.1		1
564.2		1
564.3		1
564.4		1
564.5		1
564.6		1
564.7		1
564.8		1
564.9		1
565		1
565.1		1
565.2		1
565.3		1
565.4		1
565.5		1
565.6		1
565.7		1
565.8		1
565.9		1
566		1
566.1		1
566.2		1
566.3		1
566.4		1
566.5		1
566.6		1
566.7		1
566.8		1
566.9		1
567		1
567.1		1
567.2		1
567.3		1
567.4		1
567.5		1
567.6		1
567.7		1
567.8		1
567.9		1
568		1
568.1		1
568.2		1
568.3		1
568.4		1
568.5		1
568.6		1
568.7		1
568.8		1
568.9		1
569		1
569.1		1
569.2		1
569.3		1
569.4		1
569.5		1
569.6		1
569.7		1
569.8		1
569.9		1
570		1
570.1		1
570.2		1
570.3		1
570.4		1
570.5		1
570.6		1
570.7		1
570.8		1
570.9		1
571		1
571.1		1
571.2		1
571.3		1
571.4		1
571.5		1
571.6		1
571.7		1
571.8		1
571.9		1
572		1
572.1		1
572.2		1
572.3		1
572.4		1
572.5		1
572.6		1
572.7		1
572.8		1
572.9		1
573		1
573.1		1
573.2		1
573.3		1
573.4		1
573.5		1
573.6		1
573.7		1
573.8		1
573.9		1
574		1
574.1		1
574.2		1
574.3		1
574.4		1
574.5		1
574.6		1
574.7		1
574.8		1
574.9		1
575		1
575.1		1
575.2		1
575.3		1
575.4		1
575.5		1
575.6		1
575.7		1
575.8		1
575.9		1
576		1
576.1		1
576.2		1
576.3		1
576.4		1
576.5		1
576.6		1
576.7		1
576.8		1
576.9		1
577		1
577.1		1
577.2		1
577.3		1
577.4		1
577.5		1
577.6		1
577.7		1
577.8		1
577.9		1
578		1
578.1		1
578.2		1
578.3		1
578.4		1
578.5		1
578.6		1
578.7		1
578.8		1
578.9		1
579		1
579.1		1
579.2		1
579.3		1
579.4		1
579.5		1
579.6		1
579.7		1
579.8		1
579.9		1
580		1
580.1		1
580.2		1
580.3		1
580.4		1
580.5		1
580.6		1
580.7		1
580.8		1
580.9		1
581		1
581.1		1
581.2		1
581.3		1
581.4		1
581.5		1
581.6		1
581.7		1
581.8		1
581.9		1
582		1
582.1		1
582.2		1
582.3		1
582.4		1
582.5		1
582.6		1
582.7		1
582.8		1
582.9		1
583		1
583.1		1
583.2		1
583.3		1
583.4		1
583.5		1
583.6		1
583.7		1
583.8		1
583.9		1
584		1
584.1		1
584.2		1
584.3		1
584.4		1
584.5		1
584.6		1
584.7		1
584.8		1
584.9		1
585		1
585.1		1
585.2		1
585.3		1
585.4		1
585.5		1
585.6		1
585.7		1
585.8		1
585.9		1
586		1
586.1		1
586.2		1
586.3		1
586.4		1
586.5		1
586.6		1
586.7		1
586.8		1
586.9		1
587		1
587.1		1
587.2		1
587.3		1
587.4		1
587.5		1
587.6		1
587.7		1
587.8		1
587.9		1
588		1
588.1		1
588.2		1
588.3		1
588.4		1
588.5		1
588.6		1
588.7		1
588.8		1
588.9		1
589		1
589.1		1
589.2		1
589.3		1
589.4		1
589.5		1
589.6		1
589.7		1
589.8		1
589.9		1
590		1
590.1		1
590.2		1
590.3		1
590.4		1
590.5		1
590.6		1
590.7		1
590.8		1
590.9		1
591		1
591.1		1
591.2		1
591.3		1
591.4		1
591.5		1
591.6		1
591.7		1
591.8		1
591.9		1
592		1
592.1		1
592.2		1
592.3		1
592.4		1
592.5		1
592.6		1
592.7		1
592.8		1
592.9		1
593		1
593.1		1
593.2		1
593.3		1
593.4		1
593.5		1
593.6		1
593.7		1
593.8		1
593.9		1
594		1
594.1		1
594.2		1
594.3		1
594.4		1
594.5		1
594.6		1
594.7		1
594.8		1
594.9		1
595		1
595.1		1
595.2		1
595.3		1
595.4		1
595.5		1
595.6		1
595.7		1
595.8		1
595.9		1
596		1
596.1		1
596.2		1
596.3		1
596.4		1
596.5		1
596.6		1
596.7		1
596.8		1
596.9		1
597		1
597.1		1
597.2		1
597.3		1
597.4		1
597.5		1
597.6		1
597.7		1
597.8		1
597.9		1
598		1
598.1		1
598.2		1
598.3		1
598.4		1
598.5		1
598.6		1
598.7		1
598.8		1
598.9		1
599		1
599.1		1
599.2		1
599.3		1
599.4		1
599.5		1
599.6		1
599.7		1
599.8		1
599.9		1
600		1
