# Calibration file of tamex_id 1 @ channel 11
# fine_T bin		 Calibration value
0.1		0
0.2		0
0.3		0
0.4		0
0.5		0
0.6		0
0.7		0
0.8		0
0.9		0
1		0
1.1		0
1.2		0
1.3		0
1.4		0
1.5		0
1.6		0
1.7		0
1.8		0
1.9		0
2		0
2.1		0
2.2		0
2.3		0
2.4		0
2.5		0
2.6		0
2.7		0
2.8		0
2.9		0
3		0
3.1		0
3.2		0
3.3		0
3.4		0
3.5		0
3.6		0
3.7		0
3.8		0
3.9		0
4		0
4.1		0
4.2		0
4.3		0
4.4		0
4.5		0
4.6		0
4.7		0
4.8		0
4.9		0
5		0
5.1		0
5.2		0
5.3		0
5.4		0
5.5		0
5.6		0
5.7		0
5.8		0
5.9		0
6		0
6.1		0
6.2		0
6.3		0
6.4		0
6.5		0
6.6		0
6.7		0
6.8		0
6.9		0
7		0
7.1		0
7.2		0
7.3		0
7.4		0
7.5		0
7.6		0
7.7		0
7.8		0
7.9		0
8		0
8.1		0
8.2		0
8.3		0
8.4		0
8.5		0
8.6		0
8.7		0
8.8		0
8.9		0
9		0
9.1		0
9.2		0
9.3		0
9.4		0
9.5		0
9.6		0
9.7		0
9.8		0
9.9		0
10		0
10.1		0
10.2		0
10.3		0
10.4		0
10.5		0
10.6		0
10.7		0
10.8		0
10.9		0
11		0
11.1		0
11.2		0
11.3		0
11.4		0
11.5		0
11.6		0
11.7		0
11.8		0
11.9		0
12		0
12.1		0
12.2		0
12.3		0
12.4		0
12.5		0
12.6		0
12.7		0
12.8		0
12.9		0
13		0
13.1		0
13.2		0
13.3		0
13.4		0
13.5		0
13.6		0
13.7		0
13.8		0
13.9		0
14		0
14.1		0
14.2		0
14.3		0
14.4		0
14.5		0
14.6		0
14.7		0
14.8		0
14.9		0
15		0
15.1		0
15.2		0
15.3		0
15.4		0
15.5		0
15.6		0
15.7		0
15.8		0
15.9		0
16		0
16.1		0.00376806
16.2		0.00376806
16.3		0.00376806
16.4		0.00376806
16.5		0.00376806
16.6		0.00376806
16.7		0.00376806
16.8		0.00376806
16.9		0.00376806
17		0.00376806
17.1		0.00781523
17.2		0.00781523
17.3		0.00781523
17.4		0.00781523
17.5		0.00781523
17.6		0.00781523
17.7		0.00781523
17.8		0.00781523
17.9		0.00781523
18		0.00781523
18.1		0.00851301
18.2		0.00851301
18.3		0.00851301
18.4		0.00851301
18.5		0.00851301
18.6		0.00851301
18.7		0.00851301
18.8		0.00851301
18.9		0.00851301
19		0.00851301
19.1		0.0106762
19.2		0.0106762
19.3		0.0106762
19.4		0.0106762
19.5		0.0106762
19.6		0.0106762
19.7		0.0106762
19.8		0.0106762
19.9		0.0106762
20		0.0106762
20.1		0.0172354
20.2		0.0172354
20.3		0.0172354
20.4		0.0172354
20.5		0.0172354
20.6		0.0172354
20.7		0.0172354
20.8		0.0172354
20.9		0.0172354
21		0.0172354
21.1		0.0177238
21.2		0.0177238
21.3		0.0177238
21.4		0.0177238
21.5		0.0177238
21.6		0.0177238
21.7		0.0177238
21.8		0.0177238
21.9		0.0177238
22		0.0177238
22.1		0.0187705
22.2		0.0187705
22.3		0.0187705
22.4		0.0187705
22.5		0.0187705
22.6		0.0187705
22.7		0.0187705
22.8		0.0187705
22.9		0.0187705
23		0.0187705
23.1		0.0189101
23.2		0.0189101
23.3		0.0189101
23.4		0.0189101
23.5		0.0189101
23.6		0.0189101
23.7		0.0189101
23.8		0.0189101
23.9		0.0189101
24		0.0189101
24.1		0.0212825
24.2		0.0212825
24.3		0.0212825
24.4		0.0212825
24.5		0.0212825
24.6		0.0212825
24.7		0.0212825
24.8		0.0212825
24.9		0.0212825
25		0.0212825
25.1		0.0224688
25.2		0.0224688
25.3		0.0224688
25.4		0.0224688
25.5		0.0224688
25.6		0.0224688
25.7		0.0224688
25.8		0.0224688
25.9		0.0224688
26		0.0224688
26.1		0.024911
26.2		0.024911
26.3		0.024911
26.4		0.024911
26.5		0.024911
26.6		0.024911
26.7		0.024911
26.8		0.024911
26.9		0.024911
27		0.024911
27.1		0.0258879
27.2		0.0258879
27.3		0.0258879
27.4		0.0258879
27.5		0.0258879
27.6		0.0258879
27.7		0.0258879
27.8		0.0258879
27.9		0.0258879
28		0.0258879
28.1		0.0272137
28.2		0.0272137
28.3		0.0272137
28.4		0.0272137
28.5		0.0272137
28.6		0.0272137
28.7		0.0272137
28.8		0.0272137
28.9		0.0272137
29		0.0272137
29.1		0.0303538
29.2		0.0303538
29.3		0.0303538
29.4		0.0303538
29.5		0.0303538
29.6		0.0303538
29.7		0.0303538
29.8		0.0303538
29.9		0.0303538
30		0.0303538
30.1		0.0316796
30.2		0.0316796
30.3		0.0316796
30.4		0.0316796
30.5		0.0316796
30.6		0.0316796
30.7		0.0316796
30.8		0.0316796
30.9		0.0316796
31		0.0316796
31.1		0.0320982
31.2		0.0320982
31.3		0.0320982
31.4		0.0320982
31.5		0.0320982
31.6		0.0320982
31.7		0.0320982
31.8		0.0320982
31.9		0.0320982
32		0.0320982
32.1		0.0333543
32.2		0.0333543
32.3		0.0333543
32.4		0.0333543
32.5		0.0333543
32.6		0.0333543
32.7		0.0333543
32.8		0.0333543
32.9		0.0333543
33		0.0333543
33.1		0.0355872
33.2		0.0355872
33.3		0.0355872
33.4		0.0355872
33.5		0.0355872
33.6		0.0355872
33.7		0.0355872
33.8		0.0355872
33.9		0.0355872
34		0.0355872
34.1		0.0397739
34.2		0.0397739
34.3		0.0397739
34.4		0.0397739
34.5		0.0397739
34.6		0.0397739
34.7		0.0397739
34.8		0.0397739
34.9		0.0397739
35		0.0397739
35.1		0.0407508
35.2		0.0407508
35.3		0.0407508
35.4		0.0407508
35.5		0.0407508
35.6		0.0407508
35.7		0.0407508
35.8		0.0407508
35.9		0.0407508
36		0.0407508
36.1		0.0429837
36.2		0.0429837
36.3		0.0429837
36.4		0.0429837
36.5		0.0429837
36.6		0.0429837
36.7		0.0429837
36.8		0.0429837
36.9		0.0429837
37		0.0429837
37.1		0.0432629
37.2		0.0432629
37.3		0.0432629
37.4		0.0432629
37.5		0.0432629
37.6		0.0432629
37.7		0.0432629
37.8		0.0432629
37.9		0.0432629
38		0.0432629
38.1		0.046054
38.2		0.046054
38.3		0.046054
38.4		0.046054
38.5		0.046054
38.6		0.046054
38.7		0.046054
38.8		0.046054
38.9		0.046054
39		0.046054
39.1		0.0505896
39.2		0.0505896
39.3		0.0505896
39.4		0.0505896
39.5		0.0505896
39.6		0.0505896
39.7		0.0505896
39.8		0.0505896
39.9		0.0505896
40		0.0505896
40.1		0.0523341
40.2		0.0523341
40.3		0.0523341
40.4		0.0523341
40.5		0.0523341
40.6		0.0523341
40.7		0.0523341
40.8		0.0523341
40.9		0.0523341
41		0.0523341
41.1		0.0541483
41.2		0.0541483
41.3		0.0541483
41.4		0.0541483
41.5		0.0541483
41.6		0.0541483
41.7		0.0541483
41.8		0.0541483
41.9		0.0541483
42		0.0541483
42.1		0.0553346
42.2		0.0553346
42.3		0.0553346
42.4		0.0553346
42.5		0.0553346
42.6		0.0553346
42.7		0.0553346
42.8		0.0553346
42.9		0.0553346
43		0.0553346
43.1		0.0567999
43.2		0.0567999
43.3		0.0567999
43.4		0.0567999
43.5		0.0567999
43.6		0.0567999
43.7		0.0567999
43.8		0.0567999
43.9		0.0567999
44		0.0567999
44.1		0.057428
44.2		0.057428
44.3		0.057428
44.4		0.057428
44.5		0.057428
44.6		0.057428
44.7		0.057428
44.8		0.057428
44.9		0.057428
45		0.057428
45.1		0.0586142
45.2		0.0586142
45.3		0.0586142
45.4		0.0586142
45.5		0.0586142
45.6		0.0586142
45.7		0.0586142
45.8		0.0586142
45.9		0.0586142
46		0.0586142
46.1		0.0636383
46.2		0.0636383
46.3		0.0636383
46.4		0.0636383
46.5		0.0636383
46.6		0.0636383
46.7		0.0636383
46.8		0.0636383
46.9		0.0636383
47		0.0636383
47.1		0.066569
47.2		0.066569
47.3		0.066569
47.4		0.066569
47.5		0.066569
47.6		0.066569
47.7		0.066569
47.8		0.066569
47.9		0.066569
48		0.066569
48.1		0.0676157
48.2		0.0676157
48.3		0.0676157
48.4		0.0676157
48.5		0.0676157
48.6		0.0676157
48.7		0.0676157
48.8		0.0676157
48.9		0.0676157
49		0.0676157
49.1		0.0680343
49.2		0.0680343
49.3		0.0680343
49.4		0.0680343
49.5		0.0680343
49.6		0.0680343
49.7		0.0680343
49.8		0.0680343
49.9		0.0680343
50		0.0680343
50.1		0.0686623
50.2		0.0686623
50.3		0.0686623
50.4		0.0686623
50.5		0.0686623
50.6		0.0686623
50.7		0.0686623
50.8		0.0686623
50.9		0.0686623
51		0.0686623
51.1		0.0708953
51.2		0.0708953
51.3		0.0708953
51.4		0.0708953
51.5		0.0708953
51.6		0.0708953
51.7		0.0708953
51.8		0.0708953
51.9		0.0708953
52		0.0708953
52.1		0.0743842
52.2		0.0743842
52.3		0.0743842
52.4		0.0743842
52.5		0.0743842
52.6		0.0743842
52.7		0.0743842
52.8		0.0743842
52.9		0.0743842
53		0.0743842
53.1		0.0765473
53.2		0.0765473
53.3		0.0765473
53.4		0.0765473
53.5		0.0765473
53.6		0.0765473
53.7		0.0765473
53.8		0.0765473
53.9		0.0765473
54		0.0765473
54.1		0.0779429
54.2		0.0779429
54.3		0.0779429
54.4		0.0779429
54.5		0.0779429
54.6		0.0779429
54.7		0.0779429
54.8		0.0779429
54.9		0.0779429
55		0.0779429
55.1		0.0791989
55.2		0.0791989
55.3		0.0791989
55.4		0.0791989
55.5		0.0791989
55.6		0.0791989
55.7		0.0791989
55.8		0.0791989
55.9		0.0791989
56		0.0791989
56.1		0.0795478
56.2		0.0795478
56.3		0.0795478
56.4		0.0795478
56.5		0.0795478
56.6		0.0795478
56.7		0.0795478
56.8		0.0795478
56.9		0.0795478
57		0.0795478
57.1		0.0810132
57.2		0.0810132
57.3		0.0810132
57.4		0.0810132
57.5		0.0810132
57.6		0.0810132
57.7		0.0810132
57.8		0.0810132
57.9		0.0810132
58		0.0810132
58.1		0.0875026
58.2		0.0875026
58.3		0.0875026
58.4		0.0875026
58.5		0.0875026
58.6		0.0875026
58.7		0.0875026
58.8		0.0875026
58.9		0.0875026
59		0.0875026
59.1		0.0879213
59.2		0.0879213
59.3		0.0879213
59.4		0.0879213
59.5		0.0879213
59.6		0.0879213
59.7		0.0879213
59.8		0.0879213
59.9		0.0879213
60		0.0879213
60.1		0.08834
60.2		0.08834
60.3		0.08834
60.4		0.08834
60.5		0.08834
60.6		0.08834
60.7		0.08834
60.8		0.08834
60.9		0.08834
61		0.08834
61.1		0.0892471
61.2		0.0892471
61.3		0.0892471
61.4		0.0892471
61.5		0.0892471
61.6		0.0892471
61.7		0.0892471
61.8		0.0892471
61.9		0.0892471
62		0.0892471
62.1		0.0949689
62.2		0.0949689
62.3		0.0949689
62.4		0.0949689
62.5		0.0949689
62.6		0.0949689
62.7		0.0949689
62.8		0.0949689
62.9		0.0949689
63		0.0949689
63.1		0.0955272
63.2		0.0955272
63.3		0.0955272
63.4		0.0955272
63.5		0.0955272
63.6		0.0955272
63.7		0.0955272
63.8		0.0955272
63.9		0.0955272
64		0.0955272
64.1		0.0960854
64.2		0.0960854
64.3		0.0960854
64.4		0.0960854
64.5		0.0960854
64.6		0.0960854
64.7		0.0960854
64.8		0.0960854
64.9		0.0960854
65		0.0960854
65.1		0.0965041
65.2		0.0965041
65.3		0.0965041
65.4		0.0965041
65.5		0.0965041
65.6		0.0965041
65.7		0.0965041
65.8		0.0965041
65.9		0.0965041
66		0.0965041
66.1		0.100342
66.2		0.100342
66.3		0.100342
66.4		0.100342
66.5		0.100342
66.6		0.100342
66.7		0.100342
66.8		0.100342
66.9		0.100342
67		0.100342
67.1		0.101109
67.2		0.101109
67.3		0.101109
67.4		0.101109
67.5		0.101109
67.6		0.101109
67.7		0.101109
67.8		0.101109
67.9		0.101109
68		0.101109
68.1		0.102575
68.2		0.102575
68.3		0.102575
68.4		0.102575
68.5		0.102575
68.6		0.102575
68.7		0.102575
68.8		0.102575
68.9		0.102575
69		0.102575
69.1		0.104738
69.2		0.104738
69.3		0.104738
69.4		0.104738
69.5		0.104738
69.6		0.104738
69.7		0.104738
69.8		0.104738
69.9		0.104738
70		0.104738
70.1		0.107878
70.2		0.107878
70.3		0.107878
70.4		0.107878
70.5		0.107878
70.6		0.107878
70.7		0.107878
70.8		0.107878
70.9		0.107878
71		0.107878
71.1		0.110041
71.2		0.110041
71.3		0.110041
71.4		0.110041
71.5		0.110041
71.6		0.110041
71.7		0.110041
71.8		0.110041
71.9		0.110041
72		0.110041
72.1		0.112553
72.2		0.112553
72.3		0.112553
72.4		0.112553
72.5		0.112553
72.6		0.112553
72.7		0.112553
72.8		0.112553
72.9		0.112553
73		0.112553
73.1		0.114437
73.2		0.114437
73.3		0.114437
73.4		0.114437
73.5		0.114437
73.6		0.114437
73.7		0.114437
73.8		0.114437
73.9		0.114437
74		0.114437
74.1		0.114716
74.2		0.114716
74.3		0.114716
74.4		0.114716
74.5		0.114716
74.6		0.114716
74.7		0.114716
74.8		0.114716
74.9		0.114716
75		0.114716
75.1		0.118345
75.2		0.118345
75.3		0.118345
75.4		0.118345
75.5		0.118345
75.6		0.118345
75.7		0.118345
75.8		0.118345
75.9		0.118345
76		0.118345
76.1		0.119601
76.2		0.119601
76.3		0.119601
76.4		0.119601
76.5		0.119601
76.6		0.119601
76.7		0.119601
76.8		0.119601
76.9		0.119601
77		0.119601
77.1		0.123299
77.2		0.123299
77.3		0.123299
77.4		0.123299
77.5		0.123299
77.6		0.123299
77.7		0.123299
77.8		0.123299
77.9		0.123299
78		0.123299
78.1		0.124904
78.2		0.124904
78.3		0.124904
78.4		0.124904
78.5		0.124904
78.6		0.124904
78.7		0.124904
78.8		0.124904
78.9		0.124904
79		0.124904
79.1		0.126439
79.2		0.126439
79.3		0.126439
79.4		0.126439
79.5		0.126439
79.6		0.126439
79.7		0.126439
79.8		0.126439
79.9		0.126439
80		0.126439
80.1		0.130277
80.2		0.130277
80.3		0.130277
80.4		0.130277
80.5		0.130277
80.6		0.130277
80.7		0.130277
80.8		0.130277
80.9		0.130277
81		0.130277
81.1		0.130975
81.2		0.130975
81.3		0.130975
81.4		0.130975
81.5		0.130975
81.6		0.130975
81.7		0.130975
81.8		0.130975
81.9		0.130975
82		0.130975
82.1		0.131812
82.2		0.131812
82.3		0.131812
82.4		0.131812
82.5		0.131812
82.6		0.131812
82.7		0.131812
82.8		0.131812
82.9		0.131812
83		0.131812
83.1		0.133975
83.2		0.133975
83.3		0.133975
83.4		0.133975
83.5		0.133975
83.6		0.133975
83.7		0.133975
83.8		0.133975
83.9		0.133975
84		0.133975
84.1		0.136278
84.2		0.136278
84.3		0.136278
84.4		0.136278
84.5		0.136278
84.6		0.136278
84.7		0.136278
84.8		0.136278
84.9		0.136278
85		0.136278
85.1		0.137325
85.2		0.137325
85.3		0.137325
85.4		0.137325
85.5		0.137325
85.6		0.137325
85.7		0.137325
85.8		0.137325
85.9		0.137325
86		0.137325
86.1		0.140674
86.2		0.140674
86.3		0.140674
86.4		0.140674
86.5		0.140674
86.6		0.140674
86.7		0.140674
86.8		0.140674
86.9		0.140674
87		0.140674
87.1		0.141791
87.2		0.141791
87.3		0.141791
87.4		0.141791
87.5		0.141791
87.6		0.141791
87.7		0.141791
87.8		0.141791
87.9		0.141791
88		0.141791
88.1		0.145489
88.2		0.145489
88.3		0.145489
88.4		0.145489
88.5		0.145489
88.6		0.145489
88.7		0.145489
88.8		0.145489
88.9		0.145489
89		0.145489
89.1		0.148978
89.2		0.148978
89.3		0.148978
89.4		0.148978
89.5		0.148978
89.6		0.148978
89.7		0.148978
89.8		0.148978
89.9		0.148978
90		0.148978
90.1		0.150862
90.2		0.150862
90.3		0.150862
90.4		0.150862
90.5		0.150862
90.6		0.150862
90.7		0.150862
90.8		0.150862
90.9		0.150862
91		0.150862
91.1		0.152048
91.2		0.152048
91.3		0.152048
91.4		0.152048
91.5		0.152048
91.6		0.152048
91.7		0.152048
91.8		0.152048
91.9		0.152048
92		0.152048
92.1		0.156165
92.2		0.156165
92.3		0.156165
92.4		0.156165
92.5		0.156165
92.6		0.156165
92.7		0.156165
92.8		0.156165
92.9		0.156165
93		0.156165
93.1		0.156514
93.2		0.156514
93.3		0.156514
93.4		0.156514
93.5		0.156514
93.6		0.156514
93.7		0.156514
93.8		0.156514
93.9		0.156514
94		0.156514
94.1		0.157421
94.2		0.157421
94.3		0.157421
94.4		0.157421
94.5		0.157421
94.6		0.157421
94.7		0.157421
94.8		0.157421
94.9		0.157421
95		0.157421
95.1		0.158817
95.2		0.158817
95.3		0.158817
95.4		0.158817
95.5		0.158817
95.6		0.158817
95.7		0.158817
95.8		0.158817
95.9		0.158817
96		0.158817
96.1		0.162445
96.2		0.162445
96.3		0.162445
96.4		0.162445
96.5		0.162445
96.6		0.162445
96.7		0.162445
96.8		0.162445
96.9		0.162445
97		0.162445
97.1		0.163003
97.2		0.163003
97.3		0.163003
97.4		0.163003
97.5		0.163003
97.6		0.163003
97.7		0.163003
97.8		0.163003
97.9		0.163003
98		0.163003
98.1		0.165515
98.2		0.165515
98.3		0.165515
98.4		0.165515
98.5		0.165515
98.6		0.165515
98.7		0.165515
98.8		0.165515
98.9		0.165515
99		0.165515
99.1		0.16719
99.2		0.16719
99.3		0.16719
99.4		0.16719
99.5		0.16719
99.6		0.16719
99.7		0.16719
99.8		0.16719
99.9		0.16719
100		0.16719
100.1		0.170121
100.2		0.170121
100.3		0.170121
100.4		0.170121
100.5		0.170121
100.6		0.170121
100.7		0.170121
100.8		0.170121
100.9		0.170121
101		0.170121
101.1		0.170819
101.2		0.170819
101.3		0.170819
101.4		0.170819
101.5		0.170819
101.6		0.170819
101.7		0.170819
101.8		0.170819
101.9		0.170819
102		0.170819
102.1		0.174098
102.2		0.174098
102.3		0.174098
102.4		0.174098
102.5		0.174098
102.6		0.174098
102.7		0.174098
102.8		0.174098
102.9		0.174098
103		0.174098
103.1		0.17675
103.2		0.17675
103.3		0.17675
103.4		0.17675
103.5		0.17675
103.6		0.17675
103.7		0.17675
103.8		0.17675
103.9		0.17675
104		0.17675
104.1		0.178564
104.2		0.178564
104.3		0.178564
104.4		0.178564
104.5		0.178564
104.6		0.178564
104.7		0.178564
104.8		0.178564
104.9		0.178564
105		0.178564
105.1		0.182053
105.2		0.182053
105.3		0.182053
105.4		0.182053
105.5		0.182053
105.6		0.182053
105.7		0.182053
105.8		0.182053
105.9		0.182053
106		0.182053
106.1		0.18296
106.2		0.18296
106.3		0.18296
106.4		0.18296
106.5		0.18296
106.6		0.18296
106.7		0.18296
106.8		0.18296
106.9		0.18296
107		0.18296
107.1		0.183867
107.2		0.183867
107.3		0.183867
107.4		0.183867
107.5		0.183867
107.6		0.183867
107.7		0.183867
107.8		0.183867
107.9		0.183867
108		0.183867
108.1		0.186519
108.2		0.186519
108.3		0.186519
108.4		0.186519
108.5		0.186519
108.6		0.186519
108.7		0.186519
108.8		0.186519
108.9		0.186519
109		0.186519
109.1		0.190008
109.2		0.190008
109.3		0.190008
109.4		0.190008
109.5		0.190008
109.6		0.190008
109.7		0.190008
109.8		0.190008
109.9		0.190008
110		0.190008
110.1		0.192589
110.2		0.192589
110.3		0.192589
110.4		0.192589
110.5		0.192589
110.6		0.192589
110.7		0.192589
110.8		0.192589
110.9		0.192589
111		0.192589
111.1		0.193008
111.2		0.193008
111.3		0.193008
111.4		0.193008
111.5		0.193008
111.6		0.193008
111.7		0.193008
111.8		0.193008
111.9		0.193008
112		0.193008
112.1		0.193287
112.2		0.193287
112.3		0.193287
112.4		0.193287
112.5		0.193287
112.6		0.193287
112.7		0.193287
112.8		0.193287
112.9		0.193287
113		0.193287
113.1		0.197334
113.2		0.197334
113.3		0.197334
113.4		0.197334
113.5		0.197334
113.6		0.197334
113.7		0.197334
113.8		0.197334
113.9		0.197334
114		0.197334
114.1		0.199498
114.2		0.199498
114.3		0.199498
114.4		0.199498
114.5		0.199498
114.6		0.199498
114.7		0.199498
114.8		0.199498
114.9		0.199498
115		0.199498
115.1		0.200265
115.2		0.200265
115.3		0.200265
115.4		0.200265
115.5		0.200265
115.6		0.200265
115.7		0.200265
115.8		0.200265
115.9		0.200265
116		0.200265
116.1		0.203335
116.2		0.203335
116.3		0.203335
116.4		0.203335
116.5		0.203335
116.6		0.203335
116.7		0.203335
116.8		0.203335
116.9		0.203335
117		0.203335
117.1		0.203615
117.2		0.203615
117.3		0.203615
117.4		0.203615
117.5		0.203615
117.6		0.203615
117.7		0.203615
117.8		0.203615
117.9		0.203615
118		0.203615
118.1		0.209057
118.2		0.209057
118.3		0.209057
118.4		0.209057
118.5		0.209057
118.6		0.209057
118.7		0.209057
118.8		0.209057
118.9		0.209057
119		0.209057
119.1		0.210732
119.2		0.210732
119.3		0.210732
119.4		0.210732
119.5		0.210732
119.6		0.210732
119.7		0.210732
119.8		0.210732
119.9		0.210732
120		0.210732
120.1		0.210941
120.2		0.210941
120.3		0.210941
120.4		0.210941
120.5		0.210941
120.6		0.210941
120.7		0.210941
120.8		0.210941
120.9		0.210941
121		0.210941
121.1		0.212756
121.2		0.212756
121.3		0.212756
121.4		0.212756
121.5		0.212756
121.6		0.212756
121.7		0.212756
121.8		0.212756
121.9		0.212756
122		0.212756
122.1		0.217849
122.2		0.217849
122.3		0.217849
122.4		0.217849
122.5		0.217849
122.6		0.217849
122.7		0.217849
122.8		0.217849
122.9		0.217849
123		0.217849
123.1		0.219315
123.2		0.219315
123.3		0.219315
123.4		0.219315
123.5		0.219315
123.6		0.219315
123.7		0.219315
123.8		0.219315
123.9		0.219315
124		0.219315
124.1		0.222664
124.2		0.222664
124.3		0.222664
124.4		0.222664
124.5		0.222664
124.6		0.222664
124.7		0.222664
124.8		0.222664
124.9		0.222664
125		0.222664
125.1		0.224269
125.2		0.224269
125.3		0.224269
125.4		0.224269
125.5		0.224269
125.6		0.224269
125.7		0.224269
125.8		0.224269
125.9		0.224269
126		0.224269
126.1		0.229084
126.2		0.229084
126.3		0.229084
126.4		0.229084
126.5		0.229084
126.6		0.229084
126.7		0.229084
126.8		0.229084
126.9		0.229084
127		0.229084
127.1		0.230758
127.2		0.230758
127.3		0.230758
127.4		0.230758
127.5		0.230758
127.6		0.230758
127.7		0.230758
127.8		0.230758
127.9		0.230758
128		0.230758
128.1		0.232154
128.2		0.232154
128.3		0.232154
128.4		0.232154
128.5		0.232154
128.6		0.232154
128.7		0.232154
128.8		0.232154
128.9		0.232154
129		0.232154
129.1		0.233201
129.2		0.233201
129.3		0.233201
129.4		0.233201
129.5		0.233201
129.6		0.233201
129.7		0.233201
129.8		0.233201
129.9		0.233201
130		0.233201
130.1		0.233968
130.2		0.233968
130.3		0.233968
130.4		0.233968
130.5		0.233968
130.6		0.233968
130.7		0.233968
130.8		0.233968
130.9		0.233968
131		0.233968
131.1		0.239481
131.2		0.239481
131.3		0.239481
131.4		0.239481
131.5		0.239481
131.6		0.239481
131.7		0.239481
131.8		0.239481
131.9		0.239481
132		0.239481
132.1		0.240039
132.2		0.240039
132.3		0.240039
132.4		0.240039
132.5		0.240039
132.6		0.240039
132.7		0.240039
132.8		0.240039
132.9		0.240039
133		0.240039
133.1		0.240528
133.2		0.240528
133.3		0.240528
133.4		0.240528
133.5		0.240528
133.6		0.240528
133.7		0.240528
133.8		0.240528
133.9		0.240528
134		0.240528
134.1		0.243319
134.2		0.243319
134.3		0.243319
134.4		0.243319
134.5		0.243319
134.6		0.243319
134.7		0.243319
134.8		0.243319
134.9		0.243319
135		0.243319
135.1		0.244156
135.2		0.244156
135.3		0.244156
135.4		0.244156
135.5		0.244156
135.6		0.244156
135.7		0.244156
135.8		0.244156
135.9		0.244156
136		0.244156
136.1		0.251204
136.2		0.251204
136.3		0.251204
136.4		0.251204
136.5		0.251204
136.6		0.251204
136.7		0.251204
136.8		0.251204
136.9		0.251204
137		0.251204
137.1		0.251553
137.2		0.251553
137.3		0.251553
137.4		0.251553
137.5		0.251553
137.6		0.251553
137.7		0.251553
137.8		0.251553
137.9		0.251553
138		0.251553
138.1		0.251762
138.2		0.251762
138.3		0.251762
138.4		0.251762
138.5		0.251762
138.6		0.251762
138.7		0.251762
138.8		0.251762
138.9		0.251762
139		0.251762
139.1		0.252878
139.2		0.252878
139.3		0.252878
139.4		0.252878
139.5		0.252878
139.6		0.252878
139.7		0.252878
139.8		0.252878
139.9		0.252878
140		0.252878
140.1		0.257763
140.2		0.257763
140.3		0.257763
140.4		0.257763
140.5		0.257763
140.6		0.257763
140.7		0.257763
140.8		0.257763
140.9		0.257763
141		0.257763
141.1		0.25881
141.2		0.25881
141.3		0.25881
141.4		0.25881
141.5		0.25881
141.6		0.25881
141.7		0.25881
141.8		0.25881
141.9		0.25881
142		0.25881
142.1		0.261322
142.2		0.261322
142.3		0.261322
142.4		0.261322
142.5		0.261322
142.6		0.261322
142.7		0.261322
142.8		0.261322
142.9		0.261322
143		0.261322
143.1		0.262299
143.2		0.262299
143.3		0.262299
143.4		0.262299
143.5		0.262299
143.6		0.262299
143.7		0.262299
143.8		0.262299
143.9		0.262299
144		0.262299
144.1		0.266346
144.2		0.266346
144.3		0.266346
144.4		0.266346
144.5		0.266346
144.6		0.266346
144.7		0.266346
144.8		0.266346
144.9		0.266346
145		0.266346
145.1		0.267323
145.2		0.267323
145.3		0.267323
145.4		0.267323
145.5		0.267323
145.6		0.267323
145.7		0.267323
145.8		0.267323
145.9		0.267323
146		0.267323
146.1		0.268299
146.2		0.268299
146.3		0.268299
146.4		0.268299
146.5		0.268299
146.6		0.268299
146.7		0.268299
146.8		0.268299
146.9		0.268299
147		0.268299
147.1		0.269974
147.2		0.269974
147.3		0.269974
147.4		0.269974
147.5		0.269974
147.6		0.269974
147.7		0.269974
147.8		0.269974
147.9		0.269974
148		0.269974
148.1		0.275696
148.2		0.275696
148.3		0.275696
148.4		0.275696
148.5		0.275696
148.6		0.275696
148.7		0.275696
148.8		0.275696
148.9		0.275696
149		0.275696
149.1		0.275975
149.2		0.275975
149.3		0.275975
149.4		0.275975
149.5		0.275975
149.6		0.275975
149.7		0.275975
149.8		0.275975
149.9		0.275975
150		0.275975
150.1		0.278906
150.2		0.278906
150.3		0.278906
150.4		0.278906
150.5		0.278906
150.6		0.278906
150.7		0.278906
150.8		0.278906
150.9		0.278906
151		0.278906
151.1		0.279534
151.2		0.279534
151.3		0.279534
151.4		0.279534
151.5		0.279534
151.6		0.279534
151.7		0.279534
151.8		0.279534
151.9		0.279534
152		0.279534
152.1		0.282744
152.2		0.282744
152.3		0.282744
152.4		0.282744
152.5		0.282744
152.6		0.282744
152.7		0.282744
152.8		0.282744
152.9		0.282744
153		0.282744
153.1		0.284698
153.2		0.284698
153.3		0.284698
153.4		0.284698
153.5		0.284698
153.6		0.284698
153.7		0.284698
153.8		0.284698
153.9		0.284698
154		0.284698
154.1		0.285605
154.2		0.285605
154.3		0.285605
154.4		0.285605
154.5		0.285605
154.6		0.285605
154.7		0.285605
154.8		0.285605
154.9		0.285605
155		0.285605
155.1		0.288117
155.2		0.288117
155.3		0.288117
155.4		0.288117
155.5		0.288117
155.6		0.288117
155.7		0.288117
155.8		0.288117
155.9		0.288117
156		0.288117
156.1		0.289931
156.2		0.289931
156.3		0.289931
156.4		0.289931
156.5		0.289931
156.6		0.289931
156.7		0.289931
156.8		0.289931
156.9		0.289931
157		0.289931
157.1		0.291536
157.2		0.291536
157.3		0.291536
157.4		0.291536
157.5		0.291536
157.6		0.291536
157.7		0.291536
157.8		0.291536
157.9		0.291536
158		0.291536
158.1		0.292931
158.2		0.292931
158.3		0.292931
158.4		0.292931
158.5		0.292931
158.6		0.292931
158.7		0.292931
158.8		0.292931
158.9		0.292931
159		0.292931
159.1		0.294746
159.2		0.294746
159.3		0.294746
159.4		0.294746
159.5		0.294746
159.6		0.294746
159.7		0.294746
159.8		0.294746
159.9		0.294746
160		0.294746
160.1		0.297537
160.2		0.297537
160.3		0.297537
160.4		0.297537
160.5		0.297537
160.6		0.297537
160.7		0.297537
160.8		0.297537
160.9		0.297537
161		0.297537
161.1		0.298863
161.2		0.298863
161.3		0.298863
161.4		0.298863
161.5		0.298863
161.6		0.298863
161.7		0.298863
161.8		0.298863
161.9		0.298863
162		0.298863
162.1		0.303119
162.2		0.303119
162.3		0.303119
162.4		0.303119
162.5		0.303119
162.6		0.303119
162.7		0.303119
162.8		0.303119
162.9		0.303119
163		0.303119
163.1		0.304026
163.2		0.304026
163.3		0.304026
163.4		0.304026
163.5		0.304026
163.6		0.304026
163.7		0.304026
163.8		0.304026
163.9		0.304026
164		0.304026
164.1		0.304515
164.2		0.304515
164.3		0.304515
164.4		0.304515
164.5		0.304515
164.6		0.304515
164.7		0.304515
164.8		0.304515
164.9		0.304515
165		0.304515
165.1		0.311213
165.2		0.311213
165.3		0.311213
165.4		0.311213
165.5		0.311213
165.6		0.311213
165.7		0.311213
165.8		0.311213
165.9		0.311213
166		0.311213
166.1		0.311562
166.2		0.311562
166.3		0.311562
166.4		0.311562
166.5		0.311562
166.6		0.311562
166.7		0.311562
166.8		0.311562
166.9		0.311562
167		0.311562
167.1		0.314353
167.2		0.314353
167.3		0.314353
167.4		0.314353
167.5		0.314353
167.6		0.314353
167.7		0.314353
167.8		0.314353
167.9		0.314353
168		0.314353
168.1		0.314702
168.2		0.314702
168.3		0.314702
168.4		0.314702
168.5		0.314702
168.6		0.314702
168.7		0.314702
168.8		0.314702
168.9		0.314702
169		0.314702
169.1		0.316935
169.2		0.316935
169.3		0.316935
169.4		0.316935
169.5		0.316935
169.6		0.316935
169.7		0.316935
169.8		0.316935
169.9		0.316935
170		0.316935
170.1		0.318191
170.2		0.318191
170.3		0.318191
170.4		0.318191
170.5		0.318191
170.6		0.318191
170.7		0.318191
170.8		0.318191
170.9		0.318191
171		0.318191
171.1		0.322099
171.2		0.322099
171.3		0.322099
171.4		0.322099
171.5		0.322099
171.6		0.322099
171.7		0.322099
171.8		0.322099
171.9		0.322099
172		0.322099
172.1		0.322797
172.2		0.322797
172.3		0.322797
172.4		0.322797
172.5		0.322797
172.6		0.322797
172.7		0.322797
172.8		0.322797
172.9		0.322797
173		0.322797
173.1		0.325658
173.2		0.325658
173.3		0.325658
173.4		0.325658
173.5		0.325658
173.6		0.325658
173.7		0.325658
173.8		0.325658
173.9		0.325658
174		0.325658
174.1		0.329147
174.2		0.329147
174.3		0.329147
174.4		0.329147
174.5		0.329147
174.6		0.329147
174.7		0.329147
174.8		0.329147
174.9		0.329147
175		0.329147
175.1		0.329356
175.2		0.329356
175.3		0.329356
175.4		0.329356
175.5		0.329356
175.6		0.329356
175.7		0.329356
175.8		0.329356
175.9		0.329356
176		0.329356
176.1		0.330472
176.2		0.330472
176.3		0.330472
176.4		0.330472
176.5		0.330472
176.6		0.330472
176.7		0.330472
176.8		0.330472
176.9		0.330472
177		0.330472
177.1		0.333752
177.2		0.333752
177.3		0.333752
177.4		0.333752
177.5		0.333752
177.6		0.333752
177.7		0.333752
177.8		0.333752
177.9		0.333752
178		0.333752
178.1		0.335776
178.2		0.335776
178.3		0.335776
178.4		0.335776
178.5		0.335776
178.6		0.335776
178.7		0.335776
178.8		0.335776
178.9		0.335776
179		0.335776
179.1		0.337869
179.2		0.337869
179.3		0.337869
179.4		0.337869
179.5		0.337869
179.6		0.337869
179.7		0.337869
179.8		0.337869
179.9		0.337869
180		0.337869
180.1		0.340032
180.2		0.340032
180.3		0.340032
180.4		0.340032
180.5		0.340032
180.6		0.340032
180.7		0.340032
180.8		0.340032
180.9		0.340032
181		0.340032
181.1		0.341079
181.2		0.341079
181.3		0.341079
181.4		0.341079
181.5		0.341079
181.6		0.341079
181.7		0.341079
181.8		0.341079
181.9		0.341079
182		0.341079
182.1		0.34394
182.2		0.34394
182.3		0.34394
182.4		0.34394
182.5		0.34394
182.6		0.34394
182.7		0.34394
182.8		0.34394
182.9		0.34394
183		0.34394
183.1		0.346801
183.2		0.346801
183.3		0.346801
183.4		0.346801
183.5		0.346801
183.6		0.346801
183.7		0.346801
183.8		0.346801
183.9		0.346801
184		0.346801
184.1		0.348894
184.2		0.348894
184.3		0.348894
184.4		0.348894
184.5		0.348894
184.6		0.348894
184.7		0.348894
184.8		0.348894
184.9		0.348894
185		0.348894
185.1		0.350359
185.2		0.350359
185.3		0.350359
185.4		0.350359
185.5		0.350359
185.6		0.350359
185.7		0.350359
185.8		0.350359
185.9		0.350359
186		0.350359
186.1		0.351894
186.2		0.351894
186.3		0.351894
186.4		0.351894
186.5		0.351894
186.6		0.351894
186.7		0.351894
186.8		0.351894
186.9		0.351894
187		0.351894
187.1		0.355383
187.2		0.355383
187.3		0.355383
187.4		0.355383
187.5		0.355383
187.6		0.355383
187.7		0.355383
187.8		0.355383
187.9		0.355383
188		0.355383
188.1		0.356849
188.2		0.356849
188.3		0.356849
188.4		0.356849
188.5		0.356849
188.6		0.356849
188.7		0.356849
188.8		0.356849
188.9		0.356849
189		0.356849
189.1		0.358942
189.2		0.358942
189.3		0.358942
189.4		0.358942
189.5		0.358942
189.6		0.358942
189.7		0.358942
189.8		0.358942
189.9		0.358942
190		0.358942
190.1		0.361105
190.2		0.361105
190.3		0.361105
190.4		0.361105
190.5		0.361105
190.6		0.361105
190.7		0.361105
190.8		0.361105
190.9		0.361105
191		0.361105
191.1		0.361873
191.2		0.361873
191.3		0.361873
191.4		0.361873
191.5		0.361873
191.6		0.361873
191.7		0.361873
191.8		0.361873
191.9		0.361873
192		0.361873
192.1		0.364385
192.2		0.364385
192.3		0.364385
192.4		0.364385
192.5		0.364385
192.6		0.364385
192.7		0.364385
192.8		0.364385
192.9		0.364385
193		0.364385
193.1		0.367455
193.2		0.367455
193.3		0.367455
193.4		0.367455
193.5		0.367455
193.6		0.367455
193.7		0.367455
193.8		0.367455
193.9		0.367455
194		0.367455
194.1		0.3692
194.2		0.3692
194.3		0.3692
194.4		0.3692
194.5		0.3692
194.6		0.3692
194.7		0.3692
194.8		0.3692
194.9		0.3692
195		0.3692
195.1		0.371014
195.2		0.371014
195.3		0.371014
195.4		0.371014
195.5		0.371014
195.6		0.371014
195.7		0.371014
195.8		0.371014
195.9		0.371014
196		0.371014
196.1		0.372061
196.2		0.372061
196.3		0.372061
196.4		0.372061
196.5		0.372061
196.6		0.372061
196.7		0.372061
196.8		0.372061
196.9		0.372061
197		0.372061
197.1		0.375201
197.2		0.375201
197.3		0.375201
197.4		0.375201
197.5		0.375201
197.6		0.375201
197.7		0.375201
197.8		0.375201
197.9		0.375201
198		0.375201
198.1		0.376457
198.2		0.376457
198.3		0.376457
198.4		0.376457
198.5		0.376457
198.6		0.376457
198.7		0.376457
198.8		0.376457
198.9		0.376457
199		0.376457
199.1		0.37862
199.2		0.37862
199.3		0.37862
199.4		0.37862
199.5		0.37862
199.6		0.37862
199.7		0.37862
199.8		0.37862
199.9		0.37862
200		0.37862
200.1		0.383086
200.2		0.383086
200.3		0.383086
200.4		0.383086
200.5		0.383086
200.6		0.383086
200.7		0.383086
200.8		0.383086
200.9		0.383086
201		0.383086
201.1		0.384691
201.2		0.384691
201.3		0.384691
201.4		0.384691
201.5		0.384691
201.6		0.384691
201.7		0.384691
201.8		0.384691
201.9		0.384691
202		0.384691
202.1		0.386086
202.2		0.386086
202.3		0.386086
202.4		0.386086
202.5		0.386086
202.6		0.386086
202.7		0.386086
202.8		0.386086
202.9		0.386086
203		0.386086
203.1		0.386365
203.2		0.386365
203.3		0.386365
203.4		0.386365
203.5		0.386365
203.6		0.386365
203.7		0.386365
203.8		0.386365
203.9		0.386365
204		0.386365
204.1		0.391948
204.2		0.391948
204.3		0.391948
204.4		0.391948
204.5		0.391948
204.6		0.391948
204.7		0.391948
204.8		0.391948
204.9		0.391948
205		0.391948
205.1		0.392645
205.2		0.392645
205.3		0.392645
205.4		0.392645
205.5		0.392645
205.6		0.392645
205.7		0.392645
205.8		0.392645
205.9		0.392645
206		0.392645
206.1		0.395716
206.2		0.395716
206.3		0.395716
206.4		0.395716
206.5		0.395716
206.6		0.395716
206.7		0.395716
206.8		0.395716
206.9		0.395716
207		0.395716
207.1		0.396413
207.2		0.396413
207.3		0.396413
207.4		0.396413
207.5		0.396413
207.6		0.396413
207.7		0.396413
207.8		0.396413
207.9		0.396413
208		0.396413
208.1		0.400042
208.2		0.400042
208.3		0.400042
208.4		0.400042
208.5		0.400042
208.6		0.400042
208.7		0.400042
208.8		0.400042
208.9		0.400042
209		0.400042
209.1		0.400879
209.2		0.400879
209.3		0.400879
209.4		0.400879
209.5		0.400879
209.6		0.400879
209.7		0.400879
209.8		0.400879
209.9		0.400879
210		0.400879
210.1		0.401019
210.2		0.401019
210.3		0.401019
210.4		0.401019
210.5		0.401019
210.6		0.401019
210.7		0.401019
210.8		0.401019
210.9		0.401019
211		0.401019
211.1		0.403531
211.2		0.403531
211.3		0.403531
211.4		0.403531
211.5		0.403531
211.6		0.403531
211.7		0.403531
211.8		0.403531
211.9		0.403531
212		0.403531
212.1		0.409183
212.2		0.409183
212.3		0.409183
212.4		0.409183
212.5		0.409183
212.6		0.409183
212.7		0.409183
212.8		0.409183
212.9		0.409183
213		0.409183
213.1		0.409532
213.2		0.409532
213.3		0.409532
213.4		0.409532
213.5		0.409532
213.6		0.409532
213.7		0.409532
213.8		0.409532
213.9		0.409532
214		0.409532
214.1		0.411067
214.2		0.411067
214.3		0.411067
214.4		0.411067
214.5		0.411067
214.6		0.411067
214.7		0.411067
214.8		0.411067
214.9		0.411067
215		0.411067
215.1		0.41316
215.2		0.41316
215.3		0.41316
215.4		0.41316
215.5		0.41316
215.6		0.41316
215.7		0.41316
215.8		0.41316
215.9		0.41316
216		0.41316
216.1		0.416579
216.2		0.416579
216.3		0.416579
216.4		0.416579
216.5		0.416579
216.6		0.416579
216.7		0.416579
216.8		0.416579
216.9		0.416579
217		0.416579
217.1		0.419301
217.2		0.419301
217.3		0.419301
217.4		0.419301
217.5		0.419301
217.6		0.419301
217.7		0.419301
217.8		0.419301
217.9		0.419301
218		0.419301
218.1		0.419859
218.2		0.419859
218.3		0.419859
218.4		0.419859
218.5		0.419859
218.6		0.419859
218.7		0.419859
218.8		0.419859
218.9		0.419859
219		0.419859
219.1		0.421813
219.2		0.421813
219.3		0.421813
219.4		0.421813
219.5		0.421813
219.6		0.421813
219.7		0.421813
219.8		0.421813
219.9		0.421813
220		0.421813
220.1		0.423697
220.2		0.423697
220.3		0.423697
220.4		0.423697
220.5		0.423697
220.6		0.423697
220.7		0.423697
220.8		0.423697
220.9		0.423697
221		0.423697
221.1		0.425302
221.2		0.425302
221.3		0.425302
221.4		0.425302
221.5		0.425302
221.6		0.425302
221.7		0.425302
221.8		0.425302
221.9		0.425302
222		0.425302
222.1		0.42586
222.2		0.42586
222.3		0.42586
222.4		0.42586
222.5		0.42586
222.6		0.42586
222.7		0.42586
222.8		0.42586
222.9		0.42586
223		0.42586
223.1		0.428442
223.2		0.428442
223.3		0.428442
223.4		0.428442
223.5		0.428442
223.6		0.428442
223.7		0.428442
223.8		0.428442
223.9		0.428442
224		0.428442
224.1		0.431233
224.2		0.431233
224.3		0.431233
224.4		0.431233
224.5		0.431233
224.6		0.431233
224.7		0.431233
224.8		0.431233
224.9		0.431233
225		0.431233
225.1		0.434652
225.2		0.434652
225.3		0.434652
225.4		0.434652
225.5		0.434652
225.6		0.434652
225.7		0.434652
225.8		0.434652
225.9		0.434652
226		0.434652
226.1		0.43528
226.2		0.43528
226.3		0.43528
226.4		0.43528
226.5		0.43528
226.6		0.43528
226.7		0.43528
226.8		0.43528
226.9		0.43528
227		0.43528
227.1		0.437234
227.2		0.437234
227.3		0.437234
227.4		0.437234
227.5		0.437234
227.6		0.437234
227.7		0.437234
227.8		0.437234
227.9		0.437234
228		0.437234
228.1		0.439606
228.2		0.439606
228.3		0.439606
228.4		0.439606
228.5		0.439606
228.6		0.439606
228.7		0.439606
228.8		0.439606
228.9		0.439606
229		0.439606
229.1		0.440234
229.2		0.440234
229.3		0.440234
229.4		0.440234
229.5		0.440234
229.6		0.440234
229.7		0.440234
229.8		0.440234
229.9		0.440234
230		0.440234
230.1		0.444351
230.2		0.444351
230.3		0.444351
230.4		0.444351
230.5		0.444351
230.6		0.444351
230.7		0.444351
230.8		0.444351
230.9		0.444351
231		0.444351
231.1		0.445887
231.2		0.445887
231.3		0.445887
231.4		0.445887
231.5		0.445887
231.6		0.445887
231.7		0.445887
231.8		0.445887
231.9		0.445887
232		0.445887
232.1		0.447073
232.2		0.447073
232.3		0.447073
232.4		0.447073
232.5		0.447073
232.6		0.447073
232.7		0.447073
232.8		0.447073
232.9		0.447073
233		0.447073
233.1		0.449794
233.2		0.449794
233.3		0.449794
233.4		0.449794
233.5		0.449794
233.6		0.449794
233.7		0.449794
233.8		0.449794
233.9		0.449794
234		0.449794
234.1		0.451818
234.2		0.451818
234.3		0.451818
234.4		0.451818
234.5		0.451818
234.6		0.451818
234.7		0.451818
234.8		0.451818
234.9		0.451818
235		0.451818
235.1		0.453492
235.2		0.453492
235.3		0.453492
235.4		0.453492
235.5		0.453492
235.6		0.453492
235.7		0.453492
235.8		0.453492
235.9		0.453492
236		0.453492
236.1		0.454051
236.2		0.454051
236.3		0.454051
236.4		0.454051
236.5		0.454051
236.6		0.454051
236.7		0.454051
236.8		0.454051
236.9		0.454051
237		0.454051
237.1		0.455097
237.2		0.455097
237.3		0.455097
237.4		0.455097
237.5		0.455097
237.6		0.455097
237.7		0.455097
237.8		0.455097
237.9		0.455097
238		0.455097
238.1		0.459703
238.2		0.459703
238.3		0.459703
238.4		0.459703
238.5		0.459703
238.6		0.459703
238.7		0.459703
238.8		0.459703
238.9		0.459703
239		0.459703
239.1		0.461098
239.2		0.461098
239.3		0.461098
239.4		0.461098
239.5		0.461098
239.6		0.461098
239.7		0.461098
239.8		0.461098
239.9		0.461098
240		0.461098
240.1		0.462075
240.2		0.462075
240.3		0.462075
240.4		0.462075
240.5		0.462075
240.6		0.462075
240.7		0.462075
240.8		0.462075
240.9		0.462075
241		0.462075
241.1		0.463192
241.2		0.463192
241.3		0.463192
241.4		0.463192
241.5		0.463192
241.6		0.463192
241.7		0.463192
241.8		0.463192
241.9		0.463192
242		0.463192
242.1		0.467588
242.2		0.467588
242.3		0.467588
242.4		0.467588
242.5		0.467588
242.6		0.467588
242.7		0.467588
242.8		0.467588
242.9		0.467588
243		0.467588
243.1		0.468983
243.2		0.468983
243.3		0.468983
243.4		0.468983
243.5		0.468983
243.6		0.468983
243.7		0.468983
243.8		0.468983
243.9		0.468983
244		0.468983
244.1		0.469332
244.2		0.469332
244.3		0.469332
244.4		0.469332
244.5		0.469332
244.6		0.469332
244.7		0.469332
244.8		0.469332
244.9		0.469332
245		0.469332
245.1		0.470937
245.2		0.470937
245.3		0.470937
245.4		0.470937
245.5		0.470937
245.6		0.470937
245.7		0.470937
245.8		0.470937
245.9		0.470937
246		0.470937
246.1		0.475194
246.2		0.475194
246.3		0.475194
246.4		0.475194
246.5		0.475194
246.6		0.475194
246.7		0.475194
246.8		0.475194
246.9		0.475194
247		0.475194
247.1		0.478194
247.2		0.478194
247.3		0.478194
247.4		0.478194
247.5		0.478194
247.6		0.478194
247.7		0.478194
247.8		0.478194
247.9		0.478194
248		0.478194
248.1		0.47952
248.2		0.47952
248.3		0.47952
248.4		0.47952
248.5		0.47952
248.6		0.47952
248.7		0.47952
248.8		0.47952
248.9		0.47952
249		0.47952
249.1		0.480218
249.2		0.480218
249.3		0.480218
249.4		0.480218
249.5		0.480218
249.6		0.480218
249.7		0.480218
249.8		0.480218
249.9		0.480218
250		0.480218
250.1		0.484056
250.2		0.484056
250.3		0.484056
250.4		0.484056
250.5		0.484056
250.6		0.484056
250.7		0.484056
250.8		0.484056
250.9		0.484056
251		0.484056
251.1		0.484893
251.2		0.484893
251.3		0.484893
251.4		0.484893
251.5		0.484893
251.6		0.484893
251.7		0.484893
251.8		0.484893
251.9		0.484893
252		0.484893
252.1		0.486916
252.2		0.486916
252.3		0.486916
252.4		0.486916
252.5		0.486916
252.6		0.486916
252.7		0.486916
252.8		0.486916
252.9		0.486916
253		0.486916
253.1		0.488661
253.2		0.488661
253.3		0.488661
253.4		0.488661
253.5		0.488661
253.6		0.488661
253.7		0.488661
253.8		0.488661
253.9		0.488661
254		0.488661
254.1		0.489498
254.2		0.489498
254.3		0.489498
254.4		0.489498
254.5		0.489498
254.6		0.489498
254.7		0.489498
254.8		0.489498
254.9		0.489498
255		0.489498
255.1		0.494941
255.2		0.494941
255.3		0.494941
255.4		0.494941
255.5		0.494941
255.6		0.494941
255.7		0.494941
255.8		0.494941
255.9		0.494941
256		0.494941
256.1		0.495988
256.2		0.495988
256.3		0.495988
256.4		0.495988
256.5		0.495988
256.6		0.495988
256.7		0.495988
256.8		0.495988
256.9		0.495988
257		0.495988
257.1		0.498151
257.2		0.498151
257.3		0.498151
257.4		0.498151
257.5		0.498151
257.6		0.498151
257.7		0.498151
257.8		0.498151
257.9		0.498151
258		0.498151
258.1		0.500174
258.2		0.500174
258.3		0.500174
258.4		0.500174
258.5		0.500174
258.6		0.500174
258.7		0.500174
258.8		0.500174
258.9		0.500174
259		0.500174
259.1		0.500454
259.2		0.500454
259.3		0.500454
259.4		0.500454
259.5		0.500454
259.6		0.500454
259.7		0.500454
259.8		0.500454
259.9		0.500454
260		0.500454
260.1		0.505338
260.2		0.505338
260.3		0.505338
260.4		0.505338
260.5		0.505338
260.6		0.505338
260.7		0.505338
260.8		0.505338
260.9		0.505338
261		0.505338
261.1		0.505687
261.2		0.505687
261.3		0.505687
261.4		0.505687
261.5		0.505687
261.6		0.505687
261.7		0.505687
261.8		0.505687
261.9		0.505687
262		0.505687
262.1		0.505757
262.2		0.505757
262.3		0.505757
262.4		0.505757
262.5		0.505757
262.6		0.505757
262.7		0.505757
262.8		0.505757
262.9		0.505757
263		0.505757
263.1		0.506385
263.2		0.506385
263.3		0.506385
263.4		0.506385
263.5		0.506385
263.6		0.506385
263.7		0.506385
263.8		0.506385
263.9		0.506385
264		0.506385
264.1		0.512246
264.2		0.512246
264.3		0.512246
264.4		0.512246
264.5		0.512246
264.6		0.512246
264.7		0.512246
264.8		0.512246
264.9		0.512246
265		0.512246
265.1		0.514619
265.2		0.514619
265.3		0.514619
265.4		0.514619
265.5		0.514619
265.6		0.514619
265.7		0.514619
265.8		0.514619
265.9		0.514619
266		0.514619
266.1		0.515526
266.2		0.515526
266.3		0.515526
266.4		0.515526
266.5		0.515526
266.6		0.515526
266.7		0.515526
266.8		0.515526
266.9		0.515526
267		0.515526
267.1		0.516014
267.2		0.516014
267.3		0.516014
267.4		0.516014
267.5		0.516014
267.6		0.516014
267.7		0.516014
267.8		0.516014
267.9		0.516014
268		0.516014
268.1		0.519573
268.2		0.519573
268.3		0.519573
268.4		0.519573
268.5		0.519573
268.6		0.519573
268.7		0.519573
268.8		0.519573
268.9		0.519573
269		0.519573
269.1		0.522155
269.2		0.522155
269.3		0.522155
269.4		0.522155
269.5		0.522155
269.6		0.522155
269.7		0.522155
269.8		0.522155
269.9		0.522155
270		0.522155
270.1		0.523969
270.2		0.523969
270.3		0.523969
270.4		0.523969
270.5		0.523969
270.6		0.523969
270.7		0.523969
270.8		0.523969
270.9		0.523969
271		0.523969
271.1		0.524388
271.2		0.524388
271.3		0.524388
271.4		0.524388
271.5		0.524388
271.6		0.524388
271.7		0.524388
271.8		0.524388
271.9		0.524388
272		0.524388
272.1		0.528365
272.2		0.528365
272.3		0.528365
272.4		0.528365
272.5		0.528365
272.6		0.528365
272.7		0.528365
272.8		0.528365
272.9		0.528365
273		0.528365
273.1		0.529272
273.2		0.529272
273.3		0.529272
273.4		0.529272
273.5		0.529272
273.6		0.529272
273.7		0.529272
273.8		0.529272
273.9		0.529272
274		0.529272
274.1		0.530389
274.2		0.530389
274.3		0.530389
274.4		0.530389
274.5		0.530389
274.6		0.530389
274.7		0.530389
274.8		0.530389
274.9		0.530389
275		0.530389
275.1		0.53311
275.2		0.53311
275.3		0.53311
275.4		0.53311
275.5		0.53311
275.6		0.53311
275.7		0.53311
275.8		0.53311
275.9		0.53311
276		0.53311
276.1		0.536041
276.2		0.536041
276.3		0.536041
276.4		0.536041
276.5		0.536041
276.6		0.536041
276.7		0.536041
276.8		0.536041
276.9		0.536041
277		0.536041
277.1		0.539181
277.2		0.539181
277.3		0.539181
277.4		0.539181
277.5		0.539181
277.6		0.539181
277.7		0.539181
277.8		0.539181
277.9		0.539181
278		0.539181
278.1		0.539669
278.2		0.539669
278.3		0.539669
278.4		0.539669
278.5		0.539669
278.6		0.539669
278.7		0.539669
278.8		0.539669
278.9		0.539669
279		0.539669
279.1		0.542391
279.2		0.542391
279.3		0.542391
279.4		0.542391
279.5		0.542391
279.6		0.542391
279.7		0.542391
279.8		0.542391
279.9		0.542391
280		0.542391
280.1		0.544275
280.2		0.544275
280.3		0.544275
280.4		0.544275
280.5		0.544275
280.6		0.544275
280.7		0.544275
280.8		0.544275
280.9		0.544275
281		0.544275
281.1		0.547066
281.2		0.547066
281.3		0.547066
281.4		0.547066
281.5		0.547066
281.6		0.547066
281.7		0.547066
281.8		0.547066
281.9		0.547066
282		0.547066
282.1		0.547903
282.2		0.547903
282.3		0.547903
282.4		0.547903
282.5		0.547903
282.6		0.547903
282.7		0.547903
282.8		0.547903
282.9		0.547903
283		0.547903
283.1		0.549717
283.2		0.549717
283.3		0.549717
283.4		0.549717
283.5		0.549717
283.6		0.549717
283.7		0.549717
283.8		0.549717
283.9		0.549717
284		0.549717
284.1		0.555579
284.2		0.555579
284.3		0.555579
284.4		0.555579
284.5		0.555579
284.6		0.555579
284.7		0.555579
284.8		0.555579
284.9		0.555579
285		0.555579
285.1		0.556765
285.2		0.556765
285.3		0.556765
285.4		0.556765
285.5		0.556765
285.6		0.556765
285.7		0.556765
285.8		0.556765
285.9		0.556765
286		0.556765
286.1		0.557184
286.2		0.557184
286.3		0.557184
286.4		0.557184
286.5		0.557184
286.6		0.557184
286.7		0.557184
286.8		0.557184
286.9		0.557184
287		0.557184
287.1		0.558161
287.2		0.558161
287.3		0.558161
287.4		0.558161
287.5		0.558161
287.6		0.558161
287.7		0.558161
287.8		0.558161
287.9		0.558161
288		0.558161
288.1		0.563743
288.2		0.563743
288.3		0.563743
288.4		0.563743
288.5		0.563743
288.6		0.563743
288.7		0.563743
288.8		0.563743
288.9		0.563743
289		0.563743
289.1		0.565278
289.2		0.565278
289.3		0.565278
289.4		0.565278
289.5		0.565278
289.6		0.565278
289.7		0.565278
289.8		0.565278
289.9		0.565278
290		0.565278
290.1		0.568558
290.2		0.568558
290.3		0.568558
290.4		0.568558
290.5		0.568558
290.6		0.568558
290.7		0.568558
290.8		0.568558
290.9		0.568558
291		0.568558
291.1		0.569465
291.2		0.569465
291.3		0.569465
291.4		0.569465
291.5		0.569465
291.6		0.569465
291.7		0.569465
291.8		0.569465
291.9		0.569465
292		0.569465
292.1		0.571837
292.2		0.571837
292.3		0.571837
292.4		0.571837
292.5		0.571837
292.6		0.571837
292.7		0.571837
292.8		0.571837
292.9		0.571837
293		0.571837
293.1		0.574768
293.2		0.574768
293.3		0.574768
293.4		0.574768
293.5		0.574768
293.6		0.574768
293.7		0.574768
293.8		0.574768
293.9		0.574768
294		0.574768
294.1		0.576443
294.2		0.576443
294.3		0.576443
294.4		0.576443
294.5		0.576443
294.6		0.576443
294.7		0.576443
294.8		0.576443
294.9		0.576443
295		0.576443
295.1		0.57735
295.2		0.57735
295.3		0.57735
295.4		0.57735
295.5		0.57735
295.6		0.57735
295.7		0.57735
295.8		0.57735
295.9		0.57735
296		0.57735
296.1		0.582862
296.2		0.582862
296.3		0.582862
296.4		0.582862
296.5		0.582862
296.6		0.582862
296.7		0.582862
296.8		0.582862
296.9		0.582862
297		0.582862
297.1		0.584258
297.2		0.584258
297.3		0.584258
297.4		0.584258
297.5		0.584258
297.6		0.584258
297.7		0.584258
297.8		0.584258
297.9		0.584258
298		0.584258
298.1		0.58684
298.2		0.58684
298.3		0.58684
298.4		0.58684
298.5		0.58684
298.6		0.58684
298.7		0.58684
298.8		0.58684
298.9		0.58684
299		0.58684
299.1		0.590817
299.2		0.590817
299.3		0.590817
299.4		0.590817
299.5		0.590817
299.6		0.590817
299.7		0.590817
299.8		0.590817
299.9		0.590817
300		0.590817
300.1		0.592143
300.2		0.592143
300.3		0.592143
300.4		0.592143
300.5		0.592143
300.6		0.592143
300.7		0.592143
300.8		0.592143
300.9		0.592143
301		0.592143
301.1		0.595074
301.2		0.595074
301.3		0.595074
301.4		0.595074
301.5		0.595074
301.6		0.595074
301.7		0.595074
301.8		0.595074
301.9		0.595074
302		0.595074
302.1		0.598702
302.2		0.598702
302.3		0.598702
302.4		0.598702
302.5		0.598702
302.6		0.598702
302.7		0.598702
302.8		0.598702
302.9		0.598702
303		0.598702
303.1		0.598842
303.2		0.598842
303.3		0.598842
303.4		0.598842
303.5		0.598842
303.6		0.598842
303.7		0.598842
303.8		0.598842
303.9		0.598842
304		0.598842
304.1		0.598981
304.2		0.598981
304.3		0.598981
304.4		0.598981
304.5		0.598981
304.6		0.598981
304.7		0.598981
304.8		0.598981
304.9		0.598981
305		0.598981
305.1		0.603098
305.2		0.603098
305.3		0.603098
305.4		0.603098
305.5		0.603098
305.6		0.603098
305.7		0.603098
305.8		0.603098
305.9		0.603098
306		0.603098
306.1		0.60575
306.2		0.60575
306.3		0.60575
306.4		0.60575
306.5		0.60575
306.6		0.60575
306.7		0.60575
306.8		0.60575
306.9		0.60575
307		0.60575
307.1		0.607843
307.2		0.607843
307.3		0.607843
307.4		0.607843
307.5		0.607843
307.6		0.607843
307.7		0.607843
307.8		0.607843
307.9		0.607843
308		0.607843
308.1		0.608471
308.2		0.608471
308.3		0.608471
308.4		0.608471
308.5		0.608471
308.6		0.608471
308.7		0.608471
308.8		0.608471
308.9		0.608471
309		0.608471
309.1		0.608541
309.2		0.608541
309.3		0.608541
309.4		0.608541
309.5		0.608541
309.6		0.608541
309.7		0.608541
309.8		0.608541
309.9		0.608541
310		0.608541
310.1		0.613984
310.2		0.613984
310.3		0.613984
310.4		0.613984
310.5		0.613984
310.6		0.613984
310.7		0.613984
310.8		0.613984
310.9		0.613984
311		0.613984
311.1		0.615589
311.2		0.615589
311.3		0.615589
311.4		0.615589
311.5		0.615589
311.6		0.615589
311.7		0.615589
311.8		0.615589
311.9		0.615589
312		0.615589
312.1		0.616496
312.2		0.616496
312.3		0.616496
312.4		0.616496
312.5		0.616496
312.6		0.616496
312.7		0.616496
312.8		0.616496
312.9		0.616496
313		0.616496
313.1		0.616914
313.2		0.616914
313.3		0.616914
313.4		0.616914
313.5		0.616914
313.6		0.616914
313.7		0.616914
313.8		0.616914
313.9		0.616914
314		0.616914
314.1		0.620543
314.2		0.620543
314.3		0.620543
314.4		0.620543
314.5		0.620543
314.6		0.620543
314.7		0.620543
314.8		0.620543
314.9		0.620543
315		0.620543
315.1		0.623753
315.2		0.623753
315.3		0.623753
315.4		0.623753
315.5		0.623753
315.6		0.623753
315.7		0.623753
315.8		0.623753
315.9		0.623753
316		0.623753
316.1		0.624032
316.2		0.624032
316.3		0.624032
316.4		0.624032
316.5		0.624032
316.6		0.624032
316.7		0.624032
316.8		0.624032
316.9		0.624032
317		0.624032
317.1		0.627591
317.2		0.627591
317.3		0.627591
317.4		0.627591
317.5		0.627591
317.6		0.627591
317.7		0.627591
317.8		0.627591
317.9		0.627591
318		0.627591
318.1		0.628567
318.2		0.628567
318.3		0.628567
318.4		0.628567
318.5		0.628567
318.6		0.628567
318.7		0.628567
318.8		0.628567
318.9		0.628567
319		0.628567
319.1		0.632126
319.2		0.632126
319.3		0.632126
319.4		0.632126
319.5		0.632126
319.6		0.632126
319.7		0.632126
319.8		0.632126
319.9		0.632126
320		0.632126
320.1		0.632615
320.2		0.632615
320.3		0.632615
320.4		0.632615
320.5		0.632615
320.6		0.632615
320.7		0.632615
320.8		0.632615
320.9		0.632615
321		0.632615
321.1		0.635196
321.2		0.635196
321.3		0.635196
321.4		0.635196
321.5		0.635196
321.6		0.635196
321.7		0.635196
321.8		0.635196
321.9		0.635196
322		0.635196
322.1		0.637988
322.2		0.637988
322.3		0.637988
322.4		0.637988
322.5		0.637988
322.6		0.637988
322.7		0.637988
322.8		0.637988
322.9		0.637988
323		0.637988
323.1		0.639383
323.2		0.639383
323.3		0.639383
323.4		0.639383
323.5		0.639383
323.6		0.639383
323.7		0.639383
323.8		0.639383
323.9		0.639383
324		0.639383
324.1		0.641267
324.2		0.641267
324.3		0.641267
324.4		0.641267
324.5		0.641267
324.6		0.641267
324.7		0.641267
324.8		0.641267
324.9		0.641267
325		0.641267
325.1		0.642942
325.2		0.642942
325.3		0.642942
325.4		0.642942
325.5		0.642942
325.6		0.642942
325.7		0.642942
325.8		0.642942
325.9		0.642942
326		0.642942
326.1		0.645873
326.2		0.645873
326.3		0.645873
326.4		0.645873
326.5		0.645873
326.6		0.645873
326.7		0.645873
326.8		0.645873
326.9		0.645873
327		0.645873
327.1		0.648803
327.2		0.648803
327.3		0.648803
327.4		0.648803
327.5		0.648803
327.6		0.648803
327.7		0.648803
327.8		0.648803
327.9		0.648803
328		0.648803
328.1		0.651036
328.2		0.651036
328.3		0.651036
328.4		0.651036
328.5		0.651036
328.6		0.651036
328.7		0.651036
328.8		0.651036
328.9		0.651036
329		0.651036
329.1		0.653897
329.2		0.653897
329.3		0.653897
329.4		0.653897
329.5		0.653897
329.6		0.653897
329.7		0.653897
329.8		0.653897
329.9		0.653897
330		0.653897
330.1		0.656898
330.2		0.656898
330.3		0.656898
330.4		0.656898
330.5		0.656898
330.6		0.656898
330.7		0.656898
330.8		0.656898
330.9		0.656898
331		0.656898
331.1		0.659549
331.2		0.659549
331.3		0.659549
331.4		0.659549
331.5		0.659549
331.6		0.659549
331.7		0.659549
331.8		0.659549
331.9		0.659549
332		0.659549
332.1		0.66241
332.2		0.66241
332.3		0.66241
332.4		0.66241
332.5		0.66241
332.6		0.66241
332.7		0.66241
332.8		0.66241
332.9		0.66241
333		0.66241
333.1		0.662968
333.2		0.662968
333.3		0.662968
333.4		0.662968
333.5		0.662968
333.6		0.662968
333.7		0.662968
333.8		0.662968
333.9		0.662968
334		0.662968
334.1		0.665969
334.2		0.665969
334.3		0.665969
334.4		0.665969
334.5		0.665969
334.6		0.665969
334.7		0.665969
334.8		0.665969
334.9		0.665969
335		0.665969
335.1		0.666597
335.2		0.666597
335.3		0.666597
335.4		0.666597
335.5		0.666597
335.6		0.666597
335.7		0.666597
335.8		0.666597
335.9		0.666597
336		0.666597
336.1		0.670086
336.2		0.670086
336.3		0.670086
336.4		0.670086
336.5		0.670086
336.6		0.670086
336.7		0.670086
336.8		0.670086
336.9		0.670086
337		0.670086
337.1		0.673365
337.2		0.673365
337.3		0.673365
337.4		0.673365
337.5		0.673365
337.6		0.673365
337.7		0.673365
337.8		0.673365
337.9		0.673365
338		0.673365
338.1		0.67504
338.2		0.67504
338.3		0.67504
338.4		0.67504
338.5		0.67504
338.6		0.67504
338.7		0.67504
338.8		0.67504
338.9		0.67504
339		0.67504
339.1		0.679018
339.2		0.679018
339.3		0.679018
339.4		0.679018
339.5		0.679018
339.6		0.679018
339.7		0.679018
339.8		0.679018
339.9		0.679018
340		0.679018
340.1		0.679018
340.2		0.679018
340.3		0.679018
340.4		0.679018
340.5		0.679018
340.6		0.679018
340.7		0.679018
340.8		0.679018
340.9		0.679018
341		0.679018
341.1		0.682158
341.2		0.682158
341.3		0.682158
341.4		0.682158
341.5		0.682158
341.6		0.682158
341.7		0.682158
341.8		0.682158
341.9		0.682158
342		0.682158
342.1		0.682506
342.2		0.682506
342.3		0.682506
342.4		0.682506
342.5		0.682506
342.6		0.682506
342.7		0.682506
342.8		0.682506
342.9		0.682506
343		0.682506
343.1		0.686205
343.2		0.686205
343.3		0.686205
343.4		0.686205
343.5		0.686205
343.6		0.686205
343.7		0.686205
343.8		0.686205
343.9		0.686205
344		0.686205
344.1		0.686414
344.2		0.686414
344.3		0.686414
344.4		0.686414
344.5		0.686414
344.6		0.686414
344.7		0.686414
344.8		0.686414
344.9		0.686414
345		0.686414
345.1		0.6876
345.2		0.6876
345.3		0.6876
345.4		0.6876
345.5		0.6876
345.6		0.6876
345.7		0.6876
345.8		0.6876
345.9		0.6876
346		0.6876
346.1		0.690391
346.2		0.690391
346.3		0.690391
346.4		0.690391
346.5		0.690391
346.6		0.690391
346.7		0.690391
346.8		0.690391
346.9		0.690391
347		0.690391
347.1		0.690601
347.2		0.690601
347.3		0.690601
347.4		0.690601
347.5		0.690601
347.6		0.690601
347.7		0.690601
347.8		0.690601
347.9		0.690601
348		0.690601
348.1		0.692066
348.2		0.692066
348.3		0.692066
348.4		0.692066
348.5		0.692066
348.6		0.692066
348.7		0.692066
348.8		0.692066
348.9		0.692066
349		0.692066
349.1		0.69409
349.2		0.69409
349.3		0.69409
349.4		0.69409
349.5		0.69409
349.6		0.69409
349.7		0.69409
349.8		0.69409
349.9		0.69409
350		0.69409
350.1		0.695136
350.2		0.695136
350.3		0.695136
350.4		0.695136
350.5		0.695136
350.6		0.695136
350.7		0.695136
350.8		0.695136
350.9		0.695136
351		0.695136
351.1		0.695485
351.2		0.695485
351.3		0.695485
351.4		0.695485
351.5		0.695485
351.6		0.695485
351.7		0.695485
351.8		0.695485
351.9		0.695485
352		0.695485
352.1		0.702603
352.2		0.702603
352.3		0.702603
352.4		0.702603
352.5		0.702603
352.6		0.702603
352.7		0.702603
352.8		0.702603
352.9		0.702603
353		0.702603
353.1		0.703859
353.2		0.703859
353.3		0.703859
353.4		0.703859
353.5		0.703859
353.6		0.703859
353.7		0.703859
353.8		0.703859
353.9		0.703859
354		0.703859
354.1		0.70658
354.2		0.70658
354.3		0.70658
354.4		0.70658
354.5		0.70658
354.6		0.70658
354.7		0.70658
354.8		0.70658
354.9		0.70658
355		0.70658
355.1		0.707976
355.2		0.707976
355.3		0.707976
355.4		0.707976
355.5		0.707976
355.6		0.707976
355.7		0.707976
355.8		0.707976
355.9		0.707976
356		0.707976
356.1		0.712023
356.2		0.712023
356.3		0.712023
356.4		0.712023
356.5		0.712023
356.6		0.712023
356.7		0.712023
356.8		0.712023
356.9		0.712023
357		0.712023
357.1		0.713279
357.2		0.713279
357.3		0.713279
357.4		0.713279
357.5		0.713279
357.6		0.713279
357.7		0.713279
357.8		0.713279
357.9		0.713279
358		0.713279
358.1		0.716907
358.2		0.716907
358.3		0.716907
358.4		0.716907
358.5		0.716907
358.6		0.716907
358.7		0.716907
358.8		0.716907
358.9		0.716907
359		0.716907
359.1		0.718094
359.2		0.718094
359.3		0.718094
359.4		0.718094
359.5		0.718094
359.6		0.718094
359.7		0.718094
359.8		0.718094
359.9		0.718094
360		0.718094
360.1		0.723676
360.2		0.723676
360.3		0.723676
360.4		0.723676
360.5		0.723676
360.6		0.723676
360.7		0.723676
360.8		0.723676
360.9		0.723676
361		0.723676
361.1		0.724792
361.2		0.724792
361.3		0.724792
361.4		0.724792
361.5		0.724792
361.6		0.724792
361.7		0.724792
361.8		0.724792
361.9		0.724792
362		0.724792
362.1		0.725141
362.2		0.725141
362.3		0.725141
362.4		0.725141
362.5		0.725141
362.6		0.725141
362.7		0.725141
362.8		0.725141
362.9		0.725141
363		0.725141
363.1		0.728281
363.2		0.728281
363.3		0.728281
363.4		0.728281
363.5		0.728281
363.6		0.728281
363.7		0.728281
363.8		0.728281
363.9		0.728281
364		0.728281
364.1		0.732538
364.2		0.732538
364.3		0.732538
364.4		0.732538
364.5		0.732538
364.6		0.732538
364.7		0.732538
364.8		0.732538
364.9		0.732538
365		0.732538
365.1		0.732817
365.2		0.732817
365.3		0.732817
365.4		0.732817
365.5		0.732817
365.6		0.732817
365.7		0.732817
365.8		0.732817
365.9		0.732817
366		0.732817
366.1		0.734422
366.2		0.734422
366.3		0.734422
366.4		0.734422
366.5		0.734422
366.6		0.734422
366.7		0.734422
366.8		0.734422
366.9		0.734422
367		0.734422
367.1		0.73505
367.2		0.73505
367.3		0.73505
367.4		0.73505
367.5		0.73505
367.6		0.73505
367.7		0.73505
367.8		0.73505
367.9		0.73505
368		0.73505
368.1		0.739376
368.2		0.739376
368.3		0.739376
368.4		0.739376
368.5		0.739376
368.6		0.739376
368.7		0.739376
368.8		0.739376
368.9		0.739376
369		0.739376
369.1		0.740842
369.2		0.740842
369.3		0.740842
369.4		0.740842
369.5		0.740842
369.6		0.740842
369.7		0.740842
369.8		0.740842
369.9		0.740842
370		0.740842
370.1		0.74126
370.2		0.74126
370.3		0.74126
370.4		0.74126
370.5		0.74126
370.6		0.74126
370.7		0.74126
370.8		0.74126
370.9		0.74126
371		0.74126
371.1		0.742795
371.2		0.742795
371.3		0.742795
371.4		0.742795
371.5		0.742795
371.6		0.742795
371.7		0.742795
371.8		0.742795
371.9		0.742795
372		0.742795
372.1		0.747052
372.2		0.747052
372.3		0.747052
372.4		0.747052
372.5		0.747052
372.6		0.747052
372.7		0.747052
372.8		0.747052
372.9		0.747052
373		0.747052
373.1		0.74775
373.2		0.74775
373.3		0.74775
373.4		0.74775
373.5		0.74775
373.6		0.74775
373.7		0.74775
373.8		0.74775
373.9		0.74775
374		0.74775
374.1		0.748308
374.2		0.748308
374.3		0.748308
374.4		0.748308
374.5		0.748308
374.6		0.748308
374.7		0.748308
374.8		0.748308
374.9		0.748308
375		0.748308
375.1		0.752006
375.2		0.752006
375.3		0.752006
375.4		0.752006
375.5		0.752006
375.6		0.752006
375.7		0.752006
375.8		0.752006
375.9		0.752006
376		0.752006
376.1		0.752285
376.2		0.752285
376.3		0.752285
376.4		0.752285
376.5		0.752285
376.6		0.752285
376.7		0.752285
376.8		0.752285
376.9		0.752285
377		0.752285
377.1		0.755565
377.2		0.755565
377.3		0.755565
377.4		0.755565
377.5		0.755565
377.6		0.755565
377.7		0.755565
377.8		0.755565
377.9		0.755565
378		0.755565
378.1		0.756332
378.2		0.756332
378.3		0.756332
378.4		0.756332
378.5		0.756332
378.6		0.756332
378.7		0.756332
378.8		0.756332
378.9		0.756332
379		0.756332
379.1		0.757519
379.2		0.757519
379.3		0.757519
379.4		0.757519
379.5		0.757519
379.6		0.757519
379.7		0.757519
379.8		0.757519
379.9		0.757519
380		0.757519
380.1		0.760938
380.2		0.760938
380.3		0.760938
380.4		0.760938
380.5		0.760938
380.6		0.760938
380.7		0.760938
380.8		0.760938
380.9		0.760938
381		0.760938
381.1		0.762613
381.2		0.762613
381.3		0.762613
381.4		0.762613
381.5		0.762613
381.6		0.762613
381.7		0.762613
381.8		0.762613
381.9		0.762613
382		0.762613
382.1		0.765055
382.2		0.765055
382.3		0.765055
382.4		0.765055
382.5		0.765055
382.6		0.765055
382.7		0.765055
382.8		0.765055
382.9		0.765055
383		0.765055
383.1		0.765404
383.2		0.765404
383.3		0.765404
383.4		0.765404
383.5		0.765404
383.6		0.765404
383.7		0.765404
383.8		0.765404
383.9		0.765404
384		0.765404
384.1		0.765962
384.2		0.765962
384.3		0.765962
384.4		0.765962
384.5		0.765962
384.6		0.765962
384.7		0.765962
384.8		0.765962
384.9		0.765962
385		0.765962
385.1		0.768823
385.2		0.768823
385.3		0.768823
385.4		0.768823
385.5		0.768823
385.6		0.768823
385.7		0.768823
385.8		0.768823
385.9		0.768823
386		0.768823
386.1		0.770218
386.2		0.770218
386.3		0.770218
386.4		0.770218
386.5		0.770218
386.6		0.770218
386.7		0.770218
386.8		0.770218
386.9		0.770218
387		0.770218
387.1		0.771963
387.2		0.771963
387.3		0.771963
387.4		0.771963
387.5		0.771963
387.6		0.771963
387.7		0.771963
387.8		0.771963
387.9		0.771963
388		0.771963
388.1		0.772591
388.2		0.772591
388.3		0.772591
388.4		0.772591
388.5		0.772591
388.6		0.772591
388.7		0.772591
388.8		0.772591
388.9		0.772591
389		0.772591
389.1		0.774963
389.2		0.774963
389.3		0.774963
389.4		0.774963
389.5		0.774963
389.6		0.774963
389.7		0.774963
389.8		0.774963
389.9		0.774963
390		0.774963
390.1		0.776847
390.2		0.776847
390.3		0.776847
390.4		0.776847
390.5		0.776847
390.6		0.776847
390.7		0.776847
390.8		0.776847
390.9		0.776847
391		0.776847
391.1		0.778592
391.2		0.778592
391.3		0.778592
391.4		0.778592
391.5		0.778592
391.6		0.778592
391.7		0.778592
391.8		0.778592
391.9		0.778592
392		0.778592
392.1		0.779011
392.2		0.779011
392.3		0.779011
392.4		0.779011
392.5		0.779011
392.6		0.779011
392.7		0.779011
392.8		0.779011
392.9		0.779011
393		0.779011
393.1		0.781592
393.2		0.781592
393.3		0.781592
393.4		0.781592
393.5		0.781592
393.6		0.781592
393.7		0.781592
393.8		0.781592
393.9		0.781592
394		0.781592
394.1		0.787872
394.2		0.787872
394.3		0.787872
394.4		0.787872
394.5		0.787872
394.6		0.787872
394.7		0.787872
394.8		0.787872
394.9		0.787872
395		0.787872
395.1		0.788291
395.2		0.788291
395.3		0.788291
395.4		0.788291
395.5		0.788291
395.6		0.788291
395.7		0.788291
395.8		0.788291
395.9		0.788291
396		0.788291
396.1		0.789617
396.2		0.789617
396.3		0.789617
396.4		0.789617
396.5		0.789617
396.6		0.789617
396.7		0.789617
396.8		0.789617
396.9		0.789617
397		0.789617
397.1		0.790175
397.2		0.790175
397.3		0.790175
397.4		0.790175
397.5		0.790175
397.6		0.790175
397.7		0.790175
397.8		0.790175
397.9		0.790175
398		0.790175
398.1		0.793385
398.2		0.793385
398.3		0.793385
398.4		0.793385
398.5		0.793385
398.6		0.793385
398.7		0.793385
398.8		0.793385
398.9		0.793385
399		0.793385
399.1		0.797362
399.2		0.797362
399.3		0.797362
399.4		0.797362
399.5		0.797362
399.6		0.797362
399.7		0.797362
399.8		0.797362
399.9		0.797362
400		0.797362
400.1		0.798967
400.2		0.798967
400.3		0.798967
400.4		0.798967
400.5		0.798967
400.6		0.798967
400.7		0.798967
400.8		0.798967
400.9		0.798967
401		0.798967
401.1		0.800782
401.2		0.800782
401.3		0.800782
401.4		0.800782
401.5		0.800782
401.6		0.800782
401.7		0.800782
401.8		0.800782
401.9		0.800782
402		0.800782
402.1		0.805387
402.2		0.805387
402.3		0.805387
402.4		0.805387
402.5		0.805387
402.6		0.805387
402.7		0.805387
402.8		0.805387
402.9		0.805387
403		0.805387
403.1		0.805666
403.2		0.805666
403.3		0.805666
403.4		0.805666
403.5		0.805666
403.6		0.805666
403.7		0.805666
403.8		0.805666
403.9		0.805666
404		0.805666
404.1		0.806992
404.2		0.806992
404.3		0.806992
404.4		0.806992
404.5		0.806992
404.6		0.806992
404.7		0.806992
404.8		0.806992
404.9		0.806992
405		0.806992
405.1		0.808876
405.2		0.808876
405.3		0.808876
405.4		0.808876
405.5		0.808876
405.6		0.808876
405.7		0.808876
405.8		0.808876
405.9		0.808876
406		0.808876
406.1		0.812435
406.2		0.812435
406.3		0.812435
406.4		0.812435
406.5		0.812435
406.6		0.812435
406.7		0.812435
406.8		0.812435
406.9		0.812435
407		0.812435
407.1		0.813551
407.2		0.813551
407.3		0.813551
407.4		0.813551
407.5		0.813551
407.6		0.813551
407.7		0.813551
407.8		0.813551
407.9		0.813551
408		0.813551
408.1		0.814319
408.2		0.814319
408.3		0.814319
408.4		0.814319
408.5		0.814319
408.6		0.814319
408.7		0.814319
408.8		0.814319
408.9		0.814319
409		0.814319
409.1		0.817738
409.2		0.817738
409.3		0.817738
409.4		0.817738
409.5		0.817738
409.6		0.817738
409.7		0.817738
409.8		0.817738
409.9		0.817738
410		0.817738
410.1		0.818017
410.2		0.818017
410.3		0.818017
410.4		0.818017
410.5		0.818017
410.6		0.818017
410.7		0.818017
410.8		0.818017
410.9		0.818017
411		0.818017
411.1		0.82339
411.2		0.82339
411.3		0.82339
411.4		0.82339
411.5		0.82339
411.6		0.82339
411.7		0.82339
411.8		0.82339
411.9		0.82339
412		0.82339
412.1		0.823948
412.2		0.823948
412.3		0.823948
412.4		0.823948
412.5		0.823948
412.6		0.823948
412.7		0.823948
412.8		0.823948
412.9		0.823948
413		0.823948
413.1		0.82646
413.2		0.82646
413.3		0.82646
413.4		0.82646
413.5		0.82646
413.6		0.82646
413.7		0.82646
413.8		0.82646
413.9		0.82646
414		0.82646
414.1		0.827018
414.2		0.827018
414.3		0.827018
414.4		0.827018
414.5		0.827018
414.6		0.827018
414.7		0.827018
414.8		0.827018
414.9		0.827018
415		0.827018
415.1		0.831484
415.2		0.831484
415.3		0.831484
415.4		0.831484
415.5		0.831484
415.6		0.831484
415.7		0.831484
415.8		0.831484
415.9		0.831484
416		0.831484
416.1		0.834485
416.2		0.834485
416.3		0.834485
416.4		0.834485
416.5		0.834485
416.6		0.834485
416.7		0.834485
416.8		0.834485
416.9		0.834485
417		0.834485
417.1		0.834834
417.2		0.834834
417.3		0.834834
417.4		0.834834
417.5		0.834834
417.6		0.834834
417.7		0.834834
417.8		0.834834
417.9		0.834834
418		0.834834
418.1		0.836159
418.2		0.836159
418.3		0.836159
418.4		0.836159
418.5		0.836159
418.6		0.836159
418.7		0.836159
418.8		0.836159
418.9		0.836159
419		0.836159
419.1		0.837555
419.2		0.837555
419.3		0.837555
419.4		0.837555
419.5		0.837555
419.6		0.837555
419.7		0.837555
419.8		0.837555
419.9		0.837555
420		0.837555
420.1		0.841602
420.2		0.841602
420.3		0.841602
420.4		0.841602
420.5		0.841602
420.6		0.841602
420.7		0.841602
420.8		0.841602
420.9		0.841602
421		0.841602
421.1		0.842858
421.2		0.842858
421.3		0.842858
421.4		0.842858
421.5		0.842858
421.6		0.842858
421.7		0.842858
421.8		0.842858
421.9		0.842858
422		0.842858
422.1		0.844463
422.2		0.844463
422.3		0.844463
422.4		0.844463
422.5		0.844463
422.6		0.844463
422.7		0.844463
422.8		0.844463
422.9		0.844463
423		0.844463
423.1		0.846417
423.2		0.846417
423.3		0.846417
423.4		0.846417
423.5		0.846417
423.6		0.846417
423.7		0.846417
423.8		0.846417
423.9		0.846417
424		0.846417
424.1		0.850394
424.2		0.850394
424.3		0.850394
424.4		0.850394
424.5		0.850394
424.6		0.850394
424.7		0.850394
424.8		0.850394
424.9		0.850394
425		0.850394
425.1		0.85186
425.2		0.85186
425.3		0.85186
425.4		0.85186
425.5		0.85186
425.6		0.85186
425.7		0.85186
425.8		0.85186
425.9		0.85186
426		0.85186
426.1		0.853255
426.2		0.853255
426.3		0.853255
426.4		0.853255
426.5		0.853255
426.6		0.853255
426.7		0.853255
426.8		0.853255
426.9		0.853255
427		0.853255
427.1		0.853953
427.2		0.853953
427.3		0.853953
427.4		0.853953
427.5		0.853953
427.6		0.853953
427.7		0.853953
427.8		0.853953
427.9		0.853953
428		0.853953
428.1		0.857651
428.2		0.857651
428.3		0.857651
428.4		0.857651
428.5		0.857651
428.6		0.857651
428.7		0.857651
428.8		0.857651
428.9		0.857651
429		0.857651
429.1		0.859535
429.2		0.859535
429.3		0.859535
429.4		0.859535
429.5		0.859535
429.6		0.859535
429.7		0.859535
429.8		0.859535
429.9		0.859535
430		0.859535
430.1		0.861001
430.2		0.861001
430.3		0.861001
430.4		0.861001
430.5		0.861001
430.6		0.861001
430.7		0.861001
430.8		0.861001
430.9		0.861001
431		0.861001
431.1		0.861489
431.2		0.861489
431.3		0.861489
431.4		0.861489
431.5		0.861489
431.6		0.861489
431.7		0.861489
431.8		0.861489
431.9		0.861489
432		0.861489
432.1		0.863024
432.2		0.863024
432.3		0.863024
432.4		0.863024
432.5		0.863024
432.6		0.863024
432.7		0.863024
432.8		0.863024
432.9		0.863024
433		0.863024
433.1		0.865815
433.2		0.865815
433.3		0.865815
433.4		0.865815
433.5		0.865815
433.6		0.865815
433.7		0.865815
433.8		0.865815
433.9		0.865815
434		0.865815
434.1		0.866792
434.2		0.866792
434.3		0.866792
434.4		0.866792
434.5		0.866792
434.6		0.866792
434.7		0.866792
434.8		0.866792
434.9		0.866792
435		0.866792
435.1		0.869653
435.2		0.869653
435.3		0.869653
435.4		0.869653
435.5		0.869653
435.6		0.869653
435.7		0.869653
435.8		0.869653
435.9		0.869653
436		0.869653
436.1		0.871328
436.2		0.871328
436.3		0.871328
436.4		0.871328
436.5		0.871328
436.6		0.871328
436.7		0.871328
436.8		0.871328
436.9		0.871328
437		0.871328
437.1		0.872095
437.2		0.872095
437.3		0.872095
437.4		0.872095
437.5		0.872095
437.6		0.872095
437.7		0.872095
437.8		0.872095
437.9		0.872095
438		0.872095
438.1		0.874747
438.2		0.874747
438.3		0.874747
438.4		0.874747
438.5		0.874747
438.6		0.874747
438.7		0.874747
438.8		0.874747
438.9		0.874747
439		0.874747
439.1		0.878236
439.2		0.878236
439.3		0.878236
439.4		0.878236
439.5		0.878236
439.6		0.878236
439.7		0.878236
439.8		0.878236
439.9		0.878236
440		0.878236
440.1		0.879213
440.2		0.879213
440.3		0.879213
440.4		0.879213
440.5		0.879213
440.6		0.879213
440.7		0.879213
440.8		0.879213
440.9		0.879213
441		0.879213
441.1		0.881516
441.2		0.881516
441.3		0.881516
441.4		0.881516
441.5		0.881516
441.6		0.881516
441.7		0.881516
441.8		0.881516
441.9		0.881516
442		0.881516
442.1		0.882911
442.2		0.882911
442.3		0.882911
442.4		0.882911
442.5		0.882911
442.6		0.882911
442.7		0.882911
442.8		0.882911
442.9		0.882911
443		0.882911
443.1		0.884028
443.2		0.884028
443.3		0.884028
443.4		0.884028
443.5		0.884028
443.6		0.884028
443.7		0.884028
443.8		0.884028
443.9		0.884028
444		0.884028
444.1		0.886051
444.2		0.886051
444.3		0.886051
444.4		0.886051
444.5		0.886051
444.6		0.886051
444.7		0.886051
444.8		0.886051
444.9		0.886051
445		0.886051
445.1		0.887935
445.2		0.887935
445.3		0.887935
445.4		0.887935
445.5		0.887935
445.6		0.887935
445.7		0.887935
445.8		0.887935
445.9		0.887935
446		0.887935
446.1		0.893587
446.2		0.893587
446.3		0.893587
446.4		0.893587
446.5		0.893587
446.6		0.893587
446.7		0.893587
446.8		0.893587
446.9		0.893587
447		0.893587
447.1		0.893727
447.2		0.893727
447.3		0.893727
447.4		0.893727
447.5		0.893727
447.6		0.893727
447.7		0.893727
447.8		0.893727
447.9		0.893727
448		0.893727
448.1		0.893936
448.2		0.893936
448.3		0.893936
448.4		0.893936
448.5		0.893936
448.6		0.893936
448.7		0.893936
448.8		0.893936
448.9		0.893936
449		0.893936
449.1		0.895192
449.2		0.895192
449.3		0.895192
449.4		0.895192
449.5		0.895192
449.6		0.895192
449.7		0.895192
449.8		0.895192
449.9		0.895192
450		0.895192
450.1		0.89917
450.2		0.89917
450.3		0.89917
450.4		0.89917
450.5		0.89917
450.6		0.89917
450.7		0.89917
450.8		0.89917
450.9		0.89917
451		0.89917
451.1		0.900635
451.2		0.900635
451.3		0.900635
451.4		0.900635
451.5		0.900635
451.6		0.900635
451.7		0.900635
451.8		0.900635
451.9		0.900635
452		0.900635
452.1		0.903984
452.2		0.903984
452.3		0.903984
452.4		0.903984
452.5		0.903984
452.6		0.903984
452.7		0.903984
452.8		0.903984
452.9		0.903984
453		0.903984
453.1		0.904682
453.2		0.904682
453.3		0.904682
453.4		0.904682
453.5		0.904682
453.6		0.904682
453.7		0.904682
453.8		0.904682
453.9		0.904682
454		0.904682
454.1		0.906148
454.2		0.906148
454.3		0.906148
454.4		0.906148
454.5		0.906148
454.6		0.906148
454.7		0.906148
454.8		0.906148
454.9		0.906148
455		0.906148
455.1		0.907892
455.2		0.907892
455.3		0.907892
455.4		0.907892
455.5		0.907892
455.6		0.907892
455.7		0.907892
455.8		0.907892
455.9		0.907892
456		0.907892
456.1		0.909497
456.2		0.909497
456.3		0.909497
456.4		0.909497
456.5		0.909497
456.6		0.909497
456.7		0.909497
456.8		0.909497
456.9		0.909497
457		0.909497
457.1		0.909985
457.2		0.909985
457.3		0.909985
457.4		0.909985
457.5		0.909985
457.6		0.909985
457.7		0.909985
457.8		0.909985
457.9		0.909985
458		0.909985
458.1		0.914312
458.2		0.914312
458.3		0.914312
458.4		0.914312
458.5		0.914312
458.6		0.914312
458.7		0.914312
458.8		0.914312
458.9		0.914312
459		0.914312
459.1		0.9148
459.2		0.9148
459.3		0.9148
459.4		0.9148
459.5		0.9148
459.6		0.9148
459.7		0.9148
459.8		0.9148
459.9		0.9148
460		0.9148
460.1		0.915358
460.2		0.915358
460.3		0.915358
460.4		0.915358
460.5		0.915358
460.6		0.915358
460.7		0.915358
460.8		0.915358
460.9		0.915358
461		0.915358
461.1		0.91808
461.2		0.91808
461.3		0.91808
461.4		0.91808
461.5		0.91808
461.6		0.91808
461.7		0.91808
461.8		0.91808
461.9		0.91808
462		0.91808
462.1		0.920731
462.2		0.920731
462.3		0.920731
462.4		0.920731
462.5		0.920731
462.6		0.920731
462.7		0.920731
462.8		0.920731
462.9		0.920731
463		0.920731
463.1		0.925406
463.2		0.925406
463.3		0.925406
463.4		0.925406
463.5		0.925406
463.6		0.925406
463.7		0.925406
463.8		0.925406
463.9		0.925406
464		0.925406
464.1		0.926383
464.2		0.926383
464.3		0.926383
464.4		0.926383
464.5		0.926383
464.6		0.926383
464.7		0.926383
464.8		0.926383
464.9		0.926383
465		0.926383
465.1		0.92743
465.2		0.92743
465.3		0.92743
465.4		0.92743
465.5		0.92743
465.6		0.92743
465.7		0.92743
465.8		0.92743
465.9		0.92743
466		0.92743
466.1		0.93057
466.2		0.93057
466.3		0.93057
466.4		0.93057
466.5		0.93057
466.6		0.93057
466.7		0.93057
466.8		0.93057
466.9		0.93057
467		0.93057
467.1		0.932175
467.2		0.932175
467.3		0.932175
467.4		0.932175
467.5		0.932175
467.6		0.932175
467.7		0.932175
467.8		0.932175
467.9		0.932175
468		0.932175
468.1		0.932454
468.2		0.932454
468.3		0.932454
468.4		0.932454
468.5		0.932454
468.6		0.932454
468.7		0.932454
468.8		0.932454
468.9		0.932454
469		0.932454
469.1		0.935106
469.2		0.935106
469.3		0.935106
469.4		0.935106
469.5		0.935106
469.6		0.935106
469.7		0.935106
469.8		0.935106
469.9		0.935106
470		0.935106
470.1		0.939153
470.2		0.939153
470.3		0.939153
470.4		0.939153
470.5		0.939153
470.6		0.939153
470.7		0.939153
470.8		0.939153
470.9		0.939153
471		0.939153
471.1		0.940618
471.2		0.940618
471.3		0.940618
471.4		0.940618
471.5		0.940618
471.6		0.940618
471.7		0.940618
471.8		0.940618
471.9		0.940618
472		0.940618
472.1		0.942572
472.2		0.942572
472.3		0.942572
472.4		0.942572
472.5		0.942572
472.6		0.942572
472.7		0.942572
472.8		0.942572
472.9		0.942572
473		0.942572
473.1		0.942851
473.2		0.942851
473.3		0.942851
473.4		0.942851
473.5		0.942851
473.6		0.942851
473.7		0.942851
473.8		0.942851
473.9		0.942851
474		0.942851
474.1		0.945224
474.2		0.945224
474.3		0.945224
474.4		0.945224
474.5		0.945224
474.6		0.945224
474.7		0.945224
474.8		0.945224
474.9		0.945224
475		0.945224
475.1		0.94962
475.2		0.94962
475.3		0.94962
475.4		0.94962
475.5		0.94962
475.6		0.94962
475.7		0.94962
475.8		0.94962
475.9		0.94962
476		0.94962
476.1		0.950736
476.2		0.950736
476.3		0.950736
476.4		0.950736
476.5		0.950736
476.6		0.950736
476.7		0.950736
476.8		0.950736
476.9		0.950736
477		0.950736
477.1		0.95255
477.2		0.95255
477.3		0.95255
477.4		0.95255
477.5		0.95255
477.6		0.95255
477.7		0.95255
477.8		0.95255
477.9		0.95255
478		0.95255
478.1		0.953318
478.2		0.953318
478.3		0.953318
478.4		0.953318
478.5		0.953318
478.6		0.953318
478.7		0.953318
478.8		0.953318
478.9		0.953318
479		0.953318
479.1		0.954225
479.2		0.954225
479.3		0.954225
479.4		0.954225
479.5		0.954225
479.6		0.954225
479.7		0.954225
479.8		0.954225
479.9		0.954225
480		0.954225
480.1		0.959528
480.2		0.959528
480.3		0.959528
480.4		0.959528
480.5		0.959528
480.6		0.959528
480.7		0.959528
480.8		0.959528
480.9		0.959528
481		0.959528
481.1		0.961691
481.2		0.961691
481.3		0.961691
481.4		0.961691
481.5		0.961691
481.6		0.961691
481.7		0.961691
481.8		0.961691
481.9		0.961691
482		0.961691
482.1		0.96218
482.2		0.96218
482.3		0.96218
482.4		0.96218
482.5		0.96218
482.6		0.96218
482.7		0.96218
482.8		0.96218
482.9		0.96218
483		0.96218
483.1		0.966088
483.2		0.966088
483.3		0.966088
483.4		0.966088
483.5		0.966088
483.6		0.966088
483.7		0.966088
483.8		0.966088
483.9		0.966088
484		0.966088
484.1		0.970414
484.2		0.970414
484.3		0.970414
484.4		0.970414
484.5		0.970414
484.6		0.970414
484.7		0.970414
484.8		0.970414
484.9		0.970414
485		0.970414
485.1		0.970623
485.2		0.970623
485.3		0.970623
485.4		0.970623
485.5		0.970623
485.6		0.970623
485.7		0.970623
485.8		0.970623
485.9		0.970623
486		0.970623
486.1		0.970902
486.2		0.970902
486.3		0.970902
486.4		0.970902
486.5		0.970902
486.6		0.970902
486.7		0.970902
486.8		0.970902
486.9		0.970902
487		0.970902
487.1		0.972647
487.2		0.972647
487.3		0.972647
487.4		0.972647
487.5		0.972647
487.6		0.972647
487.7		0.972647
487.8		0.972647
487.9		0.972647
488		0.972647
488.1		0.976275
488.2		0.976275
488.3		0.976275
488.4		0.976275
488.5		0.976275
488.6		0.976275
488.7		0.976275
488.8		0.976275
488.9		0.976275
489		0.976275
489.1		0.976764
489.2		0.976764
489.3		0.976764
489.4		0.976764
489.5		0.976764
489.6		0.976764
489.7		0.976764
489.8		0.976764
489.9		0.976764
490		0.976764
490.1		0.979136
490.2		0.979136
490.3		0.979136
490.4		0.979136
490.5		0.979136
490.6		0.979136
490.7		0.979136
490.8		0.979136
490.9		0.979136
491		0.979136
491.1		0.982137
491.2		0.982137
491.3		0.982137
491.4		0.982137
491.5		0.982137
491.6		0.982137
491.7		0.982137
491.8		0.982137
491.9		0.982137
492		0.982137
492.1		0.983114
492.2		0.983114
492.3		0.983114
492.4		0.983114
492.5		0.983114
492.6		0.983114
492.7		0.983114
492.8		0.983114
492.9		0.983114
493		0.983114
493.1		0.985695
493.2		0.985695
493.3		0.985695
493.4		0.985695
493.5		0.985695
493.6		0.985695
493.7		0.985695
493.8		0.985695
493.9		0.985695
494		0.985695
494.1		0.985974
494.2		0.985974
494.3		0.985974
494.4		0.985974
494.5		0.985974
494.6		0.985974
494.7		0.985974
494.8		0.985974
494.9		0.985974
495		0.985974
495.1		0.986812
495.2		0.986812
495.3		0.986812
495.4		0.986812
495.5		0.986812
495.6		0.986812
495.7		0.986812
495.8		0.986812
495.9		0.986812
496		0.986812
496.1		0.991068
496.2		0.991068
496.3		0.991068
496.4		0.991068
496.5		0.991068
496.6		0.991068
496.7		0.991068
496.8		0.991068
496.9		0.991068
497		0.991068
497.1		0.994139
497.2		0.994139
497.3		0.994139
497.4		0.994139
497.5		0.994139
497.6		0.994139
497.7		0.994139
497.8		0.994139
497.9		0.994139
498		0.994139
498.1		0.996162
498.2		0.996162
498.3		0.996162
498.4		0.996162
498.5		0.996162
498.6		0.996162
498.7		0.996162
498.8		0.996162
498.9		0.996162
499		0.996162
499.1		0.99693
499.2		0.99693
499.3		0.99693
499.4		0.99693
499.5		0.99693
499.6		0.99693
499.7		0.99693
499.8		0.99693
499.9		0.99693
500		0.99693
500.1		0.997069
500.2		0.997069
500.3		0.997069
500.4		0.997069
500.5		0.997069
500.6		0.997069
500.7		0.997069
500.8		0.997069
500.9		0.997069
501		0.997069
501.1		0.999791
501.2		0.999791
501.3		0.999791
501.4		0.999791
501.5		0.999791
501.6		0.999791
501.7		0.999791
501.8		0.999791
501.9		0.999791
502		0.999791
502.1		1
502.2		1
502.3		1
502.4		1
502.5		1
502.6		1
502.7		1
502.8		1
502.9		1
503		1
503.1		1
503.2		1
503.3		1
503.4		1
503.5		1
503.6		1
503.7		1
503.8		1
503.9		1
504		1
504.1		1
504.2		1
504.3		1
504.4		1
504.5		1
504.6		1
504.7		1
504.8		1
504.9		1
505		1
505.1		1
505.2		1
505.3		1
505.4		1
505.5		1
505.6		1
505.7		1
505.8		1
505.9		1
506		1
506.1		1
506.2		1
506.3		1
506.4		1
506.5		1
506.6		1
506.7		1
506.8		1
506.9		1
507		1
507.1		1
507.2		1
507.3		1
507.4		1
507.5		1
507.6		1
507.7		1
507.8		1
507.9		1
508		1
508.1		1
508.2		1
508.3		1
508.4		1
508.5		1
508.6		1
508.7		1
508.8		1
508.9		1
509		1
509.1		1
509.2		1
509.3		1
509.4		1
509.5		1
509.6		1
509.7		1
509.8		1
509.9		1
510		1
510.1		1
510.2		1
510.3		1
510.4		1
510.5		1
510.6		1
510.7		1
510.8		1
510.9		1
511		1
511.1		1
511.2		1
511.3		1
511.4		1
511.5		1
511.6		1
511.7		1
511.8		1
511.9		1
512		1
512.1		1
512.2		1
512.3		1
512.4		1
512.5		1
512.6		1
512.7		1
512.8		1
512.9		1
513		1
513.1		1
513.2		1
513.3		1
513.4		1
513.5		1
513.6		1
513.7		1
513.8		1
513.9		1
514		1
514.1		1
514.2		1
514.3		1
514.4		1
514.5		1
514.6		1
514.7		1
514.8		1
514.9		1
515		1
515.1		1
515.2		1
515.3		1
515.4		1
515.5		1
515.6		1
515.7		1
515.8		1
515.9		1
516		1
516.1		1
516.2		1
516.3		1
516.4		1
516.5		1
516.6		1
516.7		1
516.8		1
516.9		1
517		1
517.1		1
517.2		1
517.3		1
517.4		1
517.5		1
517.6		1
517.7		1
517.8		1
517.9		1
518		1
518.1		1
518.2		1
518.3		1
518.4		1
518.5		1
518.6		1
518.7		1
518.8		1
518.9		1
519		1
519.1		1
519.2		1
519.3		1
519.4		1
519.5		1
519.6		1
519.7		1
519.8		1
519.9		1
520		1
520.1		1
520.2		1
520.3		1
520.4		1
520.5		1
520.6		1
520.7		1
520.8		1
520.9		1
521		1
521.1		1
521.2		1
521.3		1
521.4		1
521.5		1
521.6		1
521.7		1
521.8		1
521.9		1
522		1
522.1		1
522.2		1
522.3		1
522.4		1
522.5		1
522.6		1
522.7		1
522.8		1
522.9		1
523		1
523.1		1
523.2		1
523.3		1
523.4		1
523.5		1
523.6		1
523.7		1
523.8		1
523.9		1
524		1
524.1		1
524.2		1
524.3		1
524.4		1
524.5		1
524.6		1
524.7		1
524.8		1
524.9		1
525		1
525.1		1
525.2		1
525.3		1
525.4		1
525.5		1
525.6		1
525.7		1
525.8		1
525.9		1
526		1
526.1		1
526.2		1
526.3		1
526.4		1
526.5		1
526.6		1
526.7		1
526.8		1
526.9		1
527		1
527.1		1
527.2		1
527.3		1
527.4		1
527.5		1
527.6		1
527.7		1
527.8		1
527.9		1
528		1
528.1		1
528.2		1
528.3		1
528.4		1
528.5		1
528.6		1
528.7		1
528.8		1
528.9		1
529		1
529.1		1
529.2		1
529.3		1
529.4		1
529.5		1
529.6		1
529.7		1
529.8		1
529.9		1
530		1
530.1		1
530.2		1
530.3		1
530.4		1
530.5		1
530.6		1
530.7		1
530.8		1
530.9		1
531		1
531.1		1
531.2		1
531.3		1
531.4		1
531.5		1
531.6		1
531.7		1
531.8		1
531.9		1
532		1
532.1		1
532.2		1
532.3		1
532.4		1
532.5		1
532.6		1
532.7		1
532.8		1
532.9		1
533		1
533.1		1
533.2		1
533.3		1
533.4		1
533.5		1
533.6		1
533.7		1
533.8		1
533.9		1
534		1
534.1		1
534.2		1
534.3		1
534.4		1
534.5		1
534.6		1
534.7		1
534.8		1
534.9		1
535		1
535.1		1
535.2		1
535.3		1
535.4		1
535.5		1
535.6		1
535.7		1
535.8		1
535.9		1
536		1
536.1		1
536.2		1
536.3		1
536.4		1
536.5		1
536.6		1
536.7		1
536.8		1
536.9		1
537		1
537.1		1
537.2		1
537.3		1
537.4		1
537.5		1
537.6		1
537.7		1
537.8		1
537.9		1
538		1
538.1		1
538.2		1
538.3		1
538.4		1
538.5		1
538.6		1
538.7		1
538.8		1
538.9		1
539		1
539.1		1
539.2		1
539.3		1
539.4		1
539.5		1
539.6		1
539.7		1
539.8		1
539.9		1
540		1
540.1		1
540.2		1
540.3		1
540.4		1
540.5		1
540.6		1
540.7		1
540.8		1
540.9		1
541		1
541.1		1
541.2		1
541.3		1
541.4		1
541.5		1
541.6		1
541.7		1
541.8		1
541.9		1
542		1
542.1		1
542.2		1
542.3		1
542.4		1
542.5		1
542.6		1
542.7		1
542.8		1
542.9		1
543		1
543.1		1
543.2		1
543.3		1
543.4		1
543.5		1
543.6		1
543.7		1
543.8		1
543.9		1
544		1
544.1		1
544.2		1
544.3		1
544.4		1
544.5		1
544.6		1
544.7		1
544.8		1
544.9		1
545		1
545.1		1
545.2		1
545.3		1
545.4		1
545.5		1
545.6		1
545.7		1
545.8		1
545.9		1
546		1
546.1		1
546.2		1
546.3		1
546.4		1
546.5		1
546.6		1
546.7		1
546.8		1
546.9		1
547		1
547.1		1
547.2		1
547.3		1
547.4		1
547.5		1
547.6		1
547.7		1
547.8		1
547.9		1
548		1
548.1		1
548.2		1
548.3		1
548.4		1
548.5		1
548.6		1
548.7		1
548.8		1
548.9		1
549		1
549.1		1
549.2		1
549.3		1
549.4		1
549.5		1
549.6		1
549.7		1
549.8		1
549.9		1
550		1
550.1		1
550.2		1
550.3		1
550.4		1
550.5		1
550.6		1
550.7		1
550.8		1
550.9		1
551		1
551.1		1
551.2		1
551.3		1
551.4		1
551.5		1
551.6		1
551.7		1
551.8		1
551.9		1
552		1
552.1		1
552.2		1
552.3		1
552.4		1
552.5		1
552.6		1
552.7		1
552.8		1
552.9		1
553		1
553.1		1
553.2		1
553.3		1
553.4		1
553.5		1
553.6		1
553.7		1
553.8		1
553.9		1
554		1
554.1		1
554.2		1
554.3		1
554.4		1
554.5		1
554.6		1
554.7		1
554.8		1
554.9		1
555		1
555.1		1
555.2		1
555.3		1
555.4		1
555.5		1
555.6		1
555.7		1
555.8		1
555.9		1
556		1
556.1		1
556.2		1
556.3		1
556.4		1
556.5		1
556.6		1
556.7		1
556.8		1
556.9		1
557		1
557.1		1
557.2		1
557.3		1
557.4		1
557.5		1
557.6		1
557.7		1
557.8		1
557.9		1
558		1
558.1		1
558.2		1
558.3		1
558.4		1
558.5		1
558.6		1
558.7		1
558.8		1
558.9		1
559		1
559.1		1
559.2		1
559.3		1
559.4		1
559.5		1
559.6		1
559.7		1
559.8		1
559.9		1
560		1
560.1		1
560.2		1
560.3		1
560.4		1
560.5		1
560.6		1
560.7		1
560.8		1
560.9		1
561		1
561.1		1
561.2		1
561.3		1
561.4		1
561.5		1
561.6		1
561.7		1
561.8		1
561.9		1
562		1
562.1		1
562.2		1
562.3		1
562.4		1
562.5		1
562.6		1
562.7		1
562.8		1
562.9		1
563		1
563.1		1
563.2		1
563.3		1
563.4		1
563.5		1
563.6		1
563.7		1
563.8		1
563.9		1
564		1
564.1		1
564.2		1
564.3		1
564.4		1
564.5		1
564.6		1
564.7		1
564.8		1
564.9		1
565		1
565.1		1
565.2		1
565.3		1
565.4		1
565.5		1
565.6		1
565.7		1
565.8		1
565.9		1
566		1
566.1		1
566.2		1
566.3		1
566.4		1
566.5		1
566.6		1
566.7		1
566.8		1
566.9		1
567		1
567.1		1
567.2		1
567.3		1
567.4		1
567.5		1
567.6		1
567.7		1
567.8		1
567.9		1
568		1
568.1		1
568.2		1
568.3		1
568.4		1
568.5		1
568.6		1
568.7		1
568.8		1
568.9		1
569		1
569.1		1
569.2		1
569.3		1
569.4		1
569.5		1
569.6		1
569.7		1
569.8		1
569.9		1
570		1
570.1		1
570.2		1
570.3		1
570.4		1
570.5		1
570.6		1
570.7		1
570.8		1
570.9		1
571		1
571.1		1
571.2		1
571.3		1
571.4		1
571.5		1
571.6		1
571.7		1
571.8		1
571.9		1
572		1
572.1		1
572.2		1
572.3		1
572.4		1
572.5		1
572.6		1
572.7		1
572.8		1
572.9		1
573		1
573.1		1
573.2		1
573.3		1
573.4		1
573.5		1
573.6		1
573.7		1
573.8		1
573.9		1
574		1
574.1		1
574.2		1
574.3		1
574.4		1
574.5		1
574.6		1
574.7		1
574.8		1
574.9		1
575		1
575.1		1
575.2		1
575.3		1
575.4		1
575.5		1
575.6		1
575.7		1
575.8		1
575.9		1
576		1
576.1		1
576.2		1
576.3		1
576.4		1
576.5		1
576.6		1
576.7		1
576.8		1
576.9		1
577		1
577.1		1
577.2		1
577.3		1
577.4		1
577.5		1
577.6		1
577.7		1
577.8		1
577.9		1
578		1
578.1		1
578.2		1
578.3		1
578.4		1
578.5		1
578.6		1
578.7		1
578.8		1
578.9		1
579		1
579.1		1
579.2		1
579.3		1
579.4		1
579.5		1
579.6		1
579.7		1
579.8		1
579.9		1
580		1
580.1		1
580.2		1
580.3		1
580.4		1
580.5		1
580.6		1
580.7		1
580.8		1
580.9		1
581		1
581.1		1
581.2		1
581.3		1
581.4		1
581.5		1
581.6		1
581.7		1
581.8		1
581.9		1
582		1
582.1		1
582.2		1
582.3		1
582.4		1
582.5		1
582.6		1
582.7		1
582.8		1
582.9		1
583		1
583.1		1
583.2		1
583.3		1
583.4		1
583.5		1
583.6		1
583.7		1
583.8		1
583.9		1
584		1
584.1		1
584.2		1
584.3		1
584.4		1
584.5		1
584.6		1
584.7		1
584.8		1
584.9		1
585		1
585.1		1
585.2		1
585.3		1
585.4		1
585.5		1
585.6		1
585.7		1
585.8		1
585.9		1
586		1
586.1		1
586.2		1
586.3		1
586.4		1
586.5		1
586.6		1
586.7		1
586.8		1
586.9		1
587		1
587.1		1
587.2		1
587.3		1
587.4		1
587.5		1
587.6		1
587.7		1
587.8		1
587.9		1
588		1
588.1		1
588.2		1
588.3		1
588.4		1
588.5		1
588.6		1
588.7		1
588.8		1
588.9		1
589		1
589.1		1
589.2		1
589.3		1
589.4		1
589.5		1
589.6		1
589.7		1
589.8		1
589.9		1
590		1
590.1		1
590.2		1
590.3		1
590.4		1
590.5		1
590.6		1
590.7		1
590.8		1
590.9		1
591		1
591.1		1
591.2		1
591.3		1
591.4		1
591.5		1
591.6		1
591.7		1
591.8		1
591.9		1
592		1
592.1		1
592.2		1
592.3		1
592.4		1
592.5		1
592.6		1
592.7		1
592.8		1
592.9		1
593		1
593.1		1
593.2		1
593.3		1
593.4		1
593.5		1
593.6		1
593.7		1
593.8		1
593.9		1
594		1
594.1		1
594.2		1
594.3		1
594.4		1
594.5		1
594.6		1
594.7		1
594.8		1
594.9		1
595		1
595.1		1
595.2		1
595.3		1
595.4		1
595.5		1
595.6		1
595.7		1
595.8		1
595.9		1
596		1
596.1		1
596.2		1
596.3		1
596.4		1
596.5		1
596.6		1
596.7		1
596.8		1
596.9		1
597		1
597.1		1
597.2		1
597.3		1
597.4		1
597.5		1
597.6		1
597.7		1
597.8		1
597.9		1
598		1
598.1		1
598.2		1
598.3		1
598.4		1
598.5		1
598.6		1
598.7		1
598.8		1
598.9		1
599		1
599.1		1
599.2		1
599.3		1
599.4		1
599.5		1
599.6		1
599.7		1
599.8		1
599.9		1
600		1
