# Calibration file of tamex_id 1 @ channel 5
# fine_T bin		 Calibration value
0.1		0
0.2		0
0.3		0
0.4		0
0.5		0
0.6		0
0.7		0
0.8		0
0.9		0
1		0
1.1		0
1.2		0
1.3		0
1.4		0
1.5		0
1.6		0
1.7		0
1.8		0
1.9		0
2		0
2.1		0
2.2		0
2.3		0
2.4		0
2.5		0
2.6		0
2.7		0
2.8		0
2.9		0
3		0
3.1		0
3.2		0
3.3		0
3.4		0
3.5		0
3.6		0
3.7		0
3.8		0
3.9		0
4		0
4.1		0
4.2		0
4.3		0
4.4		0
4.5		0
4.6		0
4.7		0
4.8		0
4.9		0
5		0
5.1		0
5.2		0
5.3		0
5.4		0
5.5		0
5.6		0
5.7		0
5.8		0
5.9		0
6		0
6.1		0
6.2		0
6.3		0
6.4		0
6.5		0
6.6		0
6.7		0
6.8		0
6.9		0
7		0
7.1		0
7.2		0
7.3		0
7.4		0
7.5		0
7.6		0
7.7		0
7.8		0
7.9		0
8		0
8.1		0
8.2		0
8.3		0
8.4		0
8.5		0
8.6		0
8.7		0
8.8		0
8.9		0
9		0
9.1		0
9.2		0
9.3		0
9.4		0
9.5		0
9.6		0
9.7		0
9.8		0
9.9		0
10		0
10.1		0
10.2		0
10.3		0
10.4		0
10.5		0
10.6		0
10.7		0
10.8		0
10.9		0
11		0
11.1		0
11.2		0
11.3		0
11.4		0
11.5		0
11.6		0
11.7		0
11.8		0
11.9		0
12		0
12.1		0
12.2		0
12.3		0
12.4		0
12.5		0
12.6		0
12.7		0
12.8		0
12.9		0
13		0
13.1		0
13.2		0
13.3		0
13.4		0
13.5		0
13.6		0
13.7		0
13.8		0
13.9		0
14		0
14.1		0
14.2		0
14.3		0
14.4		0
14.5		0
14.6		0
14.7		0
14.8		0
14.9		0
15		0
15.1		0
15.2		0
15.3		0
15.4		0
15.5		0
15.6		0
15.7		0
15.8		0
15.9		0
16		0
16.1		0.00352489
16.2		0.00352489
16.3		0.00352489
16.4		0.00352489
16.5		0.00352489
16.6		0.00352489
16.7		0.00352489
16.8		0.00352489
16.9		0.00352489
17		0.00352489
17.1		0.008006
17.2		0.008006
17.3		0.008006
17.4		0.008006
17.5		0.008006
17.6		0.008006
17.7		0.008006
17.8		0.008006
17.9		0.008006
18		0.008006
18.1		0.00836224
18.2		0.00836224
18.3		0.00836224
18.4		0.00836224
18.5		0.00836224
18.6		0.00836224
18.7		0.00836224
18.8		0.00836224
18.9		0.00836224
19		0.00836224
19.1		0.00961845
19.2		0.00961845
19.3		0.00961845
19.4		0.00961845
19.5		0.00961845
19.6		0.00961845
19.7		0.00961845
19.8		0.00961845
19.9		0.00961845
20		0.00961845
20.1		0.015787
20.2		0.015787
20.3		0.015787
20.4		0.015787
20.5		0.015787
20.6		0.015787
20.7		0.015787
20.8		0.015787
20.9		0.015787
21		0.015787
21.1		0.0162932
21.2		0.0162932
21.3		0.0162932
21.4		0.0162932
21.5		0.0162932
21.6		0.0162932
21.7		0.0162932
21.8		0.0162932
21.9		0.0162932
22		0.0162932
22.1		0.0176994
22.2		0.0176994
22.3		0.0176994
22.4		0.0176994
22.5		0.0176994
22.6		0.0176994
22.7		0.0176994
22.8		0.0176994
22.9		0.0176994
23		0.0176994
23.1		0.0187494
23.2		0.0187494
23.3		0.0187494
23.4		0.0187494
23.5		0.0187494
23.6		0.0187494
23.7		0.0187494
23.8		0.0187494
23.9		0.0187494
24		0.0187494
24.1		0.0195556
24.2		0.0195556
24.3		0.0195556
24.4		0.0195556
24.5		0.0195556
24.6		0.0195556
24.7		0.0195556
24.8		0.0195556
24.9		0.0195556
25		0.0195556
25.1		0.0250305
25.2		0.0250305
25.3		0.0250305
25.4		0.0250305
25.5		0.0250305
25.6		0.0250305
25.7		0.0250305
25.8		0.0250305
25.9		0.0250305
26		0.0250305
26.1		0.0267742
26.2		0.0267742
26.3		0.0267742
26.4		0.0267742
26.5		0.0267742
26.6		0.0267742
26.7		0.0267742
26.8		0.0267742
26.9		0.0267742
27		0.0267742
27.1		0.0270554
27.2		0.0270554
27.3		0.0270554
27.4		0.0270554
27.5		0.0270554
27.6		0.0270554
27.7		0.0270554
27.8		0.0270554
27.9		0.0270554
28		0.0270554
28.1		0.0280866
28.2		0.0280866
28.3		0.0280866
28.4		0.0280866
28.5		0.0280866
28.6		0.0280866
28.7		0.0280866
28.8		0.0280866
28.9		0.0280866
29		0.0280866
29.1		0.031049
29.2		0.031049
29.3		0.031049
29.4		0.031049
29.5		0.031049
29.6		0.031049
29.7		0.031049
29.8		0.031049
29.9		0.031049
30		0.031049
30.1		0.0342552
30.2		0.0342552
30.3		0.0342552
30.4		0.0342552
30.5		0.0342552
30.6		0.0342552
30.7		0.0342552
30.8		0.0342552
30.9		0.0342552
31		0.0342552
31.1		0.0345739
31.2		0.0345739
31.3		0.0345739
31.4		0.0345739
31.5		0.0345739
31.6		0.0345739
31.7		0.0345739
31.8		0.0345739
31.9		0.0345739
32		0.0345739
32.1		0.0361864
32.2		0.0361864
32.3		0.0361864
32.4		0.0361864
32.5		0.0361864
32.6		0.0361864
32.7		0.0361864
32.8		0.0361864
32.9		0.0361864
33		0.0361864
33.1		0.039955
33.2		0.039955
33.3		0.039955
33.4		0.039955
33.5		0.039955
33.6		0.039955
33.7		0.039955
33.8		0.039955
33.9		0.039955
34		0.039955
34.1		0.04153
34.2		0.04153
34.3		0.04153
34.4		0.04153
34.5		0.04153
34.6		0.04153
34.7		0.04153
34.8		0.04153
34.9		0.04153
35		0.04153
35.1		0.0444549
35.2		0.0444549
35.3		0.0444549
35.4		0.0444549
35.5		0.0444549
35.6		0.0444549
35.7		0.0444549
35.8		0.0444549
35.9		0.0444549
36		0.0444549
36.1		0.0446611
36.2		0.0446611
36.3		0.0446611
36.4		0.0446611
36.5		0.0446611
36.6		0.0446611
36.7		0.0446611
36.8		0.0446611
36.9		0.0446611
37		0.0446611
37.1		0.0461611
37.2		0.0461611
37.3		0.0461611
37.4		0.0461611
37.5		0.0461611
37.6		0.0461611
37.7		0.0461611
37.8		0.0461611
37.9		0.0461611
38		0.0461611
38.1		0.0508297
38.2		0.0508297
38.3		0.0508297
38.4		0.0508297
38.5		0.0508297
38.6		0.0508297
38.7		0.0508297
38.8		0.0508297
38.9		0.0508297
39		0.0508297
39.1		0.0516171
39.2		0.0516171
39.3		0.0516171
39.4		0.0516171
39.5		0.0516171
39.6		0.0516171
39.7		0.0516171
39.8		0.0516171
39.9		0.0516171
40		0.0516171
40.1		0.0532108
40.2		0.0532108
40.3		0.0532108
40.4		0.0532108
40.5		0.0532108
40.6		0.0532108
40.7		0.0532108
40.8		0.0532108
40.9		0.0532108
41		0.0532108
41.1		0.0540733
41.2		0.0540733
41.3		0.0540733
41.4		0.0540733
41.5		0.0540733
41.6		0.0540733
41.7		0.0540733
41.8		0.0540733
41.9		0.0540733
42		0.0540733
42.1		0.0577857
42.2		0.0577857
42.3		0.0577857
42.4		0.0577857
42.5		0.0577857
42.6		0.0577857
42.7		0.0577857
42.8		0.0577857
42.9		0.0577857
43		0.0577857
43.1		0.0593044
43.2		0.0593044
43.3		0.0593044
43.4		0.0593044
43.5		0.0593044
43.6		0.0593044
43.7		0.0593044
43.8		0.0593044
43.9		0.0593044
44		0.0593044
44.1		0.0617043
44.2		0.0617043
44.3		0.0617043
44.4		0.0617043
44.5		0.0617043
44.6		0.0617043
44.7		0.0617043
44.8		0.0617043
44.9		0.0617043
45		0.0617043
45.1		0.0618168
45.2		0.0618168
45.3		0.0618168
45.4		0.0618168
45.5		0.0618168
45.6		0.0618168
45.7		0.0618168
45.8		0.0618168
45.9		0.0618168
46		0.0618168
46.1		0.065098
46.2		0.065098
46.3		0.065098
46.4		0.065098
46.5		0.065098
46.6		0.065098
46.7		0.065098
46.8		0.065098
46.9		0.065098
47		0.065098
47.1		0.0665417
47.2		0.0665417
47.3		0.0665417
47.4		0.0665417
47.5		0.0665417
47.6		0.0665417
47.7		0.0665417
47.8		0.0665417
47.9		0.0665417
48		0.0665417
48.1		0.0695603
48.2		0.0695603
48.3		0.0695603
48.4		0.0695603
48.5		0.0695603
48.6		0.0695603
48.7		0.0695603
48.8		0.0695603
48.9		0.0695603
49		0.0695603
49.1		0.0704228
49.2		0.0704228
49.3		0.0704228
49.4		0.0704228
49.5		0.0704228
49.6		0.0704228
49.7		0.0704228
49.8		0.0704228
49.9		0.0704228
50		0.0704228
50.1		0.0705353
50.2		0.0705353
50.3		0.0705353
50.4		0.0705353
50.5		0.0705353
50.6		0.0705353
50.7		0.0705353
50.8		0.0705353
50.9		0.0705353
51		0.0705353
51.1		0.0722227
51.2		0.0722227
51.3		0.0722227
51.4		0.0722227
51.5		0.0722227
51.6		0.0722227
51.7		0.0722227
51.8		0.0722227
51.9		0.0722227
52		0.0722227
52.1		0.0746227
52.2		0.0746227
52.3		0.0746227
52.4		0.0746227
52.5		0.0746227
52.6		0.0746227
52.7		0.0746227
52.8		0.0746227
52.9		0.0746227
53		0.0746227
53.1		0.0770226
53.2		0.0770226
53.3		0.0770226
53.4		0.0770226
53.5		0.0770226
53.6		0.0770226
53.7		0.0770226
53.8		0.0770226
53.9		0.0770226
54		0.0770226
54.1		0.0795913
54.2		0.0795913
54.3		0.0795913
54.4		0.0795913
54.5		0.0795913
54.6		0.0795913
54.7		0.0795913
54.8		0.0795913
54.9		0.0795913
55		0.0795913
55.1		0.0803787
55.2		0.0803787
55.3		0.0803787
55.4		0.0803787
55.5		0.0803787
55.6		0.0803787
55.7		0.0803787
55.8		0.0803787
55.9		0.0803787
56		0.0803787
56.1		0.0812225
56.2		0.0812225
56.3		0.0812225
56.4		0.0812225
56.5		0.0812225
56.6		0.0812225
56.7		0.0812225
56.8		0.0812225
56.9		0.0812225
57		0.0812225
57.1		0.0818599
57.2		0.0818599
57.3		0.0818599
57.4		0.0818599
57.5		0.0818599
57.6		0.0818599
57.7		0.0818599
57.8		0.0818599
57.9		0.0818599
58		0.0818599
58.1		0.0871285
58.2		0.0871285
58.3		0.0871285
58.4		0.0871285
58.5		0.0871285
58.6		0.0871285
58.7		0.0871285
58.8		0.0871285
58.9		0.0871285
59		0.0871285
59.1		0.0890972
59.2		0.0890972
59.3		0.0890972
59.4		0.0890972
59.5		0.0890972
59.6		0.0890972
59.7		0.0890972
59.8		0.0890972
59.9		0.0890972
60		0.0890972
60.1		0.0909534
60.2		0.0909534
60.3		0.0909534
60.4		0.0909534
60.5		0.0909534
60.6		0.0909534
60.7		0.0909534
60.8		0.0909534
60.9		0.0909534
61		0.0909534
61.1		0.0913284
61.2		0.0913284
61.3		0.0913284
61.4		0.0913284
61.5		0.0913284
61.6		0.0913284
61.7		0.0913284
61.8		0.0913284
61.9		0.0913284
62		0.0913284
62.1		0.094722
62.2		0.094722
62.3		0.094722
62.4		0.094722
62.5		0.094722
62.6		0.094722
62.7		0.094722
62.8		0.094722
62.9		0.094722
63		0.094722
63.1		0.095997
63.2		0.095997
63.3		0.095997
63.4		0.095997
63.5		0.095997
63.6		0.095997
63.7		0.095997
63.8		0.095997
63.9		0.095997
64		0.095997
64.1		0.0969157
64.2		0.0969157
64.3		0.0969157
64.4		0.0969157
64.5		0.0969157
64.6		0.0969157
64.7		0.0969157
64.8		0.0969157
64.9		0.0969157
65		0.0969157
65.1		0.0992969
65.2		0.0992969
65.3		0.0992969
65.4		0.0992969
65.5		0.0992969
65.6		0.0992969
65.7		0.0992969
65.8		0.0992969
65.9		0.0992969
66		0.0992969
66.1		0.101641
66.2		0.101641
66.3		0.101641
66.4		0.101641
66.5		0.101641
66.6		0.101641
66.7		0.101641
66.8		0.101641
66.9		0.101641
67		0.101641
67.1		0.102859
67.2		0.102859
67.3		0.102859
67.4		0.102859
67.5		0.102859
67.6		0.102859
67.7		0.102859
67.8		0.102859
67.9		0.102859
68		0.102859
68.1		0.105053
68.2		0.105053
68.3		0.105053
68.4		0.105053
68.5		0.105053
68.6		0.105053
68.7		0.105053
68.8		0.105053
68.9		0.105053
69		0.105053
69.1		0.105334
69.2		0.105334
69.3		0.105334
69.4		0.105334
69.5		0.105334
69.6		0.105334
69.7		0.105334
69.8		0.105334
69.9		0.105334
70		0.105334
70.1		0.108784
70.2		0.108784
70.3		0.108784
70.4		0.108784
70.5		0.108784
70.6		0.108784
70.7		0.108784
70.8		0.108784
70.9		0.108784
71		0.108784
71.1		0.110303
71.2		0.110303
71.3		0.110303
71.4		0.110303
71.5		0.110303
71.6		0.110303
71.7		0.110303
71.8		0.110303
71.9		0.110303
72		0.110303
72.1		0.112965
72.2		0.112965
72.3		0.112965
72.4		0.112965
72.5		0.112965
72.6		0.112965
72.7		0.112965
72.8		0.112965
72.9		0.112965
73		0.112965
73.1		0.114503
73.2		0.114503
73.3		0.114503
73.4		0.114503
73.5		0.114503
73.6		0.114503
73.7		0.114503
73.8		0.114503
73.9		0.114503
74		0.114503
74.1		0.11649
74.2		0.11649
74.3		0.11649
74.4		0.11649
74.5		0.11649
74.6		0.11649
74.7		0.11649
74.8		0.11649
74.9		0.11649
75		0.11649
75.1		0.117765
75.2		0.117765
75.3		0.117765
75.4		0.117765
75.5		0.117765
75.6		0.117765
75.7		0.117765
75.8		0.117765
75.9		0.117765
76		0.117765
76.1		0.118853
76.2		0.118853
76.3		0.118853
76.4		0.118853
76.5		0.118853
76.6		0.118853
76.7		0.118853
76.8		0.118853
76.9		0.118853
77		0.118853
77.1		0.120821
77.2		0.120821
77.3		0.120821
77.4		0.120821
77.5		0.120821
77.6		0.120821
77.7		0.120821
77.8		0.120821
77.9		0.120821
78		0.120821
78.1		0.12414
78.2		0.12414
78.3		0.12414
78.4		0.12414
78.5		0.12414
78.6		0.12414
78.7		0.12414
78.8		0.12414
78.9		0.12414
79		0.12414
79.1		0.127459
79.2		0.127459
79.3		0.127459
79.4		0.127459
79.5		0.127459
79.6		0.127459
79.7		0.127459
79.8		0.127459
79.9		0.127459
80		0.127459
80.1		0.128433
80.2		0.128433
80.3		0.128433
80.4		0.128433
80.5		0.128433
80.6		0.128433
80.7		0.128433
80.8		0.128433
80.9		0.128433
81		0.128433
81.1		0.130758
81.2		0.130758
81.3		0.130758
81.4		0.130758
81.5		0.130758
81.6		0.130758
81.7		0.130758
81.8		0.130758
81.9		0.130758
82		0.130758
82.1		0.131058
82.2		0.131058
82.3		0.131058
82.4		0.131058
82.5		0.131058
82.6		0.131058
82.7		0.131058
82.8		0.131058
82.9		0.131058
83		0.131058
83.1		0.131358
83.2		0.131358
83.3		0.131358
83.4		0.131358
83.5		0.131358
83.6		0.131358
83.7		0.131358
83.8		0.131358
83.9		0.131358
84		0.131358
84.1		0.136496
84.2		0.136496
84.3		0.136496
84.4		0.136496
84.5		0.136496
84.6		0.136496
84.7		0.136496
84.8		0.136496
84.9		0.136496
85		0.136496
85.1		0.137958
85.2		0.137958
85.3		0.137958
85.4		0.137958
85.5		0.137958
85.6		0.137958
85.7		0.137958
85.8		0.137958
85.9		0.137958
86		0.137958
86.1		0.139814
86.2		0.139814
86.3		0.139814
86.4		0.139814
86.5		0.139814
86.6		0.139814
86.7		0.139814
86.8		0.139814
86.9		0.139814
87		0.139814
87.1		0.140096
87.2		0.140096
87.3		0.140096
87.4		0.140096
87.5		0.140096
87.6		0.140096
87.7		0.140096
87.8		0.140096
87.9		0.140096
88		0.140096
88.1		0.145458
88.2		0.145458
88.3		0.145458
88.4		0.145458
88.5		0.145458
88.6		0.145458
88.7		0.145458
88.8		0.145458
88.9		0.145458
89		0.145458
89.1		0.14557
89.2		0.14557
89.3		0.14557
89.4		0.14557
89.5		0.14557
89.6		0.14557
89.7		0.14557
89.8		0.14557
89.9		0.14557
90		0.14557
90.1		0.146827
90.2		0.146827
90.3		0.146827
90.4		0.146827
90.5		0.146827
90.6		0.146827
90.7		0.146827
90.8		0.146827
90.9		0.146827
91		0.146827
91.1		0.148608
91.2		0.148608
91.3		0.148608
91.4		0.148608
91.5		0.148608
91.6		0.148608
91.7		0.148608
91.8		0.148608
91.9		0.148608
92		0.148608
92.1		0.152639
92.2		0.152639
92.3		0.152639
92.4		0.152639
92.5		0.152639
92.6		0.152639
92.7		0.152639
92.8		0.152639
92.9		0.152639
93		0.152639
93.1		0.155714
93.2		0.155714
93.3		0.155714
93.4		0.155714
93.5		0.155714
93.6		0.155714
93.7		0.155714
93.8		0.155714
93.9		0.155714
94		0.155714
94.1		0.157701
94.2		0.157701
94.3		0.157701
94.4		0.157701
94.5		0.157701
94.6		0.157701
94.7		0.157701
94.8		0.157701
94.9		0.157701
95		0.157701
95.1		0.158226
95.2		0.158226
95.3		0.158226
95.4		0.158226
95.5		0.158226
95.6		0.158226
95.7		0.158226
95.8		0.158226
95.9		0.158226
96		0.158226
96.1		0.16042
96.2		0.16042
96.3		0.16042
96.4		0.16042
96.5		0.16042
96.6		0.16042
96.7		0.16042
96.8		0.16042
96.9		0.16042
97		0.16042
97.1		0.165407
97.2		0.165407
97.3		0.165407
97.4		0.165407
97.5		0.165407
97.6		0.165407
97.7		0.165407
97.8		0.165407
97.9		0.165407
98		0.165407
98.1		0.166345
98.2		0.166345
98.3		0.166345
98.4		0.166345
98.5		0.166345
98.6		0.166345
98.7		0.166345
98.8		0.166345
98.9		0.166345
99		0.166345
99.1		0.169007
99.2		0.169007
99.3		0.169007
99.4		0.169007
99.5		0.169007
99.6		0.169007
99.7		0.169007
99.8		0.169007
99.9		0.169007
100		0.169007
100.1		0.169382
100.2		0.169382
100.3		0.169382
100.4		0.169382
100.5		0.169382
100.6		0.169382
100.7		0.169382
100.8		0.169382
100.9		0.169382
101		0.169382
101.1		0.172063
101.2		0.172063
101.3		0.172063
101.4		0.172063
101.5		0.172063
101.6		0.172063
101.7		0.172063
101.8		0.172063
101.9		0.172063
102		0.172063
102.1		0.17347
102.2		0.17347
102.3		0.17347
102.4		0.17347
102.5		0.17347
102.6		0.17347
102.7		0.17347
102.8		0.17347
102.9		0.17347
103		0.17347
103.1		0.175963
103.2		0.175963
103.3		0.175963
103.4		0.175963
103.5		0.175963
103.6		0.175963
103.7		0.175963
103.8		0.175963
103.9		0.175963
104		0.175963
104.1		0.176263
104.2		0.176263
104.3		0.176263
104.4		0.176263
104.5		0.176263
104.6		0.176263
104.7		0.176263
104.8		0.176263
104.9		0.176263
105		0.176263
105.1		0.178269
105.2		0.178269
105.3		0.178269
105.4		0.178269
105.5		0.178269
105.6		0.178269
105.7		0.178269
105.8		0.178269
105.9		0.178269
106		0.178269
106.1		0.180051
106.2		0.180051
106.3		0.180051
106.4		0.180051
106.5		0.180051
106.6		0.180051
106.7		0.180051
106.8		0.180051
106.9		0.180051
107		0.180051
107.1		0.182676
107.2		0.182676
107.3		0.182676
107.4		0.182676
107.5		0.182676
107.6		0.182676
107.7		0.182676
107.8		0.182676
107.9		0.182676
108		0.182676
108.1		0.183013
108.2		0.183013
108.3		0.183013
108.4		0.183013
108.5		0.183013
108.6		0.183013
108.7		0.183013
108.8		0.183013
108.9		0.183013
109		0.183013
109.1		0.185
109.2		0.185
109.3		0.185
109.4		0.185
109.5		0.185
109.6		0.185
109.7		0.185
109.8		0.185
109.9		0.185
110		0.185
110.1		0.188788
110.2		0.188788
110.3		0.188788
110.4		0.188788
110.5		0.188788
110.6		0.188788
110.7		0.188788
110.8		0.188788
110.9		0.188788
111		0.188788
111.1		0.189238
111.2		0.189238
111.3		0.189238
111.4		0.189238
111.5		0.189238
111.6		0.189238
111.7		0.189238
111.8		0.189238
111.9		0.189238
112		0.189238
112.1		0.191169
112.2		0.191169
112.3		0.191169
112.4		0.191169
112.5		0.191169
112.6		0.191169
112.7		0.191169
112.8		0.191169
112.9		0.191169
113		0.191169
113.1		0.1916
113.2		0.1916
113.3		0.1916
113.4		0.1916
113.5		0.1916
113.6		0.1916
113.7		0.1916
113.8		0.1916
113.9		0.1916
114		0.1916
114.1		0.194956
114.2		0.194956
114.3		0.194956
114.4		0.194956
114.5		0.194956
114.6		0.194956
114.7		0.194956
114.8		0.194956
114.9		0.194956
115		0.194956
115.1		0.198463
115.2		0.198463
115.3		0.198463
115.4		0.198463
115.5		0.198463
115.6		0.198463
115.7		0.198463
115.8		0.198463
115.9		0.198463
116		0.198463
116.1		0.200431
116.2		0.200431
116.3		0.200431
116.4		0.200431
116.5		0.200431
116.6		0.200431
116.7		0.200431
116.8		0.200431
116.9		0.200431
117		0.200431
117.1		0.200806
117.2		0.200806
117.3		0.200806
117.4		0.200806
117.5		0.200806
117.6		0.200806
117.7		0.200806
117.8		0.200806
117.9		0.200806
118		0.200806
118.1		0.202906
118.2		0.202906
118.3		0.202906
118.4		0.202906
118.5		0.202906
118.6		0.202906
118.7		0.202906
118.8		0.202906
118.9		0.202906
119		0.202906
119.1		0.205137
119.2		0.205137
119.3		0.205137
119.4		0.205137
119.5		0.205137
119.6		0.205137
119.7		0.205137
119.8		0.205137
119.9		0.205137
120		0.205137
120.1		0.205475
120.2		0.205475
120.3		0.205475
120.4		0.205475
120.5		0.205475
120.6		0.205475
120.7		0.205475
120.8		0.205475
120.9		0.205475
121		0.205475
121.1		0.208268
121.2		0.208268
121.3		0.208268
121.4		0.208268
121.5		0.208268
121.6		0.208268
121.7		0.208268
121.8		0.208268
121.9		0.208268
122		0.208268
122.1		0.212506
122.2		0.212506
122.3		0.212506
122.4		0.212506
122.5		0.212506
122.6		0.212506
122.7		0.212506
122.8		0.212506
122.9		0.212506
123		0.212506
123.1		0.212543
123.2		0.212543
123.3		0.212543
123.4		0.212543
123.5		0.212543
123.6		0.212543
123.7		0.212543
123.8		0.212543
123.9		0.212543
124		0.212543
124.1		0.213537
124.2		0.213537
124.3		0.213537
124.4		0.213537
124.5		0.213537
124.6		0.213537
124.7		0.213537
124.8		0.213537
124.9		0.213537
125		0.213537
125.1		0.215168
125.2		0.215168
125.3		0.215168
125.4		0.215168
125.5		0.215168
125.6		0.215168
125.7		0.215168
125.8		0.215168
125.9		0.215168
126		0.215168
126.1		0.219799
126.2		0.219799
126.3		0.219799
126.4		0.219799
126.5		0.219799
126.6		0.219799
126.7		0.219799
126.8		0.219799
126.9		0.219799
127		0.219799
127.1		0.221074
127.2		0.221074
127.3		0.221074
127.4		0.221074
127.5		0.221074
127.6		0.221074
127.7		0.221074
127.8		0.221074
127.9		0.221074
128		0.221074
128.1		0.221318
128.2		0.221318
128.3		0.221318
128.4		0.221318
128.5		0.221318
128.6		0.221318
128.7		0.221318
128.8		0.221318
128.9		0.221318
129		0.221318
129.1		0.223193
129.2		0.223193
129.3		0.223193
129.4		0.223193
129.5		0.223193
129.6		0.223193
129.7		0.223193
129.8		0.223193
129.9		0.223193
130		0.223193
130.1		0.227374
130.2		0.227374
130.3		0.227374
130.4		0.227374
130.5		0.227374
130.6		0.227374
130.7		0.227374
130.8		0.227374
130.9		0.227374
131		0.227374
131.1		0.229005
131.2		0.229005
131.3		0.229005
131.4		0.229005
131.5		0.229005
131.6		0.229005
131.7		0.229005
131.8		0.229005
131.9		0.229005
132		0.229005
132.1		0.230674
132.2		0.230674
132.3		0.230674
132.4		0.230674
132.5		0.230674
132.6		0.230674
132.7		0.230674
132.8		0.230674
132.9		0.230674
133		0.230674
133.1		0.232324
133.2		0.232324
133.3		0.232324
133.4		0.232324
133.5		0.232324
133.6		0.232324
133.7		0.232324
133.8		0.232324
133.9		0.232324
134		0.232324
134.1		0.234968
134.2		0.234968
134.3		0.234968
134.4		0.234968
134.5		0.234968
134.6		0.234968
134.7		0.234968
134.8		0.234968
134.9		0.234968
135		0.234968
135.1		0.237574
135.2		0.237574
135.3		0.237574
135.4		0.237574
135.5		0.237574
135.6		0.237574
135.7		0.237574
135.8		0.237574
135.9		0.237574
136		0.237574
136.1		0.239074
136.2		0.239074
136.3		0.239074
136.4		0.239074
136.5		0.239074
136.6		0.239074
136.7		0.239074
136.8		0.239074
136.9		0.239074
137		0.239074
137.1		0.24213
137.2		0.24213
137.3		0.24213
137.4		0.24213
137.5		0.24213
137.6		0.24213
137.7		0.24213
137.8		0.24213
137.9		0.24213
138		0.24213
138.1		0.243986
138.2		0.243986
138.3		0.243986
138.4		0.243986
138.5		0.243986
138.6		0.243986
138.7		0.243986
138.8		0.243986
138.9		0.243986
139		0.243986
139.1		0.245317
139.2		0.245317
139.3		0.245317
139.4		0.245317
139.5		0.245317
139.6		0.245317
139.7		0.245317
139.8		0.245317
139.9		0.245317
140		0.245317
140.1		0.246967
140.2		0.246967
140.3		0.246967
140.4		0.246967
140.5		0.246967
140.6		0.246967
140.7		0.246967
140.8		0.246967
140.9		0.246967
141		0.246967
141.1		0.248636
141.2		0.248636
141.3		0.248636
141.4		0.248636
141.5		0.248636
141.6		0.248636
141.7		0.248636
141.8		0.248636
141.9		0.248636
142		0.248636
142.1		0.248973
142.2		0.248973
142.3		0.248973
142.4		0.248973
142.5		0.248973
142.6		0.248973
142.7		0.248973
142.8		0.248973
142.9		0.248973
143		0.248973
143.1		0.251748
143.2		0.251748
143.3		0.251748
143.4		0.251748
143.5		0.251748
143.6		0.251748
143.7		0.251748
143.8		0.251748
143.9		0.251748
144		0.251748
144.1		0.25518
144.2		0.25518
144.3		0.25518
144.4		0.25518
144.5		0.25518
144.6		0.25518
144.7		0.25518
144.8		0.25518
144.9		0.25518
145		0.25518
145.1		0.256417
145.2		0.256417
145.3		0.256417
145.4		0.256417
145.5		0.256417
145.6		0.256417
145.7		0.256417
145.8		0.256417
145.9		0.256417
146		0.256417
146.1		0.256961
146.2		0.256961
146.3		0.256961
146.4		0.256961
146.5		0.256961
146.6		0.256961
146.7		0.256961
146.8		0.256961
146.9		0.256961
147		0.256961
147.1		0.260486
147.2		0.260486
147.3		0.260486
147.4		0.260486
147.5		0.260486
147.6		0.260486
147.7		0.260486
147.8		0.260486
147.9		0.260486
148		0.260486
148.1		0.264592
148.2		0.264592
148.3		0.264592
148.4		0.264592
148.5		0.264592
148.6		0.264592
148.7		0.264592
148.8		0.264592
148.9		0.264592
149		0.264592
149.1		0.265454
149.2		0.265454
149.3		0.265454
149.4		0.265454
149.5		0.265454
149.6		0.265454
149.7		0.265454
149.8		0.265454
149.9		0.265454
150		0.265454
150.1		0.265698
150.2		0.265698
150.3		0.265698
150.4		0.265698
150.5		0.265698
150.6		0.265698
150.7		0.265698
150.8		0.265698
150.9		0.265698
151		0.265698
151.1		0.267948
151.2		0.267948
151.3		0.267948
151.4		0.267948
151.5		0.267948
151.6		0.267948
151.7		0.267948
151.8		0.267948
151.9		0.267948
152		0.267948
152.1		0.271135
152.2		0.271135
152.3		0.271135
152.4		0.271135
152.5		0.271135
152.6		0.271135
152.7		0.271135
152.8		0.271135
152.9		0.271135
153		0.271135
153.1		0.271848
153.2		0.271848
153.3		0.271848
153.4		0.271848
153.5		0.271848
153.6		0.271848
153.7		0.271848
153.8		0.271848
153.9		0.271848
154		0.271848
154.1		0.274229
154.2		0.274229
154.3		0.274229
154.4		0.274229
154.5		0.274229
154.6		0.274229
154.7		0.274229
154.8		0.274229
154.9		0.274229
155		0.274229
155.1		0.274566
155.2		0.274566
155.3		0.274566
155.4		0.274566
155.5		0.274566
155.6		0.274566
155.7		0.274566
155.8		0.274566
155.9		0.274566
156		0.274566
156.1		0.278148
156.2		0.278148
156.3		0.278148
156.4		0.278148
156.5		0.278148
156.6		0.278148
156.7		0.278148
156.8		0.278148
156.9		0.278148
157		0.278148
157.1		0.27901
157.2		0.27901
157.3		0.27901
157.4		0.27901
157.5		0.27901
157.6		0.27901
157.7		0.27901
157.8		0.27901
157.9		0.27901
158		0.27901
158.1		0.279629
158.2		0.279629
158.3		0.279629
158.4		0.279629
158.5		0.279629
158.6		0.279629
158.7		0.279629
158.8		0.279629
158.9		0.279629
159		0.279629
159.1		0.28261
159.2		0.28261
159.3		0.28261
159.4		0.28261
159.5		0.28261
159.6		0.28261
159.7		0.28261
159.8		0.28261
159.9		0.28261
160		0.28261
160.1		0.286154
160.2		0.286154
160.3		0.286154
160.4		0.286154
160.5		0.286154
160.6		0.286154
160.7		0.286154
160.8		0.286154
160.9		0.286154
161		0.286154
161.1		0.287897
161.2		0.287897
161.3		0.287897
161.4		0.287897
161.5		0.287897
161.6		0.287897
161.7		0.287897
161.8		0.287897
161.9		0.287897
162		0.287897
162.1		0.289978
162.2		0.289978
162.3		0.289978
162.4		0.289978
162.5		0.289978
162.6		0.289978
162.7		0.289978
162.8		0.289978
162.9		0.289978
163		0.289978
163.1		0.290241
163.2		0.290241
163.3		0.290241
163.4		0.290241
163.5		0.290241
163.6		0.290241
163.7		0.290241
163.8		0.290241
163.9		0.290241
164		0.290241
164.1		0.290391
164.2		0.290391
164.3		0.290391
164.4		0.290391
164.5		0.290391
164.6		0.290391
164.7		0.290391
164.8		0.290391
164.9		0.290391
165		0.290391
165.1		0.296109
165.2		0.296109
165.3		0.296109
165.4		0.296109
165.5		0.296109
165.6		0.296109
165.7		0.296109
165.8		0.296109
165.9		0.296109
166		0.296109
166.1		0.296503
166.2		0.296503
166.3		0.296503
166.4		0.296503
166.5		0.296503
166.6		0.296503
166.7		0.296503
166.8		0.296503
166.9		0.296503
167		0.296503
167.1		0.298191
167.2		0.298191
167.3		0.298191
167.4		0.298191
167.5		0.298191
167.6		0.298191
167.7		0.298191
167.8		0.298191
167.9		0.298191
168		0.298191
168.1		0.301191
168.2		0.301191
168.3		0.301191
168.4		0.301191
168.5		0.301191
168.6		0.301191
168.7		0.301191
168.8		0.301191
168.9		0.301191
169		0.301191
169.1		0.301903
169.2		0.301903
169.3		0.301903
169.4		0.301903
169.5		0.301903
169.6		0.301903
169.7		0.301903
169.8		0.301903
169.9		0.301903
170		0.301903
170.1		0.303891
170.2		0.303891
170.3		0.303891
170.4		0.303891
170.5		0.303891
170.6		0.303891
170.7		0.303891
170.8		0.303891
170.9		0.303891
171		0.303891
171.1		0.306947
171.2		0.306947
171.3		0.306947
171.4		0.306947
171.5		0.306947
171.6		0.306947
171.7		0.306947
171.8		0.306947
171.9		0.306947
172		0.306947
172.1		0.307565
172.2		0.307565
172.3		0.307565
172.4		0.307565
172.5		0.307565
172.6		0.307565
172.7		0.307565
172.8		0.307565
172.9		0.307565
173		0.307565
173.1		0.311878
173.2		0.311878
173.3		0.311878
173.4		0.311878
173.5		0.311878
173.6		0.311878
173.7		0.311878
173.8		0.311878
173.9		0.311878
174		0.311878
174.1		0.313134
174.2		0.313134
174.3		0.313134
174.4		0.313134
174.5		0.313134
174.6		0.313134
174.7		0.313134
174.8		0.313134
174.9		0.313134
175		0.313134
175.1		0.313321
175.2		0.313321
175.3		0.313321
175.4		0.313321
175.5		0.313321
175.6		0.313321
175.7		0.313321
175.8		0.313321
175.9		0.313321
176		0.313321
176.1		0.313659
176.2		0.313659
176.3		0.313659
176.4		0.313659
176.5		0.313659
176.6		0.313659
176.7		0.313659
176.8		0.313659
176.9		0.313659
177		0.313659
177.1		0.317315
177.2		0.317315
177.3		0.317315
177.4		0.317315
177.5		0.317315
177.6		0.317315
177.7		0.317315
177.8		0.317315
177.9		0.317315
178		0.317315
178.1		0.319546
178.2		0.319546
178.3		0.319546
178.4		0.319546
178.5		0.319546
178.6		0.319546
178.7		0.319546
178.8		0.319546
178.9		0.319546
179		0.319546
179.1		0.322002
179.2		0.322002
179.3		0.322002
179.4		0.322002
179.5		0.322002
179.6		0.322002
179.7		0.322002
179.8		0.322002
179.9		0.322002
180		0.322002
180.1		0.322827
180.2		0.322827
180.3		0.322827
180.4		0.322827
180.5		0.322827
180.6		0.322827
180.7		0.322827
180.8		0.322827
180.9		0.322827
181		0.322827
181.1		0.324234
181.2		0.324234
181.3		0.324234
181.4		0.324234
181.5		0.324234
181.6		0.324234
181.7		0.324234
181.8		0.324234
181.9		0.324234
182		0.324234
182.1		0.328077
182.2		0.328077
182.3		0.328077
182.4		0.328077
182.5		0.328077
182.6		0.328077
182.7		0.328077
182.8		0.328077
182.9		0.328077
183		0.328077
183.1		0.328921
183.2		0.328921
183.3		0.328921
183.4		0.328921
183.5		0.328921
183.6		0.328921
183.7		0.328921
183.8		0.328921
183.9		0.328921
184		0.328921
184.1		0.33194
184.2		0.33194
184.3		0.33194
184.4		0.33194
184.5		0.33194
184.6		0.33194
184.7		0.33194
184.8		0.33194
184.9		0.33194
185		0.33194
185.1		0.333252
185.2		0.333252
185.3		0.333252
185.4		0.333252
185.5		0.333252
185.6		0.333252
185.7		0.333252
185.8		0.333252
185.9		0.333252
186		0.333252
186.1		0.333702
186.2		0.333702
186.3		0.333702
186.4		0.333702
186.5		0.333702
186.6		0.333702
186.7		0.333702
186.8		0.333702
186.9		0.333702
187		0.333702
187.1		0.338258
187.2		0.338258
187.3		0.338258
187.4		0.338258
187.5		0.338258
187.6		0.338258
187.7		0.338258
187.8		0.338258
187.9		0.338258
188		0.338258
188.1		0.338539
188.2		0.338539
188.3		0.338539
188.4		0.338539
188.5		0.338539
188.6		0.338539
188.7		0.338539
188.8		0.338539
188.9		0.338539
189		0.338539
189.1		0.340733
189.2		0.340733
189.3		0.340733
189.4		0.340733
189.5		0.340733
189.6		0.340733
189.7		0.340733
189.8		0.340733
189.9		0.340733
190		0.340733
190.1		0.343208
190.2		0.343208
190.3		0.343208
190.4		0.343208
190.5		0.343208
190.6		0.343208
190.7		0.343208
190.8		0.343208
190.9		0.343208
191		0.343208
191.1		0.344764
191.2		0.344764
191.3		0.344764
191.4		0.344764
191.5		0.344764
191.6		0.344764
191.7		0.344764
191.8		0.344764
191.9		0.344764
192		0.344764
192.1		0.345645
192.2		0.345645
192.3		0.345645
192.4		0.345645
192.5		0.345645
192.6		0.345645
192.7		0.345645
192.8		0.345645
192.9		0.345645
193		0.345645
193.1		0.347445
193.2		0.347445
193.3		0.347445
193.4		0.347445
193.5		0.347445
193.6		0.347445
193.7		0.347445
193.8		0.347445
193.9		0.347445
194		0.347445
194.1		0.349864
194.2		0.349864
194.3		0.349864
194.4		0.349864
194.5		0.349864
194.6		0.349864
194.7		0.349864
194.8		0.349864
194.9		0.349864
195		0.349864
195.1		0.353426
195.2		0.353426
195.3		0.353426
195.4		0.353426
195.5		0.353426
195.6		0.353426
195.7		0.353426
195.8		0.353426
195.9		0.353426
196		0.353426
196.1		0.355545
196.2		0.355545
196.3		0.355545
196.4		0.355545
196.5		0.355545
196.6		0.355545
196.7		0.355545
196.8		0.355545
196.9		0.355545
197		0.355545
197.1		0.356595
197.2		0.356595
197.3		0.356595
197.4		0.356595
197.5		0.356595
197.6		0.356595
197.7		0.356595
197.8		0.356595
197.9		0.356595
198		0.356595
198.1		0.357233
198.2		0.357233
198.3		0.357233
198.4		0.357233
198.5		0.357233
198.6		0.357233
198.7		0.357233
198.8		0.357233
198.9		0.357233
199		0.357233
199.1		0.359839
199.2		0.359839
199.3		0.359839
199.4		0.359839
199.5		0.359839
199.6		0.359839
199.7		0.359839
199.8		0.359839
199.9		0.359839
200		0.359839
200.1		0.362351
200.2		0.362351
200.3		0.362351
200.4		0.362351
200.5		0.362351
200.6		0.362351
200.7		0.362351
200.8		0.362351
200.9		0.362351
201		0.362351
201.1		0.363982
201.2		0.363982
201.3		0.363982
201.4		0.363982
201.5		0.363982
201.6		0.363982
201.7		0.363982
201.8		0.363982
201.9		0.363982
202		0.363982
202.1		0.36537
202.2		0.36537
202.3		0.36537
202.4		0.36537
202.5		0.36537
202.6		0.36537
202.7		0.36537
202.8		0.36537
202.9		0.36537
203		0.36537
203.1		0.365632
203.2		0.365632
203.3		0.365632
203.4		0.365632
203.5		0.365632
203.6		0.365632
203.7		0.365632
203.8		0.365632
203.9		0.365632
204		0.365632
204.1		0.367564
204.2		0.367564
204.3		0.367564
204.4		0.367564
204.5		0.367564
204.6		0.367564
204.7		0.367564
204.8		0.367564
204.9		0.367564
205		0.367564
205.1		0.371163
205.2		0.371163
205.3		0.371163
205.4		0.371163
205.5		0.371163
205.6		0.371163
205.7		0.371163
205.8		0.371163
205.9		0.371163
206		0.371163
206.1		0.371745
206.2		0.371745
206.3		0.371745
206.4		0.371745
206.5		0.371745
206.6		0.371745
206.7		0.371745
206.8		0.371745
206.9		0.371745
207		0.371745
207.1		0.375795
207.2		0.375795
207.3		0.375795
207.4		0.375795
207.5		0.375795
207.6		0.375795
207.7		0.375795
207.8		0.375795
207.9		0.375795
208		0.375795
208.1		0.376694
208.2		0.376694
208.3		0.376694
208.4		0.376694
208.5		0.376694
208.6		0.376694
208.7		0.376694
208.8		0.376694
208.9		0.376694
209		0.376694
209.1		0.377482
209.2		0.377482
209.3		0.377482
209.4		0.377482
209.5		0.377482
209.6		0.377482
209.7		0.377482
209.8		0.377482
209.9		0.377482
210		0.377482
210.1		0.381401
210.2		0.381401
210.3		0.381401
210.4		0.381401
210.5		0.381401
210.6		0.381401
210.7		0.381401
210.8		0.381401
210.9		0.381401
211		0.381401
211.1		0.382207
211.2		0.382207
211.3		0.382207
211.4		0.382207
211.5		0.382207
211.6		0.382207
211.7		0.382207
211.8		0.382207
211.9		0.382207
212		0.382207
212.1		0.385657
212.2		0.385657
212.3		0.385657
212.4		0.385657
212.5		0.385657
212.6		0.385657
212.7		0.385657
212.8		0.385657
212.9		0.385657
213		0.385657
213.1		0.387025
213.2		0.387025
213.3		0.387025
213.4		0.387025
213.5		0.387025
213.6		0.387025
213.7		0.387025
213.8		0.387025
213.9		0.387025
214		0.387025
214.1		0.387363
214.2		0.387363
214.3		0.387363
214.4		0.387363
214.5		0.387363
214.6		0.387363
214.7		0.387363
214.8		0.387363
214.9		0.387363
215		0.387363
215.1		0.390382
215.2		0.390382
215.3		0.390382
215.4		0.390382
215.5		0.390382
215.6		0.390382
215.7		0.390382
215.8		0.390382
215.9		0.390382
216		0.390382
216.1		0.393625
216.2		0.393625
216.3		0.393625
216.4		0.393625
216.5		0.393625
216.6		0.393625
216.7		0.393625
216.8		0.393625
216.9		0.393625
217		0.393625
217.1		0.395988
217.2		0.395988
217.3		0.395988
217.4		0.395988
217.5		0.395988
217.6		0.395988
217.7		0.395988
217.8		0.395988
217.9		0.395988
218		0.395988
218.1		0.396344
218.2		0.396344
218.3		0.396344
218.4		0.396344
218.5		0.396344
218.6		0.396344
218.7		0.396344
218.8		0.396344
218.9		0.396344
219		0.396344
219.1		0.397169
219.2		0.397169
219.3		0.397169
219.4		0.397169
219.5		0.397169
219.6		0.397169
219.7		0.397169
219.8		0.397169
219.9		0.397169
220		0.397169
220.1		0.4015
220.2		0.4015
220.3		0.4015
220.4		0.4015
220.5		0.4015
220.6		0.4015
220.7		0.4015
220.8		0.4015
220.9		0.4015
221		0.4015
221.1		0.402944
221.2		0.402944
221.3		0.402944
221.4		0.402944
221.5		0.402944
221.6		0.402944
221.7		0.402944
221.8		0.402944
221.9		0.402944
222		0.402944
222.1		0.404894
222.2		0.404894
222.3		0.404894
222.4		0.404894
222.5		0.404894
222.6		0.404894
222.7		0.404894
222.8		0.404894
222.9		0.404894
223		0.404894
223.1		0.405175
223.2		0.405175
223.3		0.405175
223.4		0.405175
223.5		0.405175
223.6		0.405175
223.7		0.405175
223.8		0.405175
223.9		0.405175
224		0.405175
224.1		0.4087
224.2		0.4087
224.3		0.4087
224.4		0.4087
224.5		0.4087
224.6		0.4087
224.7		0.4087
224.8		0.4087
224.9		0.4087
225		0.4087
225.1		0.409975
225.2		0.409975
225.3		0.409975
225.4		0.409975
225.5		0.409975
225.6		0.409975
225.7		0.409975
225.8		0.409975
225.9		0.409975
226		0.409975
226.1		0.410725
226.2		0.410725
226.3		0.410725
226.4		0.410725
226.5		0.410725
226.6		0.410725
226.7		0.410725
226.8		0.410725
226.9		0.410725
227		0.410725
227.1		0.414906
227.2		0.414906
227.3		0.414906
227.4		0.414906
227.5		0.414906
227.6		0.414906
227.7		0.414906
227.8		0.414906
227.9		0.414906
228		0.414906
228.1		0.416462
228.2		0.416462
228.3		0.416462
228.4		0.416462
228.5		0.416462
228.6		0.416462
228.7		0.416462
228.8		0.416462
228.9		0.416462
229		0.416462
229.1		0.416612
229.2		0.416612
229.3		0.416612
229.4		0.416612
229.5		0.416612
229.6		0.416612
229.7		0.416612
229.8		0.416612
229.9		0.416612
230		0.416612
230.1		0.421449
230.2		0.421449
230.3		0.421449
230.4		0.421449
230.5		0.421449
230.6		0.421449
230.7		0.421449
230.8		0.421449
230.9		0.421449
231		0.421449
231.1		0.422312
231.2		0.422312
231.3		0.422312
231.4		0.422312
231.5		0.422312
231.6		0.422312
231.7		0.422312
231.8		0.422312
231.9		0.422312
232		0.422312
232.1		0.424524
232.2		0.424524
232.3		0.424524
232.4		0.424524
232.5		0.424524
232.6		0.424524
232.7		0.424524
232.8		0.424524
232.9		0.424524
233		0.424524
233.1		0.427187
233.2		0.427187
233.3		0.427187
233.4		0.427187
233.5		0.427187
233.6		0.427187
233.7		0.427187
233.8		0.427187
233.9		0.427187
234		0.427187
234.1		0.428162
234.2		0.428162
234.3		0.428162
234.4		0.428162
234.5		0.428162
234.6		0.428162
234.7		0.428162
234.8		0.428162
234.9		0.428162
235		0.428162
235.1		0.428874
235.2		0.428874
235.3		0.428874
235.4		0.428874
235.5		0.428874
235.6		0.428874
235.7		0.428874
235.8		0.428874
235.9		0.428874
236		0.428874
236.1		0.430655
236.2		0.430655
236.3		0.430655
236.4		0.430655
236.5		0.430655
236.6		0.430655
236.7		0.430655
236.8		0.430655
236.9		0.430655
237		0.430655
237.1		0.433018
237.2		0.433018
237.3		0.433018
237.4		0.433018
237.5		0.433018
237.6		0.433018
237.7		0.433018
237.8		0.433018
237.9		0.433018
238		0.433018
238.1		0.435718
238.2		0.435718
238.3		0.435718
238.4		0.435718
238.5		0.435718
238.6		0.435718
238.7		0.435718
238.8		0.435718
238.9		0.435718
239		0.435718
239.1		0.440161
239.2		0.440161
239.3		0.440161
239.4		0.440161
239.5		0.440161
239.6		0.440161
239.7		0.440161
239.8		0.440161
239.9		0.440161
240		0.440161
240.1		0.441155
240.2		0.441155
240.3		0.441155
240.4		0.441155
240.5		0.441155
240.6		0.441155
240.7		0.441155
240.8		0.441155
240.9		0.441155
241		0.441155
241.1		0.443049
241.2		0.443049
241.3		0.443049
241.4		0.443049
241.5		0.443049
241.6		0.443049
241.7		0.443049
241.8		0.443049
241.9		0.443049
242		0.443049
242.1		0.443574
242.2		0.443574
242.3		0.443574
242.4		0.443574
242.5		0.443574
242.6		0.443574
242.7		0.443574
242.8		0.443574
242.9		0.443574
243		0.443574
243.1		0.446442
243.2		0.446442
243.3		0.446442
243.4		0.446442
243.5		0.446442
243.6		0.446442
243.7		0.446442
243.8		0.446442
243.9		0.446442
244		0.446442
244.1		0.447624
244.2		0.447624
244.3		0.447624
244.4		0.447624
244.5		0.447624
244.6		0.447624
244.7		0.447624
244.8		0.447624
244.9		0.447624
245		0.447624
245.1		0.449423
245.2		0.449423
245.3		0.449423
245.4		0.449423
245.5		0.449423
245.6		0.449423
245.7		0.449423
245.8		0.449423
245.9		0.449423
246		0.449423
246.1		0.45218
246.2		0.45218
246.3		0.45218
246.4		0.45218
246.5		0.45218
246.6		0.45218
246.7		0.45218
246.8		0.45218
246.9		0.45218
247		0.45218
247.1		0.452292
247.2		0.452292
247.3		0.452292
247.4		0.452292
247.5		0.452292
247.6		0.452292
247.7		0.452292
247.8		0.452292
247.9		0.452292
248		0.452292
248.1		0.453492
248.2		0.453492
248.3		0.453492
248.4		0.453492
248.5		0.453492
248.6		0.453492
248.7		0.453492
248.8		0.453492
248.9		0.453492
249		0.453492
249.1		0.456604
249.2		0.456604
249.3		0.456604
249.4		0.456604
249.5		0.456604
249.6		0.456604
249.7		0.456604
249.8		0.456604
249.9		0.456604
250		0.456604
250.1		0.459079
250.2		0.459079
250.3		0.459079
250.4		0.459079
250.5		0.459079
250.6		0.459079
250.7		0.459079
250.8		0.459079
250.9		0.459079
251		0.459079
251.1		0.461348
251.2		0.461348
251.3		0.461348
251.4		0.461348
251.5		0.461348
251.6		0.461348
251.7		0.461348
251.8		0.461348
251.9		0.461348
252		0.461348
252.1		0.462492
252.2		0.462492
252.3		0.462492
252.4		0.462492
252.5		0.462492
252.6		0.462492
252.7		0.462492
252.8		0.462492
252.9		0.462492
253		0.462492
253.1		0.462979
253.2		0.462979
253.3		0.462979
253.4		0.462979
253.5		0.462979
253.6		0.462979
253.7		0.462979
253.8		0.462979
253.9		0.462979
254		0.462979
254.1		0.468023
254.2		0.468023
254.3		0.468023
254.4		0.468023
254.5		0.468023
254.6		0.468023
254.7		0.468023
254.8		0.468023
254.9		0.468023
255		0.468023
255.1		0.469617
255.2		0.469617
255.3		0.469617
255.4		0.469617
255.5		0.469617
255.6		0.469617
255.7		0.469617
255.8		0.469617
255.9		0.469617
256		0.469617
256.1		0.469935
256.2		0.469935
256.3		0.469935
256.4		0.469935
256.5		0.469935
256.6		0.469935
256.7		0.469935
256.8		0.469935
256.9		0.469935
257		0.469935
257.1		0.472129
257.2		0.472129
257.3		0.472129
257.4		0.472129
257.5		0.472129
257.6		0.472129
257.7		0.472129
257.8		0.472129
257.9		0.472129
258		0.472129
258.1		0.474041
258.2		0.474041
258.3		0.474041
258.4		0.474041
258.5		0.474041
258.6		0.474041
258.7		0.474041
258.8		0.474041
258.9		0.474041
259		0.474041
259.1		0.477416
259.2		0.477416
259.3		0.477416
259.4		0.477416
259.5		0.477416
259.6		0.477416
259.7		0.477416
259.8		0.477416
259.9		0.477416
260		0.477416
260.1		0.477641
260.2		0.477641
260.3		0.477641
260.4		0.477641
260.5		0.477641
260.6		0.477641
260.7		0.477641
260.8		0.477641
260.9		0.477641
261		0.477641
261.1		0.480266
261.2		0.480266
261.3		0.480266
261.4		0.480266
261.5		0.480266
261.6		0.480266
261.7		0.480266
261.8		0.480266
261.9		0.480266
262		0.480266
262.1		0.483547
262.2		0.483547
262.3		0.483547
262.4		0.483547
262.5		0.483547
262.6		0.483547
262.7		0.483547
262.8		0.483547
262.9		0.483547
263		0.483547
263.1		0.48501
263.2		0.48501
263.3		0.48501
263.4		0.48501
263.5		0.48501
263.6		0.48501
263.7		0.48501
263.8		0.48501
263.9		0.48501
264		0.48501
264.1		0.48906
264.2		0.48906
264.3		0.48906
264.4		0.48906
264.5		0.48906
264.6		0.48906
264.7		0.48906
264.8		0.48906
264.9		0.48906
265		0.48906
265.1		0.490297
265.2		0.490297
265.3		0.490297
265.4		0.490297
265.5		0.490297
265.6		0.490297
265.7		0.490297
265.8		0.490297
265.9		0.490297
266		0.490297
266.1		0.490466
266.2		0.490466
266.3		0.490466
266.4		0.490466
266.5		0.490466
266.6		0.490466
266.7		0.490466
266.8		0.490466
266.9		0.490466
267		0.490466
267.1		0.494872
267.2		0.494872
267.3		0.494872
267.4		0.494872
267.5		0.494872
267.6		0.494872
267.7		0.494872
267.8		0.494872
267.9		0.494872
268		0.494872
268.1		0.495247
268.2		0.495247
268.3		0.495247
268.4		0.495247
268.5		0.495247
268.6		0.495247
268.7		0.495247
268.8		0.495247
268.9		0.495247
269		0.495247
269.1		0.497516
269.2		0.497516
269.3		0.497516
269.4		0.497516
269.5		0.497516
269.6		0.497516
269.7		0.497516
269.8		0.497516
269.9		0.497516
270		0.497516
270.1		0.498341
270.2		0.498341
270.3		0.498341
270.4		0.498341
270.5		0.498341
270.6		0.498341
270.7		0.498341
270.8		0.498341
270.9		0.498341
271		0.498341
271.1		0.498547
271.2		0.498547
271.3		0.498547
271.4		0.498547
271.5		0.498547
271.6		0.498547
271.7		0.498547
271.8		0.498547
271.9		0.498547
272		0.498547
272.1		0.503666
272.2		0.503666
272.3		0.503666
272.4		0.503666
272.5		0.503666
272.6		0.503666
272.7		0.503666
272.8		0.503666
272.9		0.503666
273		0.503666
273.1		0.505165
273.2		0.505165
273.3		0.505165
273.4		0.505165
273.5		0.505165
273.6		0.505165
273.7		0.505165
273.8		0.505165
273.9		0.505165
274		0.505165
274.1		0.50644
274.2		0.50644
274.3		0.50644
274.4		0.50644
274.5		0.50644
274.6		0.50644
274.7		0.50644
274.8		0.50644
274.9		0.50644
275		0.50644
275.1		0.507172
275.2		0.507172
275.3		0.507172
275.4		0.507172
275.5		0.507172
275.6		0.507172
275.7		0.507172
275.8		0.507172
275.9		0.507172
276		0.507172
276.1		0.508015
276.2		0.508015
276.3		0.508015
276.4		0.508015
276.5		0.508015
276.6		0.508015
276.7		0.508015
276.8		0.508015
276.9		0.508015
277		0.508015
277.1		0.513396
277.2		0.513396
277.3		0.513396
277.4		0.513396
277.5		0.513396
277.6		0.513396
277.7		0.513396
277.8		0.513396
277.9		0.513396
278		0.513396
278.1		0.514109
278.2		0.514109
278.3		0.514109
278.4		0.514109
278.5		0.514109
278.6		0.514109
278.7		0.514109
278.8		0.514109
278.9		0.514109
279		0.514109
279.1		0.514409
279.2		0.514409
279.3		0.514409
279.4		0.514409
279.5		0.514409
279.6		0.514409
279.7		0.514409
279.8		0.514409
279.9		0.514409
280		0.514409
280.1		0.51964
280.2		0.51964
280.3		0.51964
280.4		0.51964
280.5		0.51964
280.6		0.51964
280.7		0.51964
280.8		0.51964
280.9		0.51964
281		0.51964
281.1		0.520109
281.2		0.520109
281.3		0.520109
281.4		0.520109
281.5		0.520109
281.6		0.520109
281.7		0.520109
281.8		0.520109
281.9		0.520109
282		0.520109
282.1		0.521309
282.2		0.521309
282.3		0.521309
282.4		0.521309
282.5		0.521309
282.6		0.521309
282.7		0.521309
282.8		0.521309
282.9		0.521309
283		0.521309
283.1		0.523034
283.2		0.523034
283.3		0.523034
283.4		0.523034
283.5		0.523034
283.6		0.523034
283.7		0.523034
283.8		0.523034
283.9		0.523034
284		0.523034
284.1		0.528921
284.2		0.528921
284.3		0.528921
284.4		0.528921
284.5		0.528921
284.6		0.528921
284.7		0.528921
284.8		0.528921
284.9		0.528921
285		0.528921
285.1		0.529315
285.2		0.529315
285.3		0.529315
285.4		0.529315
285.5		0.529315
285.6		0.529315
285.7		0.529315
285.8		0.529315
285.9		0.529315
286		0.529315
286.1		0.531058
286.2		0.531058
286.3		0.531058
286.4		0.531058
286.5		0.531058
286.6		0.531058
286.7		0.531058
286.8		0.531058
286.9		0.531058
287		0.531058
287.1		0.536758
287.2		0.536758
287.3		0.536758
287.4		0.536758
287.5		0.536758
287.6		0.536758
287.7		0.536758
287.8		0.536758
287.9		0.536758
288		0.536758
288.1		0.538277
288.2		0.538277
288.3		0.538277
288.4		0.538277
288.5		0.538277
288.6		0.538277
288.7		0.538277
288.8		0.538277
288.9		0.538277
289		0.538277
289.1		0.539196
289.2		0.539196
289.3		0.539196
289.4		0.539196
289.5		0.539196
289.6		0.539196
289.7		0.539196
289.8		0.539196
289.9		0.539196
290		0.539196
290.1		0.540189
290.2		0.540189
290.3		0.540189
290.4		0.540189
290.5		0.540189
290.6		0.540189
290.7		0.540189
290.8		0.540189
290.9		0.540189
291		0.540189
291.1		0.545195
291.2		0.545195
291.3		0.545195
291.4		0.545195
291.5		0.545195
291.6		0.545195
291.7		0.545195
291.8		0.545195
291.9		0.545195
292		0.545195
292.1		0.545195
292.2		0.545195
292.3		0.545195
292.4		0.545195
292.5		0.545195
292.6		0.545195
292.7		0.545195
292.8		0.545195
292.9		0.545195
293		0.545195
293.1		0.547314
293.2		0.547314
293.3		0.547314
293.4		0.547314
293.5		0.547314
293.6		0.547314
293.7		0.547314
293.8		0.547314
293.9		0.547314
294		0.547314
294.1		0.548045
294.2		0.548045
294.3		0.548045
294.4		0.548045
294.5		0.548045
294.6		0.548045
294.7		0.548045
294.8		0.548045
294.9		0.548045
295		0.548045
295.1		0.549227
295.2		0.549227
295.3		0.549227
295.4		0.549227
295.5		0.549227
295.6		0.549227
295.7		0.549227
295.8		0.549227
295.9		0.549227
296		0.549227
296.1		0.555395
296.2		0.555395
296.3		0.555395
296.4		0.555395
296.5		0.555395
296.6		0.555395
296.7		0.555395
296.8		0.555395
296.9		0.555395
297		0.555395
297.1		0.55592
297.2		0.55592
297.3		0.55592
297.4		0.55592
297.5		0.55592
297.6		0.55592
297.7		0.55592
297.8		0.55592
297.9		0.55592
298		0.55592
298.1		0.556314
298.2		0.556314
298.3		0.556314
298.4		0.556314
298.5		0.556314
298.6		0.556314
298.7		0.556314
298.8		0.556314
298.9		0.556314
299		0.556314
299.1		0.562314
299.2		0.562314
299.3		0.562314
299.4		0.562314
299.5		0.562314
299.6		0.562314
299.7		0.562314
299.8		0.562314
299.9		0.562314
300		0.562314
300.1		0.56522
300.2		0.56522
300.3		0.56522
300.4		0.56522
300.5		0.56522
300.6		0.56522
300.7		0.56522
300.8		0.56522
300.9		0.56522
301		0.56522
301.1		0.567882
301.2		0.567882
301.3		0.567882
301.4		0.567882
301.5		0.567882
301.6		0.567882
301.7		0.567882
301.8		0.567882
301.9		0.567882
302		0.567882
302.1		0.570845
302.2		0.570845
302.3		0.570845
302.4		0.570845
302.5		0.570845
302.6		0.570845
302.7		0.570845
302.8		0.570845
302.9		0.570845
303		0.570845
303.1		0.571295
303.2		0.571295
303.3		0.571295
303.4		0.571295
303.5		0.571295
303.6		0.571295
303.7		0.571295
303.8		0.571295
303.9		0.571295
304		0.571295
304.1		0.572345
304.2		0.572345
304.3		0.572345
304.4		0.572345
304.5		0.572345
304.6		0.572345
304.7		0.572345
304.8		0.572345
304.9		0.572345
305		0.572345
305.1		0.575813
305.2		0.575813
305.3		0.575813
305.4		0.575813
305.5		0.575813
305.6		0.575813
305.7		0.575813
305.8		0.575813
305.9		0.575813
306		0.575813
306.1		0.578063
306.2		0.578063
306.3		0.578063
306.4		0.578063
306.5		0.578063
306.6		0.578063
306.7		0.578063
306.8		0.578063
306.9		0.578063
307		0.578063
307.1		0.578326
307.2		0.578326
307.3		0.578326
307.4		0.578326
307.5		0.578326
307.6		0.578326
307.7		0.578326
307.8		0.578326
307.9		0.578326
308		0.578326
308.1		0.579188
308.2		0.579188
308.3		0.579188
308.4		0.579188
308.5		0.579188
308.6		0.579188
308.7		0.579188
308.8		0.579188
308.9		0.579188
309		0.579188
309.1		0.581944
309.2		0.581944
309.3		0.581944
309.4		0.581944
309.5		0.581944
309.6		0.581944
309.7		0.581944
309.8		0.581944
309.9		0.581944
310		0.581944
310.1		0.586613
310.2		0.586613
310.3		0.586613
310.4		0.586613
310.5		0.586613
310.6		0.586613
310.7		0.586613
310.8		0.586613
310.9		0.586613
311		0.586613
311.1		0.588282
311.2		0.588282
311.3		0.588282
311.4		0.588282
311.5		0.588282
311.6		0.588282
311.7		0.588282
311.8		0.588282
311.9		0.588282
312		0.588282
312.1		0.588488
312.2		0.588488
312.3		0.588488
312.4		0.588488
312.5		0.588488
312.6		0.588488
312.7		0.588488
312.8		0.588488
312.9		0.588488
313		0.588488
313.1		0.5913
313.2		0.5913
313.3		0.5913
313.4		0.5913
313.5		0.5913
313.6		0.5913
313.7		0.5913
313.8		0.5913
313.9		0.5913
314		0.5913
314.1		0.595481
314.2		0.595481
314.3		0.595481
314.4		0.595481
314.5		0.595481
314.6		0.595481
314.7		0.595481
314.8		0.595481
314.9		0.595481
315		0.595481
315.1		0.597263
315.2		0.597263
315.3		0.597263
315.4		0.597263
315.5		0.597263
315.6		0.597263
315.7		0.597263
315.8		0.597263
315.9		0.597263
316		0.597263
316.1		0.598444
316.2		0.598444
316.3		0.598444
316.4		0.598444
316.5		0.598444
316.6		0.598444
316.7		0.598444
316.8		0.598444
316.9		0.598444
317		0.598444
317.1		0.600544
317.2		0.600544
317.3		0.600544
317.4		0.600544
317.5		0.600544
317.6		0.600544
317.7		0.600544
317.8		0.600544
317.9		0.600544
318		0.600544
318.1		0.601894
318.2		0.601894
318.3		0.601894
318.4		0.601894
318.5		0.601894
318.6		0.601894
318.7		0.601894
318.8		0.601894
318.9		0.601894
319		0.601894
319.1		0.603131
319.2		0.603131
319.3		0.603131
319.4		0.603131
319.5		0.603131
319.6		0.603131
319.7		0.603131
319.8		0.603131
319.9		0.603131
320		0.603131
320.1		0.604369
320.2		0.604369
320.3		0.604369
320.4		0.604369
320.5		0.604369
320.6		0.604369
320.7		0.604369
320.8		0.604369
320.9		0.604369
321		0.604369
321.1		0.604781
321.2		0.604781
321.3		0.604781
321.4		0.604781
321.5		0.604781
321.6		0.604781
321.7		0.604781
321.8		0.604781
321.9		0.604781
322		0.604781
322.1		0.610143
322.2		0.610143
322.3		0.610143
322.4		0.610143
322.5		0.610143
322.6		0.610143
322.7		0.610143
322.8		0.610143
322.9		0.610143
323		0.610143
323.1		0.611643
323.2		0.611643
323.3		0.611643
323.4		0.611643
323.5		0.611643
323.6		0.611643
323.7		0.611643
323.8		0.611643
323.9		0.611643
324		0.611643
324.1		0.61185
324.2		0.61185
324.3		0.61185
324.4		0.61185
324.5		0.61185
324.6		0.61185
324.7		0.61185
324.8		0.61185
324.9		0.61185
325		0.61185
325.1		0.612187
325.2		0.612187
325.3		0.612187
325.4		0.612187
325.5		0.612187
325.6		0.612187
325.7		0.612187
325.8		0.612187
325.9		0.612187
326		0.612187
326.1		0.616462
326.2		0.616462
326.3		0.616462
326.4		0.616462
326.5		0.616462
326.6		0.616462
326.7		0.616462
326.8		0.616462
326.9		0.616462
327		0.616462
327.1		0.617118
327.2		0.617118
327.3		0.617118
327.4		0.617118
327.5		0.617118
327.6		0.617118
327.7		0.617118
327.8		0.617118
327.9		0.617118
328		0.617118
328.1		0.619724
328.2		0.619724
328.3		0.619724
328.4		0.619724
328.5		0.619724
328.6		0.619724
328.7		0.619724
328.8		0.619724
328.9		0.619724
329		0.619724
329.1		0.622124
329.2		0.622124
329.3		0.622124
329.4		0.622124
329.5		0.622124
329.6		0.622124
329.7		0.622124
329.8		0.622124
329.9		0.622124
330		0.622124
330.1		0.623512
330.2		0.623512
330.3		0.623512
330.4		0.623512
330.5		0.623512
330.6		0.623512
330.7		0.623512
330.8		0.623512
330.9		0.623512
331		0.623512
331.1		0.626699
331.2		0.626699
331.3		0.626699
331.4		0.626699
331.5		0.626699
331.6		0.626699
331.7		0.626699
331.8		0.626699
331.9		0.626699
332		0.626699
332.1		0.627712
332.2		0.627712
332.3		0.627712
332.4		0.627712
332.5		0.627712
332.6		0.627712
332.7		0.627712
332.8		0.627712
332.9		0.627712
333		0.627712
333.1		0.62878
333.2		0.62878
333.3		0.62878
333.4		0.62878
333.5		0.62878
333.6		0.62878
333.7		0.62878
333.8		0.62878
333.9		0.62878
334		0.62878
334.1		0.630599
334.2		0.630599
334.3		0.630599
334.4		0.630599
334.5		0.630599
334.6		0.630599
334.7		0.630599
334.8		0.630599
334.9		0.630599
335		0.630599
335.1		0.633055
335.2		0.633055
335.3		0.633055
335.4		0.633055
335.5		0.633055
335.6		0.633055
335.7		0.633055
335.8		0.633055
335.9		0.633055
336		0.633055
336.1		0.636674
336.2		0.636674
336.3		0.636674
336.4		0.636674
336.5		0.636674
336.6		0.636674
336.7		0.636674
336.8		0.636674
336.9		0.636674
337		0.636674
337.1		0.63778
337.2		0.63778
337.3		0.63778
337.4		0.63778
337.5		0.63778
337.6		0.63778
337.7		0.63778
337.8		0.63778
337.9		0.63778
338		0.63778
338.1		0.640855
338.2		0.640855
338.3		0.640855
338.4		0.640855
338.5		0.640855
338.6		0.640855
338.7		0.640855
338.8		0.640855
338.9		0.640855
339		0.640855
339.1		0.644642
339.2		0.644642
339.3		0.644642
339.4		0.644642
339.5		0.644642
339.6		0.644642
339.7		0.644642
339.8		0.644642
339.9		0.644642
340		0.644642
340.1		0.648467
340.2		0.648467
340.3		0.648467
340.4		0.648467
340.5		0.648467
340.6		0.648467
340.7		0.648467
340.8		0.648467
340.9		0.648467
341		0.648467
341.1		0.648955
341.2		0.648955
341.3		0.648955
341.4		0.648955
341.5		0.648955
341.6		0.648955
341.7		0.648955
341.8		0.648955
341.9		0.648955
342		0.648955
342.1		0.649273
342.2		0.649273
342.3		0.649273
342.4		0.649273
342.5		0.649273
342.6		0.649273
342.7		0.649273
342.8		0.649273
342.9		0.649273
343		0.649273
343.1		0.64963
343.2		0.64963
343.3		0.64963
343.4		0.64963
343.5		0.64963
343.6		0.64963
343.7		0.64963
343.8		0.64963
343.9		0.64963
344		0.64963
344.1		0.654692
344.2		0.654692
344.3		0.654692
344.4		0.654692
344.5		0.654692
344.6		0.654692
344.7		0.654692
344.8		0.654692
344.9		0.654692
345		0.654692
345.1		0.657186
345.2		0.657186
345.3		0.657186
345.4		0.657186
345.5		0.657186
345.6		0.657186
345.7		0.657186
345.8		0.657186
345.9		0.657186
346		0.657186
346.1		0.657954
346.2		0.657954
346.3		0.657954
346.4		0.657954
346.5		0.657954
346.6		0.657954
346.7		0.657954
346.8		0.657954
346.9		0.657954
347		0.657954
347.1		0.658086
347.2		0.658086
347.3		0.658086
347.4		0.658086
347.5		0.658086
347.6		0.658086
347.7		0.658086
347.8		0.658086
347.9		0.658086
348		0.658086
348.1		0.658217
348.2		0.658217
348.3		0.658217
348.4		0.658217
348.5		0.658217
348.6		0.658217
348.7		0.658217
348.8		0.658217
348.9		0.658217
349		0.658217
349.1		0.659023
349.2		0.659023
349.3		0.659023
349.4		0.659023
349.5		0.659023
349.6		0.659023
349.7		0.659023
349.8		0.659023
349.9		0.659023
350		0.659023
350.1		0.662886
350.2		0.662886
350.3		0.662886
350.4		0.662886
350.5		0.662886
350.6		0.662886
350.7		0.662886
350.8		0.662886
350.9		0.662886
351		0.662886
351.1		0.667367
351.2		0.667367
351.3		0.667367
351.4		0.667367
351.5		0.667367
351.6		0.667367
351.7		0.667367
351.8		0.667367
351.9		0.667367
352		0.667367
352.1		0.668642
352.2		0.668642
352.3		0.668642
352.4		0.668642
352.5		0.668642
352.6		0.668642
352.7		0.668642
352.8		0.668642
352.9		0.668642
353		0.668642
353.1		0.671998
353.2		0.671998
353.3		0.671998
353.4		0.671998
353.5		0.671998
353.6		0.671998
353.7		0.671998
353.8		0.671998
353.9		0.671998
354		0.671998
354.1		0.67316
354.2		0.67316
354.3		0.67316
354.4		0.67316
354.5		0.67316
354.6		0.67316
354.7		0.67316
354.8		0.67316
354.9		0.67316
355		0.67316
355.1		0.680997
355.2		0.680997
355.3		0.680997
355.4		0.680997
355.5		0.680997
355.6		0.680997
355.7		0.680997
355.8		0.680997
355.9		0.680997
356		0.680997
356.1		0.681504
356.2		0.681504
356.3		0.681504
356.4		0.681504
356.5		0.681504
356.6		0.681504
356.7		0.681504
356.8		0.681504
356.9		0.681504
357		0.681504
357.1		0.681579
357.2		0.681579
357.3		0.681579
357.4		0.681579
357.5		0.681579
357.6		0.681579
357.7		0.681579
357.8		0.681579
357.9		0.681579
358		0.681579
358.1		0.685722
358.2		0.685722
358.3		0.685722
358.4		0.685722
358.5		0.685722
358.6		0.685722
358.7		0.685722
358.8		0.685722
358.9		0.685722
359		0.685722
359.1		0.686772
359.2		0.686772
359.3		0.686772
359.4		0.686772
359.5		0.686772
359.6		0.686772
359.7		0.686772
359.8		0.686772
359.9		0.686772
360		0.686772
360.1		0.688722
360.2		0.688722
360.3		0.688722
360.4		0.688722
360.5		0.688722
360.6		0.688722
360.7		0.688722
360.8		0.688722
360.9		0.688722
361		0.688722
361.1		0.691272
361.2		0.691272
361.3		0.691272
361.4		0.691272
361.5		0.691272
361.6		0.691272
361.7		0.691272
361.8		0.691272
361.9		0.691272
362		0.691272
362.1		0.69476
362.2		0.69476
362.3		0.69476
362.4		0.69476
362.5		0.69476
362.6		0.69476
362.7		0.69476
362.8		0.69476
362.9		0.69476
363		0.69476
363.1		0.696297
363.2		0.696297
363.3		0.696297
363.4		0.696297
363.5		0.696297
363.6		0.696297
363.7		0.696297
363.8		0.696297
363.9		0.696297
364		0.696297
364.1		0.697197
364.2		0.697197
364.3		0.697197
364.4		0.697197
364.5		0.697197
364.6		0.697197
364.7		0.697197
364.8		0.697197
364.9		0.697197
365		0.697197
365.1		0.697609
365.2		0.697609
365.3		0.697609
365.4		0.697609
365.5		0.697609
365.6		0.697609
365.7		0.697609
365.8		0.697609
365.9		0.697609
366		0.697609
366.1		0.699953
366.2		0.699953
366.3		0.699953
366.4		0.699953
366.5		0.699953
366.6		0.699953
366.7		0.699953
366.8		0.699953
366.9		0.699953
367		0.699953
367.1		0.704415
367.2		0.704415
367.3		0.704415
367.4		0.704415
367.5		0.704415
367.6		0.704415
367.7		0.704415
367.8		0.704415
367.9		0.704415
368		0.704415
368.1		0.70629
368.2		0.70629
368.3		0.70629
368.4		0.70629
368.5		0.70629
368.6		0.70629
368.7		0.70629
368.8		0.70629
368.9		0.70629
369		0.70629
369.1		0.706497
369.2		0.706497
369.3		0.706497
369.4		0.706497
369.5		0.706497
369.6		0.706497
369.7		0.706497
369.8		0.706497
369.9		0.706497
370		0.706497
370.1		0.708503
370.2		0.708503
370.3		0.708503
370.4		0.708503
370.5		0.708503
370.6		0.708503
370.7		0.708503
370.8		0.708503
370.9		0.708503
371		0.708503
371.1		0.711053
371.2		0.711053
371.3		0.711053
371.4		0.711053
371.5		0.711053
371.6		0.711053
371.7		0.711053
371.8		0.711053
371.9		0.711053
372		0.711053
372.1		0.715665
372.2		0.715665
372.3		0.715665
372.4		0.715665
372.5		0.715665
372.6		0.715665
372.7		0.715665
372.8		0.715665
372.9		0.715665
373		0.715665
373.1		0.716659
373.2		0.716659
373.3		0.716659
373.4		0.716659
373.5		0.716659
373.6		0.716659
373.7		0.716659
373.8		0.716659
373.9		0.716659
374		0.716659
374.1		0.716996
374.2		0.716996
374.3		0.716996
374.4		0.716996
374.5		0.716996
374.6		0.716996
374.7		0.716996
374.8		0.716996
374.9		0.716996
375		0.716996
375.1		0.717221
375.2		0.717221
375.3		0.717221
375.4		0.717221
375.5		0.717221
375.6		0.717221
375.7		0.717221
375.8		0.717221
375.9		0.717221
376		0.717221
376.1		0.721327
376.2		0.721327
376.3		0.721327
376.4		0.721327
376.5		0.721327
376.6		0.721327
376.7		0.721327
376.8		0.721327
376.9		0.721327
377		0.721327
377.1		0.722265
377.2		0.722265
377.3		0.722265
377.4		0.722265
377.5		0.722265
377.6		0.722265
377.7		0.722265
377.8		0.722265
377.9		0.722265
378		0.722265
378.1		0.72414
378.2		0.72414
378.3		0.72414
378.4		0.72414
378.5		0.72414
378.6		0.72414
378.7		0.72414
378.8		0.72414
378.9		0.72414
379		0.72414
379.1		0.726502
379.2		0.726502
379.3		0.726502
379.4		0.726502
379.5		0.726502
379.6		0.726502
379.7		0.726502
379.8		0.726502
379.9		0.726502
380		0.726502
380.1		0.730852
380.2		0.730852
380.3		0.730852
380.4		0.730852
380.5		0.730852
380.6		0.730852
380.7		0.730852
380.8		0.730852
380.9		0.730852
381		0.730852
381.1		0.732033
381.2		0.732033
381.3		0.732033
381.4		0.732033
381.5		0.732033
381.6		0.732033
381.7		0.732033
381.8		0.732033
381.9		0.732033
382		0.732033
382.1		0.73299
382.2		0.73299
382.3		0.73299
382.4		0.73299
382.5		0.73299
382.6		0.73299
382.7		0.73299
382.8		0.73299
382.9		0.73299
383		0.73299
383.1		0.734602
383.2		0.734602
383.3		0.734602
383.4		0.734602
383.5		0.734602
383.6		0.734602
383.7		0.734602
383.8		0.734602
383.9		0.734602
384		0.734602
384.1		0.736196
384.2		0.736196
384.3		0.736196
384.4		0.736196
384.5		0.736196
384.6		0.736196
384.7		0.736196
384.8		0.736196
384.9		0.736196
385		0.736196
385.1		0.738596
385.2		0.738596
385.3		0.738596
385.4		0.738596
385.5		0.738596
385.6		0.738596
385.7		0.738596
385.8		0.738596
385.9		0.738596
386		0.738596
386.1		0.740264
386.2		0.740264
386.3		0.740264
386.4		0.740264
386.5		0.740264
386.6		0.740264
386.7		0.740264
386.8		0.740264
386.9		0.740264
387		0.740264
387.1		0.741052
387.2		0.741052
387.3		0.741052
387.4		0.741052
387.5		0.741052
387.6		0.741052
387.7		0.741052
387.8		0.741052
387.9		0.741052
388		0.741052
388.1		0.741371
388.2		0.741371
388.3		0.741371
388.4		0.741371
388.5		0.741371
388.6		0.741371
388.7		0.741371
388.8		0.741371
388.9		0.741371
389		0.741371
389.1		0.746395
389.2		0.746395
389.3		0.746395
389.4		0.746395
389.5		0.746395
389.6		0.746395
389.7		0.746395
389.8		0.746395
389.9		0.746395
390		0.746395
390.1		0.746639
390.2		0.746639
390.3		0.746639
390.4		0.746639
390.5		0.746639
390.6		0.746639
390.7		0.746639
390.8		0.746639
390.9		0.746639
391		0.746639
391.1		0.750295
391.2		0.750295
391.3		0.750295
391.4		0.750295
391.5		0.750295
391.6		0.750295
391.7		0.750295
391.8		0.750295
391.9		0.750295
392		0.750295
392.1		0.751495
392.2		0.751495
392.3		0.751495
392.4		0.751495
392.5		0.751495
392.6		0.751495
392.7		0.751495
392.8		0.751495
392.9		0.751495
393		0.751495
393.1		0.751758
393.2		0.751758
393.3		0.751758
393.4		0.751758
393.5		0.751758
393.6		0.751758
393.7		0.751758
393.8		0.751758
393.9		0.751758
394		0.751758
394.1		0.755433
394.2		0.755433
394.3		0.755433
394.4		0.755433
394.5		0.755433
394.6		0.755433
394.7		0.755433
394.8		0.755433
394.9		0.755433
395		0.755433
395.1		0.756914
395.2		0.756914
395.3		0.756914
395.4		0.756914
395.5		0.756914
395.6		0.756914
395.7		0.756914
395.8		0.756914
395.9		0.756914
396		0.756914
396.1		0.75937
396.2		0.75937
396.3		0.75937
396.4		0.75937
396.5		0.75937
396.6		0.75937
396.7		0.75937
396.8		0.75937
396.9		0.75937
397		0.75937
397.1		0.761001
397.2		0.761001
397.3		0.761001
397.4		0.761001
397.5		0.761001
397.6		0.761001
397.7		0.761001
397.8		0.761001
397.9		0.761001
398		0.761001
398.1		0.761995
398.2		0.761995
398.3		0.761995
398.4		0.761995
398.5		0.761995
398.6		0.761995
398.7		0.761995
398.8		0.761995
398.9		0.761995
399		0.761995
399.1		0.763701
399.2		0.763701
399.3		0.763701
399.4		0.763701
399.5		0.763701
399.6		0.763701
399.7		0.763701
399.8		0.763701
399.9		0.763701
400		0.763701
400.1		0.764882
400.2		0.764882
400.3		0.764882
400.4		0.764882
400.5		0.764882
400.6		0.764882
400.7		0.764882
400.8		0.764882
400.9		0.764882
401		0.764882
401.1		0.766326
401.2		0.766326
401.3		0.766326
401.4		0.766326
401.5		0.766326
401.6		0.766326
401.7		0.766326
401.8		0.766326
401.9		0.766326
402		0.766326
402.1		0.769926
402.2		0.769926
402.3		0.769926
402.4		0.769926
402.5		0.769926
402.6		0.769926
402.7		0.769926
402.8		0.769926
402.9		0.769926
403		0.769926
403.1		0.771313
403.2		0.771313
403.3		0.771313
403.4		0.771313
403.5		0.771313
403.6		0.771313
403.7		0.771313
403.8		0.771313
403.9		0.771313
404		0.771313
404.1		0.771726
404.2		0.771726
404.3		0.771726
404.4		0.771726
404.5		0.771726
404.6		0.771726
404.7		0.771726
404.8		0.771726
404.9		0.771726
405		0.771726
405.1		0.774013
405.2		0.774013
405.3		0.774013
405.4		0.774013
405.5		0.774013
405.6		0.774013
405.7		0.774013
405.8		0.774013
405.9		0.774013
406		0.774013
406.1		0.775232
406.2		0.775232
406.3		0.775232
406.4		0.775232
406.5		0.775232
406.6		0.775232
406.7		0.775232
406.8		0.775232
406.9		0.775232
407		0.775232
407.1		0.778213
407.2		0.778213
407.3		0.778213
407.4		0.778213
407.5		0.778213
407.6		0.778213
407.7		0.778213
407.8		0.778213
407.9		0.778213
408		0.778213
408.1		0.778813
408.2		0.778813
408.3		0.778813
408.4		0.778813
408.5		0.778813
408.6		0.778813
408.7		0.778813
408.8		0.778813
408.9		0.778813
409		0.778813
409.1		0.779938
409.2		0.779938
409.3		0.779938
409.4		0.779938
409.5		0.779938
409.6		0.779938
409.7		0.779938
409.8		0.779938
409.9		0.779938
410		0.779938
410.1		0.783107
410.2		0.783107
410.3		0.783107
410.4		0.783107
410.5		0.783107
410.6		0.783107
410.7		0.783107
410.8		0.783107
410.9		0.783107
411		0.783107
411.1		0.783538
411.2		0.783538
411.3		0.783538
411.4		0.783538
411.5		0.783538
411.6		0.783538
411.7		0.783538
411.8		0.783538
411.9		0.783538
412		0.783538
412.1		0.785019
412.2		0.785019
412.3		0.785019
412.4		0.785019
412.5		0.785019
412.6		0.785019
412.7		0.785019
412.8		0.785019
412.9		0.785019
413		0.785019
413.1		0.787925
413.2		0.787925
413.3		0.787925
413.4		0.787925
413.5		0.787925
413.6		0.787925
413.7		0.787925
413.8		0.787925
413.9		0.787925
414		0.787925
414.1		0.791582
414.2		0.791582
414.3		0.791582
414.4		0.791582
414.5		0.791582
414.6		0.791582
414.7		0.791582
414.8		0.791582
414.9		0.791582
415		0.791582
415.1		0.791863
415.2		0.791863
415.3		0.791863
415.4		0.791863
415.5		0.791863
415.6		0.791863
415.7		0.791863
415.8		0.791863
415.9		0.791863
416		0.791863
416.1		0.793681
416.2		0.793681
416.3		0.793681
416.4		0.793681
416.5		0.793681
416.6		0.793681
416.7		0.793681
416.8		0.793681
416.9		0.793681
417		0.793681
417.1		0.794075
417.2		0.794075
417.3		0.794075
417.4		0.794075
417.5		0.794075
417.6		0.794075
417.7		0.794075
417.8		0.794075
417.9		0.794075
418		0.794075
418.1		0.798781
418.2		0.798781
418.3		0.798781
418.4		0.798781
418.5		0.798781
418.6		0.798781
418.7		0.798781
418.8		0.798781
418.9		0.798781
419		0.798781
419.1		0.802287
419.2		0.802287
419.3		0.802287
419.4		0.802287
419.5		0.802287
419.6		0.802287
419.7		0.802287
419.8		0.802287
419.9		0.802287
420		0.802287
420.1		0.803094
420.2		0.803094
420.3		0.803094
420.4		0.803094
420.5		0.803094
420.6		0.803094
420.7		0.803094
420.8		0.803094
420.9		0.803094
421		0.803094
421.1		0.803881
421.2		0.803881
421.3		0.803881
421.4		0.803881
421.5		0.803881
421.6		0.803881
421.7		0.803881
421.8		0.803881
421.9		0.803881
422		0.803881
422.1		0.806019
422.2		0.806019
422.3		0.806019
422.4		0.806019
422.5		0.806019
422.6		0.806019
422.7		0.806019
422.8		0.806019
422.9		0.806019
423		0.806019
423.1		0.808681
423.2		0.808681
423.3		0.808681
423.4		0.808681
423.5		0.808681
423.6		0.808681
423.7		0.808681
423.8		0.808681
423.9		0.808681
424		0.808681
424.1		0.810312
424.2		0.810312
424.3		0.810312
424.4		0.810312
424.5		0.810312
424.6		0.810312
424.7		0.810312
424.8		0.810312
424.9		0.810312
425		0.810312
425.1		0.811287
425.2		0.811287
425.3		0.811287
425.4		0.811287
425.5		0.811287
425.6		0.811287
425.7		0.811287
425.8		0.811287
425.9		0.811287
426		0.811287
426.1		0.814118
426.2		0.814118
426.3		0.814118
426.4		0.814118
426.5		0.814118
426.6		0.814118
426.7		0.814118
426.8		0.814118
426.9		0.814118
427		0.814118
427.1		0.814643
427.2		0.814643
427.3		0.814643
427.4		0.814643
427.5		0.814643
427.6		0.814643
427.7		0.814643
427.8		0.814643
427.9		0.814643
428		0.814643
428.1		0.818056
428.2		0.818056
428.3		0.818056
428.4		0.818056
428.5		0.818056
428.6		0.818056
428.7		0.818056
428.8		0.818056
428.9		0.818056
429		0.818056
429.1		0.818468
429.2		0.818468
429.3		0.818468
429.4		0.818468
429.5		0.818468
429.6		0.818468
429.7		0.818468
429.8		0.818468
429.9		0.818468
430		0.818468
430.1		0.819274
430.2		0.819274
430.3		0.819274
430.4		0.819274
430.5		0.819274
430.6		0.819274
430.7		0.819274
430.8		0.819274
430.9		0.819274
431		0.819274
431.1		0.824487
431.2		0.824487
431.3		0.824487
431.4		0.824487
431.5		0.824487
431.6		0.824487
431.7		0.824487
431.8		0.824487
431.9		0.824487
432		0.824487
432.1		0.824824
432.2		0.824824
432.3		0.824824
432.4		0.824824
432.5		0.824824
432.6		0.824824
432.7		0.824824
432.8		0.824824
432.9		0.824824
433		0.824824
433.1		0.826024
433.2		0.826024
433.3		0.826024
433.4		0.826024
433.5		0.826024
433.6		0.826024
433.7		0.826024
433.8		0.826024
433.9		0.826024
434		0.826024
434.1		0.82743
434.2		0.82743
434.3		0.82743
434.4		0.82743
434.5		0.82743
434.6		0.82743
434.7		0.82743
434.8		0.82743
434.9		0.82743
435		0.82743
435.1		0.828987
435.2		0.828987
435.3		0.828987
435.4		0.828987
435.5		0.828987
435.6		0.828987
435.7		0.828987
435.8		0.828987
435.9		0.828987
436		0.828987
436.1		0.834199
436.2		0.834199
436.3		0.834199
436.4		0.834199
436.5		0.834199
436.6		0.834199
436.7		0.834199
436.8		0.834199
436.9		0.834199
437		0.834199
437.1		0.834311
437.2		0.834311
437.3		0.834311
437.4		0.834311
437.5		0.834311
437.6		0.834311
437.7		0.834311
437.8		0.834311
437.9		0.834311
438		0.834311
438.1		0.836355
438.2		0.836355
438.3		0.836355
438.4		0.836355
438.5		0.836355
438.6		0.836355
438.7		0.836355
438.8		0.836355
438.9		0.836355
439		0.836355
439.1		0.837724
439.2		0.837724
439.3		0.837724
439.4		0.837724
439.5		0.837724
439.6		0.837724
439.7		0.837724
439.8		0.837724
439.9		0.837724
440		0.837724
440.1		0.840461
440.2		0.840461
440.3		0.840461
440.4		0.840461
440.5		0.840461
440.6		0.840461
440.7		0.840461
440.8		0.840461
440.9		0.840461
441		0.840461
441.1		0.84153
441.2		0.84153
441.3		0.84153
441.4		0.84153
441.5		0.84153
441.6		0.84153
441.7		0.84153
441.8		0.84153
441.9		0.84153
442		0.84153
442.1		0.842655
442.2		0.842655
442.3		0.842655
442.4		0.842655
442.5		0.842655
442.6		0.842655
442.7		0.842655
442.8		0.842655
442.9		0.842655
443		0.842655
443.1		0.843461
443.2		0.843461
443.3		0.843461
443.4		0.843461
443.5		0.843461
443.6		0.843461
443.7		0.843461
443.8		0.843461
443.9		0.843461
444		0.843461
444.1		0.846517
444.2		0.846517
444.3		0.846517
444.4		0.846517
444.5		0.846517
444.6		0.846517
444.7		0.846517
444.8		0.846517
444.9		0.846517
445		0.846517
445.1		0.850605
445.2		0.850605
445.3		0.850605
445.4		0.850605
445.5		0.850605
445.6		0.850605
445.7		0.850605
445.8		0.850605
445.9		0.850605
446		0.850605
446.1		0.851411
446.2		0.851411
446.3		0.851411
446.4		0.851411
446.5		0.851411
446.6		0.851411
446.7		0.851411
446.8		0.851411
446.9		0.851411
447		0.851411
447.1		0.853192
447.2		0.853192
447.3		0.853192
447.4		0.853192
447.5		0.853192
447.6		0.853192
447.7		0.853192
447.8		0.853192
447.9		0.853192
448		0.853192
448.1		0.855517
448.2		0.855517
448.3		0.855517
448.4		0.855517
448.5		0.855517
448.6		0.855517
448.7		0.855517
448.8		0.855517
448.9		0.855517
449		0.855517
449.1		0.858011
449.2		0.858011
449.3		0.858011
449.4		0.858011
449.5		0.858011
449.6		0.858011
449.7		0.858011
449.8		0.858011
449.9		0.858011
450		0.858011
450.1		0.858348
450.2		0.858348
450.3		0.858348
450.4		0.858348
450.5		0.858348
450.6		0.858348
450.7		0.858348
450.8		0.858348
450.9		0.858348
451		0.858348
451.1		0.861517
451.2		0.861517
451.3		0.861517
451.4		0.861517
451.5		0.861517
451.6		0.861517
451.7		0.861517
451.8		0.861517
451.9		0.861517
452		0.861517
452.1		0.862004
452.2		0.862004
452.3		0.862004
452.4		0.862004
452.5		0.862004
452.6		0.862004
452.7		0.862004
452.8		0.862004
452.9		0.862004
453		0.862004
453.1		0.86581
453.2		0.86581
453.3		0.86581
453.4		0.86581
453.5		0.86581
453.6		0.86581
453.7		0.86581
453.8		0.86581
453.9		0.86581
454		0.86581
454.1		0.866973
454.2		0.866973
454.3		0.866973
454.4		0.866973
454.5		0.866973
454.6		0.866973
454.7		0.866973
454.8		0.866973
454.9		0.866973
455		0.866973
455.1		0.868642
455.2		0.868642
455.3		0.868642
455.4		0.868642
455.5		0.868642
455.6		0.868642
455.7		0.868642
455.8		0.868642
455.9		0.868642
456		0.868642
456.1		0.870704
456.2		0.870704
456.3		0.870704
456.4		0.870704
456.5		0.870704
456.6		0.870704
456.7		0.870704
456.8		0.870704
456.9		0.870704
457		0.870704
457.1		0.872073
457.2		0.872073
457.3		0.872073
457.4		0.872073
457.5		0.872073
457.6		0.872073
457.7		0.872073
457.8		0.872073
457.9		0.872073
458		0.872073
458.1		0.873666
458.2		0.873666
458.3		0.873666
458.4		0.873666
458.5		0.873666
458.6		0.873666
458.7		0.873666
458.8		0.873666
458.9		0.873666
459		0.873666
459.1		0.87526
459.2		0.87526
459.3		0.87526
459.4		0.87526
459.5		0.87526
459.6		0.87526
459.7		0.87526
459.8		0.87526
459.9		0.87526
460		0.87526
460.1		0.876704
460.2		0.876704
460.3		0.876704
460.4		0.876704
460.5		0.876704
460.6		0.876704
460.7		0.876704
460.8		0.876704
460.9		0.876704
461		0.876704
461.1		0.878954
461.2		0.878954
461.3		0.878954
461.4		0.878954
461.5		0.878954
461.6		0.878954
461.7		0.878954
461.8		0.878954
461.9		0.878954
462		0.878954
462.1		0.879254
462.2		0.879254
462.3		0.879254
462.4		0.879254
462.5		0.879254
462.6		0.879254
462.7		0.879254
462.8		0.879254
462.9		0.879254
463		0.879254
463.1		0.883772
463.2		0.883772
463.3		0.883772
463.4		0.883772
463.5		0.883772
463.6		0.883772
463.7		0.883772
463.8		0.883772
463.9		0.883772
464		0.883772
464.1		0.885516
464.2		0.885516
464.3		0.885516
464.4		0.885516
464.5		0.885516
464.6		0.885516
464.7		0.885516
464.8		0.885516
464.9		0.885516
465		0.885516
465.1		0.885722
465.2		0.885722
465.3		0.885722
465.4		0.885722
465.5		0.885722
465.6		0.885722
465.7		0.885722
465.8		0.885722
465.9		0.885722
466		0.885722
466.1		0.888497
466.2		0.888497
466.3		0.888497
466.4		0.888497
466.5		0.888497
466.6		0.888497
466.7		0.888497
466.8		0.888497
466.9		0.888497
467		0.888497
467.1		0.890241
467.2		0.890241
467.3		0.890241
467.4		0.890241
467.5		0.890241
467.6		0.890241
467.7		0.890241
467.8		0.890241
467.9		0.890241
468		0.890241
468.1		0.890728
468.2		0.890728
468.3		0.890728
468.4		0.890728
468.5		0.890728
468.6		0.890728
468.7		0.890728
468.8		0.890728
468.9		0.890728
469		0.890728
469.1		0.895622
469.2		0.895622
469.3		0.895622
469.4		0.895622
469.5		0.895622
469.6		0.895622
469.7		0.895622
469.8		0.895622
469.9		0.895622
470		0.895622
470.1		0.899522
470.2		0.899522
470.3		0.899522
470.4		0.899522
470.5		0.899522
470.6		0.899522
470.7		0.899522
470.8		0.899522
470.9		0.899522
471		0.899522
471.1		0.900441
471.2		0.900441
471.3		0.900441
471.4		0.900441
471.5		0.900441
471.6		0.900441
471.7		0.900441
471.8		0.900441
471.9		0.900441
472		0.900441
472.1		0.901622
472.2		0.901622
472.3		0.901622
472.4		0.901622
472.5		0.901622
472.6		0.901622
472.7		0.901622
472.8		0.901622
472.9		0.901622
473		0.901622
473.1		0.902428
473.2		0.902428
473.3		0.902428
473.4		0.902428
473.5		0.902428
473.6		0.902428
473.7		0.902428
473.8		0.902428
473.9		0.902428
474		0.902428
474.1		0.906778
474.2		0.906778
474.3		0.906778
474.4		0.906778
474.5		0.906778
474.6		0.906778
474.7		0.906778
474.8		0.906778
474.9		0.906778
475		0.906778
475.1		0.908222
475.2		0.908222
475.3		0.908222
475.4		0.908222
475.5		0.908222
475.6		0.908222
475.7		0.908222
475.8		0.908222
475.9		0.908222
476		0.908222
476.1		0.910378
476.2		0.910378
476.3		0.910378
476.4		0.910378
476.5		0.910378
476.6		0.910378
476.7		0.910378
476.8		0.910378
476.9		0.910378
477		0.910378
477.1		0.912065
477.2		0.912065
477.3		0.912065
477.4		0.912065
477.5		0.912065
477.6		0.912065
477.7		0.912065
477.8		0.912065
477.9		0.912065
478		0.912065
478.1		0.913809
478.2		0.913809
478.3		0.913809
478.4		0.913809
478.5		0.913809
478.6		0.913809
478.7		0.913809
478.8		0.913809
478.9		0.913809
479		0.913809
479.1		0.915459
479.2		0.915459
479.3		0.915459
479.4		0.915459
479.5		0.915459
479.6		0.915459
479.7		0.915459
479.8		0.915459
479.9		0.915459
480		0.915459
480.1		0.916921
480.2		0.916921
480.3		0.916921
480.4		0.916921
480.5		0.916921
480.6		0.916921
480.7		0.916921
480.8		0.916921
480.9		0.916921
481		0.916921
481.1		0.919265
481.2		0.919265
481.3		0.919265
481.4		0.919265
481.5		0.919265
481.6		0.919265
481.7		0.919265
481.8		0.919265
481.9		0.919265
482		0.919265
482.1		0.923559
482.2		0.923559
482.3		0.923559
482.4		0.923559
482.5		0.923559
482.6		0.923559
482.7		0.923559
482.8		0.923559
482.9		0.923559
483		0.923559
483.1		0.924159
483.2		0.924159
483.3		0.924159
483.4		0.924159
483.5		0.924159
483.6		0.924159
483.7		0.924159
483.8		0.924159
483.9		0.924159
484		0.924159
484.1		0.924571
484.2		0.924571
484.3		0.924571
484.4		0.924571
484.5		0.924571
484.6		0.924571
484.7		0.924571
484.8		0.924571
484.9		0.924571
485		0.924571
485.1		0.926727
485.2		0.926727
485.3		0.926727
485.4		0.926727
485.5		0.926727
485.6		0.926727
485.7		0.926727
485.8		0.926727
485.9		0.926727
486		0.926727
486.1		0.932071
486.2		0.932071
486.3		0.932071
486.4		0.932071
486.5		0.932071
486.6		0.932071
486.7		0.932071
486.8		0.932071
486.9		0.932071
487		0.932071
487.1		0.932671
487.2		0.932671
487.3		0.932671
487.4		0.932671
487.5		0.932671
487.6		0.932671
487.7		0.932671
487.8		0.932671
487.9		0.932671
488		0.932671
488.1		0.932933
488.2		0.932933
488.3		0.932933
488.4		0.932933
488.5		0.932933
488.6		0.932933
488.7		0.932933
488.8		0.932933
488.9		0.932933
489		0.932933
489.1		0.934527
489.2		0.934527
489.3		0.934527
489.4		0.934527
489.5		0.934527
489.6		0.934527
489.7		0.934527
489.8		0.934527
489.9		0.934527
490		0.934527
490.1		0.937302
490.2		0.937302
490.3		0.937302
490.4		0.937302
490.5		0.937302
490.6		0.937302
490.7		0.937302
490.8		0.937302
490.9		0.937302
491		0.937302
491.1		0.939721
491.2		0.939721
491.3		0.939721
491.4		0.939721
491.5		0.939721
491.6		0.939721
491.7		0.939721
491.8		0.939721
491.9		0.939721
492		0.939721
492.1		0.942064
492.2		0.942064
492.3		0.942064
492.4		0.942064
492.5		0.942064
492.6		0.942064
492.7		0.942064
492.8		0.942064
492.9		0.942064
493		0.942064
493.1		0.942364
493.2		0.942364
493.3		0.942364
493.4		0.942364
493.5		0.942364
493.6		0.942364
493.7		0.942364
493.8		0.942364
493.9		0.942364
494		0.942364
494.1		0.943471
494.2		0.943471
494.3		0.943471
494.4		0.943471
494.5		0.943471
494.6		0.943471
494.7		0.943471
494.8		0.943471
494.9		0.943471
495		0.943471
495.1		0.945252
495.2		0.945252
495.3		0.945252
495.4		0.945252
495.5		0.945252
495.6		0.945252
495.7		0.945252
495.8		0.945252
495.9		0.945252
496		0.945252
496.1		0.949714
496.2		0.949714
496.3		0.949714
496.4		0.949714
496.5		0.949714
496.6		0.949714
496.7		0.949714
496.8		0.949714
496.9		0.949714
497		0.949714
497.1		0.94992
497.2		0.94992
497.3		0.94992
497.4		0.94992
497.5		0.94992
497.6		0.94992
497.7		0.94992
497.8		0.94992
497.9		0.94992
498		0.94992
498.1		0.950989
498.2		0.950989
498.3		0.950989
498.4		0.950989
498.5		0.950989
498.6		0.950989
498.7		0.950989
498.8		0.950989
498.9		0.950989
499		0.950989
499.1		0.951664
499.2		0.951664
499.3		0.951664
499.4		0.951664
499.5		0.951664
499.6		0.951664
499.7		0.951664
499.8		0.951664
499.9		0.951664
500		0.951664
500.1		0.95577
500.2		0.95577
500.3		0.95577
500.4		0.95577
500.5		0.95577
500.6		0.95577
500.7		0.95577
500.8		0.95577
500.9		0.95577
501		0.95577
501.1		0.956745
501.2		0.956745
501.3		0.956745
501.4		0.956745
501.5		0.956745
501.6		0.956745
501.7		0.956745
501.8		0.956745
501.9		0.956745
502		0.956745
502.1		0.958901
502.2		0.958901
502.3		0.958901
502.4		0.958901
502.5		0.958901
502.6		0.958901
502.7		0.958901
502.8		0.958901
502.9		0.958901
503		0.958901
503.1		0.95922
503.2		0.95922
503.3		0.95922
503.4		0.95922
503.5		0.95922
503.6		0.95922
503.7		0.95922
503.8		0.95922
503.9		0.95922
504		0.95922
504.1		0.966814
504.2		0.966814
504.3		0.966814
504.4		0.966814
504.5		0.966814
504.6		0.966814
504.7		0.966814
504.8		0.966814
504.9		0.966814
505		0.966814
505.1		0.967076
505.2		0.967076
505.3		0.967076
505.4		0.967076
505.5		0.967076
505.6		0.967076
505.7		0.967076
505.8		0.967076
505.9		0.967076
506		0.967076
506.1		0.967657
506.2		0.967657
506.3		0.967657
506.4		0.967657
506.5		0.967657
506.6		0.967657
506.7		0.967657
506.8		0.967657
506.9		0.967657
507		0.967657
507.1		0.967939
507.2		0.967939
507.3		0.967939
507.4		0.967939
507.5		0.967939
507.6		0.967939
507.7		0.967939
507.8		0.967939
507.9		0.967939
508		0.967939
508.1		0.972795
508.2		0.972795
508.3		0.972795
508.4		0.972795
508.5		0.972795
508.6		0.972795
508.7		0.972795
508.8		0.972795
508.9		0.972795
509		0.972795
509.1		0.973001
509.2		0.973001
509.3		0.973001
509.4		0.973001
509.5		0.973001
509.6		0.973001
509.7		0.973001
509.8		0.973001
509.9		0.973001
510		0.973001
510.1		0.975813
510.2		0.975813
510.3		0.975813
510.4		0.975813
510.5		0.975813
510.6		0.975813
510.7		0.975813
510.8		0.975813
510.9		0.975813
511		0.975813
511.1		0.977688
511.2		0.977688
511.3		0.977688
511.4		0.977688
511.5		0.977688
511.6		0.977688
511.7		0.977688
511.8		0.977688
511.9		0.977688
512		0.977688
512.1		0.980276
512.2		0.980276
512.3		0.980276
512.4		0.980276
512.5		0.980276
512.6		0.980276
512.7		0.980276
512.8		0.980276
512.9		0.980276
513		0.980276
513.1		0.982394
513.2		0.982394
513.3		0.982394
513.4		0.982394
513.5		0.982394
513.6		0.982394
513.7		0.982394
513.8		0.982394
513.9		0.982394
514		0.982394
514.1		0.982788
514.2		0.982788
514.3		0.982788
514.4		0.982788
514.5		0.982788
514.6		0.982788
514.7		0.982788
514.8		0.982788
514.9		0.982788
515		0.982788
515.1		0.983557
515.2		0.983557
515.3		0.983557
515.4		0.983557
515.5		0.983557
515.6		0.983557
515.7		0.983557
515.8		0.983557
515.9		0.983557
516		0.983557
516.1		0.987925
516.2		0.987925
516.3		0.987925
516.4		0.987925
516.5		0.987925
516.6		0.987925
516.7		0.987925
516.8		0.987925
516.9		0.987925
517		0.987925
517.1		0.990007
517.2		0.990007
517.3		0.990007
517.4		0.990007
517.5		0.990007
517.6		0.990007
517.7		0.990007
517.8		0.990007
517.9		0.990007
518		0.990007
518.1		0.990288
518.2		0.990288
518.3		0.990288
518.4		0.990288
518.5		0.990288
518.6		0.990288
518.7		0.990288
518.8		0.990288
518.9		0.990288
519		0.990288
519.1		0.991657
519.2		0.991657
519.3		0.991657
519.4		0.991657
519.5		0.991657
519.6		0.991657
519.7		0.991657
519.8		0.991657
519.9		0.991657
520		0.991657
520.1		0.997506
520.2		0.997506
520.3		0.997506
520.4		0.997506
520.5		0.997506
520.6		0.997506
520.7		0.997506
520.8		0.997506
520.9		0.997506
521		0.997506
521.1		0.998069
521.2		0.998069
521.3		0.998069
521.4		0.998069
521.5		0.998069
521.6		0.998069
521.7		0.998069
521.8		0.998069
521.9		0.998069
522		0.998069
522.1		0.999063
522.2		0.999063
522.3		0.999063
522.4		0.999063
522.5		0.999063
522.6		0.999063
522.7		0.999063
522.8		0.999063
522.9		0.999063
523		0.999063
523.1		1
523.2		1
523.3		1
523.4		1
523.5		1
523.6		1
523.7		1
523.8		1
523.9		1
524		1
524.1		1
524.2		1
524.3		1
524.4		1
524.5		1
524.6		1
524.7		1
524.8		1
524.9		1
525		1
525.1		1
525.2		1
525.3		1
525.4		1
525.5		1
525.6		1
525.7		1
525.8		1
525.9		1
526		1
526.1		1
526.2		1
526.3		1
526.4		1
526.5		1
526.6		1
526.7		1
526.8		1
526.9		1
527		1
527.1		1
527.2		1
527.3		1
527.4		1
527.5		1
527.6		1
527.7		1
527.8		1
527.9		1
528		1
528.1		1
528.2		1
528.3		1
528.4		1
528.5		1
528.6		1
528.7		1
528.8		1
528.9		1
529		1
529.1		1
529.2		1
529.3		1
529.4		1
529.5		1
529.6		1
529.7		1
529.8		1
529.9		1
530		1
530.1		1
530.2		1
530.3		1
530.4		1
530.5		1
530.6		1
530.7		1
530.8		1
530.9		1
531		1
531.1		1
531.2		1
531.3		1
531.4		1
531.5		1
531.6		1
531.7		1
531.8		1
531.9		1
532		1
532.1		1
532.2		1
532.3		1
532.4		1
532.5		1
532.6		1
532.7		1
532.8		1
532.9		1
533		1
533.1		1
533.2		1
533.3		1
533.4		1
533.5		1
533.6		1
533.7		1
533.8		1
533.9		1
534		1
534.1		1
534.2		1
534.3		1
534.4		1
534.5		1
534.6		1
534.7		1
534.8		1
534.9		1
535		1
535.1		1
535.2		1
535.3		1
535.4		1
535.5		1
535.6		1
535.7		1
535.8		1
535.9		1
536		1
536.1		1
536.2		1
536.3		1
536.4		1
536.5		1
536.6		1
536.7		1
536.8		1
536.9		1
537		1
537.1		1
537.2		1
537.3		1
537.4		1
537.5		1
537.6		1
537.7		1
537.8		1
537.9		1
538		1
538.1		1
538.2		1
538.3		1
538.4		1
538.5		1
538.6		1
538.7		1
538.8		1
538.9		1
539		1
539.1		1
539.2		1
539.3		1
539.4		1
539.5		1
539.6		1
539.7		1
539.8		1
539.9		1
540		1
540.1		1
540.2		1
540.3		1
540.4		1
540.5		1
540.6		1
540.7		1
540.8		1
540.9		1
541		1
541.1		1
541.2		1
541.3		1
541.4		1
541.5		1
541.6		1
541.7		1
541.8		1
541.9		1
542		1
542.1		1
542.2		1
542.3		1
542.4		1
542.5		1
542.6		1
542.7		1
542.8		1
542.9		1
543		1
543.1		1
543.2		1
543.3		1
543.4		1
543.5		1
543.6		1
543.7		1
543.8		1
543.9		1
544		1
544.1		1
544.2		1
544.3		1
544.4		1
544.5		1
544.6		1
544.7		1
544.8		1
544.9		1
545		1
545.1		1
545.2		1
545.3		1
545.4		1
545.5		1
545.6		1
545.7		1
545.8		1
545.9		1
546		1
546.1		1
546.2		1
546.3		1
546.4		1
546.5		1
546.6		1
546.7		1
546.8		1
546.9		1
547		1
547.1		1
547.2		1
547.3		1
547.4		1
547.5		1
547.6		1
547.7		1
547.8		1
547.9		1
548		1
548.1		1
548.2		1
548.3		1
548.4		1
548.5		1
548.6		1
548.7		1
548.8		1
548.9		1
549		1
549.1		1
549.2		1
549.3		1
549.4		1
549.5		1
549.6		1
549.7		1
549.8		1
549.9		1
550		1
550.1		1
550.2		1
550.3		1
550.4		1
550.5		1
550.6		1
550.7		1
550.8		1
550.9		1
551		1
551.1		1
551.2		1
551.3		1
551.4		1
551.5		1
551.6		1
551.7		1
551.8		1
551.9		1
552		1
552.1		1
552.2		1
552.3		1
552.4		1
552.5		1
552.6		1
552.7		1
552.8		1
552.9		1
553		1
553.1		1
553.2		1
553.3		1
553.4		1
553.5		1
553.6		1
553.7		1
553.8		1
553.9		1
554		1
554.1		1
554.2		1
554.3		1
554.4		1
554.5		1
554.6		1
554.7		1
554.8		1
554.9		1
555		1
555.1		1
555.2		1
555.3		1
555.4		1
555.5		1
555.6		1
555.7		1
555.8		1
555.9		1
556		1
556.1		1
556.2		1
556.3		1
556.4		1
556.5		1
556.6		1
556.7		1
556.8		1
556.9		1
557		1
557.1		1
557.2		1
557.3		1
557.4		1
557.5		1
557.6		1
557.7		1
557.8		1
557.9		1
558		1
558.1		1
558.2		1
558.3		1
558.4		1
558.5		1
558.6		1
558.7		1
558.8		1
558.9		1
559		1
559.1		1
559.2		1
559.3		1
559.4		1
559.5		1
559.6		1
559.7		1
559.8		1
559.9		1
560		1
560.1		1
560.2		1
560.3		1
560.4		1
560.5		1
560.6		1
560.7		1
560.8		1
560.9		1
561		1
561.1		1
561.2		1
561.3		1
561.4		1
561.5		1
561.6		1
561.7		1
561.8		1
561.9		1
562		1
562.1		1
562.2		1
562.3		1
562.4		1
562.5		1
562.6		1
562.7		1
562.8		1
562.9		1
563		1
563.1		1
563.2		1
563.3		1
563.4		1
563.5		1
563.6		1
563.7		1
563.8		1
563.9		1
564		1
564.1		1
564.2		1
564.3		1
564.4		1
564.5		1
564.6		1
564.7		1
564.8		1
564.9		1
565		1
565.1		1
565.2		1
565.3		1
565.4		1
565.5		1
565.6		1
565.7		1
565.8		1
565.9		1
566		1
566.1		1
566.2		1
566.3		1
566.4		1
566.5		1
566.6		1
566.7		1
566.8		1
566.9		1
567		1
567.1		1
567.2		1
567.3		1
567.4		1
567.5		1
567.6		1
567.7		1
567.8		1
567.9		1
568		1
568.1		1
568.2		1
568.3		1
568.4		1
568.5		1
568.6		1
568.7		1
568.8		1
568.9		1
569		1
569.1		1
569.2		1
569.3		1
569.4		1
569.5		1
569.6		1
569.7		1
569.8		1
569.9		1
570		1
570.1		1
570.2		1
570.3		1
570.4		1
570.5		1
570.6		1
570.7		1
570.8		1
570.9		1
571		1
571.1		1
571.2		1
571.3		1
571.4		1
571.5		1
571.6		1
571.7		1
571.8		1
571.9		1
572		1
572.1		1
572.2		1
572.3		1
572.4		1
572.5		1
572.6		1
572.7		1
572.8		1
572.9		1
573		1
573.1		1
573.2		1
573.3		1
573.4		1
573.5		1
573.6		1
573.7		1
573.8		1
573.9		1
574		1
574.1		1
574.2		1
574.3		1
574.4		1
574.5		1
574.6		1
574.7		1
574.8		1
574.9		1
575		1
575.1		1
575.2		1
575.3		1
575.4		1
575.5		1
575.6		1
575.7		1
575.8		1
575.9		1
576		1
576.1		1
576.2		1
576.3		1
576.4		1
576.5		1
576.6		1
576.7		1
576.8		1
576.9		1
577		1
577.1		1
577.2		1
577.3		1
577.4		1
577.5		1
577.6		1
577.7		1
577.8		1
577.9		1
578		1
578.1		1
578.2		1
578.3		1
578.4		1
578.5		1
578.6		1
578.7		1
578.8		1
578.9		1
579		1
579.1		1
579.2		1
579.3		1
579.4		1
579.5		1
579.6		1
579.7		1
579.8		1
579.9		1
580		1
580.1		1
580.2		1
580.3		1
580.4		1
580.5		1
580.6		1
580.7		1
580.8		1
580.9		1
581		1
581.1		1
581.2		1
581.3		1
581.4		1
581.5		1
581.6		1
581.7		1
581.8		1
581.9		1
582		1
582.1		1
582.2		1
582.3		1
582.4		1
582.5		1
582.6		1
582.7		1
582.8		1
582.9		1
583		1
583.1		1
583.2		1
583.3		1
583.4		1
583.5		1
583.6		1
583.7		1
583.8		1
583.9		1
584		1
584.1		1
584.2		1
584.3		1
584.4		1
584.5		1
584.6		1
584.7		1
584.8		1
584.9		1
585		1
585.1		1
585.2		1
585.3		1
585.4		1
585.5		1
585.6		1
585.7		1
585.8		1
585.9		1
586		1
586.1		1
586.2		1
586.3		1
586.4		1
586.5		1
586.6		1
586.7		1
586.8		1
586.9		1
587		1
587.1		1
587.2		1
587.3		1
587.4		1
587.5		1
587.6		1
587.7		1
587.8		1
587.9		1
588		1
588.1		1
588.2		1
588.3		1
588.4		1
588.5		1
588.6		1
588.7		1
588.8		1
588.9		1
589		1
589.1		1
589.2		1
589.3		1
589.4		1
589.5		1
589.6		1
589.7		1
589.8		1
589.9		1
590		1
590.1		1
590.2		1
590.3		1
590.4		1
590.5		1
590.6		1
590.7		1
590.8		1
590.9		1
591		1
591.1		1
591.2		1
591.3		1
591.4		1
591.5		1
591.6		1
591.7		1
591.8		1
591.9		1
592		1
592.1		1
592.2		1
592.3		1
592.4		1
592.5		1
592.6		1
592.7		1
592.8		1
592.9		1
593		1
593.1		1
593.2		1
593.3		1
593.4		1
593.5		1
593.6		1
593.7		1
593.8		1
593.9		1
594		1
594.1		1
594.2		1
594.3		1
594.4		1
594.5		1
594.6		1
594.7		1
594.8		1
594.9		1
595		1
595.1		1
595.2		1
595.3		1
595.4		1
595.5		1
595.6		1
595.7		1
595.8		1
595.9		1
596		1
596.1		1
596.2		1
596.3		1
596.4		1
596.5		1
596.6		1
596.7		1
596.8		1
596.9		1
597		1
597.1		1
597.2		1
597.3		1
597.4		1
597.5		1
597.6		1
597.7		1
597.8		1
597.9		1
598		1
598.1		1
598.2		1
598.3		1
598.4		1
598.5		1
598.6		1
598.7		1
598.8		1
598.9		1
599		1
599.1		1
599.2		1
599.3		1
599.4		1
599.5		1
599.6		1
599.7		1
599.8		1
599.9		1
600		1
