# Calibration file of tamex_id 1 @ channel 8
# fine_T bin		 Calibration value
0.1		0
0.2		0
0.3		0
0.4		0
0.5		0
0.6		0
0.7		0
0.8		0
0.9		0
1		0
1.1		0
1.2		0
1.3		0
1.4		0
1.5		0
1.6		0
1.7		0
1.8		0
1.9		0
2		0
2.1		0
2.2		0
2.3		0
2.4		0
2.5		0
2.6		0
2.7		0
2.8		0
2.9		0
3		0
3.1		0
3.2		0
3.3		0
3.4		0
3.5		0
3.6		0
3.7		0
3.8		0
3.9		0
4		0
4.1		0
4.2		0
4.3		0
4.4		0
4.5		0
4.6		0
4.7		0
4.8		0
4.9		0
5		0
5.1		0
5.2		0
5.3		0
5.4		0
5.5		0
5.6		0
5.7		0
5.8		0
5.9		0
6		0
6.1		0
6.2		0
6.3		0
6.4		0
6.5		0
6.6		0
6.7		0
6.8		0
6.9		0
7		0
7.1		0
7.2		0
7.3		0
7.4		0
7.5		0
7.6		0
7.7		0
7.8		0
7.9		0
8		0
8.1		0
8.2		0
8.3		0
8.4		0
8.5		0
8.6		0
8.7		0
8.8		0
8.9		0
9		0
9.1		0
9.2		0
9.3		0
9.4		0
9.5		0
9.6		0
9.7		0
9.8		0
9.9		0
10		0
10.1		0
10.2		0
10.3		0
10.4		0
10.5		0
10.6		0
10.7		0
10.8		0
10.9		0
11		0
11.1		0
11.2		0
11.3		0
11.4		0
11.5		0
11.6		0
11.7		0
11.8		0
11.9		0
12		0
12.1		0
12.2		0
12.3		0
12.4		0
12.5		0
12.6		0
12.7		0
12.8		0
12.9		0
13		0
13.1		0
13.2		0
13.3		0
13.4		0
13.5		0
13.6		0
13.7		0
13.8		0
13.9		0
14		0
14.1		0
14.2		0
14.3		0
14.4		0
14.5		0
14.6		0
14.7		0
14.8		0
14.9		0
15		0
15.1		0
15.2		0
15.3		0
15.4		0
15.5		0
15.6		0
15.7		0
15.8		0
15.9		0
16		0
16.1		0.00487299
16.2		0.00487299
16.3		0.00487299
16.4		0.00487299
16.5		0.00487299
16.6		0.00487299
16.7		0.00487299
16.8		0.00487299
16.9		0.00487299
17		0.00487299
17.1		0.00943494
17.2		0.00943494
17.3		0.00943494
17.4		0.00943494
17.5		0.00943494
17.6		0.00943494
17.7		0.00943494
17.8		0.00943494
17.9		0.00943494
18		0.00943494
18.1		0.0096423
18.2		0.0096423
18.3		0.0096423
18.4		0.0096423
18.5		0.0096423
18.6		0.0096423
18.7		0.0096423
18.8		0.0096423
18.9		0.0096423
19		0.0096423
19.1		0.0115604
19.2		0.0115604
19.3		0.0115604
19.4		0.0115604
19.5		0.0115604
19.6		0.0115604
19.7		0.0115604
19.8		0.0115604
19.9		0.0115604
20		0.0115604
20.1		0.0174702
20.2		0.0174702
20.3		0.0174702
20.4		0.0174702
20.5		0.0174702
20.6		0.0174702
20.7		0.0174702
20.8		0.0174702
20.9		0.0174702
21		0.0174702
21.1		0.0200622
21.2		0.0200622
21.3		0.0200622
21.4		0.0200622
21.5		0.0200622
21.6		0.0200622
21.7		0.0200622
21.8		0.0200622
21.9		0.0200622
22		0.0200622
22.1		0.0204251
22.2		0.0204251
22.3		0.0204251
22.4		0.0204251
22.5		0.0204251
22.6		0.0204251
22.7		0.0204251
22.8		0.0204251
22.9		0.0204251
23		0.0204251
23.1		0.0214619
23.2		0.0214619
23.3		0.0214619
23.4		0.0214619
23.5		0.0214619
23.6		0.0214619
23.7		0.0214619
23.8		0.0214619
23.9		0.0214619
24		0.0214619
24.1		0.0245723
24.2		0.0245723
24.3		0.0245723
24.4		0.0245723
24.5		0.0245723
24.6		0.0245723
24.7		0.0245723
24.8		0.0245723
24.9		0.0245723
25		0.0245723
25.1		0.0268015
25.2		0.0268015
25.3		0.0268015
25.4		0.0268015
25.5		0.0268015
25.6		0.0268015
25.7		0.0268015
25.8		0.0268015
25.9		0.0268015
26		0.0268015
26.1		0.0281493
26.2		0.0281493
26.3		0.0281493
26.4		0.0281493
26.5		0.0281493
26.6		0.0281493
26.7		0.0281493
26.8		0.0281493
26.9		0.0281493
27		0.0281493
27.1		0.0288751
27.2		0.0288751
27.3		0.0288751
27.4		0.0288751
27.5		0.0288751
27.6		0.0288751
27.7		0.0288751
27.8		0.0288751
27.9		0.0288751
28		0.0288751
28.1		0.0310005
28.2		0.0310005
28.3		0.0310005
28.4		0.0310005
28.5		0.0310005
28.6		0.0310005
28.7		0.0310005
28.8		0.0310005
28.9		0.0310005
29		0.0310005
29.1		0.0328668
29.2		0.0328668
29.3		0.0328668
29.4		0.0328668
29.5		0.0328668
29.6		0.0328668
29.7		0.0328668
29.8		0.0328668
29.9		0.0328668
30		0.0328668
30.1		0.0336962
30.2		0.0336962
30.3		0.0336962
30.4		0.0336962
30.5		0.0336962
30.6		0.0336962
30.7		0.0336962
30.8		0.0336962
30.9		0.0336962
31		0.0336962
31.1		0.0375324
31.2		0.0375324
31.3		0.0375324
31.4		0.0375324
31.5		0.0375324
31.6		0.0375324
31.7		0.0375324
31.8		0.0375324
31.9		0.0375324
32		0.0375324
32.1		0.0380508
32.2		0.0380508
32.3		0.0380508
32.4		0.0380508
32.5		0.0380508
32.6		0.0380508
32.7		0.0380508
32.8		0.0380508
32.9		0.0380508
33		0.0380508
33.1		0.0391395
33.2		0.0391395
33.3		0.0391395
33.4		0.0391395
33.5		0.0391395
33.6		0.0391395
33.7		0.0391395
33.8		0.0391395
33.9		0.0391395
34		0.0391395
34.1		0.0440124
34.2		0.0440124
34.3		0.0440124
34.4		0.0440124
34.5		0.0440124
34.6		0.0440124
34.7		0.0440124
34.8		0.0440124
34.9		0.0440124
35		0.0440124
35.1		0.0442198
35.2		0.0442198
35.3		0.0442198
35.4		0.0442198
35.5		0.0442198
35.6		0.0442198
35.7		0.0442198
35.8		0.0442198
35.9		0.0442198
36		0.0442198
36.1		0.0451011
36.2		0.0451011
36.3		0.0451011
36.4		0.0451011
36.5		0.0451011
36.6		0.0451011
36.7		0.0451011
36.8		0.0451011
36.9		0.0451011
37		0.0451011
37.1		0.0471229
37.2		0.0471229
37.3		0.0471229
37.4		0.0471229
37.5		0.0471229
37.6		0.0471229
37.7		0.0471229
37.8		0.0471229
37.9		0.0471229
38		0.0471229
38.1		0.0521514
38.2		0.0521514
38.3		0.0521514
38.4		0.0521514
38.5		0.0521514
38.6		0.0521514
38.7		0.0521514
38.8		0.0521514
38.9		0.0521514
39		0.0521514
39.1		0.052929
39.2		0.052929
39.3		0.052929
39.4		0.052929
39.5		0.052929
39.6		0.052929
39.7		0.052929
39.8		0.052929
39.9		0.052929
40		0.052929
40.1		0.0543805
40.2		0.0543805
40.3		0.0543805
40.4		0.0543805
40.5		0.0543805
40.6		0.0543805
40.7		0.0543805
40.8		0.0543805
40.9		0.0543805
41		0.0543805
41.1		0.0560912
41.2		0.0560912
41.3		0.0560912
41.4		0.0560912
41.5		0.0560912
41.6		0.0560912
41.7		0.0560912
41.8		0.0560912
41.9		0.0560912
42		0.0560912
42.1		0.0621566
42.2		0.0621566
42.3		0.0621566
42.4		0.0621566
42.5		0.0621566
42.6		0.0621566
42.7		0.0621566
42.8		0.0621566
42.9		0.0621566
43		0.0621566
43.1		0.0625194
43.2		0.0625194
43.3		0.0625194
43.4		0.0625194
43.5		0.0625194
43.6		0.0625194
43.7		0.0625194
43.8		0.0625194
43.9		0.0625194
44		0.0625194
44.1		0.0631415
44.2		0.0631415
44.3		0.0631415
44.4		0.0631415
44.5		0.0631415
44.6		0.0631415
44.7		0.0631415
44.8		0.0631415
44.9		0.0631415
45		0.0631415
45.1		0.0633489
45.2		0.0633489
45.3		0.0633489
45.4		0.0633489
45.5		0.0633489
45.6		0.0633489
45.7		0.0633489
45.8		0.0633489
45.9		0.0633489
46		0.0633489
46.1		0.0682219
46.2		0.0682219
46.3		0.0682219
46.4		0.0682219
46.5		0.0682219
46.6		0.0682219
46.7		0.0682219
46.8		0.0682219
46.9		0.0682219
47		0.0682219
47.1		0.0707102
47.2		0.0707102
47.3		0.0707102
47.4		0.0707102
47.5		0.0707102
47.6		0.0707102
47.7		0.0707102
47.8		0.0707102
47.9		0.0707102
48		0.0707102
48.1		0.0726801
48.2		0.0726801
48.3		0.0726801
48.4		0.0726801
48.5		0.0726801
48.6		0.0726801
48.7		0.0726801
48.8		0.0726801
48.9		0.0726801
49		0.0726801
49.1		0.0745464
49.2		0.0745464
49.3		0.0745464
49.4		0.0745464
49.5		0.0745464
49.6		0.0745464
49.7		0.0745464
49.8		0.0745464
49.9		0.0745464
50		0.0745464
50.1		0.0748056
50.2		0.0748056
50.3		0.0748056
50.4		0.0748056
50.5		0.0748056
50.6		0.0748056
50.7		0.0748056
50.8		0.0748056
50.9		0.0748056
51		0.0748056
51.1		0.0776568
51.2		0.0776568
51.3		0.0776568
51.4		0.0776568
51.5		0.0776568
51.6		0.0776568
51.7		0.0776568
51.8		0.0776568
51.9		0.0776568
52		0.0776568
52.1		0.0803007
52.2		0.0803007
52.3		0.0803007
52.4		0.0803007
52.5		0.0803007
52.6		0.0803007
52.7		0.0803007
52.8		0.0803007
52.9		0.0803007
53		0.0803007
53.1		0.0835666
53.2		0.0835666
53.3		0.0835666
53.4		0.0835666
53.5		0.0835666
53.6		0.0835666
53.7		0.0835666
53.8		0.0835666
53.9		0.0835666
54		0.0835666
54.1		0.0856921
54.2		0.0856921
54.3		0.0856921
54.4		0.0856921
54.5		0.0856921
54.6		0.0856921
54.7		0.0856921
54.8		0.0856921
54.9		0.0856921
55		0.0856921
55.1		0.0862105
55.2		0.0862105
55.3		0.0862105
55.4		0.0862105
55.5		0.0862105
55.6		0.0862105
55.7		0.0862105
55.8		0.0862105
55.9		0.0862105
56		0.0862105
56.1		0.0874028
56.2		0.0874028
56.3		0.0874028
56.4		0.0874028
56.5		0.0874028
56.6		0.0874028
56.7		0.0874028
56.8		0.0874028
56.9		0.0874028
57		0.0874028
57.1		0.0896319
57.2		0.0896319
57.3		0.0896319
57.4		0.0896319
57.5		0.0896319
57.6		0.0896319
57.7		0.0896319
57.8		0.0896319
57.9		0.0896319
58		0.0896319
58.1		0.0921203
58.2		0.0921203
58.3		0.0921203
58.4		0.0921203
58.5		0.0921203
58.6		0.0921203
58.7		0.0921203
58.8		0.0921203
58.9		0.0921203
59		0.0921203
59.1		0.0956454
59.2		0.0956454
59.3		0.0956454
59.4		0.0956454
59.5		0.0956454
59.6		0.0956454
59.7		0.0956454
59.8		0.0956454
59.9		0.0956454
60		0.0956454
60.1		0.0972006
60.2		0.0972006
60.3		0.0972006
60.4		0.0972006
60.5		0.0972006
60.6		0.0972006
60.7		0.0972006
60.8		0.0972006
60.9		0.0972006
61		0.0972006
61.1		0.0973561
61.2		0.0973561
61.3		0.0973561
61.4		0.0973561
61.5		0.0973561
61.6		0.0973561
61.7		0.0973561
61.8		0.0973561
61.9		0.0973561
62		0.0973561
62.1		0.100674
62.2		0.100674
62.3		0.100674
62.4		0.100674
62.5		0.100674
62.6		0.100674
62.7		0.100674
62.8		0.100674
62.9		0.100674
63		0.100674
63.1		0.104406
63.2		0.104406
63.3		0.104406
63.4		0.104406
63.5		0.104406
63.6		0.104406
63.7		0.104406
63.8		0.104406
63.9		0.104406
64		0.104406
64.1		0.105495
64.2		0.105495
64.3		0.105495
64.4		0.105495
64.5		0.105495
64.6		0.105495
64.7		0.105495
64.8		0.105495
64.9		0.105495
65		0.105495
65.1		0.107206
65.2		0.107206
65.3		0.107206
65.4		0.107206
65.5		0.107206
65.6		0.107206
65.7		0.107206
65.8		0.107206
65.9		0.107206
66		0.107206
66.1		0.107361
66.2		0.107361
66.3		0.107361
66.4		0.107361
66.5		0.107361
66.6		0.107361
66.7		0.107361
66.8		0.107361
66.9		0.107361
67		0.107361
67.1		0.112131
67.2		0.112131
67.3		0.112131
67.4		0.112131
67.5		0.112131
67.6		0.112131
67.7		0.112131
67.8		0.112131
67.9		0.112131
68		0.112131
68.1		0.113945
68.2		0.113945
68.3		0.113945
68.4		0.113945
68.5		0.113945
68.6		0.113945
68.7		0.113945
68.8		0.113945
68.9		0.113945
69		0.113945
69.1		0.116485
69.2		0.116485
69.3		0.116485
69.4		0.116485
69.5		0.116485
69.6		0.116485
69.7		0.116485
69.8		0.116485
69.9		0.116485
70		0.116485
70.1		0.116693
70.2		0.116693
70.3		0.116693
70.4		0.116693
70.5		0.116693
70.6		0.116693
70.7		0.116693
70.8		0.116693
70.9		0.116693
71		0.116693
71.1		0.119025
71.2		0.119025
71.3		0.119025
71.4		0.119025
71.5		0.119025
71.6		0.119025
71.7		0.119025
71.8		0.119025
71.9		0.119025
72		0.119025
72.1		0.123121
72.2		0.123121
72.3		0.123121
72.4		0.123121
72.5		0.123121
72.6		0.123121
72.7		0.123121
72.8		0.123121
72.9		0.123121
73		0.123121
73.1		0.124313
73.2		0.124313
73.3		0.124313
73.4		0.124313
73.5		0.124313
73.6		0.124313
73.7		0.124313
73.8		0.124313
73.9		0.124313
74		0.124313
74.1		0.126179
74.2		0.126179
74.3		0.126179
74.4		0.126179
74.5		0.126179
74.6		0.126179
74.7		0.126179
74.8		0.126179
74.9		0.126179
75		0.126179
75.1		0.127112
75.2		0.127112
75.3		0.127112
75.4		0.127112
75.5		0.127112
75.6		0.127112
75.7		0.127112
75.8		0.127112
75.9		0.127112
76		0.127112
76.1		0.132297
76.2		0.132297
76.3		0.132297
76.4		0.132297
76.5		0.132297
76.6		0.132297
76.7		0.132297
76.8		0.132297
76.9		0.132297
77		0.132297
77.1		0.133126
77.2		0.133126
77.3		0.133126
77.4		0.133126
77.5		0.133126
77.6		0.133126
77.7		0.133126
77.8		0.133126
77.9		0.133126
78		0.133126
78.1		0.13437
78.2		0.13437
78.3		0.13437
78.4		0.13437
78.5		0.13437
78.6		0.13437
78.7		0.13437
78.8		0.13437
78.9		0.13437
79		0.13437
79.1		0.134681
79.2		0.134681
79.3		0.134681
79.4		0.134681
79.5		0.134681
79.6		0.134681
79.7		0.134681
79.8		0.134681
79.9		0.134681
80		0.134681
80.1		0.141835
80.2		0.141835
80.3		0.141835
80.4		0.141835
80.5		0.141835
80.6		0.141835
80.7		0.141835
80.8		0.141835
80.9		0.141835
81		0.141835
81.1		0.143909
81.2		0.143909
81.3		0.143909
81.4		0.143909
81.5		0.143909
81.6		0.143909
81.7		0.143909
81.8		0.143909
81.9		0.143909
82		0.143909
82.1		0.144894
82.2		0.144894
82.3		0.144894
82.4		0.144894
82.5		0.144894
82.6		0.144894
82.7		0.144894
82.8		0.144894
82.9		0.144894
83		0.144894
83.1		0.145775
83.2		0.145775
83.3		0.145775
83.4		0.145775
83.5		0.145775
83.6		0.145775
83.7		0.145775
83.8		0.145775
83.9		0.145775
84		0.145775
84.1		0.147589
84.2		0.147589
84.3		0.147589
84.4		0.147589
84.5		0.147589
84.6		0.147589
84.7		0.147589
84.8		0.147589
84.9		0.147589
85		0.147589
85.1		0.151477
85.2		0.151477
85.3		0.151477
85.4		0.151477
85.5		0.151477
85.6		0.151477
85.7		0.151477
85.8		0.151477
85.9		0.151477
86		0.151477
86.1		0.151685
86.2		0.151685
86.3		0.151685
86.4		0.151685
86.5		0.151685
86.6		0.151685
86.7		0.151685
86.8		0.151685
86.9		0.151685
87		0.151685
87.1		0.153655
87.2		0.153655
87.3		0.153655
87.4		0.153655
87.5		0.153655
87.6		0.153655
87.7		0.153655
87.8		0.153655
87.9		0.153655
88		0.153655
88.1		0.15832
88.2		0.15832
88.3		0.15832
88.4		0.15832
88.5		0.15832
88.6		0.15832
88.7		0.15832
88.8		0.15832
88.9		0.15832
89		0.15832
89.1		0.159565
89.2		0.159565
89.3		0.159565
89.4		0.159565
89.5		0.159565
89.6		0.159565
89.7		0.159565
89.8		0.159565
89.9		0.159565
90		0.159565
90.1		0.16226
90.2		0.16226
90.3		0.16226
90.4		0.16226
90.5		0.16226
90.6		0.16226
90.7		0.16226
90.8		0.16226
90.9		0.16226
91		0.16226
91.1		0.16506
91.2		0.16506
91.3		0.16506
91.4		0.16506
91.5		0.16506
91.6		0.16506
91.7		0.16506
91.8		0.16506
91.9		0.16506
92		0.16506
92.1		0.166148
92.2		0.166148
92.3		0.166148
92.4		0.166148
92.5		0.166148
92.6		0.166148
92.7		0.166148
92.8		0.166148
92.9		0.166148
93		0.166148
93.1		0.168533
93.2		0.168533
93.3		0.168533
93.4		0.168533
93.5		0.168533
93.6		0.168533
93.7		0.168533
93.8		0.168533
93.9		0.168533
94		0.168533
94.1		0.169259
94.2		0.169259
94.3		0.169259
94.4		0.169259
94.5		0.169259
94.6		0.169259
94.7		0.169259
94.8		0.169259
94.9		0.169259
95		0.169259
95.1		0.171954
95.2		0.171954
95.3		0.171954
95.4		0.171954
95.5		0.171954
95.6		0.171954
95.7		0.171954
95.8		0.171954
95.9		0.171954
96		0.171954
96.1		0.173199
96.2		0.173199
96.3		0.173199
96.4		0.173199
96.5		0.173199
96.6		0.173199
96.7		0.173199
96.8		0.173199
96.9		0.173199
97		0.173199
97.1		0.17776
97.2		0.17776
97.3		0.17776
97.4		0.17776
97.5		0.17776
97.6		0.17776
97.7		0.17776
97.8		0.17776
97.9		0.17776
98		0.17776
98.1		0.180404
98.2		0.180404
98.3		0.180404
98.4		0.180404
98.5		0.180404
98.6		0.180404
98.7		0.180404
98.8		0.180404
98.9		0.180404
99		0.180404
99.1		0.180819
99.2		0.180819
99.3		0.180819
99.4		0.180819
99.5		0.180819
99.6		0.180819
99.7		0.180819
99.8		0.180819
99.9		0.180819
100		0.180819
100.1		0.181286
100.2		0.181286
100.3		0.181286
100.4		0.181286
100.5		0.181286
100.6		0.181286
100.7		0.181286
100.8		0.181286
100.9		0.181286
101		0.181286
101.1		0.184033
101.2		0.184033
101.3		0.184033
101.4		0.184033
101.5		0.184033
101.6		0.184033
101.7		0.184033
101.8		0.184033
101.9		0.184033
102		0.184033
102.1		0.186781
102.2		0.186781
102.3		0.186781
102.4		0.186781
102.5		0.186781
102.6		0.186781
102.7		0.186781
102.8		0.186781
102.9		0.186781
103		0.186781
103.1		0.188854
103.2		0.188854
103.3		0.188854
103.4		0.188854
103.5		0.188854
103.6		0.188854
103.7		0.188854
103.8		0.188854
103.9		0.188854
104		0.188854
104.1		0.190461
104.2		0.190461
104.3		0.190461
104.4		0.190461
104.5		0.190461
104.6		0.190461
104.7		0.190461
104.8		0.190461
104.9		0.190461
105		0.190461
105.1		0.191239
105.2		0.191239
105.3		0.191239
105.4		0.191239
105.5		0.191239
105.6		0.191239
105.7		0.191239
105.8		0.191239
105.9		0.191239
106		0.191239
106.1		0.193157
106.2		0.193157
106.3		0.193157
106.4		0.193157
106.5		0.193157
106.6		0.193157
106.7		0.193157
106.8		0.193157
106.9		0.193157
107		0.193157
107.1		0.197771
107.2		0.197771
107.3		0.197771
107.4		0.197771
107.5		0.197771
107.6		0.197771
107.7		0.197771
107.8		0.197771
107.9		0.197771
108		0.197771
108.1		0.198237
108.2		0.198237
108.3		0.198237
108.4		0.198237
108.5		0.198237
108.6		0.198237
108.7		0.198237
108.8		0.198237
108.9		0.198237
109		0.198237
109.1		0.198704
109.2		0.198704
109.3		0.198704
109.4		0.198704
109.5		0.198704
109.6		0.198704
109.7		0.198704
109.8		0.198704
109.9		0.198704
110		0.198704
110.1		0.200985
110.2		0.200985
110.3		0.200985
110.4		0.200985
110.5		0.200985
110.6		0.200985
110.7		0.200985
110.8		0.200985
110.9		0.200985
111		0.200985
111.1		0.203681
111.2		0.203681
111.3		0.203681
111.4		0.203681
111.5		0.203681
111.6		0.203681
111.7		0.203681
111.8		0.203681
111.9		0.203681
112		0.203681
112.1		0.205754
112.2		0.205754
112.3		0.205754
112.4		0.205754
112.5		0.205754
112.6		0.205754
112.7		0.205754
112.8		0.205754
112.9		0.205754
113		0.205754
113.1		0.207828
113.2		0.207828
113.3		0.207828
113.4		0.207828
113.5		0.207828
113.6		0.207828
113.7		0.207828
113.8		0.207828
113.9		0.207828
114		0.207828
114.1		0.211146
114.2		0.211146
114.3		0.211146
114.4		0.211146
114.5		0.211146
114.6		0.211146
114.7		0.211146
114.8		0.211146
114.9		0.211146
115		0.211146
115.1		0.21156
115.2		0.21156
115.3		0.21156
115.4		0.21156
115.5		0.21156
115.6		0.21156
115.7		0.21156
115.8		0.21156
115.9		0.21156
116		0.21156
116.1		0.21436
116.2		0.21436
116.3		0.21436
116.4		0.21436
116.5		0.21436
116.6		0.21436
116.7		0.21436
116.8		0.21436
116.9		0.21436
117		0.21436
117.1		0.217418
117.2		0.217418
117.3		0.217418
117.4		0.217418
117.5		0.217418
117.6		0.217418
117.7		0.217418
117.8		0.217418
117.9		0.217418
118		0.217418
118.1		0.21887
118.2		0.21887
118.3		0.21887
118.4		0.21887
118.5		0.21887
118.6		0.21887
118.7		0.21887
118.8		0.21887
118.9		0.21887
119		0.21887
119.1		0.222862
119.2		0.222862
119.3		0.222862
119.4		0.222862
119.5		0.222862
119.6		0.222862
119.7		0.222862
119.8		0.222862
119.9		0.222862
120		0.222862
120.1		0.223484
120.2		0.223484
120.3		0.223484
120.4		0.223484
120.5		0.223484
120.6		0.223484
120.7		0.223484
120.8		0.223484
120.9		0.223484
121		0.223484
121.1		0.224572
121.2		0.224572
121.3		0.224572
121.4		0.224572
121.5		0.224572
121.6		0.224572
121.7		0.224572
121.8		0.224572
121.9		0.224572
122		0.224572
122.1		0.224728
122.2		0.224728
122.3		0.224728
122.4		0.224728
122.5		0.224728
122.6		0.224728
122.7		0.224728
122.8		0.224728
122.9		0.224728
123		0.224728
123.1		0.227372
123.2		0.227372
123.3		0.227372
123.4		0.227372
123.5		0.227372
123.6		0.227372
123.7		0.227372
123.8		0.227372
123.9		0.227372
124		0.227372
124.1		0.232141
124.2		0.232141
124.3		0.232141
124.4		0.232141
124.5		0.232141
124.6		0.232141
124.7		0.232141
124.8		0.232141
124.9		0.232141
125		0.232141
125.1		0.233333
125.2		0.233333
125.3		0.233333
125.4		0.233333
125.5		0.233333
125.6		0.233333
125.7		0.233333
125.8		0.233333
125.9		0.233333
126		0.233333
126.1		0.234215
126.2		0.234215
126.3		0.234215
126.4		0.234215
126.5		0.234215
126.6		0.234215
126.7		0.234215
126.8		0.234215
126.9		0.234215
127		0.234215
127.1		0.23634
127.2		0.23634
127.3		0.23634
127.4		0.23634
127.5		0.23634
127.6		0.23634
127.7		0.23634
127.8		0.23634
127.9		0.23634
128		0.23634
128.1		0.239969
128.2		0.239969
128.3		0.239969
128.4		0.239969
128.5		0.239969
128.6		0.239969
128.7		0.239969
128.8		0.239969
128.9		0.239969
129		0.239969
129.1		0.240747
129.2		0.240747
129.3		0.240747
129.4		0.240747
129.5		0.240747
129.6		0.240747
129.7		0.240747
129.8		0.240747
129.9		0.240747
130		0.240747
130.1		0.244635
130.2		0.244635
130.3		0.244635
130.4		0.244635
130.5		0.244635
130.6		0.244635
130.7		0.244635
130.8		0.244635
130.9		0.244635
131		0.244635
131.1		0.245257
131.2		0.245257
131.3		0.245257
131.4		0.245257
131.5		0.245257
131.6		0.245257
131.7		0.245257
131.8		0.245257
131.9		0.245257
132		0.245257
132.1		0.248056
132.2		0.248056
132.3		0.248056
132.4		0.248056
132.5		0.248056
132.6		0.248056
132.7		0.248056
132.8		0.248056
132.9		0.248056
133		0.248056
133.1		0.24873
133.2		0.24873
133.3		0.24873
133.4		0.24873
133.5		0.24873
133.6		0.24873
133.7		0.24873
133.8		0.24873
133.9		0.24873
134		0.24873
134.1		0.248834
134.2		0.248834
134.3		0.248834
134.4		0.248834
134.5		0.248834
134.6		0.248834
134.7		0.248834
134.8		0.248834
134.9		0.248834
135		0.248834
135.1		0.249922
135.2		0.249922
135.3		0.249922
135.4		0.249922
135.5		0.249922
135.6		0.249922
135.7		0.249922
135.8		0.249922
135.9		0.249922
136		0.249922
136.1		0.255988
136.2		0.255988
136.3		0.255988
136.4		0.255988
136.5		0.255988
136.6		0.255988
136.7		0.255988
136.8		0.255988
136.9		0.255988
137		0.255988
137.1		0.256765
137.2		0.256765
137.3		0.256765
137.4		0.256765
137.5		0.256765
137.6		0.256765
137.7		0.256765
137.8		0.256765
137.9		0.256765
138		0.256765
138.1		0.25775
138.2		0.25775
138.3		0.25775
138.4		0.25775
138.5		0.25775
138.6		0.25775
138.7		0.25775
138.8		0.25775
138.9		0.25775
139		0.25775
139.1		0.259253
139.2		0.259253
139.3		0.259253
139.4		0.259253
139.5		0.259253
139.6		0.259253
139.7		0.259253
139.8		0.259253
139.9		0.259253
140		0.259253
140.1		0.263245
140.2		0.263245
140.3		0.263245
140.4		0.263245
140.5		0.263245
140.6		0.263245
140.7		0.263245
140.8		0.263245
140.9		0.263245
141		0.263245
141.1		0.266045
141.2		0.266045
141.3		0.266045
141.4		0.266045
141.5		0.266045
141.6		0.266045
141.7		0.266045
141.8		0.266045
141.9		0.266045
142		0.266045
142.1		0.267755
142.2		0.267755
142.3		0.267755
142.4		0.267755
142.5		0.267755
142.6		0.267755
142.7		0.267755
142.8		0.267755
142.9		0.267755
143		0.267755
143.1		0.268066
143.2		0.268066
143.3		0.268066
143.4		0.268066
143.5		0.268066
143.6		0.268066
143.7		0.268066
143.8		0.268066
143.9		0.268066
144		0.268066
144.1		0.270866
144.2		0.270866
144.3		0.270866
144.4		0.270866
144.5		0.270866
144.6		0.270866
144.7		0.270866
144.8		0.270866
144.9		0.270866
145		0.270866
145.1		0.27325
145.2		0.27325
145.3		0.27325
145.4		0.27325
145.5		0.27325
145.6		0.27325
145.7		0.27325
145.8		0.27325
145.9		0.27325
146		0.27325
146.1		0.273924
146.2		0.273924
146.3		0.273924
146.4		0.273924
146.5		0.273924
146.6		0.273924
146.7		0.273924
146.8		0.273924
146.9		0.273924
147		0.273924
147.1		0.274961
147.2		0.274961
147.3		0.274961
147.4		0.274961
147.5		0.274961
147.6		0.274961
147.7		0.274961
147.8		0.274961
147.9		0.274961
148		0.274961
148.1		0.279005
148.2		0.279005
148.3		0.279005
148.4		0.279005
148.5		0.279005
148.6		0.279005
148.7		0.279005
148.8		0.279005
148.9		0.279005
149		0.279005
149.1		0.27973
149.2		0.27973
149.3		0.27973
149.4		0.27973
149.5		0.27973
149.6		0.27973
149.7		0.27973
149.8		0.27973
149.9		0.27973
150		0.27973
150.1		0.282633
150.2		0.282633
150.3		0.282633
150.4		0.282633
150.5		0.282633
150.6		0.282633
150.7		0.282633
150.8		0.282633
150.9		0.282633
151		0.282633
151.1		0.283981
151.2		0.283981
151.3		0.283981
151.4		0.283981
151.5		0.283981
151.6		0.283981
151.7		0.283981
151.8		0.283981
151.9		0.283981
152		0.283981
152.1		0.286418
152.2		0.286418
152.3		0.286418
152.4		0.286418
152.5		0.286418
152.6		0.286418
152.7		0.286418
152.8		0.286418
152.9		0.286418
153		0.286418
153.1		0.288699
153.2		0.288699
153.3		0.288699
153.4		0.288699
153.5		0.288699
153.6		0.288699
153.7		0.288699
153.8		0.288699
153.9		0.288699
154		0.288699
154.1		0.290772
154.2		0.290772
154.3		0.290772
154.4		0.290772
154.5		0.290772
154.6		0.290772
154.7		0.290772
154.8		0.290772
154.9		0.290772
155		0.290772
155.1		0.293987
155.2		0.293987
155.3		0.293987
155.4		0.293987
155.5		0.293987
155.6		0.293987
155.7		0.293987
155.8		0.293987
155.9		0.293987
156		0.293987
156.1		0.294816
156.2		0.294816
156.3		0.294816
156.4		0.294816
156.5		0.294816
156.6		0.294816
156.7		0.294816
156.8		0.294816
156.9		0.294816
157		0.294816
157.1		0.29663
157.2		0.29663
157.3		0.29663
157.4		0.29663
157.5		0.29663
157.6		0.29663
157.7		0.29663
157.8		0.29663
157.9		0.29663
158		0.29663
158.1		0.299067
158.2		0.299067
158.3		0.299067
158.4		0.299067
158.5		0.299067
158.6		0.299067
158.7		0.299067
158.8		0.299067
158.9		0.299067
159		0.299067
159.1		0.299793
159.2		0.299793
159.3		0.299793
159.4		0.299793
159.5		0.299793
159.6		0.299793
159.7		0.299793
159.8		0.299793
159.9		0.299793
160		0.299793
160.1		0.300726
160.2		0.300726
160.3		0.300726
160.4		0.300726
160.5		0.300726
160.6		0.300726
160.7		0.300726
160.8		0.300726
160.9		0.300726
161		0.300726
161.1		0.30254
161.2		0.30254
161.3		0.30254
161.4		0.30254
161.5		0.30254
161.6		0.30254
161.7		0.30254
161.8		0.30254
161.9		0.30254
162		0.30254
162.1		0.309487
162.2		0.309487
162.3		0.309487
162.4		0.309487
162.5		0.309487
162.6		0.309487
162.7		0.309487
162.8		0.309487
162.9		0.309487
163		0.309487
163.1		0.309746
163.2		0.309746
163.3		0.309746
163.4		0.309746
163.5		0.309746
163.6		0.309746
163.7		0.309746
163.8		0.309746
163.9		0.309746
164		0.309746
164.1		0.310679
164.2		0.310679
164.3		0.310679
164.4		0.310679
164.5		0.310679
164.6		0.310679
164.7		0.310679
164.8		0.310679
164.9		0.310679
165		0.310679
165.1		0.311871
165.2		0.311871
165.3		0.311871
165.4		0.311871
165.5		0.311871
165.6		0.311871
165.7		0.311871
165.8		0.311871
165.9		0.311871
166		0.311871
166.1		0.31379
166.2		0.31379
166.3		0.31379
166.4		0.31379
166.5		0.31379
166.6		0.31379
166.7		0.31379
166.8		0.31379
166.9		0.31379
167		0.31379
167.1		0.31493
167.2		0.31493
167.3		0.31493
167.4		0.31493
167.5		0.31493
167.6		0.31493
167.7		0.31493
167.8		0.31493
167.9		0.31493
168		0.31493
168.1		0.319388
168.2		0.319388
168.3		0.319388
168.4		0.319388
168.5		0.319388
168.6		0.319388
168.7		0.319388
168.8		0.319388
168.9		0.319388
169		0.319388
169.1		0.319751
169.2		0.319751
169.3		0.319751
169.4		0.319751
169.5		0.319751
169.6		0.319751
169.7		0.319751
169.8		0.319751
169.9		0.319751
170		0.319751
170.1		0.324106
170.2		0.324106
170.3		0.324106
170.4		0.324106
170.5		0.324106
170.6		0.324106
170.7		0.324106
170.8		0.324106
170.9		0.324106
171		0.324106
171.1		0.32452
171.2		0.32452
171.3		0.32452
171.4		0.32452
171.5		0.32452
171.6		0.32452
171.7		0.32452
171.8		0.32452
171.9		0.32452
172		0.32452
172.1		0.32649
172.2		0.32649
172.3		0.32649
172.4		0.32649
172.5		0.32649
172.6		0.32649
172.7		0.32649
172.8		0.32649
172.9		0.32649
173		0.32649
173.1		0.326801
173.2		0.326801
173.3		0.326801
173.4		0.326801
173.5		0.326801
173.6		0.326801
173.7		0.326801
173.8		0.326801
173.9		0.326801
174		0.326801
174.1		0.33183
174.2		0.33183
174.3		0.33183
174.4		0.33183
174.5		0.33183
174.6		0.33183
174.7		0.33183
174.8		0.33183
174.9		0.33183
175		0.33183
175.1		0.334578
175.2		0.334578
175.3		0.334578
175.4		0.334578
175.5		0.334578
175.6		0.334578
175.7		0.334578
175.8		0.334578
175.9		0.334578
176		0.334578
176.1		0.336444
176.2		0.336444
176.3		0.336444
176.4		0.336444
176.5		0.336444
176.6		0.336444
176.7		0.336444
176.8		0.336444
176.9		0.336444
177		0.336444
177.1		0.336703
177.2		0.336703
177.3		0.336703
177.4		0.336703
177.5		0.336703
177.6		0.336703
177.7		0.336703
177.8		0.336703
177.9		0.336703
178		0.336703
178.1		0.339554
178.2		0.339554
178.3		0.339554
178.4		0.339554
178.5		0.339554
178.6		0.339554
178.7		0.339554
178.8		0.339554
178.9		0.339554
179		0.339554
179.1		0.343183
179.2		0.343183
179.3		0.343183
179.4		0.343183
179.5		0.343183
179.6		0.343183
179.7		0.343183
179.8		0.343183
179.9		0.343183
180		0.343183
180.1		0.343805
180.2		0.343805
180.3		0.343805
180.4		0.343805
180.5		0.343805
180.6		0.343805
180.7		0.343805
180.8		0.343805
180.9		0.343805
181		0.343805
181.1		0.344997
181.2		0.344997
181.3		0.344997
181.4		0.344997
181.5		0.344997
181.6		0.344997
181.7		0.344997
181.8		0.344997
181.9		0.344997
182		0.344997
182.1		0.346086
182.2		0.346086
182.3		0.346086
182.4		0.346086
182.5		0.346086
182.6		0.346086
182.7		0.346086
182.8		0.346086
182.9		0.346086
183		0.346086
183.1		0.348626
183.2		0.348626
183.3		0.348626
183.4		0.348626
183.5		0.348626
183.6		0.348626
183.7		0.348626
183.8		0.348626
183.9		0.348626
184		0.348626
184.1		0.352514
184.2		0.352514
184.3		0.352514
184.4		0.352514
184.5		0.352514
184.6		0.352514
184.7		0.352514
184.8		0.352514
184.9		0.352514
185		0.352514
185.1		0.353447
185.2		0.353447
185.3		0.353447
185.4		0.353447
185.5		0.353447
185.6		0.353447
185.7		0.353447
185.8		0.353447
185.9		0.353447
186		0.353447
186.1		0.354121
186.2		0.354121
186.3		0.354121
186.4		0.354121
186.5		0.354121
186.6		0.354121
186.7		0.354121
186.8		0.354121
186.9		0.354121
187		0.354121
187.1		0.354588
187.2		0.354588
187.3		0.354588
187.4		0.354588
187.5		0.354588
187.6		0.354588
187.7		0.354588
187.8		0.354588
187.9		0.354588
188		0.354588
188.1		0.361534
188.2		0.361534
188.3		0.361534
188.4		0.361534
188.5		0.361534
188.6		0.361534
188.7		0.361534
188.8		0.361534
188.9		0.361534
189		0.361534
189.1		0.361742
189.2		0.361742
189.3		0.361742
189.4		0.361742
189.5		0.361742
189.6		0.361742
189.7		0.361742
189.8		0.361742
189.9		0.361742
190		0.361742
190.1		0.362364
190.2		0.362364
190.3		0.362364
190.4		0.362364
190.5		0.362364
190.6		0.362364
190.7		0.362364
190.8		0.362364
190.9		0.362364
191		0.362364
191.1		0.363608
191.2		0.363608
191.3		0.363608
191.4		0.363608
191.5		0.363608
191.6		0.363608
191.7		0.363608
191.8		0.363608
191.9		0.363608
192		0.363608
192.1		0.370088
192.2		0.370088
192.3		0.370088
192.4		0.370088
192.5		0.370088
192.6		0.370088
192.7		0.370088
192.8		0.370088
192.9		0.370088
193		0.370088
193.1		0.371073
193.2		0.371073
193.3		0.371073
193.4		0.371073
193.5		0.371073
193.6		0.371073
193.7		0.371073
193.8		0.371073
193.9		0.371073
194		0.371073
194.1		0.371436
194.2		0.371436
194.3		0.371436
194.4		0.371436
194.5		0.371436
194.6		0.371436
194.7		0.371436
194.8		0.371436
194.9		0.371436
195		0.371436
195.1		0.374184
195.2		0.374184
195.3		0.374184
195.4		0.374184
195.5		0.374184
195.6		0.374184
195.7		0.374184
195.8		0.374184
195.9		0.374184
196		0.374184
196.1		0.377138
196.2		0.377138
196.3		0.377138
196.4		0.377138
196.5		0.377138
196.6		0.377138
196.7		0.377138
196.8		0.377138
196.9		0.377138
197		0.377138
197.1		0.379264
197.2		0.379264
197.3		0.379264
197.4		0.379264
197.5		0.379264
197.6		0.379264
197.7		0.379264
197.8		0.379264
197.9		0.379264
198		0.379264
198.1		0.38113
198.2		0.38113
198.3		0.38113
198.4		0.38113
198.5		0.38113
198.6		0.38113
198.7		0.38113
198.8		0.38113
198.9		0.38113
199		0.38113
199.1		0.381493
199.2		0.381493
199.3		0.381493
199.4		0.381493
199.5		0.381493
199.6		0.381493
199.7		0.381493
199.8		0.381493
199.9		0.381493
200		0.381493
200.1		0.385433
200.2		0.385433
200.3		0.385433
200.4		0.385433
200.5		0.385433
200.6		0.385433
200.7		0.385433
200.8		0.385433
200.9		0.385433
201		0.385433
201.1		0.385588
201.2		0.385588
201.3		0.385588
201.4		0.385588
201.5		0.385588
201.6		0.385588
201.7		0.385588
201.8		0.385588
201.9		0.385588
202		0.385588
202.1		0.38844
202.2		0.38844
202.3		0.38844
202.4		0.38844
202.5		0.38844
202.6		0.38844
202.7		0.38844
202.8		0.38844
202.9		0.38844
203		0.38844
203.1		0.389269
203.2		0.389269
203.3		0.389269
203.4		0.389269
203.5		0.389269
203.6		0.389269
203.7		0.389269
203.8		0.389269
203.9		0.389269
204		0.389269
204.1		0.389528
204.2		0.389528
204.3		0.389528
204.4		0.389528
204.5		0.389528
204.6		0.389528
204.7		0.389528
204.8		0.389528
204.9		0.389528
205		0.389528
205.1		0.393831
205.2		0.393831
205.3		0.393831
205.4		0.393831
205.5		0.393831
205.6		0.393831
205.7		0.393831
205.8		0.393831
205.9		0.393831
206		0.393831
206.1		0.396267
206.2		0.396267
206.3		0.396267
206.4		0.396267
206.5		0.396267
206.6		0.396267
206.7		0.396267
206.8		0.396267
206.9		0.396267
207		0.396267
207.1		0.397615
207.2		0.397615
207.3		0.397615
207.4		0.397615
207.5		0.397615
207.6		0.397615
207.7		0.397615
207.8		0.397615
207.9		0.397615
208		0.397615
208.1		0.399793
208.2		0.399793
208.3		0.399793
208.4		0.399793
208.5		0.399793
208.6		0.399793
208.7		0.399793
208.8		0.399793
208.9		0.399793
209		0.399793
209.1		0.400829
209.2		0.400829
209.3		0.400829
209.4		0.400829
209.5		0.400829
209.6		0.400829
209.7		0.400829
209.8		0.400829
209.9		0.400829
210		0.400829
210.1		0.403836
210.2		0.403836
210.3		0.403836
210.4		0.403836
210.5		0.403836
210.6		0.403836
210.7		0.403836
210.8		0.403836
210.9		0.403836
211		0.403836
211.1		0.404977
211.2		0.404977
211.3		0.404977
211.4		0.404977
211.5		0.404977
211.6		0.404977
211.7		0.404977
211.8		0.404977
211.9		0.404977
212		0.404977
212.1		0.407154
212.2		0.407154
212.3		0.407154
212.4		0.407154
212.5		0.407154
212.6		0.407154
212.7		0.407154
212.8		0.407154
212.9		0.407154
213		0.407154
213.1		0.407361
213.2		0.407361
213.3		0.407361
213.4		0.407361
213.5		0.407361
213.6		0.407361
213.7		0.407361
213.8		0.407361
213.9		0.407361
214		0.407361
214.1		0.413893
214.2		0.413893
214.3		0.413893
214.4		0.413893
214.5		0.413893
214.6		0.413893
214.7		0.413893
214.8		0.413893
214.9		0.413893
215		0.413893
215.1		0.414878
215.2		0.414878
215.3		0.414878
215.4		0.414878
215.5		0.414878
215.6		0.414878
215.7		0.414878
215.8		0.414878
215.9		0.414878
216		0.414878
216.1		0.415293
216.2		0.415293
216.3		0.415293
216.4		0.415293
216.5		0.415293
216.6		0.415293
216.7		0.415293
216.8		0.415293
216.9		0.415293
217		0.415293
217.1		0.416382
217.2		0.416382
217.3		0.416382
217.4		0.416382
217.5		0.416382
217.6		0.416382
217.7		0.416382
217.8		0.416382
217.9		0.416382
218		0.416382
218.1		0.421255
218.2		0.421255
218.3		0.421255
218.4		0.421255
218.5		0.421255
218.6		0.421255
218.7		0.421255
218.8		0.421255
218.9		0.421255
219		0.421255
219.1		0.422032
219.2		0.422032
219.3		0.422032
219.4		0.422032
219.5		0.422032
219.6		0.422032
219.7		0.422032
219.8		0.422032
219.9		0.422032
220		0.422032
220.1		0.425661
220.2		0.425661
220.3		0.425661
220.4		0.425661
220.5		0.425661
220.6		0.425661
220.7		0.425661
220.8		0.425661
220.9		0.425661
221		0.425661
221.1		0.425972
221.2		0.425972
221.3		0.425972
221.4		0.425972
221.5		0.425972
221.6		0.425972
221.7		0.425972
221.8		0.425972
221.9		0.425972
222		0.425972
222.1		0.430534
222.2		0.430534
222.3		0.430534
222.4		0.430534
222.5		0.430534
222.6		0.430534
222.7		0.430534
222.8		0.430534
222.9		0.430534
223		0.430534
223.1		0.43126
223.2		0.43126
223.3		0.43126
223.4		0.43126
223.5		0.43126
223.6		0.43126
223.7		0.43126
223.8		0.43126
223.9		0.43126
224		0.43126
224.1		0.433489
224.2		0.433489
224.3		0.433489
224.4		0.433489
224.5		0.433489
224.6		0.433489
224.7		0.433489
224.8		0.433489
224.9		0.433489
225		0.433489
225.1		0.433748
225.2		0.433748
225.3		0.433748
225.4		0.433748
225.5		0.433748
225.6		0.433748
225.7		0.433748
225.8		0.433748
225.9		0.433748
226		0.433748
226.1		0.437947
226.2		0.437947
226.3		0.437947
226.4		0.437947
226.5		0.437947
226.6		0.437947
226.7		0.437947
226.8		0.437947
226.9		0.437947
227		0.437947
227.1		0.438725
227.2		0.438725
227.3		0.438725
227.4		0.438725
227.5		0.438725
227.6		0.438725
227.7		0.438725
227.8		0.438725
227.9		0.438725
228		0.438725
228.1		0.440073
228.2		0.440073
228.3		0.440073
228.4		0.440073
228.5		0.440073
228.6		0.440073
228.7		0.440073
228.8		0.440073
228.9		0.440073
229		0.440073
229.1		0.441317
229.2		0.441317
229.3		0.441317
229.4		0.441317
229.5		0.441317
229.6		0.441317
229.7		0.441317
229.8		0.441317
229.9		0.441317
230		0.441317
230.1		0.442768
230.2		0.442768
230.3		0.442768
230.4		0.442768
230.5		0.442768
230.6		0.442768
230.7		0.442768
230.8		0.442768
230.9		0.442768
231		0.442768
231.1		0.446708
231.2		0.446708
231.3		0.446708
231.4		0.446708
231.5		0.446708
231.6		0.446708
231.7		0.446708
231.8		0.446708
231.9		0.446708
232		0.446708
232.1		0.4479
232.2		0.4479
232.3		0.4479
232.4		0.4479
232.5		0.4479
232.6		0.4479
232.7		0.4479
232.8		0.4479
232.9		0.4479
233		0.4479
233.1		0.448471
233.2		0.448471
233.3		0.448471
233.4		0.448471
233.5		0.448471
233.6		0.448471
233.7		0.448471
233.8		0.448471
233.9		0.448471
234		0.448471
234.1		0.450492
234.2		0.450492
234.3		0.450492
234.4		0.450492
234.5		0.450492
234.6		0.450492
234.7		0.450492
234.8		0.450492
234.9		0.450492
235		0.450492
235.1		0.45324
235.2		0.45324
235.3		0.45324
235.4		0.45324
235.5		0.45324
235.6		0.45324
235.7		0.45324
235.8		0.45324
235.9		0.45324
236		0.45324
236.1		0.454121
236.2		0.454121
236.3		0.454121
236.4		0.454121
236.5		0.454121
236.6		0.454121
236.7		0.454121
236.8		0.454121
236.9		0.454121
237		0.454121
237.1		0.456039
237.2		0.456039
237.3		0.456039
237.4		0.456039
237.5		0.456039
237.6		0.456039
237.7		0.456039
237.8		0.456039
237.9		0.456039
238		0.456039
238.1		0.45832
238.2		0.45832
238.3		0.45832
238.4		0.45832
238.5		0.45832
238.6		0.45832
238.7		0.45832
238.8		0.45832
238.9		0.45832
239		0.45832
239.1		0.461742
239.2		0.461742
239.3		0.461742
239.4		0.461742
239.5		0.461742
239.6		0.461742
239.7		0.461742
239.8		0.461742
239.9		0.461742
240		0.461742
240.1		0.462519
240.2		0.462519
240.3		0.462519
240.4		0.462519
240.5		0.462519
240.6		0.462519
240.7		0.462519
240.8		0.462519
240.9		0.462519
241		0.462519
241.1		0.464386
241.2		0.464386
241.3		0.464386
241.4		0.464386
241.5		0.464386
241.6		0.464386
241.7		0.464386
241.8		0.464386
241.9		0.464386
242		0.464386
242.1		0.466874
242.2		0.466874
242.3		0.466874
242.4		0.466874
242.5		0.466874
242.6		0.466874
242.7		0.466874
242.8		0.466874
242.9		0.466874
243		0.466874
243.1		0.469984
243.2		0.469984
243.3		0.469984
243.4		0.469984
243.5		0.469984
243.6		0.469984
243.7		0.469984
243.8		0.469984
243.9		0.469984
244		0.469984
244.1		0.47325
244.2		0.47325
244.3		0.47325
244.4		0.47325
244.5		0.47325
244.6		0.47325
244.7		0.47325
244.8		0.47325
244.9		0.47325
245		0.47325
245.1		0.473769
245.2		0.473769
245.3		0.473769
245.4		0.473769
245.5		0.473769
245.6		0.473769
245.7		0.473769
245.8		0.473769
245.9		0.473769
246		0.473769
246.1		0.475272
246.2		0.475272
246.3		0.475272
246.4		0.475272
246.5		0.475272
246.6		0.475272
246.7		0.475272
246.8		0.475272
246.9		0.475272
247		0.475272
247.1		0.47776
247.2		0.47776
247.3		0.47776
247.4		0.47776
247.5		0.47776
247.6		0.47776
247.7		0.47776
247.8		0.47776
247.9		0.47776
248		0.47776
248.1		0.480923
248.2		0.480923
248.3		0.480923
248.4		0.480923
248.5		0.480923
248.6		0.480923
248.7		0.480923
248.8		0.480923
248.9		0.480923
249		0.480923
249.1		0.481856
249.2		0.481856
249.3		0.481856
249.4		0.481856
249.5		0.481856
249.6		0.481856
249.7		0.481856
249.8		0.481856
249.9		0.481856
250		0.481856
250.1		0.483204
250.2		0.483204
250.3		0.483204
250.4		0.483204
250.5		0.483204
250.6		0.483204
250.7		0.483204
250.8		0.483204
250.9		0.483204
251		0.483204
251.1		0.483981
251.2		0.483981
251.3		0.483981
251.4		0.483981
251.5		0.483981
251.6		0.483981
251.7		0.483981
251.8		0.483981
251.9		0.483981
252		0.483981
252.1		0.486573
252.2		0.486573
252.3		0.486573
252.4		0.486573
252.5		0.486573
252.6		0.486573
252.7		0.486573
252.8		0.486573
252.9		0.486573
253		0.486573
253.1		0.489062
253.2		0.489062
253.3		0.489062
253.4		0.489062
253.5		0.489062
253.6		0.489062
253.7		0.489062
253.8		0.489062
253.9		0.489062
254		0.489062
254.1		0.489269
254.2		0.489269
254.3		0.489269
254.4		0.489269
254.5		0.489269
254.6		0.489269
254.7		0.489269
254.8		0.489269
254.9		0.489269
255		0.489269
255.1		0.493105
255.2		0.493105
255.3		0.493105
255.4		0.493105
255.5		0.493105
255.6		0.493105
255.7		0.493105
255.8		0.493105
255.9		0.493105
256		0.493105
256.1		0.494868
256.2		0.494868
256.3		0.494868
256.4		0.494868
256.5		0.494868
256.6		0.494868
256.7		0.494868
256.8		0.494868
256.9		0.494868
257		0.494868
257.1		0.495075
257.2		0.495075
257.3		0.495075
257.4		0.495075
257.5		0.495075
257.6		0.495075
257.7		0.495075
257.8		0.495075
257.9		0.495075
258		0.495075
258.1		0.495231
258.2		0.495231
258.3		0.495231
258.4		0.495231
258.5		0.495231
258.6		0.495231
258.7		0.495231
258.8		0.495231
258.9		0.495231
259		0.495231
259.1		0.499067
259.2		0.499067
259.3		0.499067
259.4		0.499067
259.5		0.499067
259.6		0.499067
259.7		0.499067
259.8		0.499067
259.9		0.499067
260		0.499067
260.1		0.502851
260.2		0.502851
260.3		0.502851
260.4		0.502851
260.5		0.502851
260.6		0.502851
260.7		0.502851
260.8		0.502851
260.9		0.502851
261		0.502851
261.1		0.503421
261.2		0.503421
261.3		0.503421
261.4		0.503421
261.5		0.503421
261.6		0.503421
261.7		0.503421
261.8		0.503421
261.9		0.503421
262		0.503421
262.1		0.505029
262.2		0.505029
262.3		0.505029
262.4		0.505029
262.5		0.505029
262.6		0.505029
262.7		0.505029
262.8		0.505029
262.9		0.505029
263		0.505029
263.1		0.506584
263.2		0.506584
263.3		0.506584
263.4		0.506584
263.5		0.506584
263.6		0.506584
263.7		0.506584
263.8		0.506584
263.9		0.506584
264		0.506584
264.1		0.508294
264.2		0.508294
264.3		0.508294
264.4		0.508294
264.5		0.508294
264.6		0.508294
264.7		0.508294
264.8		0.508294
264.9		0.508294
265		0.508294
265.1		0.511094
265.2		0.511094
265.3		0.511094
265.4		0.511094
265.5		0.511094
265.6		0.511094
265.7		0.511094
265.8		0.511094
265.9		0.511094
266		0.511094
266.1		0.512597
266.2		0.512597
266.3		0.512597
266.4		0.512597
266.5		0.512597
266.6		0.512597
266.7		0.512597
266.8		0.512597
266.9		0.512597
267		0.512597
267.1		0.514982
267.2		0.514982
267.3		0.514982
267.4		0.514982
267.5		0.514982
267.6		0.514982
267.7		0.514982
267.8		0.514982
267.9		0.514982
268		0.514982
268.1		0.515915
268.2		0.515915
268.3		0.515915
268.4		0.515915
268.5		0.515915
268.6		0.515915
268.7		0.515915
268.8		0.515915
268.9		0.515915
269		0.515915
269.1		0.519544
269.2		0.519544
269.3		0.519544
269.4		0.519544
269.5		0.519544
269.6		0.519544
269.7		0.519544
269.8		0.519544
269.9		0.519544
270		0.519544
270.1		0.521151
270.2		0.521151
270.3		0.521151
270.4		0.521151
270.5		0.521151
270.6		0.521151
270.7		0.521151
270.8		0.521151
270.9		0.521151
271		0.521151
271.1		0.523432
271.2		0.523432
271.3		0.523432
271.4		0.523432
271.5		0.523432
271.6		0.523432
271.7		0.523432
271.8		0.523432
271.9		0.523432
272		0.523432
272.1		0.523898
272.2		0.523898
272.3		0.523898
272.4		0.523898
272.5		0.523898
272.6		0.523898
272.7		0.523898
272.8		0.523898
272.9		0.523898
273		0.523898
273.1		0.524676
273.2		0.524676
273.3		0.524676
273.4		0.524676
273.5		0.524676
273.6		0.524676
273.7		0.524676
273.8		0.524676
273.9		0.524676
274		0.524676
274.1		0.529393
274.2		0.529393
274.3		0.529393
274.4		0.529393
274.5		0.529393
274.6		0.529393
274.7		0.529393
274.8		0.529393
274.9		0.529393
275		0.529393
275.1		0.530119
275.2		0.530119
275.3		0.530119
275.4		0.530119
275.5		0.530119
275.6		0.530119
275.7		0.530119
275.8		0.530119
275.9		0.530119
276		0.530119
276.1		0.531104
276.2		0.531104
276.3		0.531104
276.4		0.531104
276.5		0.531104
276.6		0.531104
276.7		0.531104
276.8		0.531104
276.9		0.531104
277		0.531104
277.1		0.536547
277.2		0.536547
277.3		0.536547
277.4		0.536547
277.5		0.536547
277.6		0.536547
277.7		0.536547
277.8		0.536547
277.9		0.536547
278		0.536547
278.1		0.53971
278.2		0.53971
278.3		0.53971
278.4		0.53971
278.5		0.53971
278.6		0.53971
278.7		0.53971
278.8		0.53971
278.9		0.53971
279		0.53971
279.1		0.540747
279.2		0.540747
279.3		0.540747
279.4		0.540747
279.5		0.540747
279.6		0.540747
279.7		0.540747
279.8		0.540747
279.9		0.540747
280		0.540747
280.1		0.541835
280.2		0.541835
280.3		0.541835
280.4		0.541835
280.5		0.541835
280.6		0.541835
280.7		0.541835
280.8		0.541835
280.9		0.541835
281		0.541835
281.1		0.541835
281.2		0.541835
281.3		0.541835
281.4		0.541835
281.5		0.541835
281.6		0.541835
281.7		0.541835
281.8		0.541835
281.9		0.541835
282		0.541835
282.1		0.545516
282.2		0.545516
282.3		0.545516
282.4		0.545516
282.5		0.545516
282.6		0.545516
282.7		0.545516
282.8		0.545516
282.9		0.545516
283		0.545516
283.1		0.551892
283.2		0.551892
283.3		0.551892
283.4		0.551892
283.5		0.551892
283.6		0.551892
283.7		0.551892
283.8		0.551892
283.9		0.551892
284		0.551892
284.1		0.553188
284.2		0.553188
284.3		0.553188
284.4		0.553188
284.5		0.553188
284.6		0.553188
284.7		0.553188
284.8		0.553188
284.9		0.553188
285		0.553188
285.1		0.55661
285.2		0.55661
285.3		0.55661
285.4		0.55661
285.5		0.55661
285.6		0.55661
285.7		0.55661
285.8		0.55661
285.9		0.55661
286		0.55661
286.1		0.556921
286.2		0.556921
286.3		0.556921
286.4		0.556921
286.5		0.556921
286.6		0.556921
286.7		0.556921
286.8		0.556921
286.9		0.556921
287		0.556921
287.1		0.557335
287.2		0.557335
287.3		0.557335
287.4		0.557335
287.5		0.557335
287.6		0.557335
287.7		0.557335
287.8		0.557335
287.9		0.557335
288		0.557335
288.1		0.55972
288.2		0.55972
288.3		0.55972
288.4		0.55972
288.5		0.55972
288.6		0.55972
288.7		0.55972
288.8		0.55972
288.9		0.55972
289		0.55972
289.1		0.565837
289.2		0.565837
289.3		0.565837
289.4		0.565837
289.5		0.565837
289.6		0.565837
289.7		0.565837
289.8		0.565837
289.9		0.565837
290		0.565837
290.1		0.566563
290.2		0.566563
290.3		0.566563
290.4		0.566563
290.5		0.566563
290.6		0.566563
290.7		0.566563
290.8		0.566563
290.9		0.566563
291		0.566563
291.1		0.566563
291.2		0.566563
291.3		0.566563
291.4		0.566563
291.5		0.566563
291.6		0.566563
291.7		0.566563
291.8		0.566563
291.9		0.566563
292		0.566563
292.1		0.568896
292.2		0.568896
292.3		0.568896
292.4		0.568896
292.5		0.568896
292.6		0.568896
292.7		0.568896
292.8		0.568896
292.9		0.568896
293		0.568896
293.1		0.570658
293.2		0.570658
293.3		0.570658
293.4		0.570658
293.5		0.570658
293.6		0.570658
293.7		0.570658
293.8		0.570658
293.9		0.570658
294		0.570658
294.1		0.575324
294.2		0.575324
294.3		0.575324
294.4		0.575324
294.5		0.575324
294.6		0.575324
294.7		0.575324
294.8		0.575324
294.9		0.575324
295		0.575324
295.1		0.576724
295.2		0.576724
295.3		0.576724
295.4		0.576724
295.5		0.576724
295.6		0.576724
295.7		0.576724
295.8		0.576724
295.9		0.576724
296		0.576724
296.1		0.576983
296.2		0.576983
296.3		0.576983
296.4		0.576983
296.5		0.576983
296.6		0.576983
296.7		0.576983
296.8		0.576983
296.9		0.576983
297		0.576983
297.1		0.582115
297.2		0.582115
297.3		0.582115
297.4		0.582115
297.5		0.582115
297.6		0.582115
297.7		0.582115
297.8		0.582115
297.9		0.582115
298		0.582115
298.1		0.584655
298.2		0.584655
298.3		0.584655
298.4		0.584655
298.5		0.584655
298.6		0.584655
298.7		0.584655
298.8		0.584655
298.9		0.584655
299		0.584655
299.1		0.588751
299.2		0.588751
299.3		0.588751
299.4		0.588751
299.5		0.588751
299.6		0.588751
299.7		0.588751
299.8		0.588751
299.9		0.588751
300		0.588751
300.1		0.590098
300.2		0.590098
300.3		0.590098
300.4		0.590098
300.5		0.590098
300.6		0.590098
300.7		0.590098
300.8		0.590098
300.9		0.590098
301		0.590098
301.1		0.592483
301.2		0.592483
301.3		0.592483
301.4		0.592483
301.5		0.592483
301.6		0.592483
301.7		0.592483
301.8		0.592483
301.9		0.592483
302		0.592483
302.1		0.593105
302.2		0.593105
302.3		0.593105
302.4		0.593105
302.5		0.593105
302.6		0.593105
302.7		0.593105
302.8		0.593105
302.9		0.593105
303		0.593105
303.1		0.59689
303.2		0.59689
303.3		0.59689
303.4		0.59689
303.5		0.59689
303.6		0.59689
303.7		0.59689
303.8		0.59689
303.9		0.59689
304		0.59689
304.1		0.597978
304.2		0.597978
304.3		0.597978
304.4		0.597978
304.5		0.597978
304.6		0.597978
304.7		0.597978
304.8		0.597978
304.9		0.597978
305		0.597978
305.1		0.59943
305.2		0.59943
305.3		0.59943
305.4		0.59943
305.5		0.59943
305.6		0.59943
305.7		0.59943
305.8		0.59943
305.9		0.59943
306		0.59943
306.1		0.602125
306.2		0.602125
306.3		0.602125
306.4		0.602125
306.5		0.602125
306.6		0.602125
306.7		0.602125
306.8		0.602125
306.9		0.602125
307		0.602125
307.1		0.602385
307.2		0.602385
307.3		0.602385
307.4		0.602385
307.5		0.602385
307.6		0.602385
307.7		0.602385
307.8		0.602385
307.9		0.602385
308		0.602385
308.1		0.606739
308.2		0.606739
308.3		0.606739
308.4		0.606739
308.5		0.606739
308.6		0.606739
308.7		0.606739
308.8		0.606739
308.9		0.606739
309		0.606739
309.1		0.607102
309.2		0.607102
309.3		0.607102
309.4		0.607102
309.5		0.607102
309.6		0.607102
309.7		0.607102
309.8		0.607102
309.9		0.607102
310		0.607102
310.1		0.610886
310.2		0.610886
310.3		0.610886
310.4		0.610886
310.5		0.610886
310.6		0.610886
310.7		0.610886
310.8		0.610886
310.9		0.610886
311		0.610886
311.1		0.612234
311.2		0.612234
311.3		0.612234
311.4		0.612234
311.5		0.612234
311.6		0.612234
311.7		0.612234
311.8		0.612234
311.9		0.612234
312		0.612234
312.1		0.615034
312.2		0.615034
312.3		0.615034
312.4		0.615034
312.5		0.615034
312.6		0.615034
312.7		0.615034
312.8		0.615034
312.9		0.615034
313		0.615034
313.1		0.616641
313.2		0.616641
313.3		0.616641
313.4		0.616641
313.5		0.616641
313.6		0.616641
313.7		0.616641
313.8		0.616641
313.9		0.616641
314		0.616641
314.1		0.617211
314.2		0.617211
314.3		0.617211
314.4		0.617211
314.5		0.617211
314.6		0.617211
314.7		0.617211
314.8		0.617211
314.9		0.617211
315		0.617211
315.1		0.619492
315.2		0.619492
315.3		0.619492
315.4		0.619492
315.5		0.619492
315.6		0.619492
315.7		0.619492
315.8		0.619492
315.9		0.619492
316		0.619492
316.1		0.624158
316.2		0.624158
316.3		0.624158
316.4		0.624158
316.5		0.624158
316.6		0.624158
316.7		0.624158
316.8		0.624158
316.9		0.624158
317		0.624158
317.1		0.624469
317.2		0.624469
317.3		0.624469
317.4		0.624469
317.5		0.624469
317.6		0.624469
317.7		0.624469
317.8		0.624469
317.9		0.624469
318		0.624469
318.1		0.624832
318.2		0.624832
318.3		0.624832
318.4		0.624832
318.5		0.624832
318.6		0.624832
318.7		0.624832
318.8		0.624832
318.9		0.624832
319		0.624832
319.1		0.625039
319.2		0.625039
319.3		0.625039
319.4		0.625039
319.5		0.625039
319.6		0.625039
319.7		0.625039
319.8		0.625039
319.9		0.625039
320		0.625039
320.1		0.630534
320.2		0.630534
320.3		0.630534
320.4		0.630534
320.5		0.630534
320.6		0.630534
320.7		0.630534
320.8		0.630534
320.9		0.630534
321		0.630534
321.1		0.633904
321.2		0.633904
321.3		0.633904
321.4		0.633904
321.5		0.633904
321.6		0.633904
321.7		0.633904
321.8		0.633904
321.9		0.633904
322		0.633904
322.1		0.63437
322.2		0.63437
322.3		0.63437
322.4		0.63437
322.5		0.63437
322.6		0.63437
322.7		0.63437
322.8		0.63437
322.9		0.63437
323		0.63437
323.1		0.635925
323.2		0.635925
323.3		0.635925
323.4		0.635925
323.5		0.635925
323.6		0.635925
323.7		0.635925
323.8		0.635925
323.9		0.635925
324		0.635925
324.1		0.639917
324.2		0.639917
324.3		0.639917
324.4		0.639917
324.5		0.639917
324.6		0.639917
324.7		0.639917
324.8		0.639917
324.9		0.639917
325		0.639917
325.1		0.640176
325.2		0.640176
325.3		0.640176
325.4		0.640176
325.5		0.640176
325.6		0.640176
325.7		0.640176
325.8		0.640176
325.9		0.640176
326		0.640176
326.1		0.641472
326.2		0.641472
326.3		0.641472
326.4		0.641472
326.5		0.641472
326.6		0.641472
326.7		0.641472
326.8		0.641472
326.9		0.641472
327		0.641472
327.1		0.643701
327.2		0.643701
327.3		0.643701
327.4		0.643701
327.5		0.643701
327.6		0.643701
327.7		0.643701
327.8		0.643701
327.9		0.643701
328		0.643701
328.1		0.646293
328.2		0.646293
328.3		0.646293
328.4		0.646293
328.5		0.646293
328.6		0.646293
328.7		0.646293
328.8		0.646293
328.9		0.646293
329		0.646293
329.1		0.648263
329.2		0.648263
329.3		0.648263
329.4		0.648263
329.5		0.648263
329.6		0.648263
329.7		0.648263
329.8		0.648263
329.9		0.648263
330		0.648263
330.1		0.649404
330.2		0.649404
330.3		0.649404
330.4		0.649404
330.5		0.649404
330.6		0.649404
330.7		0.649404
330.8		0.649404
330.9		0.649404
331		0.649404
331.1		0.651115
331.2		0.651115
331.3		0.651115
331.4		0.651115
331.5		0.651115
331.6		0.651115
331.7		0.651115
331.8		0.651115
331.9		0.651115
332		0.651115
332.1		0.654173
332.2		0.654173
332.3		0.654173
332.4		0.654173
332.5		0.654173
332.6		0.654173
332.7		0.654173
332.8		0.654173
332.9		0.654173
333		0.654173
333.1		0.657024
333.2		0.657024
333.3		0.657024
333.4		0.657024
333.5		0.657024
333.6		0.657024
333.7		0.657024
333.8		0.657024
333.9		0.657024
334		0.657024
334.1		0.65718
334.2		0.65718
334.3		0.65718
334.4		0.65718
334.5		0.65718
334.6		0.65718
334.7		0.65718
334.8		0.65718
334.9		0.65718
335		0.65718
335.1		0.657232
335.2		0.657232
335.3		0.657232
335.4		0.657232
335.5		0.657232
335.6		0.657232
335.7		0.657232
335.8		0.657232
335.9		0.657232
336		0.657232
336.1		0.661172
336.2		0.661172
336.3		0.661172
336.4		0.661172
336.5		0.661172
336.6		0.661172
336.7		0.661172
336.8		0.661172
336.9		0.661172
337		0.661172
337.1		0.664438
337.2		0.664438
337.3		0.664438
337.4		0.664438
337.5		0.664438
337.6		0.664438
337.7		0.664438
337.8		0.664438
337.9		0.664438
338		0.664438
338.1		0.667911
338.2		0.667911
338.3		0.667911
338.4		0.667911
338.5		0.667911
338.6		0.667911
338.7		0.667911
338.8		0.667911
338.9		0.667911
339		0.667911
339.1		0.66817
339.2		0.66817
339.3		0.66817
339.4		0.66817
339.5		0.66817
339.6		0.66817
339.7		0.66817
339.8		0.66817
339.9		0.66817
340		0.66817
340.1		0.669881
340.2		0.669881
340.3		0.669881
340.4		0.669881
340.5		0.669881
340.6		0.669881
340.7		0.669881
340.8		0.669881
340.9		0.669881
341		0.669881
341.1		0.674287
341.2		0.674287
341.3		0.674287
341.4		0.674287
341.5		0.674287
341.6		0.674287
341.7		0.674287
341.8		0.674287
341.9		0.674287
342		0.674287
342.1		0.677553
342.2		0.677553
342.3		0.677553
342.4		0.677553
342.5		0.677553
342.6		0.677553
342.7		0.677553
342.8		0.677553
342.9		0.677553
343		0.677553
343.1		0.678538
343.2		0.678538
343.3		0.678538
343.4		0.678538
343.5		0.678538
343.6		0.678538
343.7		0.678538
343.8		0.678538
343.9		0.678538
344		0.678538
344.1		0.680871
344.2		0.680871
344.3		0.680871
344.4		0.680871
344.5		0.680871
344.6		0.680871
344.7		0.680871
344.8		0.680871
344.9		0.680871
345		0.680871
345.1		0.681649
345.2		0.681649
345.3		0.681649
345.4		0.681649
345.5		0.681649
345.6		0.681649
345.7		0.681649
345.8		0.681649
345.9		0.681649
346		0.681649
346.1		0.686573
346.2		0.686573
346.3		0.686573
346.4		0.686573
346.5		0.686573
346.6		0.686573
346.7		0.686573
346.8		0.686573
346.9		0.686573
347		0.686573
347.1		0.688647
347.2		0.688647
347.3		0.688647
347.4		0.688647
347.5		0.688647
347.6		0.688647
347.7		0.688647
347.8		0.688647
347.9		0.688647
348		0.688647
348.1		0.688647
348.2		0.688647
348.3		0.688647
348.4		0.688647
348.5		0.688647
348.6		0.688647
348.7		0.688647
348.8		0.688647
348.9		0.688647
349		0.688647
349.1		0.69015
349.2		0.69015
349.3		0.69015
349.4		0.69015
349.5		0.69015
349.6		0.69015
349.7		0.69015
349.8		0.69015
349.9		0.69015
350		0.69015
350.1		0.692794
350.2		0.692794
350.3		0.692794
350.4		0.692794
350.5		0.692794
350.6		0.692794
350.7		0.692794
350.8		0.692794
350.9		0.692794
351		0.692794
351.1		0.693053
351.2		0.693053
351.3		0.693053
351.4		0.693053
351.5		0.693053
351.6		0.693053
351.7		0.693053
351.8		0.693053
351.9		0.693053
352		0.693053
352.1		0.698341
352.2		0.698341
352.3		0.698341
352.4		0.698341
352.5		0.698341
352.6		0.698341
352.7		0.698341
352.8		0.698341
352.9		0.698341
353		0.698341
353.1		0.699689
353.2		0.699689
353.3		0.699689
353.4		0.699689
353.5		0.699689
353.6		0.699689
353.7		0.699689
353.8		0.699689
353.9		0.699689
354		0.699689
354.1		0.701607
354.2		0.701607
354.3		0.701607
354.4		0.701607
354.5		0.701607
354.6		0.701607
354.7		0.701607
354.8		0.701607
354.9		0.701607
355		0.701607
355.1		0.706117
355.2		0.706117
355.3		0.706117
355.4		0.706117
355.5		0.706117
355.6		0.706117
355.7		0.706117
355.8		0.706117
355.9		0.706117
356		0.706117
356.1		0.708139
356.2		0.708139
356.3		0.708139
356.4		0.708139
356.5		0.708139
356.6		0.708139
356.7		0.708139
356.8		0.708139
356.9		0.708139
357		0.708139
357.1		0.716589
357.2		0.716589
357.3		0.716589
357.4		0.716589
357.5		0.716589
357.6		0.716589
357.7		0.716589
357.8		0.716589
357.9		0.716589
358		0.716589
358.1		0.717055
358.2		0.717055
358.3		0.717055
358.4		0.717055
358.5		0.717055
358.6		0.717055
358.7		0.717055
358.8		0.717055
358.9		0.717055
359		0.717055
359.1		0.717833
359.2		0.717833
359.3		0.717833
359.4		0.717833
359.5		0.717833
359.6		0.717833
359.7		0.717833
359.8		0.717833
359.9		0.717833
360		0.717833
360.1		0.721566
360.2		0.721566
360.3		0.721566
360.4		0.721566
360.5		0.721566
360.6		0.721566
360.7		0.721566
360.8		0.721566
360.9		0.721566
361		0.721566
361.1		0.724261
361.2		0.724261
361.3		0.724261
361.4		0.724261
361.5		0.724261
361.6		0.724261
361.7		0.724261
361.8		0.724261
361.9		0.724261
362		0.724261
362.1		0.726024
362.2		0.726024
362.3		0.726024
362.4		0.726024
362.5		0.726024
362.6		0.726024
362.7		0.726024
362.8		0.726024
362.9		0.726024
363		0.726024
363.1		0.727164
363.2		0.727164
363.3		0.727164
363.4		0.727164
363.5		0.727164
363.6		0.727164
363.7		0.727164
363.8		0.727164
363.9		0.727164
364		0.727164
364.1		0.73043
364.2		0.73043
364.3		0.73043
364.4		0.73043
364.5		0.73043
364.6		0.73043
364.7		0.73043
364.8		0.73043
364.9		0.73043
365		0.73043
365.1		0.731571
365.2		0.731571
365.3		0.731571
365.4		0.731571
365.5		0.731571
365.6		0.731571
365.7		0.731571
365.8		0.731571
365.9		0.731571
366		0.731571
366.1		0.732348
366.2		0.732348
366.3		0.732348
366.4		0.732348
366.5		0.732348
366.6		0.732348
366.7		0.732348
366.8		0.732348
366.9		0.732348
367		0.732348
367.1		0.733644
367.2		0.733644
367.3		0.733644
367.4		0.733644
367.5		0.733644
367.6		0.733644
367.7		0.733644
367.8		0.733644
367.9		0.733644
368		0.733644
368.1		0.739554
368.2		0.739554
368.3		0.739554
368.4		0.739554
368.5		0.739554
368.6		0.739554
368.7		0.739554
368.8		0.739554
368.9		0.739554
369		0.739554
369.1		0.739865
369.2		0.739865
369.3		0.739865
369.4		0.739865
369.5		0.739865
369.6		0.739865
369.7		0.739865
369.8		0.739865
369.9		0.739865
370		0.739865
370.1		0.740591
370.2		0.740591
370.3		0.740591
370.4		0.740591
370.5		0.740591
370.6		0.740591
370.7		0.740591
370.8		0.740591
370.9		0.740591
371		0.740591
371.1		0.741369
371.2		0.741369
371.3		0.741369
371.4		0.741369
371.5		0.741369
371.6		0.741369
371.7		0.741369
371.8		0.741369
371.9		0.741369
372		0.741369
372.1		0.745412
372.2		0.745412
372.3		0.745412
372.4		0.745412
372.5		0.745412
372.6		0.745412
372.7		0.745412
372.8		0.745412
372.9		0.745412
373		0.745412
373.1		0.747123
373.2		0.747123
373.3		0.747123
373.4		0.747123
373.5		0.747123
373.6		0.747123
373.7		0.747123
373.8		0.747123
373.9		0.747123
374		0.747123
374.1		0.747952
374.2		0.747952
374.3		0.747952
374.4		0.747952
374.5		0.747952
374.6		0.747952
374.7		0.747952
374.8		0.747952
374.9		0.747952
375		0.747952
375.1		0.751529
375.2		0.751529
375.3		0.751529
375.4		0.751529
375.5		0.751529
375.6		0.751529
375.7		0.751529
375.8		0.751529
375.9		0.751529
376		0.751529
376.1		0.753344
376.2		0.753344
376.3		0.753344
376.4		0.753344
376.5		0.753344
376.6		0.753344
376.7		0.753344
376.8		0.753344
376.9		0.753344
377		0.753344
377.1		0.756817
377.2		0.756817
377.3		0.756817
377.4		0.756817
377.5		0.756817
377.6		0.756817
377.7		0.756817
377.8		0.756817
377.9		0.756817
378		0.756817
378.1		0.75858
378.2		0.75858
378.3		0.75858
378.4		0.75858
378.5		0.75858
378.6		0.75858
378.7		0.75858
378.8		0.75858
378.9		0.75858
379		0.75858
379.1		0.760498
379.2		0.760498
379.3		0.760498
379.4		0.760498
379.5		0.760498
379.6		0.760498
379.7		0.760498
379.8		0.760498
379.9		0.760498
380		0.760498
380.1		0.760964
380.2		0.760964
380.3		0.760964
380.4		0.760964
380.5		0.760964
380.6		0.760964
380.7		0.760964
380.8		0.760964
380.9		0.760964
381		0.760964
381.1		0.761223
381.2		0.761223
381.3		0.761223
381.4		0.761223
381.5		0.761223
381.6		0.761223
381.7		0.761223
381.8		0.761223
381.9		0.761223
382		0.761223
382.1		0.765837
382.2		0.765837
382.3		0.765837
382.4		0.765837
382.5		0.765837
382.6		0.765837
382.7		0.765837
382.8		0.765837
382.9		0.765837
383		0.765837
383.1		0.768015
383.2		0.768015
383.3		0.768015
383.4		0.768015
383.5		0.768015
383.6		0.768015
383.7		0.768015
383.8		0.768015
383.9		0.768015
384		0.768015
384.1		0.769207
384.2		0.769207
384.3		0.769207
384.4		0.769207
384.5		0.769207
384.6		0.769207
384.7		0.769207
384.8		0.769207
384.9		0.769207
385		0.769207
385.1		0.770399
385.2		0.770399
385.3		0.770399
385.4		0.770399
385.5		0.770399
385.6		0.770399
385.7		0.770399
385.8		0.770399
385.9		0.770399
386		0.770399
386.1		0.772214
386.2		0.772214
386.3		0.772214
386.4		0.772214
386.5		0.772214
386.6		0.772214
386.7		0.772214
386.8		0.772214
386.9		0.772214
387		0.772214
387.1		0.773095
387.2		0.773095
387.3		0.773095
387.4		0.773095
387.5		0.773095
387.6		0.773095
387.7		0.773095
387.8		0.773095
387.9		0.773095
388		0.773095
388.1		0.774495
388.2		0.774495
388.3		0.774495
388.4		0.774495
388.5		0.774495
388.6		0.774495
388.7		0.774495
388.8		0.774495
388.9		0.774495
389		0.774495
389.1		0.777812
389.2		0.777812
389.3		0.777812
389.4		0.777812
389.5		0.777812
389.6		0.777812
389.7		0.777812
389.8		0.777812
389.9		0.777812
390		0.777812
390.1		0.780301
390.2		0.780301
390.3		0.780301
390.4		0.780301
390.5		0.780301
390.6		0.780301
390.7		0.780301
390.8		0.780301
390.9		0.780301
391		0.780301
391.1		0.781286
391.2		0.781286
391.3		0.781286
391.4		0.781286
391.5		0.781286
391.6		0.781286
391.7		0.781286
391.8		0.781286
391.9		0.781286
392		0.781286
392.1		0.783463
392.2		0.783463
392.3		0.783463
392.4		0.783463
392.5		0.783463
392.6		0.783463
392.7		0.783463
392.8		0.783463
392.9		0.783463
393		0.783463
393.1		0.784292
393.2		0.784292
393.3		0.784292
393.4		0.784292
393.5		0.784292
393.6		0.784292
393.7		0.784292
393.8		0.784292
393.9		0.784292
394		0.784292
394.1		0.786262
394.2		0.786262
394.3		0.786262
394.4		0.786262
394.5		0.786262
394.6		0.786262
394.7		0.786262
394.8		0.786262
394.9		0.786262
395		0.786262
395.1		0.788906
395.2		0.788906
395.3		0.788906
395.4		0.788906
395.5		0.788906
395.6		0.788906
395.7		0.788906
395.8		0.788906
395.9		0.788906
396		0.788906
396.1		0.792224
396.2		0.792224
396.3		0.792224
396.4		0.792224
396.5		0.792224
396.6		0.792224
396.7		0.792224
396.8		0.792224
396.9		0.792224
397		0.792224
397.1		0.793883
397.2		0.793883
397.3		0.793883
397.4		0.793883
397.5		0.793883
397.6		0.793883
397.7		0.793883
397.8		0.793883
397.9		0.793883
398		0.793883
398.1		0.794194
398.2		0.794194
398.3		0.794194
398.4		0.794194
398.5		0.794194
398.6		0.794194
398.7		0.794194
398.8		0.794194
398.9		0.794194
399		0.794194
399.1		0.798341
399.2		0.798341
399.3		0.798341
399.4		0.798341
399.5		0.798341
399.6		0.798341
399.7		0.798341
399.8		0.798341
399.9		0.798341
400		0.798341
400.1		0.799948
400.2		0.799948
400.3		0.799948
400.4		0.799948
400.5		0.799948
400.6		0.799948
400.7		0.799948
400.8		0.799948
400.9		0.799948
401		0.799948
401.1		0.802125
401.2		0.802125
401.3		0.802125
401.4		0.802125
401.5		0.802125
401.6		0.802125
401.7		0.802125
401.8		0.802125
401.9		0.802125
402		0.802125
402.1		0.804821
402.2		0.804821
402.3		0.804821
402.4		0.804821
402.5		0.804821
402.6		0.804821
402.7		0.804821
402.8		0.804821
402.9		0.804821
403		0.804821
403.1		0.805236
403.2		0.805236
403.3		0.805236
403.4		0.805236
403.5		0.805236
403.6		0.805236
403.7		0.805236
403.8		0.805236
403.9		0.805236
404		0.805236
404.1		0.808709
404.2		0.808709
404.3		0.808709
404.4		0.808709
404.5		0.808709
404.6		0.808709
404.7		0.808709
404.8		0.808709
404.9		0.808709
405		0.808709
405.1		0.809228
405.2		0.809228
405.3		0.809228
405.4		0.809228
405.5		0.809228
405.6		0.809228
405.7		0.809228
405.8		0.809228
405.9		0.809228
406		0.809228
406.1		0.809694
406.2		0.809694
406.3		0.809694
406.4		0.809694
406.5		0.809694
406.6		0.809694
406.7		0.809694
406.8		0.809694
406.9		0.809694
407		0.809694
407.1		0.815189
407.2		0.815189
407.3		0.815189
407.4		0.815189
407.5		0.815189
407.6		0.815189
407.7		0.815189
407.8		0.815189
407.9		0.815189
408		0.815189
408.1		0.815708
408.2		0.815708
408.3		0.815708
408.4		0.815708
408.5		0.815708
408.6		0.815708
408.7		0.815708
408.8		0.815708
408.9		0.815708
409		0.815708
409.1		0.815708
409.2		0.815708
409.3		0.815708
409.4		0.815708
409.5		0.815708
409.6		0.815708
409.7		0.815708
409.8		0.815708
409.9		0.815708
410		0.815708
410.1		0.819596
410.2		0.819596
410.3		0.819596
410.4		0.819596
410.5		0.819596
410.6		0.819596
410.7		0.819596
410.8		0.819596
410.9		0.819596
411		0.819596
411.1		0.82027
411.2		0.82027
411.3		0.82027
411.4		0.82027
411.5		0.82027
411.6		0.82027
411.7		0.82027
411.8		0.82027
411.9		0.82027
412		0.82027
412.1		0.824572
412.2		0.824572
412.3		0.824572
412.4		0.824572
412.5		0.824572
412.6		0.824572
412.7		0.824572
412.8		0.824572
412.9		0.824572
413		0.824572
413.1		0.824728
413.2		0.824728
413.3		0.824728
413.4		0.824728
413.5		0.824728
413.6		0.824728
413.7		0.824728
413.8		0.824728
413.9		0.824728
414		0.824728
414.1		0.825039
414.2		0.825039
414.3		0.825039
414.4		0.825039
414.5		0.825039
414.6		0.825039
414.7		0.825039
414.8		0.825039
414.9		0.825039
415		0.825039
415.1		0.826076
415.2		0.826076
415.3		0.826076
415.4		0.826076
415.5		0.826076
415.6		0.826076
415.7		0.826076
415.8		0.826076
415.9		0.826076
416		0.826076
416.1		0.832452
416.2		0.832452
416.3		0.832452
416.4		0.832452
416.5		0.832452
416.6		0.832452
416.7		0.832452
416.8		0.832452
416.9		0.832452
417		0.832452
417.1		0.832815
417.2		0.832815
417.3		0.832815
417.4		0.832815
417.5		0.832815
417.6		0.832815
417.7		0.832815
417.8		0.832815
417.9		0.832815
418		0.832815
418.1		0.834215
418.2		0.834215
418.3		0.834215
418.4		0.834215
418.5		0.834215
418.6		0.834215
418.7		0.834215
418.8		0.834215
418.9		0.834215
419		0.834215
419.1		0.835096
419.2		0.835096
419.3		0.835096
419.4		0.835096
419.5		0.835096
419.6		0.835096
419.7		0.835096
419.8		0.835096
419.9		0.835096
420		0.835096
420.1		0.840487
420.2		0.840487
420.3		0.840487
420.4		0.840487
420.5		0.840487
420.6		0.840487
420.7		0.840487
420.8		0.840487
420.9		0.840487
421		0.840487
421.1		0.843805
421.2		0.843805
421.3		0.843805
421.4		0.843805
421.5		0.843805
421.6		0.843805
421.7		0.843805
421.8		0.843805
421.9		0.843805
422		0.843805
422.1		0.844427
422.2		0.844427
422.3		0.844427
422.4		0.844427
422.5		0.844427
422.6		0.844427
422.7		0.844427
422.8		0.844427
422.9		0.844427
423		0.844427
423.1		0.845931
423.2		0.845931
423.3		0.845931
423.4		0.845931
423.5		0.845931
423.6		0.845931
423.7		0.845931
423.8		0.845931
423.9		0.845931
424		0.845931
424.1		0.848471
424.2		0.848471
424.3		0.848471
424.4		0.848471
424.5		0.848471
424.6		0.848471
424.7		0.848471
424.8		0.848471
424.9		0.848471
425		0.848471
425.1		0.849041
425.2		0.849041
425.3		0.849041
425.4		0.849041
425.5		0.849041
425.6		0.849041
425.7		0.849041
425.8		0.849041
425.9		0.849041
426		0.849041
426.1		0.8521
426.2		0.8521
426.3		0.8521
426.4		0.8521
426.5		0.8521
426.6		0.8521
426.7		0.8521
426.8		0.8521
426.9		0.8521
427		0.8521
427.1		0.852981
427.2		0.852981
427.3		0.852981
427.4		0.852981
427.5		0.852981
427.6		0.852981
427.7		0.852981
427.8		0.852981
427.9		0.852981
428		0.852981
428.1		0.855365
428.2		0.855365
428.3		0.855365
428.4		0.855365
428.5		0.855365
428.6		0.855365
428.7		0.855365
428.8		0.855365
428.9		0.855365
429		0.855365
429.1		0.858528
429.2		0.858528
429.3		0.858528
429.4		0.858528
429.5		0.858528
429.6		0.858528
429.7		0.858528
429.8		0.858528
429.9		0.858528
430		0.858528
430.1		0.860238
430.2		0.860238
430.3		0.860238
430.4		0.860238
430.5		0.860238
430.6		0.860238
430.7		0.860238
430.8		0.860238
430.9		0.860238
431		0.860238
431.1		0.86055
431.2		0.86055
431.3		0.86055
431.4		0.86055
431.5		0.86055
431.6		0.86055
431.7		0.86055
431.8		0.86055
431.9		0.86055
432		0.86055
432.1		0.86112
432.2		0.86112
432.3		0.86112
432.4		0.86112
432.5		0.86112
432.6		0.86112
432.7		0.86112
432.8		0.86112
432.9		0.86112
433		0.86112
433.1		0.865008
433.2		0.865008
433.3		0.865008
433.4		0.865008
433.5		0.865008
433.6		0.865008
433.7		0.865008
433.8		0.865008
433.9		0.865008
434		0.865008
434.1		0.869259
434.2		0.869259
434.3		0.869259
434.4		0.869259
434.5		0.869259
434.6		0.869259
434.7		0.869259
434.8		0.869259
434.9		0.869259
435		0.869259
435.1		0.870192
435.2		0.870192
435.3		0.870192
435.4		0.870192
435.5		0.870192
435.6		0.870192
435.7		0.870192
435.8		0.870192
435.9		0.870192
436		0.870192
436.1		0.870399
436.2		0.870399
436.3		0.870399
436.4		0.870399
436.5		0.870399
436.6		0.870399
436.7		0.870399
436.8		0.870399
436.9		0.870399
437		0.870399
437.1		0.871177
437.2		0.871177
437.3		0.871177
437.4		0.871177
437.5		0.871177
437.6		0.871177
437.7		0.871177
437.8		0.871177
437.9		0.871177
438		0.871177
438.1		0.876879
438.2		0.876879
438.3		0.876879
438.4		0.876879
438.5		0.876879
438.6		0.876879
438.7		0.876879
438.8		0.876879
438.9		0.876879
439		0.876879
439.1		0.878227
439.2		0.878227
439.3		0.878227
439.4		0.878227
439.5		0.878227
439.6		0.878227
439.7		0.878227
439.8		0.878227
439.9		0.878227
440		0.878227
440.1		0.880508
440.2		0.880508
440.3		0.880508
440.4		0.880508
440.5		0.880508
440.6		0.880508
440.7		0.880508
440.8		0.880508
440.9		0.880508
441		0.880508
441.1		0.880767
441.2		0.880767
441.3		0.880767
441.4		0.880767
441.5		0.880767
441.6		0.880767
441.7		0.880767
441.8		0.880767
441.9		0.880767
442		0.880767
442.1		0.885588
442.2		0.885588
442.3		0.885588
442.4		0.885588
442.5		0.885588
442.6		0.885588
442.7		0.885588
442.8		0.885588
442.9		0.885588
443		0.885588
443.1		0.886055
443.2		0.886055
443.3		0.886055
443.4		0.886055
443.5		0.886055
443.6		0.886055
443.7		0.886055
443.8		0.886055
443.9		0.886055
444		0.886055
444.1		0.886366
444.2		0.886366
444.3		0.886366
444.4		0.886366
444.5		0.886366
444.6		0.886366
444.7		0.886366
444.8		0.886366
444.9		0.886366
445		0.886366
445.1		0.889787
445.2		0.889787
445.3		0.889787
445.4		0.889787
445.5		0.889787
445.6		0.889787
445.7		0.889787
445.8		0.889787
445.9		0.889787
446		0.889787
446.1		0.890669
446.2		0.890669
446.3		0.890669
446.4		0.890669
446.5		0.890669
446.6		0.890669
446.7		0.890669
446.8		0.890669
446.9		0.890669
447		0.890669
447.1		0.893468
447.2		0.893468
447.3		0.893468
447.4		0.893468
447.5		0.893468
447.6		0.893468
447.7		0.893468
447.8		0.893468
447.9		0.893468
448		0.893468
448.1		0.89409
448.2		0.89409
448.3		0.89409
448.4		0.89409
448.5		0.89409
448.6		0.89409
448.7		0.89409
448.8		0.89409
448.9		0.89409
449		0.89409
449.1		0.896734
449.2		0.896734
449.3		0.896734
449.4		0.896734
449.5		0.896734
449.6		0.896734
449.7		0.896734
449.8		0.896734
449.9		0.896734
450		0.896734
450.1		0.89689
450.2		0.89689
450.3		0.89689
450.4		0.89689
450.5		0.89689
450.6		0.89689
450.7		0.89689
450.8		0.89689
450.9		0.89689
451		0.89689
451.1		0.89943
451.2		0.89943
451.3		0.89943
451.4		0.89943
451.5		0.89943
451.6		0.89943
451.7		0.89943
451.8		0.89943
451.9		0.89943
452		0.89943
452.1		0.899637
452.2		0.899637
452.3		0.899637
452.4		0.899637
452.5		0.899637
452.6		0.899637
452.7		0.899637
452.8		0.899637
452.9		0.899637
453		0.899637
453.1		0.903266
453.2		0.903266
453.3		0.903266
453.4		0.903266
453.5		0.903266
453.6		0.903266
453.7		0.903266
453.8		0.903266
453.9		0.903266
454		0.903266
454.1		0.903681
454.2		0.903681
454.3		0.903681
454.4		0.903681
454.5		0.903681
454.6		0.903681
454.7		0.903681
454.8		0.903681
454.9		0.903681
455		0.903681
455.1		0.906895
455.2		0.906895
455.3		0.906895
455.4		0.906895
455.5		0.906895
455.6		0.906895
455.7		0.906895
455.8		0.906895
455.9		0.906895
456		0.906895
456.1		0.907776
456.2		0.907776
456.3		0.907776
456.4		0.907776
456.5		0.907776
456.6		0.907776
456.7		0.907776
456.8		0.907776
456.9		0.907776
457		0.907776
457.1		0.908605
457.2		0.908605
457.3		0.908605
457.4		0.908605
457.5		0.908605
457.6		0.908605
457.7		0.908605
457.8		0.908605
457.9		0.908605
458		0.908605
458.1		0.911612
458.2		0.911612
458.3		0.911612
458.4		0.911612
458.5		0.911612
458.6		0.911612
458.7		0.911612
458.8		0.911612
458.9		0.911612
459		0.911612
459.1		0.913893
459.2		0.913893
459.3		0.913893
459.4		0.913893
459.5		0.913893
459.6		0.913893
459.7		0.913893
459.8		0.913893
459.9		0.913893
460		0.913893
460.1		0.914774
460.2		0.914774
460.3		0.914774
460.4		0.914774
460.5		0.914774
460.6		0.914774
460.7		0.914774
460.8		0.914774
460.9		0.914774
461		0.914774
461.1		0.918818
461.2		0.918818
461.3		0.918818
461.4		0.918818
461.5		0.918818
461.6		0.918818
461.7		0.918818
461.8		0.918818
461.9		0.918818
462		0.918818
462.1		0.921721
462.2		0.921721
462.3		0.921721
462.4		0.921721
462.5		0.921721
462.6		0.921721
462.7		0.921721
462.8		0.921721
462.9		0.921721
463		0.921721
463.1		0.922602
463.2		0.922602
463.3		0.922602
463.4		0.922602
463.5		0.922602
463.6		0.922602
463.7		0.922602
463.8		0.922602
463.9		0.922602
464		0.922602
464.1		0.922913
464.2		0.922913
464.3		0.922913
464.4		0.922913
464.5		0.922913
464.6		0.922913
464.7		0.922913
464.8		0.922913
464.9		0.922913
465		0.922913
465.1		0.925298
465.2		0.925298
465.3		0.925298
465.4		0.925298
465.5		0.925298
465.6		0.925298
465.7		0.925298
465.8		0.925298
465.9		0.925298
466		0.925298
466.1		0.925868
466.2		0.925868
466.3		0.925868
466.4		0.925868
466.5		0.925868
466.6		0.925868
466.7		0.925868
466.8		0.925868
466.9		0.925868
467		0.925868
467.1		0.929497
467.2		0.929497
467.3		0.929497
467.4		0.929497
467.5		0.929497
467.6		0.929497
467.7		0.929497
467.8		0.929497
467.9		0.929497
468		0.929497
468.1		0.930119
468.2		0.930119
468.3		0.930119
468.4		0.930119
468.5		0.930119
468.6		0.930119
468.7		0.930119
468.8		0.930119
468.9		0.930119
469		0.930119
469.1		0.933955
469.2		0.933955
469.3		0.933955
469.4		0.933955
469.5		0.933955
469.6		0.933955
469.7		0.933955
469.8		0.933955
469.9		0.933955
470		0.933955
470.1		0.934422
470.2		0.934422
470.3		0.934422
470.4		0.934422
470.5		0.934422
470.6		0.934422
470.7		0.934422
470.8		0.934422
470.9		0.934422
471		0.934422
471.1		0.934733
471.2		0.934733
471.3		0.934733
471.4		0.934733
471.5		0.934733
471.6		0.934733
471.7		0.934733
471.8		0.934733
471.9		0.934733
472		0.934733
472.1		0.941369
472.2		0.941369
472.3		0.941369
472.4		0.941369
472.5		0.941369
472.6		0.941369
472.7		0.941369
472.8		0.941369
472.9		0.941369
473		0.941369
473.1		0.942094
473.2		0.942094
473.3		0.942094
473.4		0.942094
473.5		0.942094
473.6		0.942094
473.7		0.942094
473.8		0.942094
473.9		0.942094
474		0.942094
474.1		0.942509
474.2		0.942509
474.3		0.942509
474.4		0.942509
474.5		0.942509
474.6		0.942509
474.7		0.942509
474.8		0.942509
474.9		0.942509
475		0.942509
475.1		0.945153
475.2		0.945153
475.3		0.945153
475.4		0.945153
475.5		0.945153
475.6		0.945153
475.7		0.945153
475.8		0.945153
475.9		0.945153
476		0.945153
476.1		0.947227
476.2		0.947227
476.3		0.947227
476.4		0.947227
476.5		0.947227
476.6		0.947227
476.7		0.947227
476.8		0.947227
476.9		0.947227
477		0.947227
477.1		0.947745
477.2		0.947745
477.3		0.947745
477.4		0.947745
477.5		0.947745
477.6		0.947745
477.7		0.947745
477.8		0.947745
477.9		0.947745
478		0.947745
478.1		0.949508
478.2		0.949508
478.3		0.949508
478.4		0.949508
478.5		0.949508
478.6		0.949508
478.7		0.949508
478.8		0.949508
478.9		0.949508
479		0.949508
479.1		0.951685
479.2		0.951685
479.3		0.951685
479.4		0.951685
479.5		0.951685
479.6		0.951685
479.7		0.951685
479.8		0.951685
479.9		0.951685
480		0.951685
480.1		0.95635
480.2		0.95635
480.3		0.95635
480.4		0.95635
480.5		0.95635
480.6		0.95635
480.7		0.95635
480.8		0.95635
480.9		0.95635
481		0.95635
481.1		0.958476
481.2		0.958476
481.3		0.958476
481.4		0.958476
481.5		0.958476
481.6		0.958476
481.7		0.958476
481.8		0.958476
481.9		0.958476
482		0.958476
482.1		0.959409
482.2		0.959409
482.3		0.959409
482.4		0.959409
482.5		0.959409
482.6		0.959409
482.7		0.959409
482.8		0.959409
482.9		0.959409
483		0.959409
483.1		0.960083
483.2		0.960083
483.3		0.960083
483.4		0.960083
483.5		0.960083
483.6		0.960083
483.7		0.960083
483.8		0.960083
483.9		0.960083
484		0.960083
484.1		0.964386
484.2		0.964386
484.3		0.964386
484.4		0.964386
484.5		0.964386
484.6		0.964386
484.7		0.964386
484.8		0.964386
484.9		0.964386
485		0.964386
485.1		0.966252
485.2		0.966252
485.3		0.966252
485.4		0.966252
485.5		0.966252
485.6		0.966252
485.7		0.966252
485.8		0.966252
485.9		0.966252
486		0.966252
486.1		0.966563
486.2		0.966563
486.3		0.966563
486.4		0.966563
486.5		0.966563
486.6		0.966563
486.7		0.966563
486.8		0.966563
486.9		0.966563
487		0.966563
487.1		0.969155
487.2		0.969155
487.3		0.969155
487.4		0.969155
487.5		0.969155
487.6		0.969155
487.7		0.969155
487.8		0.969155
487.9		0.969155
488		0.969155
488.1		0.969984
488.2		0.969984
488.3		0.969984
488.4		0.969984
488.5		0.969984
488.6		0.969984
488.7		0.969984
488.8		0.969984
488.9		0.969984
489		0.969984
489.1		0.973302
489.2		0.973302
489.3		0.973302
489.4		0.973302
489.5		0.973302
489.6		0.973302
489.7		0.973302
489.8		0.973302
489.9		0.973302
490		0.973302
490.1		0.974806
490.2		0.974806
490.3		0.974806
490.4		0.974806
490.5		0.974806
490.6		0.974806
490.7		0.974806
490.8		0.974806
490.9		0.974806
491		0.974806
491.1		0.97605
491.2		0.97605
491.3		0.97605
491.4		0.97605
491.5		0.97605
491.6		0.97605
491.7		0.97605
491.8		0.97605
491.9		0.97605
492		0.97605
492.1		0.979212
492.2		0.979212
492.3		0.979212
492.4		0.979212
492.5		0.979212
492.6		0.979212
492.7		0.979212
492.8		0.979212
492.9		0.979212
493		0.979212
493.1		0.97999
493.2		0.97999
493.3		0.97999
493.4		0.97999
493.5		0.97999
493.6		0.97999
493.7		0.97999
493.8		0.97999
493.9		0.97999
494		0.97999
494.1		0.982582
494.2		0.982582
494.3		0.982582
494.4		0.982582
494.5		0.982582
494.6		0.982582
494.7		0.982582
494.8		0.982582
494.9		0.982582
495		0.982582
495.1		0.982685
495.2		0.982685
495.3		0.982685
495.4		0.982685
495.5		0.982685
495.6		0.982685
495.7		0.982685
495.8		0.982685
495.9		0.982685
496		0.982685
496.1		0.984759
496.2		0.984759
496.3		0.984759
496.4		0.984759
496.5		0.984759
496.6		0.984759
496.7		0.984759
496.8		0.984759
496.9		0.984759
497		0.984759
497.1		0.988647
497.2		0.988647
497.3		0.988647
497.4		0.988647
497.5		0.988647
497.6		0.988647
497.7		0.988647
497.8		0.988647
497.9		0.988647
498		0.988647
498.1		0.990876
498.2		0.990876
498.3		0.990876
498.4		0.990876
498.5		0.990876
498.6		0.990876
498.7		0.990876
498.8		0.990876
498.9		0.990876
499		0.990876
499.1		0.991239
499.2		0.991239
499.3		0.991239
499.4		0.991239
499.5		0.991239
499.6		0.991239
499.7		0.991239
499.8		0.991239
499.9		0.991239
500		0.991239
500.1		0.992794
500.2		0.992794
500.3		0.992794
500.4		0.992794
500.5		0.992794
500.6		0.992794
500.7		0.992794
500.8		0.992794
500.9		0.992794
501		0.992794
501.1		0.993987
501.2		0.993987
501.3		0.993987
501.4		0.993987
501.5		0.993987
501.6		0.993987
501.7		0.993987
501.8		0.993987
501.9		0.993987
502		0.993987
502.1		0.99943
502.2		0.99943
502.3		0.99943
502.4		0.99943
502.5		0.99943
502.6		0.99943
502.7		0.99943
502.8		0.99943
502.9		0.99943
503		0.99943
503.1		1
503.2		1
503.3		1
503.4		1
503.5		1
503.6		1
503.7		1
503.8		1
503.9		1
504		1
504.1		1
504.2		1
504.3		1
504.4		1
504.5		1
504.6		1
504.7		1
504.8		1
504.9		1
505		1
505.1		1
505.2		1
505.3		1
505.4		1
505.5		1
505.6		1
505.7		1
505.8		1
505.9		1
506		1
506.1		1
506.2		1
506.3		1
506.4		1
506.5		1
506.6		1
506.7		1
506.8		1
506.9		1
507		1
507.1		1
507.2		1
507.3		1
507.4		1
507.5		1
507.6		1
507.7		1
507.8		1
507.9		1
508		1
508.1		1
508.2		1
508.3		1
508.4		1
508.5		1
508.6		1
508.7		1
508.8		1
508.9		1
509		1
509.1		1
509.2		1
509.3		1
509.4		1
509.5		1
509.6		1
509.7		1
509.8		1
509.9		1
510		1
510.1		1
510.2		1
510.3		1
510.4		1
510.5		1
510.6		1
510.7		1
510.8		1
510.9		1
511		1
511.1		1
511.2		1
511.3		1
511.4		1
511.5		1
511.6		1
511.7		1
511.8		1
511.9		1
512		1
512.1		1
512.2		1
512.3		1
512.4		1
512.5		1
512.6		1
512.7		1
512.8		1
512.9		1
513		1
513.1		1
513.2		1
513.3		1
513.4		1
513.5		1
513.6		1
513.7		1
513.8		1
513.9		1
514		1
514.1		1
514.2		1
514.3		1
514.4		1
514.5		1
514.6		1
514.7		1
514.8		1
514.9		1
515		1
515.1		1
515.2		1
515.3		1
515.4		1
515.5		1
515.6		1
515.7		1
515.8		1
515.9		1
516		1
516.1		1
516.2		1
516.3		1
516.4		1
516.5		1
516.6		1
516.7		1
516.8		1
516.9		1
517		1
517.1		1
517.2		1
517.3		1
517.4		1
517.5		1
517.6		1
517.7		1
517.8		1
517.9		1
518		1
518.1		1
518.2		1
518.3		1
518.4		1
518.5		1
518.6		1
518.7		1
518.8		1
518.9		1
519		1
519.1		1
519.2		1
519.3		1
519.4		1
519.5		1
519.6		1
519.7		1
519.8		1
519.9		1
520		1
520.1		1
520.2		1
520.3		1
520.4		1
520.5		1
520.6		1
520.7		1
520.8		1
520.9		1
521		1
521.1		1
521.2		1
521.3		1
521.4		1
521.5		1
521.6		1
521.7		1
521.8		1
521.9		1
522		1
522.1		1
522.2		1
522.3		1
522.4		1
522.5		1
522.6		1
522.7		1
522.8		1
522.9		1
523		1
523.1		1
523.2		1
523.3		1
523.4		1
523.5		1
523.6		1
523.7		1
523.8		1
523.9		1
524		1
524.1		1
524.2		1
524.3		1
524.4		1
524.5		1
524.6		1
524.7		1
524.8		1
524.9		1
525		1
525.1		1
525.2		1
525.3		1
525.4		1
525.5		1
525.6		1
525.7		1
525.8		1
525.9		1
526		1
526.1		1
526.2		1
526.3		1
526.4		1
526.5		1
526.6		1
526.7		1
526.8		1
526.9		1
527		1
527.1		1
527.2		1
527.3		1
527.4		1
527.5		1
527.6		1
527.7		1
527.8		1
527.9		1
528		1
528.1		1
528.2		1
528.3		1
528.4		1
528.5		1
528.6		1
528.7		1
528.8		1
528.9		1
529		1
529.1		1
529.2		1
529.3		1
529.4		1
529.5		1
529.6		1
529.7		1
529.8		1
529.9		1
530		1
530.1		1
530.2		1
530.3		1
530.4		1
530.5		1
530.6		1
530.7		1
530.8		1
530.9		1
531		1
531.1		1
531.2		1
531.3		1
531.4		1
531.5		1
531.6		1
531.7		1
531.8		1
531.9		1
532		1
532.1		1
532.2		1
532.3		1
532.4		1
532.5		1
532.6		1
532.7		1
532.8		1
532.9		1
533		1
533.1		1
533.2		1
533.3		1
533.4		1
533.5		1
533.6		1
533.7		1
533.8		1
533.9		1
534		1
534.1		1
534.2		1
534.3		1
534.4		1
534.5		1
534.6		1
534.7		1
534.8		1
534.9		1
535		1
535.1		1
535.2		1
535.3		1
535.4		1
535.5		1
535.6		1
535.7		1
535.8		1
535.9		1
536		1
536.1		1
536.2		1
536.3		1
536.4		1
536.5		1
536.6		1
536.7		1
536.8		1
536.9		1
537		1
537.1		1
537.2		1
537.3		1
537.4		1
537.5		1
537.6		1
537.7		1
537.8		1
537.9		1
538		1
538.1		1
538.2		1
538.3		1
538.4		1
538.5		1
538.6		1
538.7		1
538.8		1
538.9		1
539		1
539.1		1
539.2		1
539.3		1
539.4		1
539.5		1
539.6		1
539.7		1
539.8		1
539.9		1
540		1
540.1		1
540.2		1
540.3		1
540.4		1
540.5		1
540.6		1
540.7		1
540.8		1
540.9		1
541		1
541.1		1
541.2		1
541.3		1
541.4		1
541.5		1
541.6		1
541.7		1
541.8		1
541.9		1
542		1
542.1		1
542.2		1
542.3		1
542.4		1
542.5		1
542.6		1
542.7		1
542.8		1
542.9		1
543		1
543.1		1
543.2		1
543.3		1
543.4		1
543.5		1
543.6		1
543.7		1
543.8		1
543.9		1
544		1
544.1		1
544.2		1
544.3		1
544.4		1
544.5		1
544.6		1
544.7		1
544.8		1
544.9		1
545		1
545.1		1
545.2		1
545.3		1
545.4		1
545.5		1
545.6		1
545.7		1
545.8		1
545.9		1
546		1
546.1		1
546.2		1
546.3		1
546.4		1
546.5		1
546.6		1
546.7		1
546.8		1
546.9		1
547		1
547.1		1
547.2		1
547.3		1
547.4		1
547.5		1
547.6		1
547.7		1
547.8		1
547.9		1
548		1
548.1		1
548.2		1
548.3		1
548.4		1
548.5		1
548.6		1
548.7		1
548.8		1
548.9		1
549		1
549.1		1
549.2		1
549.3		1
549.4		1
549.5		1
549.6		1
549.7		1
549.8		1
549.9		1
550		1
550.1		1
550.2		1
550.3		1
550.4		1
550.5		1
550.6		1
550.7		1
550.8		1
550.9		1
551		1
551.1		1
551.2		1
551.3		1
551.4		1
551.5		1
551.6		1
551.7		1
551.8		1
551.9		1
552		1
552.1		1
552.2		1
552.3		1
552.4		1
552.5		1
552.6		1
552.7		1
552.8		1
552.9		1
553		1
553.1		1
553.2		1
553.3		1
553.4		1
553.5		1
553.6		1
553.7		1
553.8		1
553.9		1
554		1
554.1		1
554.2		1
554.3		1
554.4		1
554.5		1
554.6		1
554.7		1
554.8		1
554.9		1
555		1
555.1		1
555.2		1
555.3		1
555.4		1
555.5		1
555.6		1
555.7		1
555.8		1
555.9		1
556		1
556.1		1
556.2		1
556.3		1
556.4		1
556.5		1
556.6		1
556.7		1
556.8		1
556.9		1
557		1
557.1		1
557.2		1
557.3		1
557.4		1
557.5		1
557.6		1
557.7		1
557.8		1
557.9		1
558		1
558.1		1
558.2		1
558.3		1
558.4		1
558.5		1
558.6		1
558.7		1
558.8		1
558.9		1
559		1
559.1		1
559.2		1
559.3		1
559.4		1
559.5		1
559.6		1
559.7		1
559.8		1
559.9		1
560		1
560.1		1
560.2		1
560.3		1
560.4		1
560.5		1
560.6		1
560.7		1
560.8		1
560.9		1
561		1
561.1		1
561.2		1
561.3		1
561.4		1
561.5		1
561.6		1
561.7		1
561.8		1
561.9		1
562		1
562.1		1
562.2		1
562.3		1
562.4		1
562.5		1
562.6		1
562.7		1
562.8		1
562.9		1
563		1
563.1		1
563.2		1
563.3		1
563.4		1
563.5		1
563.6		1
563.7		1
563.8		1
563.9		1
564		1
564.1		1
564.2		1
564.3		1
564.4		1
564.5		1
564.6		1
564.7		1
564.8		1
564.9		1
565		1
565.1		1
565.2		1
565.3		1
565.4		1
565.5		1
565.6		1
565.7		1
565.8		1
565.9		1
566		1
566.1		1
566.2		1
566.3		1
566.4		1
566.5		1
566.6		1
566.7		1
566.8		1
566.9		1
567		1
567.1		1
567.2		1
567.3		1
567.4		1
567.5		1
567.6		1
567.7		1
567.8		1
567.9		1
568		1
568.1		1
568.2		1
568.3		1
568.4		1
568.5		1
568.6		1
568.7		1
568.8		1
568.9		1
569		1
569.1		1
569.2		1
569.3		1
569.4		1
569.5		1
569.6		1
569.7		1
569.8		1
569.9		1
570		1
570.1		1
570.2		1
570.3		1
570.4		1
570.5		1
570.6		1
570.7		1
570.8		1
570.9		1
571		1
571.1		1
571.2		1
571.3		1
571.4		1
571.5		1
571.6		1
571.7		1
571.8		1
571.9		1
572		1
572.1		1
572.2		1
572.3		1
572.4		1
572.5		1
572.6		1
572.7		1
572.8		1
572.9		1
573		1
573.1		1
573.2		1
573.3		1
573.4		1
573.5		1
573.6		1
573.7		1
573.8		1
573.9		1
574		1
574.1		1
574.2		1
574.3		1
574.4		1
574.5		1
574.6		1
574.7		1
574.8		1
574.9		1
575		1
575.1		1
575.2		1
575.3		1
575.4		1
575.5		1
575.6		1
575.7		1
575.8		1
575.9		1
576		1
576.1		1
576.2		1
576.3		1
576.4		1
576.5		1
576.6		1
576.7		1
576.8		1
576.9		1
577		1
577.1		1
577.2		1
577.3		1
577.4		1
577.5		1
577.6		1
577.7		1
577.8		1
577.9		1
578		1
578.1		1
578.2		1
578.3		1
578.4		1
578.5		1
578.6		1
578.7		1
578.8		1
578.9		1
579		1
579.1		1
579.2		1
579.3		1
579.4		1
579.5		1
579.6		1
579.7		1
579.8		1
579.9		1
580		1
580.1		1
580.2		1
580.3		1
580.4		1
580.5		1
580.6		1
580.7		1
580.8		1
580.9		1
581		1
581.1		1
581.2		1
581.3		1
581.4		1
581.5		1
581.6		1
581.7		1
581.8		1
581.9		1
582		1
582.1		1
582.2		1
582.3		1
582.4		1
582.5		1
582.6		1
582.7		1
582.8		1
582.9		1
583		1
583.1		1
583.2		1
583.3		1
583.4		1
583.5		1
583.6		1
583.7		1
583.8		1
583.9		1
584		1
584.1		1
584.2		1
584.3		1
584.4		1
584.5		1
584.6		1
584.7		1
584.8		1
584.9		1
585		1
585.1		1
585.2		1
585.3		1
585.4		1
585.5		1
585.6		1
585.7		1
585.8		1
585.9		1
586		1
586.1		1
586.2		1
586.3		1
586.4		1
586.5		1
586.6		1
586.7		1
586.8		1
586.9		1
587		1
587.1		1
587.2		1
587.3		1
587.4		1
587.5		1
587.6		1
587.7		1
587.8		1
587.9		1
588		1
588.1		1
588.2		1
588.3		1
588.4		1
588.5		1
588.6		1
588.7		1
588.8		1
588.9		1
589		1
589.1		1
589.2		1
589.3		1
589.4		1
589.5		1
589.6		1
589.7		1
589.8		1
589.9		1
590		1
590.1		1
590.2		1
590.3		1
590.4		1
590.5		1
590.6		1
590.7		1
590.8		1
590.9		1
591		1
591.1		1
591.2		1
591.3		1
591.4		1
591.5		1
591.6		1
591.7		1
591.8		1
591.9		1
592		1
592.1		1
592.2		1
592.3		1
592.4		1
592.5		1
592.6		1
592.7		1
592.8		1
592.9		1
593		1
593.1		1
593.2		1
593.3		1
593.4		1
593.5		1
593.6		1
593.7		1
593.8		1
593.9		1
594		1
594.1		1
594.2		1
594.3		1
594.4		1
594.5		1
594.6		1
594.7		1
594.8		1
594.9		1
595		1
595.1		1
595.2		1
595.3		1
595.4		1
595.5		1
595.6		1
595.7		1
595.8		1
595.9		1
596		1
596.1		1
596.2		1
596.3		1
596.4		1
596.5		1
596.6		1
596.7		1
596.8		1
596.9		1
597		1
597.1		1
597.2		1
597.3		1
597.4		1
597.5		1
597.6		1
597.7		1
597.8		1
597.9		1
598		1
598.1		1
598.2		1
598.3		1
598.4		1
598.5		1
598.6		1
598.7		1
598.8		1
598.9		1
599		1
599.1		1
599.2		1
599.3		1
599.4		1
599.5		1
599.6		1
599.7		1
599.8		1
599.9		1
600		1
