# Calibration file of tamex_id 1 @ channel 42
# fine_T bin		 Calibration value
0.1		0
0.2		0
0.3		0
0.4		0
0.5		0
0.6		0
0.7		0
0.8		0
0.9		0
1		0
1.1		0
1.2		0
1.3		0
1.4		0
1.5		0
1.6		0
1.7		0
1.8		0
1.9		0
2		0
2.1		0
2.2		0
2.3		0
2.4		0
2.5		0
2.6		0
2.7		0
2.8		0
2.9		0
3		0
3.1		0
3.2		0
3.3		0
3.4		0
3.5		0
3.6		0
3.7		0
3.8		0
3.9		0
4		0
4.1		0
4.2		0
4.3		0
4.4		0
4.5		0
4.6		0
4.7		0
4.8		0
4.9		0
5		0
5.1		0
5.2		0
5.3		0
5.4		0
5.5		0
5.6		0
5.7		0
5.8		0
5.9		0
6		0
6.1		0
6.2		0
6.3		0
6.4		0
6.5		0
6.6		0
6.7		0
6.8		0
6.9		0
7		0
7.1		0
7.2		0
7.3		0
7.4		0
7.5		0
7.6		0
7.7		0
7.8		0
7.9		0
8		0
8.1		0
8.2		0
8.3		0
8.4		0
8.5		0
8.6		0
8.7		0
8.8		0
8.9		0
9		0
9.1		0
9.2		0
9.3		0
9.4		0
9.5		0
9.6		0
9.7		0
9.8		0
9.9		0
10		0
10.1		0
10.2		0
10.3		0
10.4		0
10.5		0
10.6		0
10.7		0
10.8		0
10.9		0
11		0
11.1		0
11.2		0
11.3		0
11.4		0
11.5		0
11.6		0
11.7		0
11.8		0
11.9		0
12		0
12.1		0
12.2		0
12.3		0
12.4		0
12.5		0
12.6		0
12.7		0
12.8		0
12.9		0
13		0
13.1		0
13.2		0
13.3		0
13.4		0
13.5		0
13.6		0
13.7		0
13.8		0
13.9		0
14		0
14.1		0
14.2		0
14.3		0
14.4		0
14.5		0
14.6		0
14.7		0
14.8		0
14.9		0
15		0
15.1		0
15.2		0
15.3		0
15.4		0
15.5		0
15.6		0
15.7		0
15.8		0
15.9		0
16		0
16.1		4.4483e-05
16.2		4.4483e-05
16.3		4.4483e-05
16.4		4.4483e-05
16.5		4.4483e-05
16.6		4.4483e-05
16.7		4.4483e-05
16.8		4.4483e-05
16.9		4.4483e-05
17		4.4483e-05
17.1		0.00464847
17.2		0.00464847
17.3		0.00464847
17.4		0.00464847
17.5		0.00464847
17.6		0.00464847
17.7		0.00464847
17.8		0.00464847
17.9		0.00464847
18		0.00464847
18.1		0.00882987
18.2		0.00882987
18.3		0.00882987
18.4		0.00882987
18.5		0.00882987
18.6		0.00882987
18.7		0.00882987
18.8		0.00882987
18.9		0.00882987
19		0.00882987
19.1		0.0098085
19.2		0.0098085
19.3		0.0098085
19.4		0.0098085
19.5		0.0098085
19.6		0.0098085
19.7		0.0098085
19.8		0.0098085
19.9		0.0098085
20		0.0098085
20.1		0.0142568
20.2		0.0142568
20.3		0.0142568
20.4		0.0142568
20.5		0.0142568
20.6		0.0142568
20.7		0.0142568
20.8		0.0142568
20.9		0.0142568
21		0.0142568
21.1		0.0156803
21.2		0.0156803
21.3		0.0156803
21.4		0.0156803
21.5		0.0156803
21.6		0.0156803
21.7		0.0156803
21.8		0.0156803
21.9		0.0156803
22		0.0156803
22.1		0.0191722
22.2		0.0191722
22.3		0.0191722
22.4		0.0191722
22.5		0.0191722
22.6		0.0191722
22.7		0.0191722
22.8		0.0191722
22.9		0.0191722
23		0.0191722
23.1		0.0192167
23.2		0.0192167
23.3		0.0192167
23.4		0.0192167
23.5		0.0192167
23.6		0.0192167
23.7		0.0192167
23.8		0.0192167
23.9		0.0192167
24		0.0192167
24.1		0.0219968
24.2		0.0219968
24.3		0.0219968
24.4		0.0219968
24.5		0.0219968
24.6		0.0219968
24.7		0.0219968
24.8		0.0219968
24.9		0.0219968
25		0.0219968
25.1		0.0256889
25.2		0.0256889
25.3		0.0256889
25.4		0.0256889
25.5		0.0256889
25.6		0.0256889
25.7		0.0256889
25.8		0.0256889
25.9		0.0256889
26		0.0256889
26.1		0.0273793
26.2		0.0273793
26.3		0.0273793
26.4		0.0273793
26.5		0.0273793
26.6		0.0273793
26.7		0.0273793
26.8		0.0273793
26.9		0.0273793
27		0.0273793
27.1		0.0275127
27.2		0.0275127
27.3		0.0275127
27.4		0.0275127
27.5		0.0275127
27.6		0.0275127
27.7		0.0275127
27.8		0.0275127
27.9		0.0275127
28		0.0275127
28.1		0.0288695
28.2		0.0288695
28.3		0.0288695
28.4		0.0288695
28.5		0.0288695
28.6		0.0288695
28.7		0.0288695
28.8		0.0288695
28.9		0.0288695
29		0.0288695
29.1		0.0303596
29.2		0.0303596
29.3		0.0303596
29.4		0.0303596
29.5		0.0303596
29.6		0.0303596
29.7		0.0303596
29.8		0.0303596
29.9		0.0303596
30		0.0303596
30.1		0.0335847
30.2		0.0335847
30.3		0.0335847
30.4		0.0335847
30.5		0.0335847
30.6		0.0335847
30.7		0.0335847
30.8		0.0335847
30.9		0.0335847
31		0.0335847
31.1		0.0351416
31.2		0.0351416
31.3		0.0351416
31.4		0.0351416
31.5		0.0351416
31.6		0.0351416
31.7		0.0351416
31.8		0.0351416
31.9		0.0351416
32		0.0351416
32.1		0.0363204
32.2		0.0363204
32.3		0.0363204
32.4		0.0363204
32.5		0.0363204
32.6		0.0363204
32.7		0.0363204
32.8		0.0363204
32.9		0.0363204
33		0.0363204
33.1		0.0375881
33.2		0.0375881
33.3		0.0375881
33.4		0.0375881
33.5		0.0375881
33.6		0.0375881
33.7		0.0375881
33.8		0.0375881
33.9		0.0375881
34		0.0375881
34.1		0.0420142
34.2		0.0420142
34.3		0.0420142
34.4		0.0420142
34.5		0.0420142
34.6		0.0420142
34.7		0.0420142
34.8		0.0420142
34.9		0.0420142
35		0.0420142
35.1		0.0456618
35.2		0.0456618
35.3		0.0456618
35.4		0.0456618
35.5		0.0456618
35.6		0.0456618
35.7		0.0456618
35.8		0.0456618
35.9		0.0456618
36		0.0456618
36.1		0.045773
36.2		0.045773
36.3		0.045773
36.4		0.045773
36.5		0.045773
36.6		0.045773
36.7		0.045773
36.8		0.045773
36.9		0.045773
37		0.045773
37.1		0.0465959
37.2		0.0465959
37.3		0.0465959
37.4		0.0465959
37.5		0.0465959
37.6		0.0465959
37.7		0.0465959
37.8		0.0465959
37.9		0.0465959
38		0.0465959
38.1		0.0495763
38.2		0.0495763
38.3		0.0495763
38.4		0.0495763
38.5		0.0495763
38.6		0.0495763
38.7		0.0495763
38.8		0.0495763
38.9		0.0495763
39		0.0495763
39.1		0.0505327
39.2		0.0505327
39.3		0.0505327
39.4		0.0505327
39.5		0.0505327
39.6		0.0505327
39.7		0.0505327
39.8		0.0505327
39.9		0.0505327
40		0.0505327
40.1		0.0526011
40.2		0.0526011
40.3		0.0526011
40.4		0.0526011
40.5		0.0526011
40.6		0.0526011
40.7		0.0526011
40.8		0.0526011
40.9		0.0526011
41		0.0526011
41.1		0.0546474
41.2		0.0546474
41.3		0.0546474
41.4		0.0546474
41.5		0.0546474
41.6		0.0546474
41.7		0.0546474
41.8		0.0546474
41.9		0.0546474
42		0.0546474
42.1		0.0571607
42.2		0.0571607
42.3		0.0571607
42.4		0.0571607
42.5		0.0571607
42.6		0.0571607
42.7		0.0571607
42.8		0.0571607
42.9		0.0571607
43		0.0571607
43.1		0.0585841
43.2		0.0585841
43.3		0.0585841
43.4		0.0585841
43.5		0.0585841
43.6		0.0585841
43.7		0.0585841
43.8		0.0585841
43.9		0.0585841
44		0.0585841
44.1		0.0595627
44.2		0.0595627
44.3		0.0595627
44.4		0.0595627
44.5		0.0595627
44.6		0.0595627
44.7		0.0595627
44.8		0.0595627
44.9		0.0595627
45		0.0595627
45.1		0.0606748
45.2		0.0606748
45.3		0.0606748
45.4		0.0606748
45.5		0.0606748
45.6		0.0606748
45.7		0.0606748
45.8		0.0606748
45.9		0.0606748
46		0.0606748
46.1		0.0638553
46.2		0.0638553
46.3		0.0638553
46.4		0.0638553
46.5		0.0638553
46.6		0.0638553
46.7		0.0638553
46.8		0.0638553
46.9		0.0638553
47		0.0638553
47.1		0.0664131
47.2		0.0664131
47.3		0.0664131
47.4		0.0664131
47.5		0.0664131
47.6		0.0664131
47.7		0.0664131
47.8		0.0664131
47.9		0.0664131
48		0.0664131
48.1		0.0690376
48.2		0.0690376
48.3		0.0690376
48.4		0.0690376
48.5		0.0690376
48.6		0.0690376
48.7		0.0690376
48.8		0.0690376
48.9		0.0690376
49		0.0690376
49.1		0.0702387
49.2		0.0702387
49.3		0.0702387
49.4		0.0702387
49.5		0.0702387
49.6		0.0702387
49.7		0.0702387
49.8		0.0702387
49.9		0.0702387
50		0.0702387
50.1		0.0713952
50.2		0.0713952
50.3		0.0713952
50.4		0.0713952
50.5		0.0713952
50.6		0.0713952
50.7		0.0713952
50.8		0.0713952
50.9		0.0713952
51		0.0713952
51.1		0.074509
51.2		0.074509
51.3		0.074509
51.4		0.074509
51.5		0.074509
51.6		0.074509
51.7		0.074509
51.8		0.074509
51.9		0.074509
52		0.074509
52.1		0.075154
52.2		0.075154
52.3		0.075154
52.4		0.075154
52.5		0.075154
52.6		0.075154
52.7		0.075154
52.8		0.075154
52.9		0.075154
53		0.075154
53.1		0.078379
53.2		0.078379
53.3		0.078379
53.4		0.078379
53.5		0.078379
53.6		0.078379
53.7		0.078379
53.8		0.078379
53.9		0.078379
54		0.078379
54.1		0.0794689
54.2		0.0794689
54.3		0.0794689
54.4		0.0794689
54.5		0.0794689
54.6		0.0794689
54.7		0.0794689
54.8		0.0794689
54.9		0.0794689
55		0.0794689
55.1		0.081871
55.2		0.081871
55.3		0.081871
55.4		0.081871
55.5		0.081871
55.6		0.081871
55.7		0.081871
55.8		0.081871
55.9		0.081871
56		0.081871
56.1		0.0826049
56.2		0.0826049
56.3		0.0826049
56.4		0.0826049
56.5		0.0826049
56.6		0.0826049
56.7		0.0826049
56.8		0.0826049
56.9		0.0826049
57		0.0826049
57.1		0.0853851
57.2		0.0853851
57.3		0.0853851
57.4		0.0853851
57.5		0.0853851
57.6		0.0853851
57.7		0.0853851
57.8		0.0853851
57.9		0.0853851
58		0.0853851
58.1		0.0869643
58.2		0.0869643
58.3		0.0869643
58.4		0.0869643
58.5		0.0869643
58.6		0.0869643
58.7		0.0869643
58.8		0.0869643
58.9		0.0869643
59		0.0869643
59.1		0.0872312
59.2		0.0872312
59.3		0.0872312
59.4		0.0872312
59.5		0.0872312
59.6		0.0872312
59.7		0.0872312
59.8		0.0872312
59.9		0.0872312
60		0.0872312
60.1		0.0907231
60.2		0.0907231
60.3		0.0907231
60.4		0.0907231
60.5		0.0907231
60.6		0.0907231
60.7		0.0907231
60.8		0.0907231
60.9		0.0907231
61		0.0907231
61.1		0.0935477
61.2		0.0935477
61.3		0.0935477
61.4		0.0935477
61.5		0.0935477
61.6		0.0935477
61.7		0.0935477
61.8		0.0935477
61.9		0.0935477
62		0.0935477
62.1		0.0949712
62.2		0.0949712
62.3		0.0949712
62.4		0.0949712
62.5		0.0949712
62.6		0.0949712
62.7		0.0949712
62.8		0.0949712
62.9		0.0949712
63		0.0949712
63.1		0.0959498
63.2		0.0959498
63.3		0.0959498
63.4		0.0959498
63.5		0.0959498
63.6		0.0959498
63.7		0.0959498
63.8		0.0959498
63.9		0.0959498
64		0.0959498
64.1		0.0979293
64.2		0.0979293
64.3		0.0979293
64.4		0.0979293
64.5		0.0979293
64.6		0.0979293
64.7		0.0979293
64.8		0.0979293
64.9		0.0979293
65		0.0979293
65.1		0.0995307
65.2		0.0995307
65.3		0.0995307
65.4		0.0995307
65.5		0.0995307
65.6		0.0995307
65.7		0.0995307
65.8		0.0995307
65.9		0.0995307
66		0.0995307
66.1		0.101065
66.2		0.101065
66.3		0.101065
66.4		0.101065
66.5		0.101065
66.6		0.101065
66.7		0.101065
66.8		0.101065
66.9		0.101065
67		0.101065
67.1		0.102511
67.2		0.102511
67.3		0.102511
67.4		0.102511
67.5		0.102511
67.6		0.102511
67.7		0.102511
67.8		0.102511
67.9		0.102511
68		0.102511
68.1		0.105202
68.2		0.105202
68.3		0.105202
68.4		0.105202
68.5		0.105202
68.6		0.105202
68.7		0.105202
68.8		0.105202
68.9		0.105202
69		0.105202
69.1		0.106047
69.2		0.106047
69.3		0.106047
69.4		0.106047
69.5		0.106047
69.6		0.106047
69.7		0.106047
69.8		0.106047
69.9		0.106047
70		0.106047
70.1		0.108005
70.2		0.108005
70.3		0.108005
70.4		0.108005
70.5		0.108005
70.6		0.108005
70.7		0.108005
70.8		0.108005
70.9		0.108005
71		0.108005
71.1		0.111719
71.2		0.111719
71.3		0.111719
71.4		0.111719
71.5		0.111719
71.6		0.111719
71.7		0.111719
71.8		0.111719
71.9		0.111719
72		0.111719
72.1		0.115545
72.2		0.115545
72.3		0.115545
72.4		0.115545
72.5		0.115545
72.6		0.115545
72.7		0.115545
72.8		0.115545
72.9		0.115545
73		0.115545
73.1		0.115967
73.2		0.115967
73.3		0.115967
73.4		0.115967
73.5		0.115967
73.6		0.115967
73.7		0.115967
73.8		0.115967
73.9		0.115967
74		0.115967
74.1		0.116145
74.2		0.116145
74.3		0.116145
74.4		0.116145
74.5		0.116145
74.6		0.116145
74.7		0.116145
74.8		0.116145
74.9		0.116145
75		0.116145
75.1		0.117279
75.2		0.117279
75.3		0.117279
75.4		0.117279
75.5		0.117279
75.6		0.117279
75.7		0.117279
75.8		0.117279
75.9		0.117279
76		0.117279
76.1		0.121572
76.2		0.121572
76.3		0.121572
76.4		0.121572
76.5		0.121572
76.6		0.121572
76.7		0.121572
76.8		0.121572
76.9		0.121572
77		0.121572
77.1		0.123084
77.2		0.123084
77.3		0.123084
77.4		0.123084
77.5		0.123084
77.6		0.123084
77.7		0.123084
77.8		0.123084
77.9		0.123084
78		0.123084
78.1		0.125242
78.2		0.125242
78.3		0.125242
78.4		0.125242
78.5		0.125242
78.6		0.125242
78.7		0.125242
78.8		0.125242
78.9		0.125242
79		0.125242
79.1		0.126065
79.2		0.126065
79.3		0.126065
79.4		0.126065
79.5		0.126065
79.6		0.126065
79.7		0.126065
79.8		0.126065
79.9		0.126065
80		0.126065
80.1		0.129357
80.2		0.129357
80.3		0.129357
80.4		0.129357
80.5		0.129357
80.6		0.129357
80.7		0.129357
80.8		0.129357
80.9		0.129357
81		0.129357
81.1		0.130135
81.2		0.130135
81.3		0.130135
81.4		0.130135
81.5		0.130135
81.6		0.130135
81.7		0.130135
81.8		0.130135
81.9		0.130135
82		0.130135
82.1		0.131025
82.2		0.131025
82.3		0.131025
82.4		0.131025
82.5		0.131025
82.6		0.131025
82.7		0.131025
82.8		0.131025
82.9		0.131025
83		0.131025
83.1		0.133627
83.2		0.133627
83.3		0.133627
83.4		0.133627
83.5		0.133627
83.6		0.133627
83.7		0.133627
83.8		0.133627
83.9		0.133627
84		0.133627
84.1		0.135873
84.2		0.135873
84.3		0.135873
84.4		0.135873
84.5		0.135873
84.6		0.135873
84.7		0.135873
84.8		0.135873
84.9		0.135873
85		0.135873
85.1		0.138653
85.2		0.138653
85.3		0.138653
85.4		0.138653
85.5		0.138653
85.6		0.138653
85.7		0.138653
85.8		0.138653
85.9		0.138653
86		0.138653
86.1		0.139365
86.2		0.139365
86.3		0.139365
86.4		0.139365
86.5		0.139365
86.6		0.139365
86.7		0.139365
86.8		0.139365
86.9		0.139365
87		0.139365
87.1		0.140677
87.2		0.140677
87.3		0.140677
87.4		0.140677
87.5		0.140677
87.6		0.140677
87.7		0.140677
87.8		0.140677
87.9		0.140677
88		0.140677
88.1		0.142879
88.2		0.142879
88.3		0.142879
88.4		0.142879
88.5		0.142879
88.6		0.142879
88.7		0.142879
88.8		0.142879
88.9		0.142879
89		0.142879
89.1		0.144481
89.2		0.144481
89.3		0.144481
89.4		0.144481
89.5		0.144481
89.6		0.144481
89.7		0.144481
89.8		0.144481
89.9		0.144481
90		0.144481
90.1		0.146394
90.2		0.146394
90.3		0.146394
90.4		0.146394
90.5		0.146394
90.6		0.146394
90.7		0.146394
90.8		0.146394
90.9		0.146394
91		0.146394
91.1		0.148885
91.2		0.148885
91.3		0.148885
91.4		0.148885
91.5		0.148885
91.6		0.148885
91.7		0.148885
91.8		0.148885
91.9		0.148885
92		0.148885
92.1		0.149641
92.2		0.149641
92.3		0.149641
92.4		0.149641
92.5		0.149641
92.6		0.149641
92.7		0.149641
92.8		0.149641
92.9		0.149641
93		0.149641
93.1		0.150286
93.2		0.150286
93.3		0.150286
93.4		0.150286
93.5		0.150286
93.6		0.150286
93.7		0.150286
93.8		0.150286
93.9		0.150286
94		0.150286
94.1		0.155401
94.2		0.155401
94.3		0.155401
94.4		0.155401
94.5		0.155401
94.6		0.155401
94.7		0.155401
94.8		0.155401
94.9		0.155401
95		0.155401
95.1		0.156714
95.2		0.156714
95.3		0.156714
95.4		0.156714
95.5		0.156714
95.6		0.156714
95.7		0.156714
95.8		0.156714
95.9		0.156714
96		0.156714
96.1		0.157403
96.2		0.157403
96.3		0.157403
96.4		0.157403
96.5		0.157403
96.6		0.157403
96.7		0.157403
96.8		0.157403
96.9		0.157403
97		0.157403
97.1		0.160094
97.2		0.160094
97.3		0.160094
97.4		0.160094
97.5		0.160094
97.6		0.160094
97.7		0.160094
97.8		0.160094
97.9		0.160094
98		0.160094
98.1		0.162385
98.2		0.162385
98.3		0.162385
98.4		0.162385
98.5		0.162385
98.6		0.162385
98.7		0.162385
98.8		0.162385
98.9		0.162385
99		0.162385
99.1		0.162652
99.2		0.162652
99.3		0.162652
99.4		0.162652
99.5		0.162652
99.6		0.162652
99.7		0.162652
99.8		0.162652
99.9		0.162652
100		0.162652
100.1		0.165254
100.2		0.165254
100.3		0.165254
100.4		0.165254
100.5		0.165254
100.6		0.165254
100.7		0.165254
100.8		0.165254
100.9		0.165254
101		0.165254
101.1		0.166455
101.2		0.166455
101.3		0.166455
101.4		0.166455
101.5		0.166455
101.6		0.166455
101.7		0.166455
101.8		0.166455
101.9		0.166455
102		0.166455
102.1		0.170281
102.2		0.170281
102.3		0.170281
102.4		0.170281
102.5		0.170281
102.6		0.170281
102.7		0.170281
102.8		0.170281
102.9		0.170281
103		0.170281
103.1		0.17226
103.2		0.17226
103.3		0.17226
103.4		0.17226
103.5		0.17226
103.6		0.17226
103.7		0.17226
103.8		0.17226
103.9		0.17226
104		0.17226
104.1		0.173417
104.2		0.173417
104.3		0.173417
104.4		0.173417
104.5		0.173417
104.6		0.173417
104.7		0.173417
104.8		0.173417
104.9		0.173417
105		0.173417
105.1		0.174129
105.2		0.174129
105.3		0.174129
105.4		0.174129
105.5		0.174129
105.6		0.174129
105.7		0.174129
105.8		0.174129
105.9		0.174129
106		0.174129
106.1		0.177376
106.2		0.177376
106.3		0.177376
106.4		0.177376
106.5		0.177376
106.6		0.177376
106.7		0.177376
106.8		0.177376
106.9		0.177376
107		0.177376
107.1		0.17791
107.2		0.17791
107.3		0.17791
107.4		0.17791
107.5		0.17791
107.6		0.17791
107.7		0.17791
107.8		0.17791
107.9		0.17791
108		0.17791
108.1		0.180556
108.2		0.180556
108.3		0.180556
108.4		0.180556
108.5		0.180556
108.6		0.180556
108.7		0.180556
108.8		0.180556
108.9		0.180556
109		0.180556
109.1		0.182625
109.2		0.182625
109.3		0.182625
109.4		0.182625
109.5		0.182625
109.6		0.182625
109.7		0.182625
109.8		0.182625
109.9		0.182625
110		0.182625
110.1		0.183759
110.2		0.183759
110.3		0.183759
110.4		0.183759
110.5		0.183759
110.6		0.183759
110.7		0.183759
110.8		0.183759
110.9		0.183759
111		0.183759
111.1		0.187563
111.2		0.187563
111.3		0.187563
111.4		0.187563
111.5		0.187563
111.6		0.187563
111.7		0.187563
111.8		0.187563
111.9		0.187563
112		0.187563
112.1		0.188341
112.2		0.188341
112.3		0.188341
112.4		0.188341
112.5		0.188341
112.6		0.188341
112.7		0.188341
112.8		0.188341
112.9		0.188341
113		0.188341
113.1		0.188608
113.2		0.188608
113.3		0.188608
113.4		0.188608
113.5		0.188608
113.6		0.188608
113.7		0.188608
113.8		0.188608
113.9		0.188608
114		0.188608
114.1		0.192567
114.2		0.192567
114.3		0.192567
114.4		0.192567
114.5		0.192567
114.6		0.192567
114.7		0.192567
114.8		0.192567
114.9		0.192567
115		0.192567
115.1		0.195503
115.2		0.195503
115.3		0.195503
115.4		0.195503
115.5		0.195503
115.6		0.195503
115.7		0.195503
115.8		0.195503
115.9		0.195503
116		0.195503
116.1		0.196214
116.2		0.196214
116.3		0.196214
116.4		0.196214
116.5		0.196214
116.6		0.196214
116.7		0.196214
116.8		0.196214
116.9		0.196214
117		0.196214
117.1		0.199551
117.2		0.199551
117.3		0.199551
117.4		0.199551
117.5		0.199551
117.6		0.199551
117.7		0.199551
117.8		0.199551
117.9		0.199551
118		0.199551
118.1		0.199706
118.2		0.199706
118.3		0.199706
118.4		0.199706
118.5		0.199706
118.6		0.199706
118.7		0.199706
118.8		0.199706
118.9		0.199706
119		0.199706
119.1		0.20302
119.2		0.20302
119.3		0.20302
119.4		0.20302
119.5		0.20302
119.6		0.20302
119.7		0.20302
119.8		0.20302
119.9		0.20302
120		0.20302
120.1		0.206067
120.2		0.206067
120.3		0.206067
120.4		0.206067
120.5		0.206067
120.6		0.206067
120.7		0.206067
120.8		0.206067
120.9		0.206067
121		0.206067
121.1		0.206757
121.2		0.206757
121.3		0.206757
121.4		0.206757
121.5		0.206757
121.6		0.206757
121.7		0.206757
121.8		0.206757
121.9		0.206757
122		0.206757
122.1		0.207002
122.2		0.207002
122.3		0.207002
122.4		0.207002
122.5		0.207002
122.6		0.207002
122.7		0.207002
122.8		0.207002
122.9		0.207002
123		0.207002
123.1		0.210138
123.2		0.210138
123.3		0.210138
123.4		0.210138
123.5		0.210138
123.6		0.210138
123.7		0.210138
123.8		0.210138
123.9		0.210138
124		0.210138
124.1		0.214653
124.2		0.214653
124.3		0.214653
124.4		0.214653
124.5		0.214653
124.6		0.214653
124.7		0.214653
124.8		0.214653
124.9		0.214653
125		0.214653
125.1		0.215075
125.2		0.215075
125.3		0.215075
125.4		0.215075
125.5		0.215075
125.6		0.215075
125.7		0.215075
125.8		0.215075
125.9		0.215075
126		0.215075
126.1		0.216432
126.2		0.216432
126.3		0.216432
126.4		0.216432
126.5		0.216432
126.6		0.216432
126.7		0.216432
126.8		0.216432
126.9		0.216432
127		0.216432
127.1		0.216766
127.2		0.216766
127.3		0.216766
127.4		0.216766
127.5		0.216766
127.6		0.216766
127.7		0.216766
127.8		0.216766
127.9		0.216766
128		0.216766
128.1		0.220347
128.2		0.220347
128.3		0.220347
128.4		0.220347
128.5		0.220347
128.6		0.220347
128.7		0.220347
128.8		0.220347
128.9		0.220347
129		0.220347
129.1		0.221392
129.2		0.221392
129.3		0.221392
129.4		0.221392
129.5		0.221392
129.6		0.221392
129.7		0.221392
129.8		0.221392
129.9		0.221392
130		0.221392
130.1		0.222593
130.2		0.222593
130.3		0.222593
130.4		0.222593
130.5		0.222593
130.6		0.222593
130.7		0.222593
130.8		0.222593
130.9		0.222593
131		0.222593
131.1		0.227286
131.2		0.227286
131.3		0.227286
131.4		0.227286
131.5		0.227286
131.6		0.227286
131.7		0.227286
131.8		0.227286
131.9		0.227286
132		0.227286
132.1		0.229243
132.2		0.229243
132.3		0.229243
132.4		0.229243
132.5		0.229243
132.6		0.229243
132.7		0.229243
132.8		0.229243
132.9		0.229243
133		0.229243
133.1		0.229532
133.2		0.229532
133.3		0.229532
133.4		0.229532
133.5		0.229532
133.6		0.229532
133.7		0.229532
133.8		0.229532
133.9		0.229532
134		0.229532
134.1		0.230578
134.2		0.230578
134.3		0.230578
134.4		0.230578
134.5		0.230578
134.6		0.230578
134.7		0.230578
134.8		0.230578
134.9		0.230578
135		0.230578
135.1		0.231178
135.2		0.231178
135.3		0.231178
135.4		0.231178
135.5		0.231178
135.6		0.231178
135.7		0.231178
135.8		0.231178
135.9		0.231178
136		0.231178
136.1		0.236939
136.2		0.236939
136.3		0.236939
136.4		0.236939
136.5		0.236939
136.6		0.236939
136.7		0.236939
136.8		0.236939
136.9		0.236939
137		0.236939
137.1		0.237272
137.2		0.237272
137.3		0.237272
137.4		0.237272
137.5		0.237272
137.6		0.237272
137.7		0.237272
137.8		0.237272
137.9		0.237272
138		0.237272
138.1		0.237739
138.2		0.237739
138.3		0.237739
138.4		0.237739
138.5		0.237739
138.6		0.237739
138.7		0.237739
138.8		0.237739
138.9		0.237739
139		0.237739
139.1		0.239652
139.2		0.239652
139.3		0.239652
139.4		0.239652
139.5		0.239652
139.6		0.239652
139.7		0.239652
139.8		0.239652
139.9		0.239652
140		0.239652
140.1		0.2431
140.2		0.2431
140.3		0.2431
140.4		0.2431
140.5		0.2431
140.6		0.2431
140.7		0.2431
140.8		0.2431
140.9		0.2431
141		0.2431
141.1		0.24539
141.2		0.24539
141.3		0.24539
141.4		0.24539
141.5		0.24539
141.6		0.24539
141.7		0.24539
141.8		0.24539
141.9		0.24539
142		0.24539
142.1		0.246058
142.2		0.246058
142.3		0.246058
142.4		0.246058
142.5		0.246058
142.6		0.246058
142.7		0.246058
142.8		0.246058
142.9		0.246058
143		0.246058
143.1		0.24777
143.2		0.24777
143.3		0.24777
143.4		0.24777
143.5		0.24777
143.6		0.24777
143.7		0.24777
143.8		0.24777
143.9		0.24777
144		0.24777
144.1		0.248771
144.2		0.248771
144.3		0.248771
144.4		0.248771
144.5		0.248771
144.6		0.248771
144.7		0.248771
144.8		0.248771
144.9		0.248771
145		0.248771
145.1		0.250773
145.2		0.250773
145.3		0.250773
145.4		0.250773
145.5		0.250773
145.6		0.250773
145.7		0.250773
145.8		0.250773
145.9		0.250773
146		0.250773
146.1		0.251307
146.2		0.251307
146.3		0.251307
146.4		0.251307
146.5		0.251307
146.6		0.251307
146.7		0.251307
146.8		0.251307
146.9		0.251307
147		0.251307
147.1		0.25531
147.2		0.25531
147.3		0.25531
147.4		0.25531
147.5		0.25531
147.6		0.25531
147.7		0.25531
147.8		0.25531
147.9		0.25531
148		0.25531
148.1		0.255977
148.2		0.255977
148.3		0.255977
148.4		0.255977
148.5		0.255977
148.6		0.255977
148.7		0.255977
148.8		0.255977
148.9		0.255977
149		0.255977
149.1		0.259936
149.2		0.259936
149.3		0.259936
149.4		0.259936
149.5		0.259936
149.6		0.259936
149.7		0.259936
149.8		0.259936
149.9		0.259936
150		0.259936
150.1		0.262161
150.2		0.262161
150.3		0.262161
150.4		0.262161
150.5		0.262161
150.6		0.262161
150.7		0.262161
150.8		0.262161
150.9		0.262161
151		0.262161
151.1		0.262316
151.2		0.262316
151.3		0.262316
151.4		0.262316
151.5		0.262316
151.6		0.262316
151.7		0.262316
151.8		0.262316
151.9		0.262316
152		0.262316
152.1		0.26245
152.2		0.26245
152.3		0.26245
152.4		0.26245
152.5		0.26245
152.6		0.26245
152.7		0.26245
152.8		0.26245
152.9		0.26245
153		0.26245
153.1		0.26692
153.2		0.26692
153.3		0.26692
153.4		0.26692
153.5		0.26692
153.6		0.26692
153.7		0.26692
153.8		0.26692
153.9		0.26692
154		0.26692
154.1		0.271413
154.2		0.271413
154.3		0.271413
154.4		0.271413
154.5		0.271413
154.6		0.271413
154.7		0.271413
154.8		0.271413
154.9		0.271413
155		0.271413
155.1		0.272659
155.2		0.272659
155.3		0.272659
155.4		0.272659
155.5		0.272659
155.6		0.272659
155.7		0.272659
155.8		0.272659
155.9		0.272659
156		0.272659
156.1		0.272836
156.2		0.272836
156.3		0.272836
156.4		0.272836
156.5		0.272836
156.6		0.272836
156.7		0.272836
156.8		0.272836
156.9		0.272836
157		0.272836
157.1		0.272925
157.2		0.272925
157.3		0.272925
157.4		0.272925
157.5		0.272925
157.6		0.272925
157.7		0.272925
157.8		0.272925
157.9		0.272925
158		0.272925
158.1		0.278464
158.2		0.278464
158.3		0.278464
158.4		0.278464
158.5		0.278464
158.6		0.278464
158.7		0.278464
158.8		0.278464
158.9		0.278464
159		0.278464
159.1		0.281066
159.2		0.281066
159.3		0.281066
159.4		0.281066
159.5		0.281066
159.6		0.281066
159.7		0.281066
159.8		0.281066
159.9		0.281066
160		0.281066
160.1		0.281511
160.2		0.281511
160.3		0.281511
160.4		0.281511
160.5		0.281511
160.6		0.281511
160.7		0.281511
160.8		0.281511
160.9		0.281511
161		0.281511
161.1		0.281711
161.2		0.281711
161.3		0.281711
161.4		0.281711
161.5		0.281711
161.6		0.281711
161.7		0.281711
161.8		0.281711
161.9		0.281711
162		0.281711
162.1		0.28647
162.2		0.28647
162.3		0.28647
162.4		0.28647
162.5		0.28647
162.6		0.28647
162.7		0.28647
162.8		0.28647
162.9		0.28647
163		0.28647
163.1		0.287182
163.2		0.287182
163.3		0.287182
163.4		0.287182
163.5		0.287182
163.6		0.287182
163.7		0.287182
163.8		0.287182
163.9		0.287182
164		0.287182
164.1		0.28736
164.2		0.28736
164.3		0.28736
164.4		0.28736
164.5		0.28736
164.6		0.28736
164.7		0.28736
164.8		0.28736
164.9		0.28736
165		0.28736
165.1		0.290785
165.2		0.290785
165.3		0.290785
165.4		0.290785
165.5		0.290785
165.6		0.290785
165.7		0.290785
165.8		0.290785
165.9		0.290785
166		0.290785
166.1		0.294344
166.2		0.294344
166.3		0.294344
166.4		0.294344
166.5		0.294344
166.6		0.294344
166.7		0.294344
166.8		0.294344
166.9		0.294344
167		0.294344
167.1		0.295834
167.2		0.295834
167.3		0.295834
167.4		0.295834
167.5		0.295834
167.6		0.295834
167.7		0.295834
167.8		0.295834
167.9		0.295834
168		0.295834
168.1		0.296212
168.2		0.296212
168.3		0.296212
168.4		0.296212
168.5		0.296212
168.6		0.296212
168.7		0.296212
168.8		0.296212
168.9		0.296212
169		0.296212
169.1		0.298992
169.2		0.298992
169.3		0.298992
169.4		0.298992
169.5		0.298992
169.6		0.298992
169.7		0.298992
169.8		0.298992
169.9		0.298992
170		0.298992
170.1		0.302195
170.2		0.302195
170.3		0.302195
170.4		0.302195
170.5		0.302195
170.6		0.302195
170.7		0.302195
170.8		0.302195
170.9		0.302195
171		0.302195
171.1		0.304864
171.2		0.304864
171.3		0.304864
171.4		0.304864
171.5		0.304864
171.6		0.304864
171.7		0.304864
171.8		0.304864
171.9		0.304864
172		0.304864
172.1		0.306199
172.2		0.306199
172.3		0.306199
172.4		0.306199
172.5		0.306199
172.6		0.306199
172.7		0.306199
172.8		0.306199
172.9		0.306199
173		0.306199
173.1		0.306644
173.2		0.306644
173.3		0.306644
173.4		0.306644
173.5		0.306644
173.6		0.306644
173.7		0.306644
173.8		0.306644
173.9		0.306644
174		0.306644
174.1		0.307911
174.2		0.307911
174.3		0.307911
174.4		0.307911
174.5		0.307911
174.6		0.307911
174.7		0.307911
174.8		0.307911
174.9		0.307911
175		0.307911
175.1		0.311737
175.2		0.311737
175.3		0.311737
175.4		0.311737
175.5		0.311737
175.6		0.311737
175.7		0.311737
175.8		0.311737
175.9		0.311737
176		0.311737
176.1		0.314339
176.2		0.314339
176.3		0.314339
176.4		0.314339
176.5		0.314339
176.6		0.314339
176.7		0.314339
176.8		0.314339
176.9		0.314339
177		0.314339
177.1		0.31465
177.2		0.31465
177.3		0.31465
177.4		0.31465
177.5		0.31465
177.6		0.31465
177.7		0.31465
177.8		0.31465
177.9		0.31465
178		0.31465
178.1		0.317453
178.2		0.317453
178.3		0.317453
178.4		0.317453
178.5		0.317453
178.6		0.317453
178.7		0.317453
178.8		0.317453
178.9		0.317453
179		0.317453
179.1		0.319054
179.2		0.319054
179.3		0.319054
179.4		0.319054
179.5		0.319054
179.6		0.319054
179.7		0.319054
179.8		0.319054
179.9		0.319054
180		0.319054
180.1		0.321701
180.2		0.321701
180.3		0.321701
180.4		0.321701
180.5		0.321701
180.6		0.321701
180.7		0.321701
180.8		0.321701
180.9		0.321701
181		0.321701
181.1		0.32397
181.2		0.32397
181.3		0.32397
181.4		0.32397
181.5		0.32397
181.6		0.32397
181.7		0.32397
181.8		0.32397
181.9		0.32397
182		0.32397
182.1		0.325104
182.2		0.325104
182.3		0.325104
182.4		0.325104
182.5		0.325104
182.6		0.325104
182.7		0.325104
182.8		0.325104
182.9		0.325104
183		0.325104
183.1		0.325749
183.2		0.325749
183.3		0.325749
183.4		0.325749
183.5		0.325749
183.6		0.325749
183.7		0.325749
183.8		0.325749
183.9		0.325749
184		0.325749
184.1		0.328618
184.2		0.328618
184.3		0.328618
184.4		0.328618
184.5		0.328618
184.6		0.328618
184.7		0.328618
184.8		0.328618
184.9		0.328618
185		0.328618
185.1		0.32953
185.2		0.32953
185.3		0.32953
185.4		0.32953
185.5		0.32953
185.6		0.32953
185.7		0.32953
185.8		0.32953
185.9		0.32953
186		0.32953
186.1		0.329619
186.2		0.329619
186.3		0.329619
186.4		0.329619
186.5		0.329619
186.6		0.329619
186.7		0.329619
186.8		0.329619
186.9		0.329619
187		0.329619
187.1		0.333155
187.2		0.333155
187.3		0.333155
187.4		0.333155
187.5		0.333155
187.6		0.333155
187.7		0.333155
187.8		0.333155
187.9		0.333155
188		0.333155
188.1		0.337404
188.2		0.337404
188.3		0.337404
188.4		0.337404
188.5		0.337404
188.6		0.337404
188.7		0.337404
188.8		0.337404
188.9		0.337404
189		0.337404
189.1		0.339005
189.2		0.339005
189.3		0.339005
189.4		0.339005
189.5		0.339005
189.6		0.339005
189.7		0.339005
189.8		0.339005
189.9		0.339005
190		0.339005
190.1		0.339739
190.2		0.339739
190.3		0.339739
190.4		0.339739
190.5		0.339739
190.6		0.339739
190.7		0.339739
190.8		0.339739
190.9		0.339739
191		0.339739
191.1		0.339939
191.2		0.339939
191.3		0.339939
191.4		0.339939
191.5		0.339939
191.6		0.339939
191.7		0.339939
191.8		0.339939
191.9		0.339939
192		0.339939
192.1		0.345166
192.2		0.345166
192.3		0.345166
192.4		0.345166
192.5		0.345166
192.6		0.345166
192.7		0.345166
192.8		0.345166
192.9		0.345166
193		0.345166
193.1		0.347345
193.2		0.347345
193.3		0.347345
193.4		0.347345
193.5		0.347345
193.6		0.347345
193.7		0.347345
193.8		0.347345
193.9		0.347345
194		0.347345
194.1		0.347879
194.2		0.347879
194.3		0.347879
194.4		0.347879
194.5		0.347879
194.6		0.347879
194.7		0.347879
194.8		0.347879
194.9		0.347879
195		0.347879
195.1		0.348235
195.2		0.348235
195.3		0.348235
195.4		0.348235
195.5		0.348235
195.6		0.348235
195.7		0.348235
195.8		0.348235
195.9		0.348235
196		0.348235
196.1		0.352839
196.2		0.352839
196.3		0.352839
196.4		0.352839
196.5		0.352839
196.6		0.352839
196.7		0.352839
196.8		0.352839
196.9		0.352839
197		0.352839
197.1		0.354107
197.2		0.354107
197.3		0.354107
197.4		0.354107
197.5		0.354107
197.6		0.354107
197.7		0.354107
197.8		0.354107
197.9		0.354107
198		0.354107
198.1		0.354885
198.2		0.354885
198.3		0.354885
198.4		0.354885
198.5		0.354885
198.6		0.354885
198.7		0.354885
198.8		0.354885
198.9		0.354885
199		0.354885
199.1		0.357621
199.2		0.357621
199.3		0.357621
199.4		0.357621
199.5		0.357621
199.6		0.357621
199.7		0.357621
199.8		0.357621
199.9		0.357621
200		0.357621
200.1		0.36009
200.2		0.36009
200.3		0.36009
200.4		0.36009
200.5		0.36009
200.6		0.36009
200.7		0.36009
200.8		0.36009
200.9		0.36009
201		0.36009
201.1		0.364205
201.2		0.364205
201.3		0.364205
201.4		0.364205
201.5		0.364205
201.6		0.364205
201.7		0.364205
201.8		0.364205
201.9		0.364205
202		0.364205
202.1		0.364538
202.2		0.364538
202.3		0.364538
202.4		0.364538
202.5		0.364538
202.6		0.364538
202.7		0.364538
202.8		0.364538
202.9		0.364538
203		0.364538
203.1		0.365628
203.2		0.365628
203.3		0.365628
203.4		0.365628
203.5		0.365628
203.6		0.365628
203.7		0.365628
203.8		0.365628
203.9		0.365628
204		0.365628
204.1		0.369809
204.2		0.369809
204.3		0.369809
204.4		0.369809
204.5		0.369809
204.6		0.369809
204.7		0.369809
204.8		0.369809
204.9		0.369809
205		0.369809
205.1		0.369965
205.2		0.369965
205.3		0.369965
205.4		0.369965
205.5		0.369965
205.6		0.369965
205.7		0.369965
205.8		0.369965
205.9		0.369965
206		0.369965
206.1		0.3713
206.2		0.3713
206.3		0.3713
206.4		0.3713
206.5		0.3713
206.6		0.3713
206.7		0.3713
206.8		0.3713
206.9		0.3713
207		0.3713
207.1		0.373791
207.2		0.373791
207.3		0.373791
207.4		0.373791
207.5		0.373791
207.6		0.373791
207.7		0.373791
207.8		0.373791
207.9		0.373791
208		0.373791
208.1		0.377194
208.2		0.377194
208.3		0.377194
208.4		0.377194
208.5		0.377194
208.6		0.377194
208.7		0.377194
208.8		0.377194
208.9		0.377194
209		0.377194
209.1		0.379284
209.2		0.379284
209.3		0.379284
209.4		0.379284
209.5		0.379284
209.6		0.379284
209.7		0.379284
209.8		0.379284
209.9		0.379284
210		0.379284
210.1		0.379462
210.2		0.379462
210.3		0.379462
210.4		0.379462
210.5		0.379462
210.6		0.379462
210.7		0.379462
210.8		0.379462
210.9		0.379462
211		0.379462
211.1		0.380152
211.2		0.380152
211.3		0.380152
211.4		0.380152
211.5		0.380152
211.6		0.380152
211.7		0.380152
211.8		0.380152
211.9		0.380152
212		0.380152
212.1		0.382487
212.2		0.382487
212.3		0.382487
212.4		0.382487
212.5		0.382487
212.6		0.382487
212.7		0.382487
212.8		0.382487
212.9		0.382487
213		0.382487
213.1		0.386802
213.2		0.386802
213.3		0.386802
213.4		0.386802
213.5		0.386802
213.6		0.386802
213.7		0.386802
213.8		0.386802
213.9		0.386802
214		0.386802
214.1		0.386891
214.2		0.386891
214.3		0.386891
214.4		0.386891
214.5		0.386891
214.6		0.386891
214.7		0.386891
214.8		0.386891
214.9		0.386891
215		0.386891
215.1		0.389182
215.2		0.389182
215.3		0.389182
215.4		0.389182
215.5		0.389182
215.6		0.389182
215.7		0.389182
215.8		0.389182
215.9		0.389182
216		0.389182
216.1		0.391895
216.2		0.391895
216.3		0.391895
216.4		0.391895
216.5		0.391895
216.6		0.391895
216.7		0.391895
216.8		0.391895
216.9		0.391895
217		0.391895
217.1		0.392763
217.2		0.392763
217.3		0.392763
217.4		0.392763
217.5		0.392763
217.6		0.392763
217.7		0.392763
217.8		0.392763
217.9		0.392763
218		0.392763
218.1		0.394008
218.2		0.394008
218.3		0.394008
218.4		0.394008
218.5		0.394008
218.6		0.394008
218.7		0.394008
218.8		0.394008
218.9		0.394008
219		0.394008
219.1		0.395899
219.2		0.395899
219.3		0.395899
219.4		0.395899
219.5		0.395899
219.6		0.395899
219.7		0.395899
219.8		0.395899
219.9		0.395899
220		0.395899
220.1		0.397611
220.2		0.397611
220.3		0.397611
220.4		0.397611
220.5		0.397611
220.6		0.397611
220.7		0.397611
220.8		0.397611
220.9		0.397611
221		0.397611
221.1		0.402215
221.2		0.402215
221.3		0.402215
221.4		0.402215
221.5		0.402215
221.6		0.402215
221.7		0.402215
221.8		0.402215
221.9		0.402215
222		0.402215
222.1		0.40266
222.2		0.40266
222.3		0.40266
222.4		0.40266
222.5		0.40266
222.6		0.40266
222.7		0.40266
222.8		0.40266
222.9		0.40266
223		0.40266
223.1		0.404239
223.2		0.404239
223.3		0.404239
223.4		0.404239
223.5		0.404239
223.6		0.404239
223.7		0.404239
223.8		0.404239
223.9		0.404239
224		0.404239
224.1		0.40524
224.2		0.40524
224.3		0.40524
224.4		0.40524
224.5		0.40524
224.6		0.40524
224.7		0.40524
224.8		0.40524
224.9		0.40524
225		0.40524
225.1		0.406619
225.2		0.406619
225.3		0.406619
225.4		0.406619
225.5		0.406619
225.6		0.406619
225.7		0.406619
225.8		0.406619
225.9		0.406619
226		0.406619
226.1		0.411067
226.2		0.411067
226.3		0.411067
226.4		0.411067
226.5		0.411067
226.6		0.411067
226.7		0.411067
226.8		0.411067
226.9		0.411067
227		0.411067
227.1		0.41278
227.2		0.41278
227.3		0.41278
227.4		0.41278
227.5		0.41278
227.6		0.41278
227.7		0.41278
227.8		0.41278
227.9		0.41278
228		0.41278
228.1		0.413625
228.2		0.413625
228.3		0.413625
228.4		0.413625
228.5		0.413625
228.6		0.413625
228.7		0.413625
228.8		0.413625
228.9		0.413625
229		0.413625
229.1		0.415249
229.2		0.415249
229.3		0.415249
229.4		0.415249
229.5		0.415249
229.6		0.415249
229.7		0.415249
229.8		0.415249
229.9		0.415249
230		0.415249
230.1		0.417028
230.2		0.417028
230.3		0.417028
230.4		0.417028
230.5		0.417028
230.6		0.417028
230.7		0.417028
230.8		0.417028
230.9		0.417028
231		0.417028
231.1		0.419363
231.2		0.419363
231.3		0.419363
231.4		0.419363
231.5		0.419363
231.6		0.419363
231.7		0.419363
231.8		0.419363
231.9		0.419363
232		0.419363
232.1		0.419853
232.2		0.419853
232.3		0.419853
232.4		0.419853
232.5		0.419853
232.6		0.419853
232.7		0.419853
232.8		0.419853
232.9		0.419853
233		0.419853
233.1		0.422789
233.2		0.422789
233.3		0.422789
233.4		0.422789
233.5		0.422789
233.6		0.422789
233.7		0.422789
233.8		0.422789
233.9		0.422789
234		0.422789
234.1		0.426525
234.2		0.426525
234.3		0.426525
234.4		0.426525
234.5		0.426525
234.6		0.426525
234.7		0.426525
234.8		0.426525
234.9		0.426525
235		0.426525
235.1		0.427748
235.2		0.427748
235.3		0.427748
235.4		0.427748
235.5		0.427748
235.6		0.427748
235.7		0.427748
235.8		0.427748
235.9		0.427748
236		0.427748
236.1		0.428549
236.2		0.428549
236.3		0.428549
236.4		0.428549
236.5		0.428549
236.6		0.428549
236.7		0.428549
236.8		0.428549
236.9		0.428549
237		0.428549
237.1		0.429239
237.2		0.429239
237.3		0.429239
237.4		0.429239
237.5		0.429239
237.6		0.429239
237.7		0.429239
237.8		0.429239
237.9		0.429239
238		0.429239
238.1		0.43233
238.2		0.43233
238.3		0.43233
238.4		0.43233
238.5		0.43233
238.6		0.43233
238.7		0.43233
238.8		0.43233
238.9		0.43233
239		0.43233
239.1		0.436556
239.2		0.436556
239.3		0.436556
239.4		0.436556
239.5		0.436556
239.6		0.436556
239.7		0.436556
239.8		0.436556
239.9		0.436556
240		0.436556
240.1		0.438091
240.2		0.438091
240.3		0.438091
240.4		0.438091
240.5		0.438091
240.6		0.438091
240.7		0.438091
240.8		0.438091
240.9		0.438091
241		0.438091
241.1		0.438558
241.2		0.438558
241.3		0.438558
241.4		0.438558
241.5		0.438558
241.6		0.438558
241.7		0.438558
241.8		0.438558
241.9		0.438558
242		0.438558
242.1		0.440004
242.2		0.440004
242.3		0.440004
242.4		0.440004
242.5		0.440004
242.6		0.440004
242.7		0.440004
242.8		0.440004
242.9		0.440004
243		0.440004
243.1		0.442561
243.2		0.442561
243.3		0.442561
243.4		0.442561
243.5		0.442561
243.6		0.442561
243.7		0.442561
243.8		0.442561
243.9		0.442561
244		0.442561
244.1		0.445164
244.2		0.445164
244.3		0.445164
244.4		0.445164
244.5		0.445164
244.6		0.445164
244.7		0.445164
244.8		0.445164
244.9		0.445164
245		0.445164
245.1		0.448277
245.2		0.448277
245.3		0.448277
245.4		0.448277
245.5		0.448277
245.6		0.448277
245.7		0.448277
245.8		0.448277
245.9		0.448277
246		0.448277
246.1		0.449034
246.2		0.449034
246.3		0.449034
246.4		0.449034
246.5		0.449034
246.6		0.449034
246.7		0.449034
246.8		0.449034
246.9		0.449034
247		0.449034
247.1		0.449278
247.2		0.449278
247.3		0.449278
247.4		0.449278
247.5		0.449278
247.6		0.449278
247.7		0.449278
247.8		0.449278
247.9		0.449278
248		0.449278
248.1		0.453882
248.2		0.453882
248.3		0.453882
248.4		0.453882
248.5		0.453882
248.6		0.453882
248.7		0.453882
248.8		0.453882
248.9		0.453882
249		0.453882
249.1		0.454283
249.2		0.454283
249.3		0.454283
249.4		0.454283
249.5		0.454283
249.6		0.454283
249.7		0.454283
249.8		0.454283
249.9		0.454283
250		0.454283
250.1		0.455106
250.2		0.455106
250.3		0.455106
250.4		0.455106
250.5		0.455106
250.6		0.455106
250.7		0.455106
250.8		0.455106
250.9		0.455106
251		0.455106
251.1		0.459042
251.2		0.459042
251.3		0.459042
251.4		0.459042
251.5		0.459042
251.6		0.459042
251.7		0.459042
251.8		0.459042
251.9		0.459042
252		0.459042
252.1		0.459954
252.2		0.459954
252.3		0.459954
252.4		0.459954
252.5		0.459954
252.6		0.459954
252.7		0.459954
252.8		0.459954
252.9		0.459954
253		0.459954
253.1		0.462534
253.2		0.462534
253.3		0.462534
253.4		0.462534
253.5		0.462534
253.6		0.462534
253.7		0.462534
253.8		0.462534
253.9		0.462534
254		0.462534
254.1		0.462645
254.2		0.462645
254.3		0.462645
254.4		0.462645
254.5		0.462645
254.6		0.462645
254.7		0.462645
254.8		0.462645
254.9		0.462645
255		0.462645
255.1		0.466182
255.2		0.466182
255.3		0.466182
255.4		0.466182
255.5		0.466182
255.6		0.466182
255.7		0.466182
255.8		0.466182
255.9		0.466182
256		0.466182
256.1		0.468117
256.2		0.468117
256.3		0.468117
256.4		0.468117
256.5		0.468117
256.6		0.468117
256.7		0.468117
256.8		0.468117
256.9		0.468117
257		0.468117
257.1		0.469852
257.2		0.469852
257.3		0.469852
257.4		0.469852
257.5		0.469852
257.6		0.469852
257.7		0.469852
257.8		0.469852
257.9		0.469852
258		0.469852
258.1		0.470452
258.2		0.470452
258.3		0.470452
258.4		0.470452
258.5		0.470452
258.6		0.470452
258.7		0.470452
258.8		0.470452
258.9		0.470452
259		0.470452
259.1		0.472565
259.2		0.472565
259.3		0.472565
259.4		0.472565
259.5		0.472565
259.6		0.472565
259.7		0.472565
259.8		0.472565
259.9		0.472565
260		0.472565
260.1		0.475723
260.2		0.475723
260.3		0.475723
260.4		0.475723
260.5		0.475723
260.6		0.475723
260.7		0.475723
260.8		0.475723
260.9		0.475723
261		0.475723
261.1		0.477125
261.2		0.477125
261.3		0.477125
261.4		0.477125
261.5		0.477125
261.6		0.477125
261.7		0.477125
261.8		0.477125
261.9		0.477125
262		0.477125
262.1		0.480172
262.2		0.480172
262.3		0.480172
262.4		0.480172
262.5		0.480172
262.6		0.480172
262.7		0.480172
262.8		0.480172
262.9		0.480172
263		0.480172
263.1		0.480283
263.2		0.480283
263.3		0.480283
263.4		0.480283
263.5		0.480283
263.6		0.480283
263.7		0.480283
263.8		0.480283
263.9		0.480283
264		0.480283
264.1		0.482552
264.2		0.482552
264.3		0.482552
264.4		0.482552
264.5		0.482552
264.6		0.482552
264.7		0.482552
264.8		0.482552
264.9		0.482552
265		0.482552
265.1		0.485332
265.2		0.485332
265.3		0.485332
265.4		0.485332
265.5		0.485332
265.6		0.485332
265.7		0.485332
265.8		0.485332
265.9		0.485332
266		0.485332
266.1		0.487867
266.2		0.487867
266.3		0.487867
266.4		0.487867
266.5		0.487867
266.6		0.487867
266.7		0.487867
266.8		0.487867
266.9		0.487867
267		0.487867
267.1		0.488134
267.2		0.488134
267.3		0.488134
267.4		0.488134
267.5		0.488134
267.6		0.488134
267.7		0.488134
267.8		0.488134
267.9		0.488134
268		0.488134
268.1		0.489002
268.2		0.489002
268.3		0.489002
268.4		0.489002
268.5		0.489002
268.6		0.489002
268.7		0.489002
268.8		0.489002
268.9		0.489002
269		0.489002
269.1		0.491092
269.2		0.491092
269.3		0.491092
269.4		0.491092
269.5		0.491092
269.6		0.491092
269.7		0.491092
269.8		0.491092
269.9		0.491092
270		0.491092
270.1		0.49405
270.2		0.49405
270.3		0.49405
270.4		0.49405
270.5		0.49405
270.6		0.49405
270.7		0.49405
270.8		0.49405
270.9		0.49405
271		0.49405
271.1		0.498743
271.2		0.498743
271.3		0.498743
271.4		0.498743
271.5		0.498743
271.6		0.498743
271.7		0.498743
271.8		0.498743
271.9		0.498743
272		0.498743
272.1		0.499811
272.2		0.499811
272.3		0.499811
272.4		0.499811
272.5		0.499811
272.6		0.499811
272.7		0.499811
272.8		0.499811
272.9		0.499811
273		0.499811
273.1		0.499989
273.2		0.499989
273.3		0.499989
273.4		0.499989
273.5		0.499989
273.6		0.499989
273.7		0.499989
273.8		0.499989
273.9		0.499989
274		0.499989
274.1		0.502836
274.2		0.502836
274.3		0.502836
274.4		0.502836
274.5		0.502836
274.6		0.502836
274.7		0.502836
274.8		0.502836
274.9		0.502836
275		0.502836
275.1		0.50377
275.2		0.50377
275.3		0.50377
275.4		0.50377
275.5		0.50377
275.6		0.50377
275.7		0.50377
275.8		0.50377
275.9		0.50377
276		0.50377
276.1		0.505438
276.2		0.505438
276.3		0.505438
276.4		0.505438
276.5		0.505438
276.6		0.505438
276.7		0.505438
276.8		0.505438
276.9		0.505438
277		0.505438
277.1		0.510198
277.2		0.510198
277.3		0.510198
277.4		0.510198
277.5		0.510198
277.6		0.510198
277.7		0.510198
277.8		0.510198
277.9		0.510198
278		0.510198
278.1		0.51211
278.2		0.51211
278.3		0.51211
278.4		0.51211
278.5		0.51211
278.6		0.51211
278.7		0.51211
278.8		0.51211
278.9		0.51211
279		0.51211
279.1		0.512667
279.2		0.512667
279.3		0.512667
279.4		0.512667
279.5		0.512667
279.6		0.512667
279.7		0.512667
279.8		0.512667
279.9		0.512667
280		0.512667
280.1		0.5132
280.2		0.5132
280.3		0.5132
280.4		0.5132
280.5		0.5132
280.6		0.5132
280.7		0.5132
280.8		0.5132
280.9		0.5132
281		0.5132
281.1		0.513445
281.2		0.513445
281.3		0.513445
281.4		0.513445
281.5		0.513445
281.6		0.513445
281.7		0.513445
281.8		0.513445
281.9		0.513445
282		0.513445
282.1		0.520051
282.2		0.520051
282.3		0.520051
282.4		0.520051
282.5		0.520051
282.6		0.520051
282.7		0.520051
282.8		0.520051
282.9		0.520051
283		0.520051
283.1		0.52203
283.2		0.52203
283.3		0.52203
283.4		0.52203
283.5		0.52203
283.6		0.52203
283.7		0.52203
283.8		0.52203
283.9		0.52203
284		0.52203
284.1		0.522964
284.2		0.522964
284.3		0.522964
284.4		0.522964
284.5		0.522964
284.6		0.522964
284.7		0.522964
284.8		0.522964
284.9		0.522964
285		0.522964
285.1		0.527324
285.2		0.527324
285.3		0.527324
285.4		0.527324
285.5		0.527324
285.6		0.527324
285.7		0.527324
285.8		0.527324
285.9		0.527324
286		0.527324
286.1		0.529503
286.2		0.529503
286.3		0.529503
286.4		0.529503
286.5		0.529503
286.6		0.529503
286.7		0.529503
286.8		0.529503
286.9		0.529503
287		0.529503
287.1		0.530037
287.2		0.530037
287.3		0.530037
287.4		0.530037
287.5		0.530037
287.6		0.530037
287.7		0.530037
287.8		0.530037
287.9		0.530037
288		0.530037
288.1		0.533996
288.2		0.533996
288.3		0.533996
288.4		0.533996
288.5		0.533996
288.6		0.533996
288.7		0.533996
288.8		0.533996
288.9		0.533996
289		0.533996
289.1		0.537177
289.2		0.537177
289.3		0.537177
289.4		0.537177
289.5		0.537177
289.6		0.537177
289.7		0.537177
289.8		0.537177
289.9		0.537177
290		0.537177
290.1		0.539957
290.2		0.539957
290.3		0.539957
290.4		0.539957
290.5		0.539957
290.6		0.539957
290.7		0.539957
290.8		0.539957
290.9		0.539957
291		0.539957
291.1		0.540513
291.2		0.540513
291.3		0.540513
291.4		0.540513
291.5		0.540513
291.6		0.540513
291.7		0.540513
291.8		0.540513
291.9		0.540513
292		0.540513
292.1		0.542248
292.2		0.542248
292.3		0.542248
292.4		0.542248
292.5		0.542248
292.6		0.542248
292.7		0.542248
292.8		0.542248
292.9		0.542248
293		0.542248
293.1		0.543693
293.2		0.543693
293.3		0.543693
293.4		0.543693
293.5		0.543693
293.6		0.543693
293.7		0.543693
293.8		0.543693
293.9		0.543693
294		0.543693
294.1		0.544605
294.2		0.544605
294.3		0.544605
294.4		0.544605
294.5		0.544605
294.6		0.544605
294.7		0.544605
294.8		0.544605
294.9		0.544605
295		0.544605
295.1		0.547853
295.2		0.547853
295.3		0.547853
295.4		0.547853
295.5		0.547853
295.6		0.547853
295.7		0.547853
295.8		0.547853
295.9		0.547853
296		0.547853
296.1		0.551545
296.2		0.551545
296.3		0.551545
296.4		0.551545
296.5		0.551545
296.6		0.551545
296.7		0.551545
296.8		0.551545
296.9		0.551545
297		0.551545
297.1		0.553191
297.2		0.553191
297.3		0.553191
297.4		0.553191
297.5		0.553191
297.6		0.553191
297.7		0.553191
297.8		0.553191
297.9		0.553191
298		0.553191
298.1		0.554814
298.2		0.554814
298.3		0.554814
298.4		0.554814
298.5		0.554814
298.6		0.554814
298.7		0.554814
298.8		0.554814
298.9		0.554814
299		0.554814
299.1		0.559618
299.2		0.559618
299.3		0.559618
299.4		0.559618
299.5		0.559618
299.6		0.559618
299.7		0.559618
299.8		0.559618
299.9		0.559618
300		0.559618
300.1		0.561086
300.2		0.561086
300.3		0.561086
300.4		0.561086
300.5		0.561086
300.6		0.561086
300.7		0.561086
300.8		0.561086
300.9		0.561086
301		0.561086
301.1		0.563733
301.2		0.563733
301.3		0.563733
301.4		0.563733
301.5		0.563733
301.6		0.563733
301.7		0.563733
301.8		0.563733
301.9		0.563733
302		0.563733
302.1		0.564511
302.2		0.564511
302.3		0.564511
302.4		0.564511
302.5		0.564511
302.6		0.564511
302.7		0.564511
302.8		0.564511
302.9		0.564511
303		0.564511
303.1		0.567603
303.2		0.567603
303.3		0.567603
303.4		0.567603
303.5		0.567603
303.6		0.567603
303.7		0.567603
303.8		0.567603
303.9		0.567603
304		0.567603
304.1		0.572051
304.2		0.572051
304.3		0.572051
304.4		0.572051
304.5		0.572051
304.6		0.572051
304.7		0.572051
304.8		0.572051
304.9		0.572051
305		0.572051
305.1		0.57363
305.2		0.57363
305.3		0.57363
305.4		0.57363
305.5		0.57363
305.6		0.57363
305.7		0.57363
305.8		0.57363
305.9		0.57363
306		0.57363
306.1		0.57392
306.2		0.57392
306.3		0.57392
306.4		0.57392
306.5		0.57392
306.6		0.57392
306.7		0.57392
306.8		0.57392
306.9		0.57392
307		0.57392
307.1		0.574231
307.2		0.574231
307.3		0.574231
307.4		0.574231
307.5		0.574231
307.6		0.574231
307.7		0.574231
307.8		0.574231
307.9		0.574231
308		0.574231
308.1		0.577478
308.2		0.577478
308.3		0.577478
308.4		0.577478
308.5		0.577478
308.6		0.577478
308.7		0.577478
308.8		0.577478
308.9		0.577478
309		0.577478
309.1		0.57928
309.2		0.57928
309.3		0.57928
309.4		0.57928
309.5		0.57928
309.6		0.57928
309.7		0.57928
309.8		0.57928
309.9		0.57928
310		0.57928
310.1		0.58295
310.2		0.58295
310.3		0.58295
310.4		0.58295
310.5		0.58295
310.6		0.58295
310.7		0.58295
310.8		0.58295
310.9		0.58295
311		0.58295
311.1		0.584217
311.2		0.584217
311.3		0.584217
311.4		0.584217
311.5		0.584217
311.6		0.584217
311.7		0.584217
311.8		0.584217
311.9		0.584217
312		0.584217
312.1		0.585908
312.2		0.585908
312.3		0.585908
312.4		0.585908
312.5		0.585908
312.6		0.585908
312.7		0.585908
312.8		0.585908
312.9		0.585908
313		0.585908
313.1		0.587509
313.2		0.587509
313.3		0.587509
313.4		0.587509
313.5		0.587509
313.6		0.587509
313.7		0.587509
313.8		0.587509
313.9		0.587509
314		0.587509
314.1		0.588176
314.2		0.588176
314.3		0.588176
314.4		0.588176
314.5		0.588176
314.6		0.588176
314.7		0.588176
314.8		0.588176
314.9		0.588176
315		0.588176
315.1		0.593092
315.2		0.593092
315.3		0.593092
315.4		0.593092
315.5		0.593092
315.6		0.593092
315.7		0.593092
315.8		0.593092
315.9		0.593092
316		0.593092
316.1		0.593514
316.2		0.593514
316.3		0.593514
316.4		0.593514
316.5		0.593514
316.6		0.593514
316.7		0.593514
316.8		0.593514
316.9		0.593514
317		0.593514
317.1		0.596361
317.2		0.596361
317.3		0.596361
317.4		0.596361
317.5		0.596361
317.6		0.596361
317.7		0.596361
317.8		0.596361
317.9		0.596361
318		0.596361
318.1		0.596695
318.2		0.596695
318.3		0.596695
318.4		0.596695
318.5		0.596695
318.6		0.596695
318.7		0.596695
318.8		0.596695
318.9		0.596695
319		0.596695
319.1		0.597229
319.2		0.597229
319.3		0.597229
319.4		0.597229
319.5		0.597229
319.6		0.597229
319.7		0.597229
319.8		0.597229
319.9		0.597229
320		0.597229
320.1		0.6025
320.2		0.6025
320.3		0.6025
320.4		0.6025
320.5		0.6025
320.6		0.6025
320.7		0.6025
320.8		0.6025
320.9		0.6025
321		0.6025
321.1		0.602834
321.2		0.602834
321.3		0.602834
321.4		0.602834
321.5		0.602834
321.6		0.602834
321.7		0.602834
321.8		0.602834
321.9		0.602834
322		0.602834
322.1		0.603568
322.2		0.603568
322.3		0.603568
322.4		0.603568
322.5		0.603568
322.6		0.603568
322.7		0.603568
322.8		0.603568
322.9		0.603568
323		0.603568
323.1		0.607593
323.2		0.607593
323.3		0.607593
323.4		0.607593
323.5		0.607593
323.6		0.607593
323.7		0.607593
323.8		0.607593
323.9		0.607593
324		0.607593
324.1		0.607615
324.2		0.607615
324.3		0.607615
324.4		0.607615
324.5		0.607615
324.6		0.607615
324.7		0.607615
324.8		0.607615
324.9		0.607615
325		0.607615
325.1		0.611574
325.2		0.611574
325.3		0.611574
325.4		0.611574
325.5		0.611574
325.6		0.611574
325.7		0.611574
325.8		0.611574
325.9		0.611574
326		0.611574
326.1		0.611797
326.2		0.611797
326.3		0.611797
326.4		0.611797
326.5		0.611797
326.6		0.611797
326.7		0.611797
326.8		0.611797
326.9		0.611797
327		0.611797
327.1		0.612642
327.2		0.612642
327.3		0.612642
327.4		0.612642
327.5		0.612642
327.6		0.612642
327.7		0.612642
327.8		0.612642
327.9		0.612642
328		0.612642
328.1		0.6152
328.2		0.6152
328.3		0.6152
328.4		0.6152
328.5		0.6152
328.6		0.6152
328.7		0.6152
328.8		0.6152
328.9		0.6152
329		0.6152
329.1		0.61689
329.2		0.61689
329.3		0.61689
329.4		0.61689
329.5		0.61689
329.6		0.61689
329.7		0.61689
329.8		0.61689
329.9		0.61689
330		0.61689
330.1		0.617224
330.2		0.617224
330.3		0.617224
330.4		0.617224
330.5		0.617224
330.6		0.617224
330.7		0.617224
330.8		0.617224
330.9		0.617224
331		0.617224
331.1		0.623207
331.2		0.623207
331.3		0.623207
331.4		0.623207
331.5		0.623207
331.6		0.623207
331.7		0.623207
331.8		0.623207
331.9		0.623207
332		0.623207
332.1		0.623852
332.2		0.623852
332.3		0.623852
332.4		0.623852
332.5		0.623852
332.6		0.623852
332.7		0.623852
332.8		0.623852
332.9		0.623852
333		0.623852
333.1		0.626076
333.2		0.626076
333.3		0.626076
333.4		0.626076
333.5		0.626076
333.6		0.626076
333.7		0.626076
333.8		0.626076
333.9		0.626076
334		0.626076
334.1		0.627877
334.2		0.627877
334.3		0.627877
334.4		0.627877
334.5		0.627877
334.6		0.627877
334.7		0.627877
334.8		0.627877
334.9		0.627877
335		0.627877
335.1		0.628189
335.2		0.628189
335.3		0.628189
335.4		0.628189
335.5		0.628189
335.6		0.628189
335.7		0.628189
335.8		0.628189
335.9		0.628189
336		0.628189
336.1		0.633327
336.2		0.633327
336.3		0.633327
336.4		0.633327
336.5		0.633327
336.6		0.633327
336.7		0.633327
336.8		0.633327
336.9		0.633327
337		0.633327
337.1		0.635106
337.2		0.635106
337.3		0.635106
337.4		0.635106
337.5		0.635106
337.6		0.635106
337.7		0.635106
337.8		0.635106
337.9		0.635106
338		0.635106
338.1		0.639643
338.2		0.639643
338.3		0.639643
338.4		0.639643
338.5		0.639643
338.6		0.639643
338.7		0.639643
338.8		0.639643
338.9		0.639643
339		0.639643
339.1		0.639955
339.2		0.639955
339.3		0.639955
339.4		0.639955
339.5		0.639955
339.6		0.639955
339.7		0.639955
339.8		0.639955
339.9		0.639955
340		0.639955
340.1		0.640844
340.2		0.640844
340.3		0.640844
340.4		0.640844
340.5		0.640844
340.6		0.640844
340.7		0.640844
340.8		0.640844
340.9		0.640844
341		0.640844
341.1		0.646293
341.2		0.646293
341.3		0.646293
341.4		0.646293
341.5		0.646293
341.6		0.646293
341.7		0.646293
341.8		0.646293
341.9		0.646293
342		0.646293
342.1		0.646961
342.2		0.646961
342.3		0.646961
342.4		0.646961
342.5		0.646961
342.6		0.646961
342.7		0.646961
342.8		0.646961
342.9		0.646961
343		0.646961
343.1		0.650853
343.2		0.650853
343.3		0.650853
343.4		0.650853
343.5		0.650853
343.6		0.650853
343.7		0.650853
343.8		0.650853
343.9		0.650853
344		0.650853
344.1		0.650964
344.2		0.650964
344.3		0.650964
344.4		0.650964
344.5		0.650964
344.6		0.650964
344.7		0.650964
344.8		0.650964
344.9		0.650964
345		0.650964
345.1		0.651943
345.2		0.651943
345.3		0.651943
345.4		0.651943
345.5		0.651943
345.6		0.651943
345.7		0.651943
345.8		0.651943
345.9		0.651943
346		0.651943
346.1		0.654501
346.2		0.654501
346.3		0.654501
346.4		0.654501
346.5		0.654501
346.6		0.654501
346.7		0.654501
346.8		0.654501
346.9		0.654501
347		0.654501
347.1		0.657147
347.2		0.657147
347.3		0.657147
347.4		0.657147
347.5		0.657147
347.6		0.657147
347.7		0.657147
347.8		0.657147
347.9		0.657147
348		0.657147
348.1		0.658571
348.2		0.658571
348.3		0.658571
348.4		0.658571
348.5		0.658571
348.6		0.658571
348.7		0.658571
348.8		0.658571
348.9		0.658571
349		0.658571
349.1		0.658927
349.2		0.658927
349.3		0.658927
349.4		0.658927
349.5		0.658927
349.6		0.658927
349.7		0.658927
349.8		0.658927
349.9		0.658927
350		0.658927
350.1		0.661062
350.2		0.661062
350.3		0.661062
350.4		0.661062
350.5		0.661062
350.6		0.661062
350.7		0.661062
350.8		0.661062
350.9		0.661062
351		0.661062
351.1		0.662107
351.2		0.662107
351.3		0.662107
351.4		0.662107
351.5		0.662107
351.6		0.662107
351.7		0.662107
351.8		0.662107
351.9		0.662107
352		0.662107
352.1		0.666578
352.2		0.666578
352.3		0.666578
352.4		0.666578
352.5		0.666578
352.6		0.666578
352.7		0.666578
352.8		0.666578
352.9		0.666578
353		0.666578
353.1		0.667823
353.2		0.667823
353.3		0.667823
353.4		0.667823
353.5		0.667823
353.6		0.667823
353.7		0.667823
353.8		0.667823
353.9		0.667823
354		0.667823
354.1		0.669269
354.2		0.669269
354.3		0.669269
354.4		0.669269
354.5		0.669269
354.6		0.669269
354.7		0.669269
354.8		0.669269
354.9		0.669269
355		0.669269
355.1		0.672516
355.2		0.672516
355.3		0.672516
355.4		0.672516
355.5		0.672516
355.6		0.672516
355.7		0.672516
355.8		0.672516
355.9		0.672516
356		0.672516
356.1		0.675608
356.2		0.675608
356.3		0.675608
356.4		0.675608
356.5		0.675608
356.6		0.675608
356.7		0.675608
356.8		0.675608
356.9		0.675608
357		0.675608
357.1		0.679878
357.2		0.679878
357.3		0.679878
357.4		0.679878
357.5		0.679878
357.6		0.679878
357.7		0.679878
357.8		0.679878
357.9		0.679878
358		0.679878
358.1		0.681257
358.2		0.681257
358.3		0.681257
358.4		0.681257
358.5		0.681257
358.6		0.681257
358.7		0.681257
358.8		0.681257
358.9		0.681257
359		0.681257
359.1		0.681746
359.2		0.681746
359.3		0.681746
359.4		0.681746
359.5		0.681746
359.6		0.681746
359.7		0.681746
359.8		0.681746
359.9		0.681746
360		0.681746
360.1		0.686884
360.2		0.686884
360.3		0.686884
360.4		0.686884
360.5		0.686884
360.6		0.686884
360.7		0.686884
360.8		0.686884
360.9		0.686884
361		0.686884
361.1		0.687018
361.2		0.687018
361.3		0.687018
361.4		0.687018
361.5		0.687018
361.6		0.687018
361.7		0.687018
361.8		0.687018
361.9		0.687018
362		0.687018
362.1		0.691755
362.2		0.691755
362.3		0.691755
362.4		0.691755
362.5		0.691755
362.6		0.691755
362.7		0.691755
362.8		0.691755
362.9		0.691755
363		0.691755
363.1		0.691889
363.2		0.691889
363.3		0.691889
363.4		0.691889
363.5		0.691889
363.6		0.691889
363.7		0.691889
363.8		0.691889
363.9		0.691889
364		0.691889
364.1		0.694847
364.2		0.694847
364.3		0.694847
364.4		0.694847
364.5		0.694847
364.6		0.694847
364.7		0.694847
364.8		0.694847
364.9		0.694847
365		0.694847
365.1		0.696759
365.2		0.696759
365.3		0.696759
365.4		0.696759
365.5		0.696759
365.6		0.696759
365.7		0.696759
365.8		0.696759
365.9		0.696759
366		0.696759
366.1		0.69696
366.2		0.69696
366.3		0.69696
366.4		0.69696
366.5		0.69696
366.6		0.69696
366.7		0.69696
366.8		0.69696
366.9		0.69696
367		0.69696
367.1		0.698161
367.2		0.698161
367.3		0.698161
367.4		0.698161
367.5		0.698161
367.6		0.698161
367.7		0.698161
367.8		0.698161
367.9		0.698161
368		0.698161
368.1		0.702008
368.2		0.702008
368.3		0.702008
368.4		0.702008
368.5		0.702008
368.6		0.702008
368.7		0.702008
368.8		0.702008
368.9		0.702008
369		0.702008
369.1		0.704811
369.2		0.704811
369.3		0.704811
369.4		0.704811
369.5		0.704811
369.6		0.704811
369.7		0.704811
369.8		0.704811
369.9		0.704811
370		0.704811
370.1		0.707547
370.2		0.707547
370.3		0.707547
370.4		0.707547
370.5		0.707547
370.6		0.707547
370.7		0.707547
370.8		0.707547
370.9		0.707547
371		0.707547
371.1		0.707925
371.2		0.707925
371.3		0.707925
371.4		0.707925
371.5		0.707925
371.6		0.707925
371.7		0.707925
371.8		0.707925
371.9		0.707925
372		0.707925
372.1		0.710304
372.2		0.710304
372.3		0.710304
372.4		0.710304
372.5		0.710304
372.6		0.710304
372.7		0.710304
372.8		0.710304
372.9		0.710304
373		0.710304
373.1		0.711594
373.2		0.711594
373.3		0.711594
373.4		0.711594
373.5		0.711594
373.6		0.711594
373.7		0.711594
373.8		0.711594
373.9		0.711594
374		0.711594
374.1		0.712729
374.2		0.712729
374.3		0.712729
374.4		0.712729
374.5		0.712729
374.6		0.712729
374.7		0.712729
374.8		0.712729
374.9		0.712729
375		0.712729
375.1		0.715665
375.2		0.715665
375.3		0.715665
375.4		0.715665
375.5		0.715665
375.6		0.715665
375.7		0.715665
375.8		0.715665
375.9		0.715665
376		0.715665
376.1		0.717577
376.2		0.717577
376.3		0.717577
376.4		0.717577
376.5		0.717577
376.6		0.717577
376.7		0.717577
376.8		0.717577
376.9		0.717577
377		0.717577
377.1		0.718489
377.2		0.718489
377.3		0.718489
377.4		0.718489
377.5		0.718489
377.6		0.718489
377.7		0.718489
377.8		0.718489
377.9		0.718489
378		0.718489
378.1		0.72167
378.2		0.72167
378.3		0.72167
378.4		0.72167
378.5		0.72167
378.6		0.72167
378.7		0.72167
378.8		0.72167
378.9		0.72167
379		0.72167
379.1		0.723027
379.2		0.723027
379.3		0.723027
379.4		0.723027
379.5		0.723027
379.6		0.723027
379.7		0.723027
379.8		0.723027
379.9		0.723027
380		0.723027
380.1		0.724917
380.2		0.724917
380.3		0.724917
380.4		0.724917
380.5		0.724917
380.6		0.724917
380.7		0.724917
380.8		0.724917
380.9		0.724917
381		0.724917
381.1		0.725851
381.2		0.725851
381.3		0.725851
381.4		0.725851
381.5		0.725851
381.6		0.725851
381.7		0.725851
381.8		0.725851
381.9		0.725851
382		0.725851
382.1		0.727675
382.2		0.727675
382.3		0.727675
382.4		0.727675
382.5		0.727675
382.6		0.727675
382.7		0.727675
382.8		0.727675
382.9		0.727675
383		0.727675
383.1		0.730144
383.2		0.730144
383.3		0.730144
383.4		0.730144
383.5		0.730144
383.6		0.730144
383.7		0.730144
383.8		0.730144
383.9		0.730144
384		0.730144
384.1		0.731434
384.2		0.731434
384.3		0.731434
384.4		0.731434
384.5		0.731434
384.6		0.731434
384.7		0.731434
384.8		0.731434
384.9		0.731434
385		0.731434
385.1		0.732724
385.2		0.732724
385.3		0.732724
385.4		0.732724
385.5		0.732724
385.6		0.732724
385.7		0.732724
385.8		0.732724
385.9		0.732724
386		0.732724
386.1		0.734459
386.2		0.734459
386.3		0.734459
386.4		0.734459
386.5		0.734459
386.6		0.734459
386.7		0.734459
386.8		0.734459
386.9		0.734459
387		0.734459
387.1		0.735704
387.2		0.735704
387.3		0.735704
387.4		0.735704
387.5		0.735704
387.6		0.735704
387.7		0.735704
387.8		0.735704
387.9		0.735704
388		0.735704
388.1		0.736994
388.2		0.736994
388.3		0.736994
388.4		0.736994
388.5		0.736994
388.6		0.736994
388.7		0.736994
388.8		0.736994
388.9		0.736994
389		0.736994
389.1		0.738974
389.2		0.738974
389.3		0.738974
389.4		0.738974
389.5		0.738974
389.6		0.738974
389.7		0.738974
389.8		0.738974
389.9		0.738974
390		0.738974
390.1		0.743578
390.2		0.743578
390.3		0.743578
390.4		0.743578
390.5		0.743578
390.6		0.743578
390.7		0.743578
390.8		0.743578
390.9		0.743578
391		0.743578
391.1		0.743978
391.2		0.743978
391.3		0.743978
391.4		0.743978
391.5		0.743978
391.6		0.743978
391.7		0.743978
391.8		0.743978
391.9		0.743978
392		0.743978
392.1		0.745112
392.2		0.745112
392.3		0.745112
392.4		0.745112
392.5		0.745112
392.6		0.745112
392.7		0.745112
392.8		0.745112
392.9		0.745112
393		0.745112
393.1		0.746647
393.2		0.746647
393.3		0.746647
393.4		0.746647
393.5		0.746647
393.6		0.746647
393.7		0.746647
393.8		0.746647
393.9		0.746647
394		0.746647
394.1		0.749294
394.2		0.749294
394.3		0.749294
394.4		0.749294
394.5		0.749294
394.6		0.749294
394.7		0.749294
394.8		0.749294
394.9		0.749294
395		0.749294
395.1		0.753653
395.2		0.753653
395.3		0.753653
395.4		0.753653
395.5		0.753653
395.6		0.753653
395.7		0.753653
395.8		0.753653
395.9		0.753653
396		0.753653
396.1		0.754387
396.2		0.754387
396.3		0.754387
396.4		0.754387
396.5		0.754387
396.6		0.754387
396.7		0.754387
396.8		0.754387
396.9		0.754387
397		0.754387
397.1		0.754521
397.2		0.754521
397.3		0.754521
397.4		0.754521
397.5		0.754521
397.6		0.754521
397.7		0.754521
397.8		0.754521
397.9		0.754521
398		0.754521
398.1		0.757835
398.2		0.757835
398.3		0.757835
398.4		0.757835
398.5		0.757835
398.6		0.757835
398.7		0.757835
398.8		0.757835
398.9		0.757835
399		0.757835
399.1		0.758791
399.2		0.758791
399.3		0.758791
399.4		0.758791
399.5		0.758791
399.6		0.758791
399.7		0.758791
399.8		0.758791
399.9		0.758791
400		0.758791
400.1		0.761504
400.2		0.761504
400.3		0.761504
400.4		0.761504
400.5		0.761504
400.6		0.761504
400.7		0.761504
400.8		0.761504
400.9		0.761504
401		0.761504
401.1		0.764618
401.2		0.764618
401.3		0.764618
401.4		0.764618
401.5		0.764618
401.6		0.764618
401.7		0.764618
401.8		0.764618
401.9		0.764618
402		0.764618
402.1		0.764818
402.2		0.764818
402.3		0.764818
402.4		0.764818
402.5		0.764818
402.6		0.764818
402.7		0.764818
402.8		0.764818
402.9		0.764818
403		0.764818
403.1		0.76622
403.2		0.76622
403.3		0.76622
403.4		0.76622
403.5		0.76622
403.6		0.76622
403.7		0.76622
403.8		0.76622
403.9		0.76622
404		0.76622
404.1		0.769912
404.2		0.769912
404.3		0.769912
404.4		0.769912
404.5		0.769912
404.6		0.769912
404.7		0.769912
404.8		0.769912
404.9		0.769912
405		0.769912
405.1		0.770712
405.2		0.770712
405.3		0.770712
405.4		0.770712
405.5		0.770712
405.6		0.770712
405.7		0.770712
405.8		0.770712
405.9		0.770712
406		0.770712
406.1		0.774115
406.2		0.774115
406.3		0.774115
406.4		0.774115
406.5		0.774115
406.6		0.774115
406.7		0.774115
406.8		0.774115
406.9		0.774115
407		0.774115
407.1		0.774961
407.2		0.774961
407.3		0.774961
407.4		0.774961
407.5		0.774961
407.6		0.774961
407.7		0.774961
407.8		0.774961
407.9		0.774961
408		0.774961
408.1		0.777585
408.2		0.777585
408.3		0.777585
408.4		0.777585
408.5		0.777585
408.6		0.777585
408.7		0.777585
408.8		0.777585
408.9		0.777585
409		0.777585
409.1		0.780009
409.2		0.780009
409.3		0.780009
409.4		0.780009
409.5		0.780009
409.6		0.780009
409.7		0.780009
409.8		0.780009
409.9		0.780009
410		0.780009
410.1		0.780966
410.2		0.780966
410.3		0.780966
410.4		0.780966
410.5		0.780966
410.6		0.780966
410.7		0.780966
410.8		0.780966
410.9		0.780966
411		0.780966
411.1		0.78408
411.2		0.78408
411.3		0.78408
411.4		0.78408
411.5		0.78408
411.6		0.78408
411.7		0.78408
411.8		0.78408
411.9		0.78408
412		0.78408
412.1		0.785614
412.2		0.785614
412.3		0.785614
412.4		0.785614
412.5		0.785614
412.6		0.785614
412.7		0.785614
412.8		0.785614
412.9		0.785614
413		0.785614
413.1		0.788506
413.2		0.788506
413.3		0.788506
413.4		0.788506
413.5		0.788506
413.6		0.788506
413.7		0.788506
413.8		0.788506
413.9		0.788506
414		0.788506
414.1		0.789084
414.2		0.789084
414.3		0.789084
414.4		0.789084
414.5		0.789084
414.6		0.789084
414.7		0.789084
414.8		0.789084
414.9		0.789084
415		0.789084
415.1		0.789595
415.2		0.789595
415.3		0.789595
415.4		0.789595
415.5		0.789595
415.6		0.789595
415.7		0.789595
415.8		0.789595
415.9		0.789595
416		0.789595
416.1		0.792865
416.2		0.792865
416.3		0.792865
416.4		0.792865
416.5		0.792865
416.6		0.792865
416.7		0.792865
416.8		0.792865
416.9		0.792865
417		0.792865
417.1		0.79351
417.2		0.79351
417.3		0.79351
417.4		0.79351
417.5		0.79351
417.6		0.79351
417.7		0.79351
417.8		0.79351
417.9		0.79351
418		0.79351
418.1		0.793688
418.2		0.793688
418.3		0.793688
418.4		0.793688
418.5		0.793688
418.6		0.793688
418.7		0.793688
418.8		0.793688
418.9		0.793688
419		0.793688
419.1		0.798826
419.2		0.798826
419.3		0.798826
419.4		0.798826
419.5		0.798826
419.6		0.798826
419.7		0.798826
419.8		0.798826
419.9		0.798826
420		0.798826
420.1		0.801139
420.2		0.801139
420.3		0.801139
420.4		0.801139
420.5		0.801139
420.6		0.801139
420.7		0.801139
420.8		0.801139
420.9		0.801139
421		0.801139
421.1		0.801873
421.2		0.801873
421.3		0.801873
421.4		0.801873
421.5		0.801873
421.6		0.801873
421.7		0.801873
421.8		0.801873
421.9		0.801873
422		0.801873
422.1		0.803052
422.2		0.803052
422.3		0.803052
422.4		0.803052
422.5		0.803052
422.6		0.803052
422.7		0.803052
422.8		0.803052
422.9		0.803052
423		0.803052
423.1		0.80403
423.2		0.80403
423.3		0.80403
423.4		0.80403
423.5		0.80403
423.6		0.80403
423.7		0.80403
423.8		0.80403
423.9		0.80403
424		0.80403
424.1		0.808501
424.2		0.808501
424.3		0.808501
424.4		0.808501
424.5		0.808501
424.6		0.808501
424.7		0.808501
424.8		0.808501
424.9		0.808501
425		0.808501
425.1		0.809368
425.2		0.809368
425.3		0.809368
425.4		0.809368
425.5		0.809368
425.6		0.809368
425.7		0.809368
425.8		0.809368
425.9		0.809368
426		0.809368
426.1		0.812037
426.2		0.812037
426.3		0.812037
426.4		0.812037
426.5		0.812037
426.6		0.812037
426.7		0.812037
426.8		0.812037
426.9		0.812037
427		0.812037
427.1		0.814195
427.2		0.814195
427.3		0.814195
427.4		0.814195
427.5		0.814195
427.6		0.814195
427.7		0.814195
427.8		0.814195
427.9		0.814195
428		0.814195
428.1		0.814306
428.2		0.814306
428.3		0.814306
428.4		0.814306
428.5		0.814306
428.6		0.814306
428.7		0.814306
428.8		0.814306
428.9		0.814306
429		0.814306
429.1		0.818087
429.2		0.818087
429.3		0.818087
429.4		0.818087
429.5		0.818087
429.6		0.818087
429.7		0.818087
429.8		0.818087
429.9		0.818087
430		0.818087
430.1		0.818776
430.2		0.818776
430.3		0.818776
430.4		0.818776
430.5		0.818776
430.6		0.818776
430.7		0.818776
430.8		0.818776
430.9		0.818776
431		0.818776
431.1		0.819332
431.2		0.819332
431.3		0.819332
431.4		0.819332
431.5		0.819332
431.6		0.819332
431.7		0.819332
431.8		0.819332
431.9		0.819332
432		0.819332
432.1		0.822468
432.2		0.822468
432.3		0.822468
432.4		0.822468
432.5		0.822468
432.6		0.822468
432.7		0.822468
432.8		0.822468
432.9		0.822468
433		0.822468
433.1		0.826383
433.2		0.826383
433.3		0.826383
433.4		0.826383
433.5		0.826383
433.6		0.826383
433.7		0.826383
433.8		0.826383
433.9		0.826383
434		0.826383
434.1		0.827406
434.2		0.827406
434.3		0.827406
434.4		0.827406
434.5		0.827406
434.6		0.827406
434.7		0.827406
434.8		0.827406
434.9		0.827406
435		0.827406
435.1		0.829074
435.2		0.829074
435.3		0.829074
435.4		0.829074
435.5		0.829074
435.6		0.829074
435.7		0.829074
435.8		0.829074
435.9		0.829074
436		0.829074
436.1		0.829608
436.2		0.829608
436.3		0.829608
436.4		0.829608
436.5		0.829608
436.6		0.829608
436.7		0.829608
436.8		0.829608
436.9		0.829608
437		0.829608
437.1		0.832255
437.2		0.832255
437.3		0.832255
437.4		0.832255
437.5		0.832255
437.6		0.832255
437.7		0.832255
437.8		0.832255
437.9		0.832255
438		0.832255
438.1		0.83519
438.2		0.83519
438.3		0.83519
438.4		0.83519
438.5		0.83519
438.6		0.83519
438.7		0.83519
438.8		0.83519
438.9		0.83519
439		0.83519
439.1		0.837882
439.2		0.837882
439.3		0.837882
439.4		0.837882
439.5		0.837882
439.6		0.837882
439.7		0.837882
439.8		0.837882
439.9		0.837882
440		0.837882
440.1		0.838238
440.2		0.838238
440.3		0.838238
440.4		0.838238
440.5		0.838238
440.6		0.838238
440.7		0.838238
440.8		0.838238
440.9		0.838238
441		0.838238
441.1		0.839972
441.2		0.839972
441.3		0.839972
441.4		0.839972
441.5		0.839972
441.6		0.839972
441.7		0.839972
441.8		0.839972
441.9		0.839972
442		0.839972
442.1		0.842819
442.2		0.842819
442.3		0.842819
442.4		0.842819
442.5		0.842819
442.6		0.842819
442.7		0.842819
442.8		0.842819
442.9		0.842819
443		0.842819
443.1		0.844421
443.2		0.844421
443.3		0.844421
443.4		0.844421
443.5		0.844421
443.6		0.844421
443.7		0.844421
443.8		0.844421
443.9		0.844421
444		0.844421
444.1		0.845422
444.2		0.845422
444.3		0.845422
444.4		0.845422
444.5		0.845422
444.6		0.845422
444.7		0.845422
444.8		0.845422
444.9		0.845422
445		0.845422
445.1		0.849158
445.2		0.849158
445.3		0.849158
445.4		0.849158
445.5		0.849158
445.6		0.849158
445.7		0.849158
445.8		0.849158
445.9		0.849158
446		0.849158
446.1		0.851783
446.2		0.851783
446.3		0.851783
446.4		0.851783
446.5		0.851783
446.6		0.851783
446.7		0.851783
446.8		0.851783
446.9		0.851783
447		0.851783
447.1		0.85305
447.2		0.85305
447.3		0.85305
447.4		0.85305
447.5		0.85305
447.6		0.85305
447.7		0.85305
447.8		0.85305
447.9		0.85305
448		0.85305
448.1		0.854074
448.2		0.854074
448.3		0.854074
448.4		0.854074
448.5		0.854074
448.6		0.854074
448.7		0.854074
448.8		0.854074
448.9		0.854074
449		0.854074
449.1		0.854807
449.2		0.854807
449.3		0.854807
449.4		0.854807
449.5		0.854807
449.6		0.854807
449.7		0.854807
449.8		0.854807
449.9		0.854807
450		0.854807
450.1		0.860123
450.2		0.860123
450.3		0.860123
450.4		0.860123
450.5		0.860123
450.6		0.860123
450.7		0.860123
450.8		0.860123
450.9		0.860123
451		0.860123
451.1		0.860679
451.2		0.860679
451.3		0.860679
451.4		0.860679
451.5		0.860679
451.6		0.860679
451.7		0.860679
451.8		0.860679
451.9		0.860679
452		0.860679
452.1		0.861969
452.2		0.861969
452.3		0.861969
452.4		0.861969
452.5		0.861969
452.6		0.861969
452.7		0.861969
452.8		0.861969
452.9		0.861969
453		0.861969
453.1		0.864838
453.2		0.864838
453.3		0.864838
453.4		0.864838
453.5		0.864838
453.6		0.864838
453.7		0.864838
453.8		0.864838
453.9		0.864838
454		0.864838
454.1		0.867152
454.2		0.867152
454.3		0.867152
454.4		0.867152
454.5		0.867152
454.6		0.867152
454.7		0.867152
454.8		0.867152
454.9		0.867152
455		0.867152
455.1		0.868375
455.2		0.868375
455.3		0.868375
455.4		0.868375
455.5		0.868375
455.6		0.868375
455.7		0.868375
455.8		0.868375
455.9		0.868375
456		0.868375
456.1		0.871288
456.2		0.871288
456.3		0.871288
456.4		0.871288
456.5		0.871288
456.6		0.871288
456.7		0.871288
456.8		0.871288
456.9		0.871288
457		0.871288
457.1		0.873646
457.2		0.873646
457.3		0.873646
457.4		0.873646
457.5		0.873646
457.6		0.873646
457.7		0.873646
457.8		0.873646
457.9		0.873646
458		0.873646
458.1		0.874291
458.2		0.874291
458.3		0.874291
458.4		0.874291
458.5		0.874291
458.6		0.874291
458.7		0.874291
458.8		0.874291
458.9		0.874291
459		0.874291
459.1		0.876115
459.2		0.876115
459.3		0.876115
459.4		0.876115
459.5		0.876115
459.6		0.876115
459.7		0.876115
459.8		0.876115
459.9		0.876115
460		0.876115
460.1		0.877271
460.2		0.877271
460.3		0.877271
460.4		0.877271
460.5		0.877271
460.6		0.877271
460.7		0.877271
460.8		0.877271
460.9		0.877271
461		0.877271
461.1		0.880563
461.2		0.880563
461.3		0.880563
461.4		0.880563
461.5		0.880563
461.6		0.880563
461.7		0.880563
461.8		0.880563
461.9		0.880563
462		0.880563
462.1		0.884033
462.2		0.884033
462.3		0.884033
462.4		0.884033
462.5		0.884033
462.6		0.884033
462.7		0.884033
462.8		0.884033
462.9		0.884033
463		0.884033
463.1		0.8843
463.2		0.8843
463.3		0.8843
463.4		0.8843
463.5		0.8843
463.6		0.8843
463.7		0.8843
463.8		0.8843
463.9		0.8843
464		0.8843
464.1		0.885701
464.2		0.885701
464.3		0.885701
464.4		0.885701
464.5		0.885701
464.6		0.885701
464.7		0.885701
464.8		0.885701
464.9		0.885701
465		0.885701
465.1		0.886813
465.2		0.886813
465.3		0.886813
465.4		0.886813
465.5		0.886813
465.6		0.886813
465.7		0.886813
465.8		0.886813
465.9		0.886813
466		0.886813
466.1		0.889949
466.2		0.889949
466.3		0.889949
466.4		0.889949
466.5		0.889949
466.6		0.889949
466.7		0.889949
466.8		0.889949
466.9		0.889949
467		0.889949
467.1		0.893308
467.2		0.893308
467.3		0.893308
467.4		0.893308
467.5		0.893308
467.6		0.893308
467.7		0.893308
467.8		0.893308
467.9		0.893308
468		0.893308
468.1		0.895243
468.2		0.895243
468.3		0.895243
468.4		0.895243
468.5		0.895243
468.6		0.895243
468.7		0.895243
468.8		0.895243
468.9		0.895243
469		0.895243
469.1		0.896377
469.2		0.896377
469.3		0.896377
469.4		0.896377
469.5		0.896377
469.6		0.896377
469.7		0.896377
469.8		0.896377
469.9		0.896377
470		0.896377
470.1		0.896622
470.2		0.896622
470.3		0.896622
470.4		0.896622
470.5		0.896622
470.6		0.896622
470.7		0.896622
470.8		0.896622
470.9		0.896622
471		0.896622
471.1		0.898846
471.2		0.898846
471.3		0.898846
471.4		0.898846
471.5		0.898846
471.6		0.898846
471.7		0.898846
471.8		0.898846
471.9		0.898846
472		0.898846
472.1		0.901871
472.2		0.901871
472.3		0.901871
472.4		0.901871
472.5		0.901871
472.6		0.901871
472.7		0.901871
472.8		0.901871
472.9		0.901871
473		0.901871
473.1		0.903316
473.2		0.903316
473.3		0.903316
473.4		0.903316
473.5		0.903316
473.6		0.903316
473.7		0.903316
473.8		0.903316
473.9		0.903316
474		0.903316
474.1		0.904651
474.2		0.904651
474.3		0.904651
474.4		0.904651
474.5		0.904651
474.6		0.904651
474.7		0.904651
474.8		0.904651
474.9		0.904651
475		0.904651
475.1		0.907253
475.2		0.907253
475.3		0.907253
475.4		0.907253
475.5		0.907253
475.6		0.907253
475.7		0.907253
475.8		0.907253
475.9		0.907253
476		0.907253
476.1		0.909455
476.2		0.909455
476.3		0.909455
476.4		0.909455
476.5		0.909455
476.6		0.909455
476.7		0.909455
476.8		0.909455
476.9		0.909455
477		0.909455
477.1		0.910656
477.2		0.910656
477.3		0.910656
477.4		0.910656
477.5		0.910656
477.6		0.910656
477.7		0.910656
477.8		0.910656
477.9		0.910656
478		0.910656
478.1		0.912724
478.2		0.912724
478.3		0.912724
478.4		0.912724
478.5		0.912724
478.6		0.912724
478.7		0.912724
478.8		0.912724
478.9		0.912724
479		0.912724
479.1		0.914904
479.2		0.914904
479.3		0.914904
479.4		0.914904
479.5		0.914904
479.6		0.914904
479.7		0.914904
479.8		0.914904
479.9		0.914904
480		0.914904
480.1		0.917751
480.2		0.917751
480.3		0.917751
480.4		0.917751
480.5		0.917751
480.6		0.917751
480.7		0.917751
480.8		0.917751
480.9		0.917751
481		0.917751
481.1		0.919152
481.2		0.919152
481.3		0.919152
481.4		0.919152
481.5		0.919152
481.6		0.919152
481.7		0.919152
481.8		0.919152
481.9		0.919152
482		0.919152
482.1		0.919864
482.2		0.919864
482.3		0.919864
482.4		0.919864
482.5		0.919864
482.6		0.919864
482.7		0.919864
482.8		0.919864
482.9		0.919864
483		0.919864
483.1		0.920687
483.2		0.920687
483.3		0.920687
483.4		0.920687
483.5		0.920687
483.6		0.920687
483.7		0.920687
483.8		0.920687
483.9		0.920687
484		0.920687
484.1		0.924112
484.2		0.924112
484.3		0.924112
484.4		0.924112
484.5		0.924112
484.6		0.924112
484.7		0.924112
484.8		0.924112
484.9		0.924112
485		0.924112
485.1		0.927915
485.2		0.927915
485.3		0.927915
485.4		0.927915
485.5		0.927915
485.6		0.927915
485.7		0.927915
485.8		0.927915
485.9		0.927915
486		0.927915
486.1		0.929361
486.2		0.929361
486.3		0.929361
486.4		0.929361
486.5		0.929361
486.6		0.929361
486.7		0.929361
486.8		0.929361
486.9		0.929361
487		0.929361
487.1		0.929539
487.2		0.929539
487.3		0.929539
487.4		0.929539
487.5		0.929539
487.6		0.929539
487.7		0.929539
487.8		0.929539
487.9		0.929539
488		0.929539
488.1		0.932719
488.2		0.932719
488.3		0.932719
488.4		0.932719
488.5		0.932719
488.6		0.932719
488.7		0.932719
488.8		0.932719
488.9		0.932719
489		0.932719
489.1		0.936389
489.2		0.936389
489.3		0.936389
489.4		0.936389
489.5		0.936389
489.6		0.936389
489.7		0.936389
489.8		0.936389
489.9		0.936389
490		0.936389
490.1		0.936523
490.2		0.936523
490.3		0.936523
490.4		0.936523
490.5		0.936523
490.6		0.936523
490.7		0.936523
490.8		0.936523
490.9		0.936523
491		0.936523
491.1		0.940726
491.2		0.940726
491.3		0.940726
491.4		0.940726
491.5		0.940726
491.6		0.940726
491.7		0.940726
491.8		0.940726
491.9		0.940726
492		0.940726
492.1		0.941861
492.2		0.941861
492.3		0.941861
492.4		0.941861
492.5		0.941861
492.6		0.941861
492.7		0.941861
492.8		0.941861
492.9		0.941861
493		0.941861
493.1		0.942128
493.2		0.942128
493.3		0.942128
493.4		0.942128
493.5		0.942128
493.6		0.942128
493.7		0.942128
493.8		0.942128
493.9		0.942128
494		0.942128
494.1		0.945775
494.2		0.945775
494.3		0.945775
494.4		0.945775
494.5		0.945775
494.6		0.945775
494.7		0.945775
494.8		0.945775
494.9		0.945775
495		0.945775
495.1		0.946376
495.2		0.946376
495.3		0.946376
495.4		0.946376
495.5		0.946376
495.6		0.946376
495.7		0.946376
495.8		0.946376
495.9		0.946376
496		0.946376
496.1		0.947265
496.2		0.947265
496.3		0.947265
496.4		0.947265
496.5		0.947265
496.6		0.947265
496.7		0.947265
496.8		0.947265
496.9		0.947265
497		0.947265
497.1		0.948934
497.2		0.948934
497.3		0.948934
497.4		0.948934
497.5		0.948934
497.6		0.948934
497.7		0.948934
497.8		0.948934
497.9		0.948934
498		0.948934
498.1		0.953159
498.2		0.953159
498.3		0.953159
498.4		0.953159
498.5		0.953159
498.6		0.953159
498.7		0.953159
498.8		0.953159
498.9		0.953159
499		0.953159
499.1		0.954805
499.2		0.954805
499.3		0.954805
499.4		0.954805
499.5		0.954805
499.6		0.954805
499.7		0.954805
499.8		0.954805
499.9		0.954805
500		0.954805
500.1		0.957296
500.2		0.957296
500.3		0.957296
500.4		0.957296
500.5		0.957296
500.6		0.957296
500.7		0.957296
500.8		0.957296
500.9		0.957296
501		0.957296
501.1		0.957697
501.2		0.957697
501.3		0.957697
501.4		0.957697
501.5		0.957697
501.6		0.957697
501.7		0.957697
501.8		0.957697
501.9		0.957697
502		0.957697
502.1		0.962189
502.2		0.962189
502.3		0.962189
502.4		0.962189
502.5		0.962189
502.6		0.962189
502.7		0.962189
502.8		0.962189
502.9		0.962189
503		0.962189
503.1		0.962501
503.2		0.962501
503.3		0.962501
503.4		0.962501
503.5		0.962501
503.6		0.962501
503.7		0.962501
503.8		0.962501
503.9		0.962501
504		0.962501
504.1		0.964013
504.2		0.964013
504.3		0.964013
504.4		0.964013
504.5		0.964013
504.6		0.964013
504.7		0.964013
504.8		0.964013
504.9		0.964013
505		0.964013
505.1		0.964925
505.2		0.964925
505.3		0.964925
505.4		0.964925
505.5		0.964925
505.6		0.964925
505.7		0.964925
505.8		0.964925
505.9		0.964925
506		0.964925
506.1		0.970641
506.2		0.970641
506.3		0.970641
506.4		0.970641
506.5		0.970641
506.6		0.970641
506.7		0.970641
506.8		0.970641
506.9		0.970641
507		0.970641
507.1		0.972376
507.2		0.972376
507.3		0.972376
507.4		0.972376
507.5		0.972376
507.6		0.972376
507.7		0.972376
507.8		0.972376
507.9		0.972376
508		0.972376
508.1		0.972598
508.2		0.972598
508.3		0.972598
508.4		0.972598
508.5		0.972598
508.6		0.972598
508.7		0.972598
508.8		0.972598
508.9		0.972598
509		0.972598
509.1		0.972843
509.2		0.972843
509.3		0.972843
509.4		0.972843
509.5		0.972843
509.6		0.972843
509.7		0.972843
509.8		0.972843
509.9		0.972843
510		0.972843
510.1		0.97658
510.2		0.97658
510.3		0.97658
510.4		0.97658
510.5		0.97658
510.6		0.97658
510.7		0.97658
510.8		0.97658
510.9		0.97658
511		0.97658
511.1		0.978181
511.2		0.978181
511.3		0.978181
511.4		0.978181
511.5		0.978181
511.6		0.978181
511.7		0.978181
511.8		0.978181
511.9		0.978181
512		0.978181
512.1		0.980939
512.2		0.980939
512.3		0.980939
512.4		0.980939
512.5		0.980939
512.6		0.980939
512.7		0.980939
512.8		0.980939
512.9		0.980939
513		0.980939
513.1		0.981117
513.2		0.981117
513.3		0.981117
513.4		0.981117
513.5		0.981117
513.6		0.981117
513.7		0.981117
513.8		0.981117
513.9		0.981117
514		0.981117
514.1		0.983786
514.2		0.983786
514.3		0.983786
514.4		0.983786
514.5		0.983786
514.6		0.983786
514.7		0.983786
514.8		0.983786
514.9		0.983786
515		0.983786
515.1		0.986922
515.2		0.986922
515.3		0.986922
515.4		0.986922
515.5		0.986922
515.6		0.986922
515.7		0.986922
515.8		0.986922
515.9		0.986922
516		0.986922
516.1		0.98879
516.2		0.98879
516.3		0.98879
516.4		0.98879
516.5		0.98879
516.6		0.98879
516.7		0.98879
516.8		0.98879
516.9		0.98879
517		0.98879
517.1		0.989191
517.2		0.989191
517.3		0.989191
517.4		0.989191
517.5		0.989191
517.6		0.989191
517.7		0.989191
517.8		0.989191
517.9		0.989191
518		0.989191
518.1		0.992949
518.2		0.992949
518.3		0.992949
518.4		0.992949
518.5		0.992949
518.6		0.992949
518.7		0.992949
518.8		0.992949
518.9		0.992949
519		0.992949
519.1		0.994239
519.2		0.994239
519.3		0.994239
519.4		0.994239
519.5		0.994239
519.6		0.994239
519.7		0.994239
519.8		0.994239
519.9		0.994239
520		0.994239
520.1		0.994506
520.2		0.994506
520.3		0.994506
520.4		0.994506
520.5		0.994506
520.6		0.994506
520.7		0.994506
520.8		0.994506
520.9		0.994506
521		0.994506
521.1		0.996597
521.2		0.996597
521.3		0.996597
521.4		0.996597
521.5		0.996597
521.6		0.996597
521.7		0.996597
521.8		0.996597
521.9		0.996597
522		0.996597
522.1		1
522.2		1
522.3		1
522.4		1
522.5		1
522.6		1
522.7		1
522.8		1
522.9		1
523		1
523.1		1
523.2		1
523.3		1
523.4		1
523.5		1
523.6		1
523.7		1
523.8		1
523.9		1
524		1
524.1		1
524.2		1
524.3		1
524.4		1
524.5		1
524.6		1
524.7		1
524.8		1
524.9		1
525		1
525.1		1
525.2		1
525.3		1
525.4		1
525.5		1
525.6		1
525.7		1
525.8		1
525.9		1
526		1
526.1		1
526.2		1
526.3		1
526.4		1
526.5		1
526.6		1
526.7		1
526.8		1
526.9		1
527		1
527.1		1
527.2		1
527.3		1
527.4		1
527.5		1
527.6		1
527.7		1
527.8		1
527.9		1
528		1
528.1		1
528.2		1
528.3		1
528.4		1
528.5		1
528.6		1
528.7		1
528.8		1
528.9		1
529		1
529.1		1
529.2		1
529.3		1
529.4		1
529.5		1
529.6		1
529.7		1
529.8		1
529.9		1
530		1
530.1		1
530.2		1
530.3		1
530.4		1
530.5		1
530.6		1
530.7		1
530.8		1
530.9		1
531		1
531.1		1
531.2		1
531.3		1
531.4		1
531.5		1
531.6		1
531.7		1
531.8		1
531.9		1
532		1
532.1		1
532.2		1
532.3		1
532.4		1
532.5		1
532.6		1
532.7		1
532.8		1
532.9		1
533		1
533.1		1
533.2		1
533.3		1
533.4		1
533.5		1
533.6		1
533.7		1
533.8		1
533.9		1
534		1
534.1		1
534.2		1
534.3		1
534.4		1
534.5		1
534.6		1
534.7		1
534.8		1
534.9		1
535		1
535.1		1
535.2		1
535.3		1
535.4		1
535.5		1
535.6		1
535.7		1
535.8		1
535.9		1
536		1
536.1		1
536.2		1
536.3		1
536.4		1
536.5		1
536.6		1
536.7		1
536.8		1
536.9		1
537		1
537.1		1
537.2		1
537.3		1
537.4		1
537.5		1
537.6		1
537.7		1
537.8		1
537.9		1
538		1
538.1		1
538.2		1
538.3		1
538.4		1
538.5		1
538.6		1
538.7		1
538.8		1
538.9		1
539		1
539.1		1
539.2		1
539.3		1
539.4		1
539.5		1
539.6		1
539.7		1
539.8		1
539.9		1
540		1
540.1		1
540.2		1
540.3		1
540.4		1
540.5		1
540.6		1
540.7		1
540.8		1
540.9		1
541		1
541.1		1
541.2		1
541.3		1
541.4		1
541.5		1
541.6		1
541.7		1
541.8		1
541.9		1
542		1
542.1		1
542.2		1
542.3		1
542.4		1
542.5		1
542.6		1
542.7		1
542.8		1
542.9		1
543		1
543.1		1
543.2		1
543.3		1
543.4		1
543.5		1
543.6		1
543.7		1
543.8		1
543.9		1
544		1
544.1		1
544.2		1
544.3		1
544.4		1
544.5		1
544.6		1
544.7		1
544.8		1
544.9		1
545		1
545.1		1
545.2		1
545.3		1
545.4		1
545.5		1
545.6		1
545.7		1
545.8		1
545.9		1
546		1
546.1		1
546.2		1
546.3		1
546.4		1
546.5		1
546.6		1
546.7		1
546.8		1
546.9		1
547		1
547.1		1
547.2		1
547.3		1
547.4		1
547.5		1
547.6		1
547.7		1
547.8		1
547.9		1
548		1
548.1		1
548.2		1
548.3		1
548.4		1
548.5		1
548.6		1
548.7		1
548.8		1
548.9		1
549		1
549.1		1
549.2		1
549.3		1
549.4		1
549.5		1
549.6		1
549.7		1
549.8		1
549.9		1
550		1
550.1		1
550.2		1
550.3		1
550.4		1
550.5		1
550.6		1
550.7		1
550.8		1
550.9		1
551		1
551.1		1
551.2		1
551.3		1
551.4		1
551.5		1
551.6		1
551.7		1
551.8		1
551.9		1
552		1
552.1		1
552.2		1
552.3		1
552.4		1
552.5		1
552.6		1
552.7		1
552.8		1
552.9		1
553		1
553.1		1
553.2		1
553.3		1
553.4		1
553.5		1
553.6		1
553.7		1
553.8		1
553.9		1
554		1
554.1		1
554.2		1
554.3		1
554.4		1
554.5		1
554.6		1
554.7		1
554.8		1
554.9		1
555		1
555.1		1
555.2		1
555.3		1
555.4		1
555.5		1
555.6		1
555.7		1
555.8		1
555.9		1
556		1
556.1		1
556.2		1
556.3		1
556.4		1
556.5		1
556.6		1
556.7		1
556.8		1
556.9		1
557		1
557.1		1
557.2		1
557.3		1
557.4		1
557.5		1
557.6		1
557.7		1
557.8		1
557.9		1
558		1
558.1		1
558.2		1
558.3		1
558.4		1
558.5		1
558.6		1
558.7		1
558.8		1
558.9		1
559		1
559.1		1
559.2		1
559.3		1
559.4		1
559.5		1
559.6		1
559.7		1
559.8		1
559.9		1
560		1
560.1		1
560.2		1
560.3		1
560.4		1
560.5		1
560.6		1
560.7		1
560.8		1
560.9		1
561		1
561.1		1
561.2		1
561.3		1
561.4		1
561.5		1
561.6		1
561.7		1
561.8		1
561.9		1
562		1
562.1		1
562.2		1
562.3		1
562.4		1
562.5		1
562.6		1
562.7		1
562.8		1
562.9		1
563		1
563.1		1
563.2		1
563.3		1
563.4		1
563.5		1
563.6		1
563.7		1
563.8		1
563.9		1
564		1
564.1		1
564.2		1
564.3		1
564.4		1
564.5		1
564.6		1
564.7		1
564.8		1
564.9		1
565		1
565.1		1
565.2		1
565.3		1
565.4		1
565.5		1
565.6		1
565.7		1
565.8		1
565.9		1
566		1
566.1		1
566.2		1
566.3		1
566.4		1
566.5		1
566.6		1
566.7		1
566.8		1
566.9		1
567		1
567.1		1
567.2		1
567.3		1
567.4		1
567.5		1
567.6		1
567.7		1
567.8		1
567.9		1
568		1
568.1		1
568.2		1
568.3		1
568.4		1
568.5		1
568.6		1
568.7		1
568.8		1
568.9		1
569		1
569.1		1
569.2		1
569.3		1
569.4		1
569.5		1
569.6		1
569.7		1
569.8		1
569.9		1
570		1
570.1		1
570.2		1
570.3		1
570.4		1
570.5		1
570.6		1
570.7		1
570.8		1
570.9		1
571		1
571.1		1
571.2		1
571.3		1
571.4		1
571.5		1
571.6		1
571.7		1
571.8		1
571.9		1
572		1
572.1		1
572.2		1
572.3		1
572.4		1
572.5		1
572.6		1
572.7		1
572.8		1
572.9		1
573		1
573.1		1
573.2		1
573.3		1
573.4		1
573.5		1
573.6		1
573.7		1
573.8		1
573.9		1
574		1
574.1		1
574.2		1
574.3		1
574.4		1
574.5		1
574.6		1
574.7		1
574.8		1
574.9		1
575		1
575.1		1
575.2		1
575.3		1
575.4		1
575.5		1
575.6		1
575.7		1
575.8		1
575.9		1
576		1
576.1		1
576.2		1
576.3		1
576.4		1
576.5		1
576.6		1
576.7		1
576.8		1
576.9		1
577		1
577.1		1
577.2		1
577.3		1
577.4		1
577.5		1
577.6		1
577.7		1
577.8		1
577.9		1
578		1
578.1		1
578.2		1
578.3		1
578.4		1
578.5		1
578.6		1
578.7		1
578.8		1
578.9		1
579		1
579.1		1
579.2		1
579.3		1
579.4		1
579.5		1
579.6		1
579.7		1
579.8		1
579.9		1
580		1
580.1		1
580.2		1
580.3		1
580.4		1
580.5		1
580.6		1
580.7		1
580.8		1
580.9		1
581		1
581.1		1
581.2		1
581.3		1
581.4		1
581.5		1
581.6		1
581.7		1
581.8		1
581.9		1
582		1
582.1		1
582.2		1
582.3		1
582.4		1
582.5		1
582.6		1
582.7		1
582.8		1
582.9		1
583		1
583.1		1
583.2		1
583.3		1
583.4		1
583.5		1
583.6		1
583.7		1
583.8		1
583.9		1
584		1
584.1		1
584.2		1
584.3		1
584.4		1
584.5		1
584.6		1
584.7		1
584.8		1
584.9		1
585		1
585.1		1
585.2		1
585.3		1
585.4		1
585.5		1
585.6		1
585.7		1
585.8		1
585.9		1
586		1
586.1		1
586.2		1
586.3		1
586.4		1
586.5		1
586.6		1
586.7		1
586.8		1
586.9		1
587		1
587.1		1
587.2		1
587.3		1
587.4		1
587.5		1
587.6		1
587.7		1
587.8		1
587.9		1
588		1
588.1		1
588.2		1
588.3		1
588.4		1
588.5		1
588.6		1
588.7		1
588.8		1
588.9		1
589		1
589.1		1
589.2		1
589.3		1
589.4		1
589.5		1
589.6		1
589.7		1
589.8		1
589.9		1
590		1
590.1		1
590.2		1
590.3		1
590.4		1
590.5		1
590.6		1
590.7		1
590.8		1
590.9		1
591		1
591.1		1
591.2		1
591.3		1
591.4		1
591.5		1
591.6		1
591.7		1
591.8		1
591.9		1
592		1
592.1		1
592.2		1
592.3		1
592.4		1
592.5		1
592.6		1
592.7		1
592.8		1
592.9		1
593		1
593.1		1
593.2		1
593.3		1
593.4		1
593.5		1
593.6		1
593.7		1
593.8		1
593.9		1
594		1
594.1		1
594.2		1
594.3		1
594.4		1
594.5		1
594.6		1
594.7		1
594.8		1
594.9		1
595		1
595.1		1
595.2		1
595.3		1
595.4		1
595.5		1
595.6		1
595.7		1
595.8		1
595.9		1
596		1
596.1		1
596.2		1
596.3		1
596.4		1
596.5		1
596.6		1
596.7		1
596.8		1
596.9		1
597		1
597.1		1
597.2		1
597.3		1
597.4		1
597.5		1
597.6		1
597.7		1
597.8		1
597.9		1
598		1
598.1		1
598.2		1
598.3		1
598.4		1
598.5		1
598.6		1
598.7		1
598.8		1
598.9		1
599		1
599.1		1
599.2		1
599.3		1
599.4		1
599.5		1
599.6		1
599.7		1
599.8		1
599.9		1
600		1
