# Calibration file of tamex_id 0 @ channel 36
# fine_T bin		 Calibration value
0.1		0
0.2		0
0.3		0
0.4		0
0.5		0
0.6		0
0.7		0
0.8		0
0.9		0
1		0
1.1		0
1.2		0
1.3		0
1.4		0
1.5		0
1.6		0
1.7		0
1.8		0
1.9		0
2		0
2.1		0
2.2		0
2.3		0
2.4		0
2.5		0
2.6		0
2.7		0
2.8		0
2.9		0
3		0
3.1		0
3.2		0
3.3		0
3.4		0
3.5		0
3.6		0
3.7		0
3.8		0
3.9		0
4		0
4.1		0
4.2		0
4.3		0
4.4		0
4.5		0
4.6		0
4.7		0
4.8		0
4.9		0
5		0
5.1		0
5.2		0
5.3		0
5.4		0
5.5		0
5.6		0
5.7		0
5.8		0
5.9		0
6		0
6.1		0
6.2		0
6.3		0
6.4		0
6.5		0
6.6		0
6.7		0
6.8		0
6.9		0
7		0
7.1		0
7.2		0
7.3		0
7.4		0
7.5		0
7.6		0
7.7		0
7.8		0
7.9		0
8		0
8.1		0
8.2		0
8.3		0
8.4		0
8.5		0
8.6		0
8.7		0
8.8		0
8.9		0
9		0
9.1		0
9.2		0
9.3		0
9.4		0
9.5		0
9.6		0
9.7		0
9.8		0
9.9		0
10		0
10.1		0
10.2		0
10.3		0
10.4		0
10.5		0
10.6		0
10.7		0
10.8		0
10.9		0
11		0
11.1		0
11.2		0
11.3		0
11.4		0
11.5		0
11.6		0
11.7		0
11.8		0
11.9		0
12		0
12.1		0
12.2		0
12.3		0
12.4		0
12.5		0
12.6		0
12.7		0
12.8		0
12.9		0
13		0
13.1		0
13.2		0
13.3		0
13.4		0
13.5		0
13.6		0
13.7		0
13.8		0
13.9		0
14		0
14.1		0
14.2		0
14.3		0
14.4		0
14.5		0
14.6		0
14.7		0
14.8		0
14.9		0
15		0
15.1		0
15.2		0
15.3		0
15.4		0
15.5		0
15.6		0
15.7		0
15.8		0
15.9		0
16		0
16.1		0
16.2		0
16.3		0
16.4		0
16.5		0
16.6		0
16.7		0
16.8		0
16.9		0
17		0
17.1		0.00303425
17.2		0.00303425
17.3		0.00303425
17.4		0.00303425
17.5		0.00303425
17.6		0.00303425
17.7		0.00303425
17.8		0.00303425
17.9		0.00303425
18		0.00303425
18.1		0.0067289
18.2		0.0067289
18.3		0.0067289
18.4		0.0067289
18.5		0.0067289
18.6		0.0067289
18.7		0.0067289
18.8		0.0067289
18.9		0.0067289
19		0.0067289
19.1		0.00994164
19.2		0.00994164
19.3		0.00994164
19.4		0.00994164
19.5		0.00994164
19.6		0.00994164
19.7		0.00994164
19.8		0.00994164
19.9		0.00994164
20		0.00994164
20.1		0.0135292
20.2		0.0135292
20.3		0.0135292
20.4		0.0135292
20.5		0.0135292
20.6		0.0135292
20.7		0.0135292
20.8		0.0135292
20.9		0.0135292
21		0.0135292
21.1		0.0149571
21.2		0.0149571
21.3		0.0149571
21.4		0.0149571
21.5		0.0149571
21.6		0.0149571
21.7		0.0149571
21.8		0.0149571
21.9		0.0149571
22		0.0149571
22.1		0.0167598
22.2		0.0167598
22.3		0.0167598
22.4		0.0167598
22.5		0.0167598
22.6		0.0167598
22.7		0.0167598
22.8		0.0167598
22.9		0.0167598
23		0.0167598
23.1		0.0178485
23.2		0.0178485
23.3		0.0178485
23.4		0.0178485
23.5		0.0178485
23.6		0.0178485
23.7		0.0178485
23.8		0.0178485
23.9		0.0178485
24		0.0178485
24.1		0.0181341
24.2		0.0181341
24.3		0.0181341
24.4		0.0181341
24.5		0.0181341
24.6		0.0181341
24.7		0.0181341
24.8		0.0181341
24.9		0.0181341
25		0.0181341
25.1		0.0253806
25.2		0.0253806
25.3		0.0253806
25.4		0.0253806
25.5		0.0253806
25.6		0.0253806
25.7		0.0253806
25.8		0.0253806
25.9		0.0253806
26		0.0253806
26.1		0.026987
26.2		0.026987
26.3		0.026987
26.4		0.026987
26.5		0.026987
26.6		0.026987
26.7		0.026987
26.8		0.026987
26.9		0.026987
27		0.026987
27.1		0.0298428
27.2		0.0298428
27.3		0.0298428
27.4		0.0298428
27.5		0.0298428
27.6		0.0298428
27.7		0.0298428
27.8		0.0298428
27.9		0.0298428
28		0.0298428
28.1		0.0305745
28.2		0.0305745
28.3		0.0305745
28.4		0.0305745
28.5		0.0305745
28.6		0.0305745
28.7		0.0305745
28.8		0.0305745
28.9		0.0305745
29		0.0305745
29.1		0.031931
29.2		0.031931
29.3		0.031931
29.4		0.031931
29.5		0.031931
29.6		0.031931
29.7		0.031931
29.8		0.031931
29.9		0.031931
30		0.031931
30.1		0.0338051
30.2		0.0338051
30.3		0.0338051
30.4		0.0338051
30.5		0.0338051
30.6		0.0338051
30.7		0.0338051
30.8		0.0338051
30.9		0.0338051
31		0.0338051
31.1		0.035358
31.2		0.035358
31.3		0.035358
31.4		0.035358
31.5		0.035358
31.6		0.035358
31.7		0.035358
31.8		0.035358
31.9		0.035358
32		0.035358
32.1		0.0372142
32.2		0.0372142
32.3		0.0372142
32.4		0.0372142
32.5		0.0372142
32.6		0.0372142
32.7		0.0372142
32.8		0.0372142
32.9		0.0372142
33		0.0372142
33.1		0.0397308
33.2		0.0397308
33.3		0.0397308
33.4		0.0397308
33.5		0.0397308
33.6		0.0397308
33.7		0.0397308
33.8		0.0397308
33.9		0.0397308
34		0.0397308
34.1		0.0415157
34.2		0.0415157
34.3		0.0415157
34.4		0.0415157
34.5		0.0415157
34.6		0.0415157
34.7		0.0415157
34.8		0.0415157
34.9		0.0415157
35		0.0415157
35.1		0.0449069
35.2		0.0449069
35.3		0.0449069
35.4		0.0449069
35.5		0.0449069
35.6		0.0449069
35.7		0.0449069
35.8		0.0449069
35.9		0.0449069
36		0.0449069
36.1		0.0458886
36.2		0.0458886
36.3		0.0458886
36.4		0.0458886
36.5		0.0458886
36.6		0.0458886
36.7		0.0458886
36.8		0.0458886
36.9		0.0458886
37		0.0458886
37.1		0.0468524
37.2		0.0468524
37.3		0.0468524
37.4		0.0468524
37.5		0.0468524
37.6		0.0468524
37.7		0.0468524
37.8		0.0468524
37.9		0.0468524
38		0.0468524
38.1		0.0506185
38.2		0.0506185
38.3		0.0506185
38.4		0.0506185
38.5		0.0506185
38.6		0.0506185
38.7		0.0506185
38.8		0.0506185
38.9		0.0506185
39		0.0506185
39.1		0.0522605
39.2		0.0522605
39.3		0.0522605
39.4		0.0522605
39.5		0.0522605
39.6		0.0522605
39.7		0.0522605
39.8		0.0522605
39.9		0.0522605
40		0.0522605
40.1		0.0525639
40.2		0.0525639
40.3		0.0525639
40.4		0.0525639
40.5		0.0525639
40.6		0.0525639
40.7		0.0525639
40.8		0.0525639
40.9		0.0525639
41		0.0525639
41.1		0.0564728
41.2		0.0564728
41.3		0.0564728
41.4		0.0564728
41.5		0.0564728
41.6		0.0564728
41.7		0.0564728
41.8		0.0564728
41.9		0.0564728
42		0.0564728
42.1		0.057151
42.2		0.057151
42.3		0.057151
42.4		0.057151
42.5		0.057151
42.6		0.057151
42.7		0.057151
42.8		0.057151
42.9		0.057151
43		0.057151
43.1		0.0612026
43.2		0.0612026
43.3		0.0612026
43.4		0.0612026
43.5		0.0612026
43.6		0.0612026
43.7		0.0612026
43.8		0.0612026
43.9		0.0612026
44		0.0612026
44.1		0.0618273
44.2		0.0618273
44.3		0.0618273
44.4		0.0618273
44.5		0.0618273
44.6		0.0618273
44.7		0.0618273
44.8		0.0618273
44.9		0.0618273
45		0.0618273
45.1		0.0637371
45.2		0.0637371
45.3		0.0637371
45.4		0.0637371
45.5		0.0637371
45.6		0.0637371
45.7		0.0637371
45.8		0.0637371
45.9		0.0637371
46		0.0637371
46.1		0.0681636
46.2		0.0681636
46.3		0.0681636
46.4		0.0681636
46.5		0.0681636
46.6		0.0681636
46.7		0.0681636
46.8		0.0681636
46.9		0.0681636
47		0.0681636
47.1		0.0685741
47.2		0.0685741
47.3		0.0685741
47.4		0.0685741
47.5		0.0685741
47.6		0.0685741
47.7		0.0685741
47.8		0.0685741
47.9		0.0685741
48		0.0685741
48.1		0.0696807
48.2		0.0696807
48.3		0.0696807
48.4		0.0696807
48.5		0.0696807
48.6		0.0696807
48.7		0.0696807
48.8		0.0696807
48.9		0.0696807
49		0.0696807
49.1		0.0744819
49.2		0.0744819
49.3		0.0744819
49.4		0.0744819
49.5		0.0744819
49.6		0.0744819
49.7		0.0744819
49.8		0.0744819
49.9		0.0744819
50		0.0744819
50.1		0.0761776
50.2		0.0761776
50.3		0.0761776
50.4		0.0761776
50.5		0.0761776
50.6		0.0761776
50.7		0.0761776
50.8		0.0761776
50.9		0.0761776
51		0.0761776
51.1		0.0775519
51.2		0.0775519
51.3		0.0775519
51.4		0.0775519
51.5		0.0775519
51.6		0.0775519
51.7		0.0775519
51.8		0.0775519
51.9		0.0775519
52		0.0775519
52.1		0.0789619
52.2		0.0789619
52.3		0.0789619
52.4		0.0789619
52.5		0.0789619
52.6		0.0789619
52.7		0.0789619
52.8		0.0789619
52.9		0.0789619
53		0.0789619
53.1		0.0813358
53.2		0.0813358
53.3		0.0813358
53.4		0.0813358
53.5		0.0813358
53.6		0.0813358
53.7		0.0813358
53.8		0.0813358
53.9		0.0813358
54		0.0813358
54.1		0.0828351
54.2		0.0828351
54.3		0.0828351
54.4		0.0828351
54.5		0.0828351
54.6		0.0828351
54.7		0.0828351
54.8		0.0828351
54.9		0.0828351
55		0.0828351
55.1		0.0851018
55.2		0.0851018
55.3		0.0851018
55.4		0.0851018
55.5		0.0851018
55.6		0.0851018
55.7		0.0851018
55.8		0.0851018
55.9		0.0851018
56		0.0851018
56.1		0.0860121
56.2		0.0860121
56.3		0.0860121
56.4		0.0860121
56.5		0.0860121
56.6		0.0860121
56.7		0.0860121
56.8		0.0860121
56.9		0.0860121
57		0.0860121
57.1		0.0890642
57.2		0.0890642
57.3		0.0890642
57.4		0.0890642
57.5		0.0890642
57.6		0.0890642
57.7		0.0890642
57.8		0.0890642
57.9		0.0890642
58		0.0890642
58.1		0.0919021
58.2		0.0919021
58.3		0.0919021
58.4		0.0919021
58.5		0.0919021
58.6		0.0919021
58.7		0.0919021
58.8		0.0919021
58.9		0.0919021
59		0.0919021
59.1		0.0938655
59.2		0.0938655
59.3		0.0938655
59.4		0.0938655
59.5		0.0938655
59.6		0.0938655
59.7		0.0938655
59.8		0.0938655
59.9		0.0938655
60		0.0938655
60.1		0.0952933
60.2		0.0952933
60.3		0.0952933
60.4		0.0952933
60.5		0.0952933
60.6		0.0952933
60.7		0.0952933
60.8		0.0952933
60.9		0.0952933
61		0.0952933
61.1		0.0960608
61.2		0.0960608
61.3		0.0960608
61.4		0.0960608
61.5		0.0960608
61.6		0.0960608
61.7		0.0960608
61.8		0.0960608
61.9		0.0960608
62		0.0960608
62.1		0.0982205
62.2		0.0982205
62.3		0.0982205
62.4		0.0982205
62.5		0.0982205
62.6		0.0982205
62.7		0.0982205
62.8		0.0982205
62.9		0.0982205
63		0.0982205
63.1		0.10138
63.2		0.10138
63.3		0.10138
63.4		0.10138
63.5		0.10138
63.6		0.10138
63.7		0.10138
63.8		0.10138
63.9		0.10138
64		0.10138
64.1		0.103022
64.2		0.103022
64.3		0.103022
64.4		0.103022
64.5		0.103022
64.6		0.103022
64.7		0.103022
64.8		0.103022
64.9		0.103022
65		0.103022
65.1		0.106056
65.2		0.106056
65.3		0.106056
65.4		0.106056
65.5		0.106056
65.6		0.106056
65.7		0.106056
65.8		0.106056
65.9		0.106056
66		0.106056
66.1		0.106163
66.2		0.106163
66.3		0.106163
66.4		0.106163
66.5		0.106163
66.6		0.106163
66.7		0.106163
66.8		0.106163
66.9		0.106163
67		0.106163
67.1		0.106645
67.2		0.106645
67.3		0.106645
67.4		0.106645
67.5		0.106645
67.6		0.106645
67.7		0.106645
67.8		0.106645
67.9		0.106645
68		0.106645
68.1		0.112214
68.2		0.112214
68.3		0.112214
68.4		0.112214
68.5		0.112214
68.6		0.112214
68.7		0.112214
68.8		0.112214
68.9		0.112214
69		0.112214
69.1		0.112374
69.2		0.112374
69.3		0.112374
69.4		0.112374
69.5		0.112374
69.6		0.112374
69.7		0.112374
69.8		0.112374
69.9		0.112374
70		0.112374
70.1		0.113088
70.2		0.113088
70.3		0.113088
70.4		0.113088
70.5		0.113088
70.6		0.113088
70.7		0.113088
70.8		0.113088
70.9		0.113088
71		0.113088
71.1		0.114695
71.2		0.114695
71.3		0.114695
71.4		0.114695
71.5		0.114695
71.6		0.114695
71.7		0.114695
71.8		0.114695
71.9		0.114695
72		0.114695
72.1		0.119782
72.2		0.119782
72.3		0.119782
72.4		0.119782
72.5		0.119782
72.6		0.119782
72.7		0.119782
72.8		0.119782
72.9		0.119782
73		0.119782
73.1		0.123655
73.2		0.123655
73.3		0.123655
73.4		0.123655
73.5		0.123655
73.6		0.123655
73.7		0.123655
73.8		0.123655
73.9		0.123655
74		0.123655
74.1		0.125172
74.2		0.125172
74.3		0.125172
74.4		0.125172
74.5		0.125172
74.6		0.125172
74.7		0.125172
74.8		0.125172
74.9		0.125172
75		0.125172
75.1		0.125457
75.2		0.125457
75.3		0.125457
75.4		0.125457
75.5		0.125457
75.6		0.125457
75.7		0.125457
75.8		0.125457
75.9		0.125457
76		0.125457
76.1		0.129527
76.2		0.129527
76.3		0.129527
76.4		0.129527
76.5		0.129527
76.6		0.129527
76.7		0.129527
76.8		0.129527
76.9		0.129527
77		0.129527
77.1		0.131383
77.2		0.131383
77.3		0.131383
77.4		0.131383
77.5		0.131383
77.6		0.131383
77.7		0.131383
77.8		0.131383
77.9		0.131383
78		0.131383
78.1		0.131651
78.2		0.131651
78.3		0.131651
78.4		0.131651
78.5		0.131651
78.6		0.131651
78.7		0.131651
78.8		0.131651
78.9		0.131651
79		0.131651
79.1		0.135221
79.2		0.135221
79.3		0.135221
79.4		0.135221
79.5		0.135221
79.6		0.135221
79.7		0.135221
79.8		0.135221
79.9		0.135221
80		0.135221
80.1		0.136988
80.2		0.136988
80.3		0.136988
80.4		0.136988
80.5		0.136988
80.6		0.136988
80.7		0.136988
80.8		0.136988
80.9		0.136988
81		0.136988
81.1		0.139915
81.2		0.139915
81.3		0.139915
81.4		0.139915
81.5		0.139915
81.6		0.139915
81.7		0.139915
81.8		0.139915
81.9		0.139915
82		0.139915
82.1		0.140843
82.2		0.140843
82.3		0.140843
82.4		0.140843
82.5		0.140843
82.6		0.140843
82.7		0.140843
82.8		0.140843
82.9		0.140843
83		0.140843
83.1		0.142878
83.2		0.142878
83.3		0.142878
83.4		0.142878
83.5		0.142878
83.6		0.142878
83.7		0.142878
83.8		0.142878
83.9		0.142878
84		0.142878
84.1		0.146037
84.2		0.146037
84.3		0.146037
84.4		0.146037
84.5		0.146037
84.6		0.146037
84.7		0.146037
84.8		0.146037
84.9		0.146037
85		0.146037
85.1		0.148696
85.2		0.148696
85.3		0.148696
85.4		0.148696
85.5		0.148696
85.6		0.148696
85.7		0.148696
85.8		0.148696
85.9		0.148696
86		0.148696
86.1		0.150642
86.2		0.150642
86.3		0.150642
86.4		0.150642
86.5		0.150642
86.6		0.150642
86.7		0.150642
86.8		0.150642
86.9		0.150642
87		0.150642
87.1		0.150909
87.2		0.150909
87.3		0.150909
87.4		0.150909
87.5		0.150909
87.6		0.150909
87.7		0.150909
87.8		0.150909
87.9		0.150909
88		0.150909
88.1		0.153854
88.2		0.153854
88.3		0.153854
88.4		0.153854
88.5		0.153854
88.6		0.153854
88.7		0.153854
88.8		0.153854
88.9		0.153854
89		0.153854
89.1		0.154443
89.2		0.154443
89.3		0.154443
89.4		0.154443
89.5		0.154443
89.6		0.154443
89.7		0.154443
89.8		0.154443
89.9		0.154443
90		0.154443
90.1		0.156889
90.2		0.156889
90.3		0.156889
90.4		0.156889
90.5		0.156889
90.6		0.156889
90.7		0.156889
90.8		0.156889
90.9		0.156889
91		0.156889
91.1		0.161993
91.2		0.161993
91.3		0.161993
91.4		0.161993
91.5		0.161993
91.6		0.161993
91.7		0.161993
91.8		0.161993
91.9		0.161993
92		0.161993
92.1		0.162904
92.2		0.162904
92.3		0.162904
92.4		0.162904
92.5		0.162904
92.6		0.162904
92.7		0.162904
92.8		0.162904
92.9		0.162904
93		0.162904
93.1		0.16426
93.2		0.16426
93.3		0.16426
93.4		0.16426
93.5		0.16426
93.6		0.16426
93.7		0.16426
93.8		0.16426
93.9		0.16426
94		0.16426
94.1		0.165045
94.2		0.165045
94.3		0.165045
94.4		0.165045
94.5		0.165045
94.6		0.165045
94.7		0.165045
94.8		0.165045
94.9		0.165045
95		0.165045
95.1		0.166866
95.2		0.166866
95.3		0.166866
95.4		0.166866
95.5		0.166866
95.6		0.166866
95.7		0.166866
95.8		0.166866
95.9		0.166866
96		0.166866
96.1		0.168026
96.2		0.168026
96.3		0.168026
96.4		0.168026
96.5		0.168026
96.6		0.168026
96.7		0.168026
96.8		0.168026
96.9		0.168026
97		0.168026
97.1		0.171953
97.2		0.171953
97.3		0.171953
97.4		0.171953
97.5		0.171953
97.6		0.171953
97.7		0.171953
97.8		0.171953
97.9		0.171953
98		0.171953
98.1		0.17554
98.2		0.17554
98.3		0.17554
98.4		0.17554
98.5		0.17554
98.6		0.17554
98.7		0.17554
98.8		0.17554
98.9		0.17554
99		0.17554
99.1		0.175951
99.2		0.175951
99.3		0.175951
99.4		0.175951
99.5		0.175951
99.6		0.175951
99.7		0.175951
99.8		0.175951
99.9		0.175951
100		0.175951
100.1		0.177771
100.2		0.177771
100.3		0.177771
100.4		0.177771
100.5		0.177771
100.6		0.177771
100.7		0.177771
100.8		0.177771
100.9		0.177771
101		0.177771
101.1		0.178664
101.2		0.178664
101.3		0.178664
101.4		0.178664
101.5		0.178664
101.6		0.178664
101.7		0.178664
101.8		0.178664
101.9		0.178664
102		0.178664
102.1		0.182876
102.2		0.182876
102.3		0.182876
102.4		0.182876
102.5		0.182876
102.6		0.182876
102.7		0.182876
102.8		0.182876
102.9		0.182876
103		0.182876
103.1		0.184715
103.2		0.184715
103.3		0.184715
103.4		0.184715
103.5		0.184715
103.6		0.184715
103.7		0.184715
103.8		0.184715
103.9		0.184715
104		0.184715
104.1		0.18575
104.2		0.18575
104.3		0.18575
104.4		0.18575
104.5		0.18575
104.6		0.18575
104.7		0.18575
104.8		0.18575
104.9		0.18575
105		0.18575
105.1		0.186428
105.2		0.186428
105.3		0.186428
105.4		0.186428
105.5		0.186428
105.6		0.186428
105.7		0.186428
105.8		0.186428
105.9		0.186428
106		0.186428
106.1		0.190676
106.2		0.190676
106.3		0.190676
106.4		0.190676
106.5		0.190676
106.6		0.190676
106.7		0.190676
106.8		0.190676
106.9		0.190676
107		0.190676
107.1		0.19305
107.2		0.19305
107.3		0.19305
107.4		0.19305
107.5		0.19305
107.6		0.19305
107.7		0.19305
107.8		0.19305
107.9		0.19305
108		0.19305
108.1		0.194656
108.2		0.194656
108.3		0.194656
108.4		0.194656
108.5		0.194656
108.6		0.194656
108.7		0.194656
108.8		0.194656
108.9		0.194656
109		0.194656
109.1		0.195174
109.2		0.195174
109.3		0.195174
109.4		0.195174
109.5		0.195174
109.6		0.195174
109.7		0.195174
109.8		0.195174
109.9		0.195174
110		0.195174
110.1		0.19919
110.2		0.19919
110.3		0.19919
110.4		0.19919
110.5		0.19919
110.6		0.19919
110.7		0.19919
110.8		0.19919
110.9		0.19919
111		0.19919
111.1		0.200796
111.2		0.200796
111.3		0.200796
111.4		0.200796
111.5		0.200796
111.6		0.200796
111.7		0.200796
111.8		0.200796
111.9		0.200796
112		0.200796
112.1		0.203777
112.2		0.203777
112.3		0.203777
112.4		0.203777
112.5		0.203777
112.6		0.203777
112.7		0.203777
112.8		0.203777
112.9		0.203777
113		0.203777
113.1		0.206115
113.2		0.206115
113.3		0.206115
113.4		0.206115
113.5		0.206115
113.6		0.206115
113.7		0.206115
113.8		0.206115
113.9		0.206115
114		0.206115
114.1		0.210934
114.2		0.210934
114.3		0.210934
114.4		0.210934
114.5		0.210934
114.6		0.210934
114.7		0.210934
114.8		0.210934
114.9		0.210934
115		0.210934
115.1		0.211059
115.2		0.211059
115.3		0.211059
115.4		0.211059
115.5		0.211059
115.6		0.211059
115.7		0.211059
115.8		0.211059
115.9		0.211059
116		0.211059
116.1		0.211791
116.2		0.211791
116.3		0.211791
116.4		0.211791
116.5		0.211791
116.6		0.211791
116.7		0.211791
116.8		0.211791
116.9		0.211791
117		0.211791
117.1		0.213808
117.2		0.213808
117.3		0.213808
117.4		0.213808
117.5		0.213808
117.6		0.213808
117.7		0.213808
117.8		0.213808
117.9		0.213808
118		0.213808
118.1		0.21661
118.2		0.21661
118.3		0.21661
118.4		0.21661
118.5		0.21661
118.6		0.21661
118.7		0.21661
118.8		0.21661
118.9		0.21661
119		0.21661
119.1		0.220447
119.2		0.220447
119.3		0.220447
119.4		0.220447
119.5		0.220447
119.6		0.220447
119.7		0.220447
119.8		0.220447
119.9		0.220447
120		0.220447
120.1		0.220554
120.2		0.220554
120.3		0.220554
120.4		0.220554
120.5		0.220554
120.6		0.220554
120.7		0.220554
120.8		0.220554
120.9		0.220554
121		0.220554
121.1		0.222393
121.2		0.222393
121.3		0.222393
121.4		0.222393
121.5		0.222393
121.6		0.222393
121.7		0.222393
121.8		0.222393
121.9		0.222393
122		0.222393
122.1		0.223571
122.2		0.223571
122.3		0.223571
122.4		0.223571
122.5		0.223571
122.6		0.223571
122.7		0.223571
122.8		0.223571
122.9		0.223571
123		0.223571
123.1		0.22623
123.2		0.22623
123.3		0.22623
123.4		0.22623
123.5		0.22623
123.6		0.22623
123.7		0.22623
123.8		0.22623
123.9		0.22623
124		0.22623
124.1		0.230853
124.2		0.230853
124.3		0.230853
124.4		0.230853
124.5		0.230853
124.6		0.230853
124.7		0.230853
124.8		0.230853
124.9		0.230853
125		0.230853
125.1		0.231353
125.2		0.231353
125.3		0.231353
125.4		0.231353
125.5		0.231353
125.6		0.231353
125.7		0.231353
125.8		0.231353
125.9		0.231353
126		0.231353
126.1		0.23196
126.2		0.23196
126.3		0.23196
126.4		0.23196
126.5		0.23196
126.6		0.23196
126.7		0.23196
126.8		0.23196
126.9		0.23196
127		0.23196
127.1		0.232923
127.2		0.232923
127.3		0.232923
127.4		0.232923
127.5		0.232923
127.6		0.232923
127.7		0.232923
127.8		0.232923
127.9		0.232923
128		0.232923
128.1		0.2371
128.2		0.2371
128.3		0.2371
128.4		0.2371
128.5		0.2371
128.6		0.2371
128.7		0.2371
128.8		0.2371
128.9		0.2371
129		0.2371
129.1		0.237939
129.2		0.237939
129.3		0.237939
129.4		0.237939
129.5		0.237939
129.6		0.237939
129.7		0.237939
129.8		0.237939
129.9		0.237939
130		0.237939
130.1		0.240741
130.2		0.240741
130.3		0.240741
130.4		0.240741
130.5		0.240741
130.6		0.240741
130.7		0.240741
130.8		0.240741
130.9		0.240741
131		0.240741
131.1		0.243365
131.2		0.243365
131.3		0.243365
131.4		0.243365
131.5		0.243365
131.6		0.243365
131.7		0.243365
131.8		0.243365
131.9		0.243365
132		0.243365
132.1		0.246185
132.2		0.246185
132.3		0.246185
132.4		0.246185
132.5		0.246185
132.6		0.246185
132.7		0.246185
132.8		0.246185
132.9		0.246185
133		0.246185
133.1		0.246685
133.2		0.246685
133.3		0.246685
133.4		0.246685
133.5		0.246685
133.6		0.246685
133.7		0.246685
133.8		0.246685
133.9		0.246685
134		0.246685
134.1		0.246881
134.2		0.246881
134.3		0.246881
134.4		0.246881
134.5		0.246881
134.6		0.246881
134.7		0.246881
134.8		0.246881
134.9		0.246881
135		0.246881
135.1		0.248987
135.2		0.248987
135.3		0.248987
135.4		0.248987
135.5		0.248987
135.6		0.248987
135.7		0.248987
135.8		0.248987
135.9		0.248987
136		0.248987
136.1		0.253699
136.2		0.253699
136.3		0.253699
136.4		0.253699
136.5		0.253699
136.6		0.253699
136.7		0.253699
136.8		0.253699
136.9		0.253699
137		0.253699
137.1		0.255163
137.2		0.255163
137.3		0.255163
137.4		0.255163
137.5		0.255163
137.6		0.255163
137.7		0.255163
137.8		0.255163
137.9		0.255163
138		0.255163
138.1		0.256555
138.2		0.256555
138.3		0.256555
138.4		0.256555
138.5		0.256555
138.6		0.256555
138.7		0.256555
138.8		0.256555
138.9		0.256555
139		0.256555
139.1		0.256751
139.2		0.256751
139.3		0.256751
139.4		0.256751
139.5		0.256751
139.6		0.256751
139.7		0.256751
139.8		0.256751
139.9		0.256751
140		0.256751
140.1		0.262498
140.2		0.262498
140.3		0.262498
140.4		0.262498
140.5		0.262498
140.6		0.262498
140.7		0.262498
140.8		0.262498
140.9		0.262498
141		0.262498
141.1		0.263319
141.2		0.263319
141.3		0.263319
141.4		0.263319
141.5		0.263319
141.6		0.263319
141.7		0.263319
141.8		0.263319
141.9		0.263319
142		0.263319
142.1		0.263552
142.2		0.263552
142.3		0.263552
142.4		0.263552
142.5		0.263552
142.6		0.263552
142.7		0.263552
142.8		0.263552
142.9		0.263552
143		0.263552
143.1		0.265693
143.2		0.265693
143.3		0.265693
143.4		0.265693
143.5		0.265693
143.6		0.265693
143.7		0.265693
143.8		0.265693
143.9		0.265693
144		0.265693
144.1		0.271084
144.2		0.271084
144.3		0.271084
144.4		0.271084
144.5		0.271084
144.6		0.271084
144.7		0.271084
144.8		0.271084
144.9		0.271084
145		0.271084
145.1		0.271833
145.2		0.271833
145.3		0.271833
145.4		0.271833
145.5		0.271833
145.6		0.271833
145.7		0.271833
145.8		0.271833
145.9		0.271833
146		0.271833
146.1		0.273208
146.2		0.273208
146.3		0.273208
146.4		0.273208
146.5		0.273208
146.6		0.273208
146.7		0.273208
146.8		0.273208
146.9		0.273208
147		0.273208
147.1		0.274814
147.2		0.274814
147.3		0.274814
147.4		0.274814
147.5		0.274814
147.6		0.274814
147.7		0.274814
147.8		0.274814
147.9		0.274814
148		0.274814
148.1		0.278848
148.2		0.278848
148.3		0.278848
148.4		0.278848
148.5		0.278848
148.6		0.278848
148.7		0.278848
148.8		0.278848
148.9		0.278848
149		0.278848
149.1		0.282685
149.2		0.282685
149.3		0.282685
149.4		0.282685
149.5		0.282685
149.6		0.282685
149.7		0.282685
149.8		0.282685
149.9		0.282685
150		0.282685
150.1		0.283435
150.2		0.283435
150.3		0.283435
150.4		0.283435
150.5		0.283435
150.6		0.283435
150.7		0.283435
150.8		0.283435
150.9		0.283435
151		0.283435
151.1		0.283863
151.2		0.283863
151.3		0.283863
151.4		0.283863
151.5		0.283863
151.6		0.283863
151.7		0.283863
151.8		0.283863
151.9		0.283863
152		0.283863
152.1		0.286737
152.2		0.286737
152.3		0.286737
152.4		0.286737
152.5		0.286737
152.6		0.286737
152.7		0.286737
152.8		0.286737
152.9		0.286737
153		0.286737
153.1		0.288307
153.2		0.288307
153.3		0.288307
153.4		0.288307
153.5		0.288307
153.6		0.288307
153.7		0.288307
153.8		0.288307
153.9		0.288307
154		0.288307
154.1		0.292073
154.2		0.292073
154.3		0.292073
154.4		0.292073
154.5		0.292073
154.6		0.292073
154.7		0.292073
154.8		0.292073
154.9		0.292073
155		0.292073
155.1		0.295322
155.2		0.295322
155.3		0.295322
155.4		0.295322
155.5		0.295322
155.6		0.295322
155.7		0.295322
155.8		0.295322
155.9		0.295322
156		0.295322
156.1		0.295607
156.2		0.295607
156.3		0.295607
156.4		0.295607
156.5		0.295607
156.6		0.295607
156.7		0.295607
156.8		0.295607
156.9		0.295607
157		0.295607
157.1		0.295804
157.2		0.295804
157.3		0.295804
157.4		0.295804
157.5		0.295804
157.6		0.295804
157.7		0.295804
157.8		0.295804
157.9		0.295804
158		0.295804
158.1		0.298142
158.2		0.298142
158.3		0.298142
158.4		0.298142
158.5		0.298142
158.6		0.298142
158.7		0.298142
158.8		0.298142
158.9		0.298142
159		0.298142
159.1		0.300444
159.2		0.300444
159.3		0.300444
159.4		0.300444
159.5		0.300444
159.6		0.300444
159.7		0.300444
159.8		0.300444
159.9		0.300444
160		0.300444
160.1		0.301944
160.2		0.301944
160.3		0.301944
160.4		0.301944
160.5		0.301944
160.6		0.301944
160.7		0.301944
160.8		0.301944
160.9		0.301944
161		0.301944
161.1		0.303425
161.2		0.303425
161.3		0.303425
161.4		0.303425
161.5		0.303425
161.6		0.303425
161.7		0.303425
161.8		0.303425
161.9		0.303425
162		0.303425
162.1		0.308494
162.2		0.308494
162.3		0.308494
162.4		0.308494
162.5		0.308494
162.6		0.308494
162.7		0.308494
162.8		0.308494
162.9		0.308494
163		0.308494
163.1		0.30894
163.2		0.30894
163.3		0.30894
163.4		0.30894
163.5		0.30894
163.6		0.30894
163.7		0.30894
163.8		0.30894
163.9		0.30894
164		0.30894
164.1		0.30994
164.2		0.30994
164.3		0.30994
164.4		0.30994
164.5		0.30994
164.6		0.30994
164.7		0.30994
164.8		0.30994
164.9		0.30994
165		0.30994
165.1		0.310797
165.2		0.310797
165.3		0.310797
165.4		0.310797
165.5		0.310797
165.6		0.310797
165.7		0.310797
165.8		0.310797
165.9		0.310797
166		0.310797
166.1		0.316526
166.2		0.316526
166.3		0.316526
166.4		0.316526
166.5		0.316526
166.6		0.316526
166.7		0.316526
166.8		0.316526
166.9		0.316526
167		0.316526
167.1		0.316954
167.2		0.316954
167.3		0.316954
167.4		0.316954
167.5		0.316954
167.6		0.316954
167.7		0.316954
167.8		0.316954
167.9		0.316954
168		0.316954
168.1		0.320114
168.2		0.320114
168.3		0.320114
168.4		0.320114
168.5		0.320114
168.6		0.320114
168.7		0.320114
168.8		0.320114
168.9		0.320114
169		0.320114
169.1		0.320703
169.2		0.320703
169.3		0.320703
169.4		0.320703
169.5		0.320703
169.6		0.320703
169.7		0.320703
169.8		0.320703
169.9		0.320703
170		0.320703
170.1		0.323933
170.2		0.323933
170.3		0.323933
170.4		0.323933
170.5		0.323933
170.6		0.323933
170.7		0.323933
170.8		0.323933
170.9		0.323933
171		0.323933
171.1		0.326878
171.2		0.326878
171.3		0.326878
171.4		0.326878
171.5		0.326878
171.6		0.326878
171.7		0.326878
171.8		0.326878
171.9		0.326878
172		0.326878
172.1		0.327164
172.2		0.327164
172.3		0.327164
172.4		0.327164
172.5		0.327164
172.6		0.327164
172.7		0.327164
172.8		0.327164
172.9		0.327164
173		0.327164
173.1		0.327931
173.2		0.327931
173.3		0.327931
173.4		0.327931
173.5		0.327931
173.6		0.327931
173.7		0.327931
173.8		0.327931
173.9		0.327931
174		0.327931
174.1		0.331697
174.2		0.331697
174.3		0.331697
174.4		0.331697
174.5		0.331697
174.6		0.331697
174.7		0.331697
174.8		0.331697
174.9		0.331697
175		0.331697
175.1		0.334428
175.2		0.334428
175.3		0.334428
175.4		0.334428
175.5		0.334428
175.6		0.334428
175.7		0.334428
175.8		0.334428
175.9		0.334428
176		0.334428
176.1		0.336909
176.2		0.336909
176.3		0.336909
176.4		0.336909
176.5		0.336909
176.6		0.336909
176.7		0.336909
176.8		0.336909
176.9		0.336909
177		0.336909
177.1		0.338622
177.2		0.338622
177.3		0.338622
177.4		0.338622
177.5		0.338622
177.6		0.338622
177.7		0.338622
177.8		0.338622
177.9		0.338622
178		0.338622
178.1		0.3398
178.2		0.3398
178.3		0.3398
178.4		0.3398
178.5		0.3398
178.6		0.3398
178.7		0.3398
178.8		0.3398
178.9		0.3398
179		0.3398
179.1		0.34196
179.2		0.34196
179.3		0.34196
179.4		0.34196
179.5		0.34196
179.6		0.34196
179.7		0.34196
179.8		0.34196
179.9		0.34196
180		0.34196
180.1		0.344816
180.2		0.344816
180.3		0.344816
180.4		0.344816
180.5		0.344816
180.6		0.344816
180.7		0.344816
180.8		0.344816
180.9		0.344816
181		0.344816
181.1		0.346369
181.2		0.346369
181.3		0.346369
181.4		0.346369
181.5		0.346369
181.6		0.346369
181.7		0.346369
181.8		0.346369
181.9		0.346369
182		0.346369
182.1		0.348546
182.2		0.348546
182.3		0.348546
182.4		0.348546
182.5		0.348546
182.6		0.348546
182.7		0.348546
182.8		0.348546
182.9		0.348546
183		0.348546
183.1		0.348778
183.2		0.348778
183.3		0.348778
183.4		0.348778
183.5		0.348778
183.6		0.348778
183.7		0.348778
183.8		0.348778
183.9		0.348778
184		0.348778
184.1		0.353954
184.2		0.353954
184.3		0.353954
184.4		0.353954
184.5		0.353954
184.6		0.353954
184.7		0.353954
184.8		0.353954
184.9		0.353954
185		0.353954
185.1		0.354151
185.2		0.354151
185.3		0.354151
185.4		0.354151
185.5		0.354151
185.6		0.354151
185.7		0.354151
185.8		0.354151
185.9		0.354151
186		0.354151
186.1		0.35615
186.2		0.35615
186.3		0.35615
186.4		0.35615
186.5		0.35615
186.6		0.35615
186.7		0.35615
186.8		0.35615
186.9		0.35615
187		0.35615
187.1		0.360558
187.2		0.360558
187.3		0.360558
187.4		0.360558
187.5		0.360558
187.6		0.360558
187.7		0.360558
187.8		0.360558
187.9		0.360558
188		0.360558
188.1		0.36345
188.2		0.36345
188.3		0.36345
188.4		0.36345
188.5		0.36345
188.6		0.36345
188.7		0.36345
188.8		0.36345
188.9		0.36345
189		0.36345
189.1		0.365181
189.2		0.365181
189.3		0.365181
189.4		0.365181
189.5		0.365181
189.6		0.365181
189.7		0.365181
189.8		0.365181
189.9		0.365181
190		0.365181
190.1		0.366627
190.2		0.366627
190.3		0.366627
190.4		0.366627
190.5		0.366627
190.6		0.366627
190.7		0.366627
190.8		0.366627
190.9		0.366627
191		0.366627
191.1		0.366984
191.2		0.366984
191.3		0.366984
191.4		0.366984
191.5		0.366984
191.6		0.366984
191.7		0.366984
191.8		0.366984
191.9		0.366984
192		0.366984
192.1		0.372927
192.2		0.372927
192.3		0.372927
192.4		0.372927
192.5		0.372927
192.6		0.372927
192.7		0.372927
192.8		0.372927
192.9		0.372927
193		0.372927
193.1		0.37332
193.2		0.37332
193.3		0.37332
193.4		0.37332
193.5		0.37332
193.6		0.37332
193.7		0.37332
193.8		0.37332
193.9		0.37332
194		0.37332
194.1		0.374909
194.2		0.374909
194.3		0.374909
194.4		0.374909
194.5		0.374909
194.6		0.374909
194.7		0.374909
194.8		0.374909
194.9		0.374909
195		0.374909
195.1		0.375498
195.2		0.375498
195.3		0.375498
195.4		0.375498
195.5		0.375498
195.6		0.375498
195.7		0.375498
195.8		0.375498
195.9		0.375498
196		0.375498
196.1		0.379032
196.2		0.379032
196.3		0.379032
196.4		0.379032
196.5		0.379032
196.6		0.379032
196.7		0.379032
196.8		0.379032
196.9		0.379032
197		0.379032
197.1		0.381512
197.2		0.381512
197.3		0.381512
197.4		0.381512
197.5		0.381512
197.6		0.381512
197.7		0.381512
197.8		0.381512
197.9		0.381512
198		0.381512
198.1		0.381709
198.2		0.381709
198.3		0.381709
198.4		0.381709
198.5		0.381709
198.6		0.381709
198.7		0.381709
198.8		0.381709
198.9		0.381709
199		0.381709
199.1		0.383315
199.2		0.383315
199.3		0.383315
199.4		0.383315
199.5		0.383315
199.6		0.383315
199.7		0.383315
199.8		0.383315
199.9		0.383315
200		0.383315
200.1		0.389098
200.2		0.389098
200.3		0.389098
200.4		0.389098
200.5		0.389098
200.6		0.389098
200.7		0.389098
200.8		0.389098
200.9		0.389098
201		0.389098
201.1		0.389437
201.2		0.389437
201.3		0.389437
201.4		0.389437
201.5		0.389437
201.6		0.389437
201.7		0.389437
201.8		0.389437
201.9		0.389437
202		0.389437
202.1		0.389616
202.2		0.389616
202.3		0.389616
202.4		0.389616
202.5		0.389616
202.6		0.389616
202.7		0.389616
202.8		0.389616
202.9		0.389616
203		0.389616
203.1		0.3929
203.2		0.3929
203.3		0.3929
203.4		0.3929
203.5		0.3929
203.6		0.3929
203.7		0.3929
203.8		0.3929
203.9		0.3929
204		0.3929
204.1		0.394096
204.2		0.394096
204.3		0.394096
204.4		0.394096
204.5		0.394096
204.6		0.394096
204.7		0.394096
204.8		0.394096
204.9		0.394096
205		0.394096
205.1		0.398951
205.2		0.398951
205.3		0.398951
205.4		0.398951
205.5		0.398951
205.6		0.398951
205.7		0.398951
205.8		0.398951
205.9		0.398951
206		0.398951
206.1		0.399504
206.2		0.399504
206.3		0.399504
206.4		0.399504
206.5		0.399504
206.6		0.399504
206.7		0.399504
206.8		0.399504
206.9		0.399504
207		0.399504
207.1		0.401699
207.2		0.401699
207.3		0.401699
207.4		0.401699
207.5		0.401699
207.6		0.401699
207.7		0.401699
207.8		0.401699
207.9		0.401699
208		0.401699
208.1		0.402449
208.2		0.402449
208.3		0.402449
208.4		0.402449
208.5		0.402449
208.6		0.402449
208.7		0.402449
208.8		0.402449
208.9		0.402449
209		0.402449
209.1		0.404394
209.2		0.404394
209.3		0.404394
209.4		0.404394
209.5		0.404394
209.6		0.404394
209.7		0.404394
209.8		0.404394
209.9		0.404394
210		0.404394
210.1		0.408821
210.2		0.408821
210.3		0.408821
210.4		0.408821
210.5		0.408821
210.6		0.408821
210.7		0.408821
210.8		0.408821
210.9		0.408821
211		0.408821
211.1		0.410552
211.2		0.410552
211.3		0.410552
211.4		0.410552
211.5		0.410552
211.6		0.410552
211.7		0.410552
211.8		0.410552
211.9		0.410552
212		0.410552
212.1		0.411819
212.2		0.411819
212.3		0.411819
212.4		0.411819
212.5		0.411819
212.6		0.411819
212.7		0.411819
212.8		0.411819
212.9		0.411819
213		0.411819
213.1		0.4138
213.2		0.4138
213.3		0.4138
213.4		0.4138
213.5		0.4138
213.6		0.4138
213.7		0.4138
213.8		0.4138
213.9		0.4138
214		0.4138
214.1		0.415728
214.2		0.415728
214.3		0.415728
214.4		0.415728
214.5		0.415728
214.6		0.415728
214.7		0.415728
214.8		0.415728
214.9		0.415728
215		0.415728
215.1		0.416888
215.2		0.416888
215.3		0.416888
215.4		0.416888
215.5		0.416888
215.6		0.416888
215.7		0.416888
215.8		0.416888
215.9		0.416888
216		0.416888
216.1		0.41878
216.2		0.41878
216.3		0.41878
216.4		0.41878
216.5		0.41878
216.6		0.41878
216.7		0.41878
216.8		0.41878
216.9		0.41878
217		0.41878
217.1		0.421993
217.2		0.421993
217.3		0.421993
217.4		0.421993
217.5		0.421993
217.6		0.421993
217.7		0.421993
217.8		0.421993
217.9		0.421993
218		0.421993
218.1		0.423546
218.2		0.423546
218.3		0.423546
218.4		0.423546
218.5		0.423546
218.6		0.423546
218.7		0.423546
218.8		0.423546
218.9		0.423546
219		0.423546
219.1		0.425259
219.2		0.425259
219.3		0.425259
219.4		0.425259
219.5		0.425259
219.6		0.425259
219.7		0.425259
219.8		0.425259
219.9		0.425259
220		0.425259
220.1		0.425884
220.2		0.425884
220.3		0.425884
220.4		0.425884
220.5		0.425884
220.6		0.425884
220.7		0.425884
220.8		0.425884
220.9		0.425884
221		0.425884
221.1		0.428597
221.2		0.428597
221.3		0.428597
221.4		0.428597
221.5		0.428597
221.6		0.428597
221.7		0.428597
221.8		0.428597
221.9		0.428597
222		0.428597
222.1		0.433113
222.2		0.433113
222.3		0.433113
222.4		0.433113
222.5		0.433113
222.6		0.433113
222.7		0.433113
222.8		0.433113
222.9		0.433113
223		0.433113
223.1		0.434273
223.2		0.434273
223.3		0.434273
223.4		0.434273
223.5		0.434273
223.6		0.434273
223.7		0.434273
223.8		0.434273
223.9		0.434273
224		0.434273
224.1		0.436272
224.2		0.436272
224.3		0.436272
224.4		0.436272
224.5		0.436272
224.6		0.436272
224.7		0.436272
224.8		0.436272
224.9		0.436272
225		0.436272
225.1		0.437628
225.2		0.437628
225.3		0.437628
225.4		0.437628
225.5		0.437628
225.6		0.437628
225.7		0.437628
225.8		0.437628
225.9		0.437628
226		0.437628
226.1		0.442876
226.2		0.442876
226.3		0.442876
226.4		0.442876
226.5		0.442876
226.6		0.442876
226.7		0.442876
226.8		0.442876
226.9		0.442876
227		0.442876
227.1		0.443822
227.2		0.443822
227.3		0.443822
227.4		0.443822
227.5		0.443822
227.6		0.443822
227.7		0.443822
227.8		0.443822
227.9		0.443822
228		0.443822
228.1		0.444143
228.2		0.444143
228.3		0.444143
228.4		0.444143
228.5		0.444143
228.6		0.444143
228.7		0.444143
228.8		0.444143
228.9		0.444143
229		0.444143
229.1		0.44666
229.2		0.44666
229.3		0.44666
229.4		0.44666
229.5		0.44666
229.6		0.44666
229.7		0.44666
229.8		0.44666
229.9		0.44666
230		0.44666
230.1		0.450854
230.2		0.450854
230.3		0.450854
230.4		0.450854
230.5		0.450854
230.6		0.450854
230.7		0.450854
230.8		0.450854
230.9		0.450854
231		0.450854
231.1		0.451229
231.2		0.451229
231.3		0.451229
231.4		0.451229
231.5		0.451229
231.6		0.451229
231.7		0.451229
231.8		0.451229
231.9		0.451229
232		0.451229
232.1		0.452782
232.2		0.452782
232.3		0.452782
232.4		0.452782
232.5		0.452782
232.6		0.452782
232.7		0.452782
232.8		0.452782
232.9		0.452782
233		0.452782
233.1		0.45487
233.2		0.45487
233.3		0.45487
233.4		0.45487
233.5		0.45487
233.6		0.45487
233.7		0.45487
233.8		0.45487
233.9		0.45487
234		0.45487
234.1		0.458493
234.2		0.458493
234.3		0.458493
234.4		0.458493
234.5		0.458493
234.6		0.458493
234.7		0.458493
234.8		0.458493
234.9		0.458493
235		0.458493
235.1		0.461617
235.2		0.461617
235.3		0.461617
235.4		0.461617
235.5		0.461617
235.6		0.461617
235.7		0.461617
235.8		0.461617
235.9		0.461617
236		0.461617
236.1		0.462616
236.2		0.462616
236.3		0.462616
236.4		0.462616
236.5		0.462616
236.6		0.462616
236.7		0.462616
236.8		0.462616
236.9		0.462616
237		0.462616
237.1		0.462795
237.2		0.462795
237.3		0.462795
237.4		0.462795
237.5		0.462795
237.6		0.462795
237.7		0.462795
237.8		0.462795
237.9		0.462795
238		0.462795
238.1		0.466007
238.2		0.466007
238.3		0.466007
238.4		0.466007
238.5		0.466007
238.6		0.466007
238.7		0.466007
238.8		0.466007
238.9		0.466007
239		0.466007
239.1		0.469167
239.2		0.469167
239.3		0.469167
239.4		0.469167
239.5		0.469167
239.6		0.469167
239.7		0.469167
239.8		0.469167
239.9		0.469167
240		0.469167
240.1		0.47013
240.2		0.47013
240.3		0.47013
240.4		0.47013
240.5		0.47013
240.6		0.47013
240.7		0.47013
240.8		0.47013
240.9		0.47013
241		0.47013
241.1		0.471933
241.2		0.471933
241.3		0.471933
241.4		0.471933
241.5		0.471933
241.6		0.471933
241.7		0.471933
241.8		0.471933
241.9		0.471933
242		0.471933
242.1		0.474557
242.2		0.474557
242.3		0.474557
242.4		0.474557
242.5		0.474557
242.6		0.474557
242.7		0.474557
242.8		0.474557
242.9		0.474557
243		0.474557
243.1		0.47802
243.2		0.47802
243.3		0.47802
243.4		0.47802
243.5		0.47802
243.6		0.47802
243.7		0.47802
243.8		0.47802
243.9		0.47802
244		0.47802
244.1		0.478948
244.2		0.478948
244.3		0.478948
244.4		0.478948
244.5		0.478948
244.6		0.478948
244.7		0.478948
244.8		0.478948
244.9		0.478948
245		0.478948
245.1		0.480054
245.2		0.480054
245.3		0.480054
245.4		0.480054
245.5		0.480054
245.6		0.480054
245.7		0.480054
245.8		0.480054
245.9		0.480054
246		0.480054
246.1		0.481518
246.2		0.481518
246.3		0.481518
246.4		0.481518
246.5		0.481518
246.6		0.481518
246.7		0.481518
246.8		0.481518
246.9		0.481518
247		0.481518
247.1		0.485641
247.2		0.485641
247.3		0.485641
247.4		0.485641
247.5		0.485641
247.6		0.485641
247.7		0.485641
247.8		0.485641
247.9		0.485641
248		0.485641
248.1		0.488318
248.2		0.488318
248.3		0.488318
248.4		0.488318
248.5		0.488318
248.6		0.488318
248.7		0.488318
248.8		0.488318
248.9		0.488318
249		0.488318
249.1		0.489728
249.2		0.489728
249.3		0.489728
249.4		0.489728
249.5		0.489728
249.6		0.489728
249.7		0.489728
249.8		0.489728
249.9		0.489728
250		0.489728
250.1		0.490121
250.2		0.490121
250.3		0.490121
250.4		0.490121
250.5		0.490121
250.6		0.490121
250.7		0.490121
250.8		0.490121
250.9		0.490121
251		0.490121
251.1		0.491638
251.2		0.491638
251.3		0.491638
251.4		0.491638
251.5		0.491638
251.6		0.491638
251.7		0.491638
251.8		0.491638
251.9		0.491638
252		0.491638
252.1		0.496011
252.2		0.496011
252.3		0.496011
252.4		0.496011
252.5		0.496011
252.6		0.496011
252.7		0.496011
252.8		0.496011
252.9		0.496011
253		0.496011
253.1		0.498403
253.2		0.498403
253.3		0.498403
253.4		0.498403
253.5		0.498403
253.6		0.498403
253.7		0.498403
253.8		0.498403
253.9		0.498403
254		0.498403
254.1		0.501383
254.2		0.501383
254.3		0.501383
254.4		0.501383
254.5		0.501383
254.6		0.501383
254.7		0.501383
254.8		0.501383
254.9		0.501383
255		0.501383
255.1		0.501758
255.2		0.501758
255.3		0.501758
255.4		0.501758
255.5		0.501758
255.6		0.501758
255.7		0.501758
255.8		0.501758
255.9		0.501758
256		0.501758
256.1		0.506381
256.2		0.506381
256.3		0.506381
256.4		0.506381
256.5		0.506381
256.6		0.506381
256.7		0.506381
256.8		0.506381
256.9		0.506381
257		0.506381
257.1		0.507273
257.2		0.507273
257.3		0.507273
257.4		0.507273
257.5		0.507273
257.6		0.507273
257.7		0.507273
257.8		0.507273
257.9		0.507273
258		0.507273
258.1		0.507684
258.2		0.507684
258.3		0.507684
258.4		0.507684
258.5		0.507684
258.6		0.507684
258.7		0.507684
258.8		0.507684
258.9		0.507684
259		0.507684
259.1		0.510379
259.2		0.510379
259.3		0.510379
259.4		0.510379
259.5		0.510379
259.6		0.510379
259.7		0.510379
259.8		0.510379
259.9		0.510379
260		0.510379
260.1		0.512199
260.2		0.512199
260.3		0.512199
260.4		0.512199
260.5		0.512199
260.6		0.512199
260.7		0.512199
260.8		0.512199
260.9		0.512199
261		0.512199
261.1		0.514591
261.2		0.514591
261.3		0.514591
261.4		0.514591
261.5		0.514591
261.6		0.514591
261.7		0.514591
261.8		0.514591
261.9		0.514591
262		0.514591
262.1		0.518304
262.2		0.518304
262.3		0.518304
262.4		0.518304
262.5		0.518304
262.6		0.518304
262.7		0.518304
262.8		0.518304
262.9		0.518304
263		0.518304
263.1		0.518946
263.2		0.518946
263.3		0.518946
263.4		0.518946
263.5		0.518946
263.6		0.518946
263.7		0.518946
263.8		0.518946
263.9		0.518946
264		0.518946
264.1		0.521516
264.2		0.521516
264.3		0.521516
264.4		0.521516
264.5		0.521516
264.6		0.521516
264.7		0.521516
264.8		0.521516
264.9		0.521516
265		0.521516
265.1		0.522998
265.2		0.522998
265.3		0.522998
265.4		0.522998
265.5		0.522998
265.6		0.522998
265.7		0.522998
265.8		0.522998
265.9		0.522998
266		0.522998
266.1		0.523747
266.2		0.523747
266.3		0.523747
266.4		0.523747
266.5		0.523747
266.6		0.523747
266.7		0.523747
266.8		0.523747
266.9		0.523747
267		0.523747
267.1		0.524569
267.2		0.524569
267.3		0.524569
267.4		0.524569
267.5		0.524569
267.6		0.524569
267.7		0.524569
267.8		0.524569
267.9		0.524569
268		0.524569
268.1		0.528888
268.2		0.528888
268.3		0.528888
268.4		0.528888
268.5		0.528888
268.6		0.528888
268.7		0.528888
268.8		0.528888
268.9		0.528888
269		0.528888
269.1		0.531922
269.2		0.531922
269.3		0.531922
269.4		0.531922
269.5		0.531922
269.6		0.531922
269.7		0.531922
269.8		0.531922
269.9		0.531922
270		0.531922
270.1		0.532511
270.2		0.532511
270.3		0.532511
270.4		0.532511
270.5		0.532511
270.6		0.532511
270.7		0.532511
270.8		0.532511
270.9		0.532511
271		0.532511
271.1		0.536991
271.2		0.536991
271.3		0.536991
271.4		0.536991
271.5		0.536991
271.6		0.536991
271.7		0.536991
271.8		0.536991
271.9		0.536991
272		0.536991
272.1		0.537348
272.2		0.537348
272.3		0.537348
272.4		0.537348
272.5		0.537348
272.6		0.537348
272.7		0.537348
272.8		0.537348
272.9		0.537348
273		0.537348
273.1		0.539651
273.2		0.539651
273.3		0.539651
273.4		0.539651
273.5		0.539651
273.6		0.539651
273.7		0.539651
273.8		0.539651
273.9		0.539651
274		0.539651
274.1		0.543024
274.2		0.543024
274.3		0.543024
274.4		0.543024
274.5		0.543024
274.6		0.543024
274.7		0.543024
274.8		0.543024
274.9		0.543024
275		0.543024
275.1		0.543149
275.2		0.543149
275.3		0.543149
275.4		0.543149
275.5		0.543149
275.6		0.543149
275.7		0.543149
275.8		0.543149
275.9		0.543149
276		0.543149
276.1		0.54463
276.2		0.54463
276.3		0.54463
276.4		0.54463
276.5		0.54463
276.6		0.54463
276.7		0.54463
276.8		0.54463
276.9		0.54463
277		0.54463
277.1		0.548289
277.2		0.548289
277.3		0.548289
277.4		0.548289
277.5		0.548289
277.6		0.548289
277.7		0.548289
277.8		0.548289
277.9		0.548289
278		0.548289
278.1		0.552823
278.2		0.552823
278.3		0.552823
278.4		0.552823
278.5		0.552823
278.6		0.552823
278.7		0.552823
278.8		0.552823
278.9		0.552823
279		0.552823
279.1		0.552948
279.2		0.552948
279.3		0.552948
279.4		0.552948
279.5		0.552948
279.6		0.552948
279.7		0.552948
279.8		0.552948
279.9		0.552948
280		0.552948
280.1		0.55318
280.2		0.55318
280.3		0.55318
280.4		0.55318
280.5		0.55318
280.6		0.55318
280.7		0.55318
280.8		0.55318
280.9		0.55318
281		0.55318
281.1		0.554554
281.2		0.554554
281.3		0.554554
281.4		0.554554
281.5		0.554554
281.6		0.554554
281.7		0.554554
281.8		0.554554
281.9		0.554554
282		0.554554
282.1		0.560355
282.2		0.560355
282.3		0.560355
282.4		0.560355
282.5		0.560355
282.6		0.560355
282.7		0.560355
282.8		0.560355
282.9		0.560355
283		0.560355
283.1		0.563496
283.2		0.563496
283.3		0.563496
283.4		0.563496
283.5		0.563496
283.6		0.563496
283.7		0.563496
283.8		0.563496
283.9		0.563496
284		0.563496
284.1		0.563639
284.2		0.563639
284.3		0.563639
284.4		0.563639
284.5		0.563639
284.6		0.563639
284.7		0.563639
284.8		0.563639
284.9		0.563639
285		0.563639
285.1		0.569279
285.2		0.569279
285.3		0.569279
285.4		0.569279
285.5		0.569279
285.6		0.569279
285.7		0.569279
285.8		0.569279
285.9		0.569279
286		0.569279
286.1		0.569529
286.2		0.569529
286.3		0.569529
286.4		0.569529
286.5		0.569529
286.6		0.569529
286.7		0.569529
286.8		0.569529
286.9		0.569529
287		0.569529
287.1		0.570511
287.2		0.570511
287.3		0.570511
287.4		0.570511
287.5		0.570511
287.6		0.570511
287.7		0.570511
287.8		0.570511
287.9		0.570511
288		0.570511
288.1		0.574955
288.2		0.574955
288.3		0.574955
288.4		0.574955
288.5		0.574955
288.6		0.574955
288.7		0.574955
288.8		0.574955
288.9		0.574955
289		0.574955
289.1		0.579328
289.2		0.579328
289.3		0.579328
289.4		0.579328
289.5		0.579328
289.6		0.579328
289.7		0.579328
289.8		0.579328
289.9		0.579328
290		0.579328
290.1		0.580845
290.2		0.580845
290.3		0.580845
290.4		0.580845
290.5		0.580845
290.6		0.580845
290.7		0.580845
290.8		0.580845
290.9		0.580845
291		0.580845
291.1		0.58122
291.2		0.58122
291.3		0.58122
291.4		0.58122
291.5		0.58122
291.6		0.58122
291.7		0.58122
291.8		0.58122
291.9		0.58122
292		0.58122
292.1		0.582737
292.2		0.582737
292.3		0.582737
292.4		0.582737
292.5		0.582737
292.6		0.582737
292.7		0.582737
292.8		0.582737
292.9		0.582737
293		0.582737
293.1		0.585718
293.2		0.585718
293.3		0.585718
293.4		0.585718
293.5		0.585718
293.6		0.585718
293.7		0.585718
293.8		0.585718
293.9		0.585718
294		0.585718
294.1		0.587877
294.2		0.587877
294.3		0.587877
294.4		0.587877
294.5		0.587877
294.6		0.587877
294.7		0.587877
294.8		0.587877
294.9		0.587877
295		0.587877
295.1		0.59175
295.2		0.59175
295.3		0.59175
295.4		0.59175
295.5		0.59175
295.6		0.59175
295.7		0.59175
295.8		0.59175
295.9		0.59175
296		0.59175
296.1		0.593339
296.2		0.593339
296.3		0.593339
296.4		0.593339
296.5		0.593339
296.6		0.593339
296.7		0.593339
296.8		0.593339
296.9		0.593339
297		0.593339
297.1		0.594392
297.2		0.594392
297.3		0.594392
297.4		0.594392
297.5		0.594392
297.6		0.594392
297.7		0.594392
297.8		0.594392
297.9		0.594392
298		0.594392
298.1		0.599265
298.2		0.599265
298.3		0.599265
298.4		0.599265
298.5		0.599265
298.6		0.599265
298.7		0.599265
298.8		0.599265
298.9		0.599265
299		0.599265
299.1		0.60312
299.2		0.60312
299.3		0.60312
299.4		0.60312
299.5		0.60312
299.6		0.60312
299.7		0.60312
299.8		0.60312
299.9		0.60312
300		0.60312
300.1		0.605262
300.2		0.605262
300.3		0.605262
300.4		0.605262
300.5		0.605262
300.6		0.605262
300.7		0.605262
300.8		0.605262
300.9		0.605262
301		0.605262
301.1		0.606011
301.2		0.606011
301.3		0.606011
301.4		0.606011
301.5		0.606011
301.6		0.606011
301.7		0.606011
301.8		0.606011
301.9		0.606011
302		0.606011
302.1		0.61117
302.2		0.61117
302.3		0.61117
302.4		0.61117
302.5		0.61117
302.6		0.61117
302.7		0.61117
302.8		0.61117
302.9		0.61117
303		0.61117
303.1		0.613079
303.2		0.613079
303.3		0.613079
303.4		0.613079
303.5		0.613079
303.6		0.613079
303.7		0.613079
303.8		0.613079
303.9		0.613079
304		0.613079
304.1		0.613401
304.2		0.613401
304.3		0.613401
304.4		0.613401
304.5		0.613401
304.6		0.613401
304.7		0.613401
304.8		0.613401
304.9		0.613401
305		0.613401
305.1		0.61706
305.2		0.61706
305.3		0.61706
305.4		0.61706
305.5		0.61706
305.6		0.61706
305.7		0.61706
305.8		0.61706
305.9		0.61706
306		0.61706
306.1		0.617488
306.2		0.617488
306.3		0.617488
306.4		0.617488
306.5		0.617488
306.6		0.617488
306.7		0.617488
306.8		0.617488
306.9		0.617488
307		0.617488
307.1		0.619094
307.2		0.619094
307.3		0.619094
307.4		0.619094
307.5		0.619094
307.6		0.619094
307.7		0.619094
307.8		0.619094
307.9		0.619094
308		0.619094
308.1		0.624449
308.2		0.624449
308.3		0.624449
308.4		0.624449
308.5		0.624449
308.6		0.624449
308.7		0.624449
308.8		0.624449
308.9		0.624449
309		0.624449
309.1		0.624949
309.2		0.624949
309.3		0.624949
309.4		0.624949
309.5		0.624949
309.6		0.624949
309.7		0.624949
309.8		0.624949
309.9		0.624949
310		0.624949
310.1		0.626502
310.2		0.626502
310.3		0.626502
310.4		0.626502
310.5		0.626502
310.6		0.626502
310.7		0.626502
310.8		0.626502
310.9		0.626502
311		0.626502
311.1		0.627929
311.2		0.627929
311.3		0.627929
311.4		0.627929
311.5		0.627929
311.6		0.627929
311.7		0.627929
311.8		0.627929
311.9		0.627929
312		0.627929
312.1		0.631695
312.2		0.631695
312.3		0.631695
312.4		0.631695
312.5		0.631695
312.6		0.631695
312.7		0.631695
312.8		0.631695
312.9		0.631695
313		0.631695
313.1		0.634123
313.2		0.634123
313.3		0.634123
313.4		0.634123
313.5		0.634123
313.6		0.634123
313.7		0.634123
313.8		0.634123
313.9		0.634123
314		0.634123
314.1		0.635658
314.2		0.635658
314.3		0.635658
314.4		0.635658
314.5		0.635658
314.6		0.635658
314.7		0.635658
314.8		0.635658
314.9		0.635658
315		0.635658
315.1		0.637407
315.2		0.637407
315.3		0.637407
315.4		0.637407
315.5		0.637407
315.6		0.637407
315.7		0.637407
315.8		0.637407
315.9		0.637407
316		0.637407
316.1		0.639995
316.2		0.639995
316.3		0.639995
316.4		0.639995
316.5		0.639995
316.6		0.639995
316.7		0.639995
316.8		0.639995
316.9		0.639995
317		0.639995
317.1		0.642315
317.2		0.642315
317.3		0.642315
317.4		0.642315
317.5		0.642315
317.6		0.642315
317.7		0.642315
317.8		0.642315
317.9		0.642315
318		0.642315
318.1		0.642565
318.2		0.642565
318.3		0.642565
318.4		0.642565
318.5		0.642565
318.6		0.642565
318.7		0.642565
318.8		0.642565
318.9		0.642565
319		0.642565
319.1		0.644064
319.2		0.644064
319.3		0.644064
319.4		0.644064
319.5		0.644064
319.6		0.644064
319.7		0.644064
319.8		0.644064
319.9		0.644064
320		0.644064
320.1		0.648616
320.2		0.648616
320.3		0.648616
320.4		0.648616
320.5		0.648616
320.6		0.648616
320.7		0.648616
320.8		0.648616
320.9		0.648616
321		0.648616
321.1		0.648937
321.2		0.648937
321.3		0.648937
321.4		0.648937
321.5		0.648937
321.6		0.648937
321.7		0.648937
321.8		0.648937
321.9		0.648937
322		0.648937
322.1		0.650883
322.2		0.650883
322.3		0.650883
322.4		0.650883
322.5		0.650883
322.6		0.650883
322.7		0.650883
322.8		0.650883
322.9		0.650883
323		0.650883
323.1		0.653274
323.2		0.653274
323.3		0.653274
323.4		0.653274
323.5		0.653274
323.6		0.653274
323.7		0.653274
323.8		0.653274
323.9		0.653274
324		0.653274
324.1		0.654381
324.2		0.654381
324.3		0.654381
324.4		0.654381
324.5		0.654381
324.6		0.654381
324.7		0.654381
324.8		0.654381
324.9		0.654381
325		0.654381
325.1		0.657058
325.2		0.657058
325.3		0.657058
325.4		0.657058
325.5		0.657058
325.6		0.657058
325.7		0.657058
325.8		0.657058
325.9		0.657058
326		0.657058
326.1		0.658682
326.2		0.658682
326.3		0.658682
326.4		0.658682
326.5		0.658682
326.6		0.658682
326.7		0.658682
326.8		0.658682
326.9		0.658682
327		0.658682
327.1		0.660806
327.2		0.660806
327.3		0.660806
327.4		0.660806
327.5		0.660806
327.6		0.660806
327.7		0.660806
327.8		0.660806
327.9		0.660806
328		0.660806
328.1		0.665358
328.2		0.665358
328.3		0.665358
328.4		0.665358
328.5		0.665358
328.6		0.665358
328.7		0.665358
328.8		0.665358
328.9		0.665358
329		0.665358
329.1		0.665501
329.2		0.665501
329.3		0.665501
329.4		0.665501
329.5		0.665501
329.6		0.665501
329.7		0.665501
329.8		0.665501
329.9		0.665501
330		0.665501
330.1		0.666268
330.2		0.666268
330.3		0.666268
330.4		0.666268
330.5		0.666268
330.6		0.666268
330.7		0.666268
330.8		0.666268
330.9		0.666268
331		0.666268
331.1		0.669302
331.2		0.669302
331.3		0.669302
331.4		0.669302
331.5		0.669302
331.6		0.669302
331.7		0.669302
331.8		0.669302
331.9		0.669302
332		0.669302
332.1		0.674353
332.2		0.674353
332.3		0.674353
332.4		0.674353
332.5		0.674353
332.6		0.674353
332.7		0.674353
332.8		0.674353
332.9		0.674353
333		0.674353
333.1		0.67546
333.2		0.67546
333.3		0.67546
333.4		0.67546
333.5		0.67546
333.6		0.67546
333.7		0.67546
333.8		0.67546
333.9		0.67546
334		0.67546
334.1		0.675924
334.2		0.675924
334.3		0.675924
334.4		0.675924
334.5		0.675924
334.6		0.675924
334.7		0.675924
334.8		0.675924
334.9		0.675924
335		0.675924
335.1		0.676192
335.2		0.676192
335.3		0.676192
335.4		0.676192
335.5		0.676192
335.6		0.676192
335.7		0.676192
335.8		0.676192
335.9		0.676192
336		0.676192
336.1		0.678012
336.2		0.678012
336.3		0.678012
336.4		0.678012
336.5		0.678012
336.6		0.678012
336.7		0.678012
336.8		0.678012
336.9		0.678012
337		0.678012
337.1		0.683028
337.2		0.683028
337.3		0.683028
337.4		0.683028
337.5		0.683028
337.6		0.683028
337.7		0.683028
337.8		0.683028
337.9		0.683028
338		0.683028
338.1		0.686383
338.2		0.686383
338.3		0.686383
338.4		0.686383
338.5		0.686383
338.6		0.686383
338.7		0.686383
338.8		0.686383
338.9		0.686383
339		0.686383
339.1		0.68699
339.2		0.68699
339.3		0.68699
339.4		0.68699
339.5		0.68699
339.6		0.68699
339.7		0.68699
339.8		0.68699
339.9		0.68699
340		0.68699
340.1		0.689186
340.2		0.689186
340.3		0.689186
340.4		0.689186
340.5		0.689186
340.6		0.689186
340.7		0.689186
340.8		0.689186
340.9		0.689186
341		0.689186
341.1		0.693416
341.2		0.693416
341.3		0.693416
341.4		0.693416
341.5		0.693416
341.6		0.693416
341.7		0.693416
341.8		0.693416
341.9		0.693416
342		0.693416
342.1		0.696896
342.2		0.696896
342.3		0.696896
342.4		0.696896
342.5		0.696896
342.6		0.696896
342.7		0.696896
342.8		0.696896
342.9		0.696896
343		0.696896
343.1		0.697235
343.2		0.697235
343.3		0.697235
343.4		0.697235
343.5		0.697235
343.6		0.697235
343.7		0.697235
343.8		0.697235
343.9		0.697235
344		0.697235
344.1		0.700609
344.2		0.700609
344.3		0.700609
344.4		0.700609
344.5		0.700609
344.6		0.700609
344.7		0.700609
344.8		0.700609
344.9		0.700609
345		0.700609
345.1		0.702019
345.2		0.702019
345.3		0.702019
345.4		0.702019
345.5		0.702019
345.6		0.702019
345.7		0.702019
345.8		0.702019
345.9		0.702019
346		0.702019
346.1		0.704785
346.2		0.704785
346.3		0.704785
346.4		0.704785
346.5		0.704785
346.6		0.704785
346.7		0.704785
346.8		0.704785
346.9		0.704785
347		0.704785
347.1		0.708051
347.2		0.708051
347.3		0.708051
347.4		0.708051
347.5		0.708051
347.6		0.708051
347.7		0.708051
347.8		0.708051
347.9		0.708051
348		0.708051
348.1		0.708855
348.2		0.708855
348.3		0.708855
348.4		0.708855
348.5		0.708855
348.6		0.708855
348.7		0.708855
348.8		0.708855
348.9		0.708855
349		0.708855
349.1		0.709533
349.2		0.709533
349.3		0.709533
349.4		0.709533
349.5		0.709533
349.6		0.709533
349.7		0.709533
349.8		0.709533
349.9		0.709533
350		0.709533
350.1		0.7113
350.2		0.7113
350.3		0.7113
350.4		0.7113
350.5		0.7113
350.6		0.7113
350.7		0.7113
350.8		0.7113
350.9		0.7113
351		0.7113
351.1		0.71271
351.2		0.71271
351.3		0.71271
351.4		0.71271
351.5		0.71271
351.6		0.71271
351.7		0.71271
351.8		0.71271
351.9		0.71271
352		0.71271
352.1		0.717029
352.2		0.717029
352.3		0.717029
352.4		0.717029
352.5		0.717029
352.6		0.717029
352.7		0.717029
352.8		0.717029
352.9		0.717029
353		0.717029
353.1		0.720385
353.2		0.720385
353.3		0.720385
353.4		0.720385
353.5		0.720385
353.6		0.720385
353.7		0.720385
353.8		0.720385
353.9		0.720385
354		0.720385
354.1		0.720742
354.2		0.720742
354.3		0.720742
354.4		0.720742
354.5		0.720742
354.6		0.720742
354.7		0.720742
354.8		0.720742
354.9		0.720742
355		0.720742
355.1		0.722687
355.2		0.722687
355.3		0.722687
355.4		0.722687
355.5		0.722687
355.6		0.722687
355.7		0.722687
355.8		0.722687
355.9		0.722687
356		0.722687
356.1		0.7269
356.2		0.7269
356.3		0.7269
356.4		0.7269
356.5		0.7269
356.6		0.7269
356.7		0.7269
356.8		0.7269
356.9		0.7269
357		0.7269
357.1		0.730951
357.2		0.730951
357.3		0.730951
357.4		0.730951
357.5		0.730951
357.6		0.730951
357.7		0.730951
357.8		0.730951
357.9		0.730951
358		0.730951
358.1		0.731308
358.2		0.731308
358.3		0.731308
358.4		0.731308
358.5		0.731308
358.6		0.731308
358.7		0.731308
358.8		0.731308
358.9		0.731308
359		0.731308
359.1		0.732486
359.2		0.732486
359.3		0.732486
359.4		0.732486
359.5		0.732486
359.6		0.732486
359.7		0.732486
359.8		0.732486
359.9		0.732486
360		0.732486
360.1		0.738733
360.2		0.738733
360.3		0.738733
360.4		0.738733
360.5		0.738733
360.6		0.738733
360.7		0.738733
360.8		0.738733
360.9		0.738733
361		0.738733
361.1		0.739233
361.2		0.739233
361.3		0.739233
361.4		0.739233
361.5		0.739233
361.6		0.739233
361.7		0.739233
361.8		0.739233
361.9		0.739233
362		0.739233
362.1		0.742499
362.2		0.742499
362.3		0.742499
362.4		0.742499
362.5		0.742499
362.6		0.742499
362.7		0.742499
362.8		0.742499
362.9		0.742499
363		0.742499
363.1		0.743052
363.2		0.743052
363.3		0.743052
363.4		0.743052
363.5		0.743052
363.6		0.743052
363.7		0.743052
363.8		0.743052
363.9		0.743052
364		0.743052
364.1		0.745373
364.2		0.745373
364.3		0.745373
364.4		0.745373
364.5		0.745373
364.6		0.745373
364.7		0.745373
364.8		0.745373
364.9		0.745373
365		0.745373
365.1		0.747193
365.2		0.747193
365.3		0.747193
365.4		0.747193
365.5		0.747193
365.6		0.747193
365.7		0.747193
365.8		0.747193
365.9		0.747193
366		0.747193
366.1		0.750906
366.2		0.750906
366.3		0.750906
366.4		0.750906
366.5		0.750906
366.6		0.750906
366.7		0.750906
366.8		0.750906
366.9		0.750906
367		0.750906
367.1		0.751406
367.2		0.751406
367.3		0.751406
367.4		0.751406
367.5		0.751406
367.6		0.751406
367.7		0.751406
367.8		0.751406
367.9		0.751406
368		0.751406
368.1		0.75676
368.2		0.75676
368.3		0.75676
368.4		0.75676
368.5		0.75676
368.6		0.75676
368.7		0.75676
368.8		0.75676
368.9		0.75676
369		0.75676
369.1		0.756992
369.2		0.756992
369.3		0.756992
369.4		0.756992
369.5		0.756992
369.6		0.756992
369.7		0.756992
369.8		0.756992
369.9		0.756992
370		0.756992
370.1		0.757296
370.2		0.757296
370.3		0.757296
370.4		0.757296
370.5		0.757296
370.6		0.757296
370.7		0.757296
370.8		0.757296
370.9		0.757296
371		0.757296
371.1		0.759652
371.2		0.759652
371.3		0.759652
371.4		0.759652
371.5		0.759652
371.6		0.759652
371.7		0.759652
371.8		0.759652
371.9		0.759652
372		0.759652
372.1		0.763721
372.2		0.763721
372.3		0.763721
372.4		0.763721
372.5		0.763721
372.6		0.763721
372.7		0.763721
372.8		0.763721
372.9		0.763721
373		0.763721
373.1		0.767041
373.2		0.767041
373.3		0.767041
373.4		0.767041
373.5		0.767041
373.6		0.767041
373.7		0.767041
373.8		0.767041
373.9		0.767041
374		0.767041
374.1		0.768861
374.2		0.768861
374.3		0.768861
374.4		0.768861
374.5		0.768861
374.6		0.768861
374.7		0.768861
374.8		0.768861
374.9		0.768861
375		0.768861
375.1		0.770039
375.2		0.770039
375.3		0.770039
375.4		0.770039
375.5		0.770039
375.6		0.770039
375.7		0.770039
375.8		0.770039
375.9		0.770039
376		0.770039
376.1		0.771931
376.2		0.771931
376.3		0.771931
376.4		0.771931
376.5		0.771931
376.6		0.771931
376.7		0.771931
376.8		0.771931
376.9		0.771931
377		0.771931
377.1		0.774966
377.2		0.774966
377.3		0.774966
377.4		0.774966
377.5		0.774966
377.6		0.774966
377.7		0.774966
377.8		0.774966
377.9		0.774966
378		0.774966
378.1		0.777072
378.2		0.777072
378.3		0.777072
378.4		0.777072
378.5		0.777072
378.6		0.777072
378.7		0.777072
378.8		0.777072
378.9		0.777072
379		0.777072
379.1		0.778321
379.2		0.778321
379.3		0.778321
379.4		0.778321
379.5		0.778321
379.6		0.778321
379.7		0.778321
379.8		0.778321
379.9		0.778321
380		0.778321
380.1		0.780552
380.2		0.780552
380.3		0.780552
380.4		0.780552
380.5		0.780552
380.6		0.780552
380.7		0.780552
380.8		0.780552
380.9		0.780552
381		0.780552
381.1		0.783283
381.2		0.783283
381.3		0.783283
381.4		0.783283
381.5		0.783283
381.6		0.783283
381.7		0.783283
381.8		0.783283
381.9		0.783283
382		0.783283
382.1		0.785443
382.2		0.785443
382.3		0.785443
382.4		0.785443
382.5		0.785443
382.6		0.785443
382.7		0.785443
382.8		0.785443
382.9		0.785443
383		0.785443
383.1		0.785746
383.2		0.785746
383.3		0.785746
383.4		0.785746
383.5		0.785746
383.6		0.785746
383.7		0.785746
383.8		0.785746
383.9		0.785746
384		0.785746
384.1		0.787192
384.2		0.787192
384.3		0.787192
384.4		0.787192
384.5		0.787192
384.6		0.787192
384.7		0.787192
384.8		0.787192
384.9		0.787192
385		0.787192
385.1		0.787959
385.2		0.787959
385.3		0.787959
385.4		0.787959
385.5		0.787959
385.6		0.787959
385.7		0.787959
385.8		0.787959
385.9		0.787959
386		0.787959
386.1		0.792368
386.2		0.792368
386.3		0.792368
386.4		0.792368
386.5		0.792368
386.6		0.792368
386.7		0.792368
386.8		0.792368
386.9		0.792368
387		0.792368
387.1		0.792654
387.2		0.792654
387.3		0.792654
387.4		0.792654
387.5		0.792654
387.6		0.792654
387.7		0.792654
387.8		0.792654
387.9		0.792654
388		0.792654
388.1		0.796098
388.2		0.796098
388.3		0.796098
388.4		0.796098
388.5		0.796098
388.6		0.796098
388.7		0.796098
388.8		0.796098
388.9		0.796098
389		0.796098
389.1		0.797437
389.2		0.797437
389.3		0.797437
389.4		0.797437
389.5		0.797437
389.6		0.797437
389.7		0.797437
389.8		0.797437
389.9		0.797437
390		0.797437
390.1		0.80131
390.2		0.80131
390.3		0.80131
390.4		0.80131
390.5		0.80131
390.6		0.80131
390.7		0.80131
390.8		0.80131
390.9		0.80131
391		0.80131
391.1		0.802131
391.2		0.802131
391.3		0.802131
391.4		0.802131
391.5		0.802131
391.6		0.802131
391.7		0.802131
391.8		0.802131
391.9		0.802131
392		0.802131
392.1		0.802292
392.2		0.802292
392.3		0.802292
392.4		0.802292
392.5		0.802292
392.6		0.802292
392.7		0.802292
392.8		0.802292
392.9		0.802292
393		0.802292
393.1		0.802435
393.2		0.802435
393.3		0.802435
393.4		0.802435
393.5		0.802435
393.6		0.802435
393.7		0.802435
393.8		0.802435
393.9		0.802435
394		0.802435
394.1		0.809806
394.2		0.809806
394.3		0.809806
394.4		0.809806
394.5		0.809806
394.6		0.809806
394.7		0.809806
394.8		0.809806
394.9		0.809806
395		0.809806
395.1		0.811948
395.2		0.811948
395.3		0.811948
395.4		0.811948
395.5		0.811948
395.6		0.811948
395.7		0.811948
395.8		0.811948
395.9		0.811948
396		0.811948
396.1		0.813572
396.2		0.813572
396.3		0.813572
396.4		0.813572
396.5		0.813572
396.6		0.813572
396.7		0.813572
396.8		0.813572
396.9		0.813572
397		0.813572
397.1		0.815053
397.2		0.815053
397.3		0.815053
397.4		0.815053
397.5		0.815053
397.6		0.815053
397.7		0.815053
397.8		0.815053
397.9		0.815053
398		0.815053
398.1		0.818552
398.2		0.818552
398.3		0.818552
398.4		0.818552
398.5		0.818552
398.6		0.818552
398.7		0.818552
398.8		0.818552
398.9		0.818552
399		0.818552
399.1		0.820176
399.2		0.820176
399.3		0.820176
399.4		0.820176
399.5		0.820176
399.6		0.820176
399.7		0.820176
399.8		0.820176
399.9		0.820176
400		0.820176
400.1		0.820479
400.2		0.820479
400.3		0.820479
400.4		0.820479
400.5		0.820479
400.6		0.820479
400.7		0.820479
400.8		0.820479
400.9		0.820479
401		0.820479
401.1		0.822728
401.2		0.822728
401.3		0.822728
401.4		0.822728
401.5		0.822728
401.6		0.822728
401.7		0.822728
401.8		0.822728
401.9		0.822728
402		0.822728
402.1		0.826619
402.2		0.826619
402.3		0.826619
402.4		0.826619
402.5		0.826619
402.6		0.826619
402.7		0.826619
402.8		0.826619
402.9		0.826619
403		0.826619
403.1		0.827797
403.2		0.827797
403.3		0.827797
403.4		0.827797
403.5		0.827797
403.6		0.827797
403.7		0.827797
403.8		0.827797
403.9		0.827797
404		0.827797
404.1		0.827994
404.2		0.827994
404.3		0.827994
404.4		0.827994
404.5		0.827994
404.6		0.827994
404.7		0.827994
404.8		0.827994
404.9		0.827994
405		0.827994
405.1		0.831224
405.2		0.831224
405.3		0.831224
405.4		0.831224
405.5		0.831224
405.6		0.831224
405.7		0.831224
405.8		0.831224
405.9		0.831224
406		0.831224
406.1		0.832206
406.2		0.832206
406.3		0.832206
406.4		0.832206
406.5		0.832206
406.6		0.832206
406.7		0.832206
406.8		0.832206
406.9		0.832206
407		0.832206
407.1		0.83508
407.2		0.83508
407.3		0.83508
407.4		0.83508
407.5		0.83508
407.6		0.83508
407.7		0.83508
407.8		0.83508
407.9		0.83508
408		0.83508
408.1		0.838756
408.2		0.838756
408.3		0.838756
408.4		0.838756
408.5		0.838756
408.6		0.838756
408.7		0.838756
408.8		0.838756
408.9		0.838756
409		0.838756
409.1		0.838953
409.2		0.838953
409.3		0.838953
409.4		0.838953
409.5		0.838953
409.6		0.838953
409.7		0.838953
409.8		0.838953
409.9		0.838953
410		0.838953
410.1		0.840559
410.2		0.840559
410.3		0.840559
410.4		0.840559
410.5		0.840559
410.6		0.840559
410.7		0.840559
410.8		0.840559
410.9		0.840559
411		0.840559
411.1		0.842148
411.2		0.842148
411.3		0.842148
411.4		0.842148
411.5		0.842148
411.6		0.842148
411.7		0.842148
411.8		0.842148
411.9		0.842148
412		0.842148
412.1		0.848323
412.2		0.848323
412.3		0.848323
412.4		0.848323
412.5		0.848323
412.6		0.848323
412.7		0.848323
412.8		0.848323
412.9		0.848323
413		0.848323
413.1		0.848644
413.2		0.848644
413.3		0.848644
413.4		0.848644
413.5		0.848644
413.6		0.848644
413.7		0.848644
413.8		0.848644
413.9		0.848644
414		0.848644
414.1		0.849287
414.2		0.849287
414.3		0.849287
414.4		0.849287
414.5		0.849287
414.6		0.849287
414.7		0.849287
414.8		0.849287
414.9		0.849287
415		0.849287
415.1		0.849769
415.2		0.849769
415.3		0.849769
415.4		0.849769
415.5		0.849769
415.6		0.849769
415.7		0.849769
415.8		0.849769
415.9		0.849769
416		0.849769
416.1		0.853874
416.2		0.853874
416.3		0.853874
416.4		0.853874
416.5		0.853874
416.6		0.853874
416.7		0.853874
416.8		0.853874
416.9		0.853874
417		0.853874
417.1		0.856141
417.2		0.856141
417.3		0.856141
417.4		0.856141
417.5		0.856141
417.6		0.856141
417.7		0.856141
417.8		0.856141
417.9		0.856141
418		0.856141
418.1		0.858997
418.2		0.858997
418.3		0.858997
418.4		0.858997
418.5		0.858997
418.6		0.858997
418.7		0.858997
418.8		0.858997
418.9		0.858997
419		0.858997
419.1		0.86171
419.2		0.86171
419.3		0.86171
419.4		0.86171
419.5		0.86171
419.6		0.86171
419.7		0.86171
419.8		0.86171
419.9		0.86171
420		0.86171
420.1		0.865476
420.2		0.865476
420.3		0.865476
420.4		0.865476
420.5		0.865476
420.6		0.865476
420.7		0.865476
420.8		0.865476
420.9		0.865476
421		0.865476
421.1		0.865761
421.2		0.865761
421.3		0.865761
421.4		0.865761
421.5		0.865761
421.6		0.865761
421.7		0.865761
421.8		0.865761
421.9		0.865761
422		0.865761
422.1		0.86635
422.2		0.86635
422.3		0.86635
422.4		0.86635
422.5		0.86635
422.6		0.86635
422.7		0.86635
422.8		0.86635
422.9		0.86635
423		0.86635
423.1		0.866779
423.2		0.866779
423.3		0.866779
423.4		0.866779
423.5		0.866779
423.6		0.866779
423.7		0.866779
423.8		0.866779
423.9		0.866779
424		0.866779
424.1		0.872276
424.2		0.872276
424.3		0.872276
424.4		0.872276
424.5		0.872276
424.6		0.872276
424.7		0.872276
424.8		0.872276
424.9		0.872276
425		0.872276
425.1		0.873668
425.2		0.873668
425.3		0.873668
425.4		0.873668
425.5		0.873668
425.6		0.873668
425.7		0.873668
425.8		0.873668
425.9		0.873668
426		0.873668
426.1		0.874418
426.2		0.874418
426.3		0.874418
426.4		0.874418
426.5		0.874418
426.6		0.874418
426.7		0.874418
426.8		0.874418
426.9		0.874418
427		0.874418
427.1		0.876417
427.2		0.876417
427.3		0.876417
427.4		0.876417
427.5		0.876417
427.6		0.876417
427.7		0.876417
427.8		0.876417
427.9		0.876417
428		0.876417
428.1		0.879397
428.2		0.879397
428.3		0.879397
428.4		0.879397
428.5		0.879397
428.6		0.879397
428.7		0.879397
428.8		0.879397
428.9		0.879397
429		0.879397
429.1		0.881789
429.2		0.881789
429.3		0.881789
429.4		0.881789
429.5		0.881789
429.6		0.881789
429.7		0.881789
429.8		0.881789
429.9		0.881789
430		0.881789
430.1		0.884199
430.2		0.884199
430.3		0.884199
430.4		0.884199
430.5		0.884199
430.6		0.884199
430.7		0.884199
430.8		0.884199
430.9		0.884199
431		0.884199
431.1		0.88518
431.2		0.88518
431.3		0.88518
431.4		0.88518
431.5		0.88518
431.6		0.88518
431.7		0.88518
431.8		0.88518
431.9		0.88518
432		0.88518
432.1		0.885519
432.2		0.885519
432.3		0.885519
432.4		0.885519
432.5		0.885519
432.6		0.885519
432.7		0.885519
432.8		0.885519
432.9		0.885519
433		0.885519
433.1		0.891035
433.2		0.891035
433.3		0.891035
433.4		0.891035
433.5		0.891035
433.6		0.891035
433.7		0.891035
433.8		0.891035
433.9		0.891035
434		0.891035
434.1		0.892427
434.2		0.892427
434.3		0.892427
434.4		0.892427
434.5		0.892427
434.6		0.892427
434.7		0.892427
434.8		0.892427
434.9		0.892427
435		0.892427
435.1		0.894051
435.2		0.894051
435.3		0.894051
435.4		0.894051
435.5		0.894051
435.6		0.894051
435.7		0.894051
435.8		0.894051
435.9		0.894051
436		0.894051
436.1		0.894301
436.2		0.894301
436.3		0.894301
436.4		0.894301
436.5		0.894301
436.6		0.894301
436.7		0.894301
436.8		0.894301
436.9		0.894301
437		0.894301
437.1		0.894801
437.2		0.894801
437.3		0.894801
437.4		0.894801
437.5		0.894801
437.6		0.894801
437.7		0.894801
437.8		0.894801
437.9		0.894801
438		0.894801
438.1		0.899191
438.2		0.899191
438.3		0.899191
438.4		0.899191
438.5		0.899191
438.6		0.899191
438.7		0.899191
438.8		0.899191
438.9		0.899191
439		0.899191
439.1		0.90144
439.2		0.90144
439.3		0.90144
439.4		0.90144
439.5		0.90144
439.6		0.90144
439.7		0.90144
439.8		0.90144
439.9		0.90144
440		0.90144
440.1		0.903975
440.2		0.903975
440.3		0.903975
440.4		0.903975
440.5		0.903975
440.6		0.903975
440.7		0.903975
440.8		0.903975
440.9		0.903975
441		0.903975
441.1		0.904171
441.2		0.904171
441.3		0.904171
441.4		0.904171
441.5		0.904171
441.6		0.904171
441.7		0.904171
441.8		0.904171
441.9		0.904171
442		0.904171
442.1		0.908812
442.2		0.908812
442.3		0.908812
442.4		0.908812
442.5		0.908812
442.6		0.908812
442.7		0.908812
442.8		0.908812
442.9		0.908812
443		0.908812
443.1		0.909918
443.2		0.909918
443.3		0.909918
443.4		0.909918
443.5		0.909918
443.6		0.909918
443.7		0.909918
443.8		0.909918
443.9		0.909918
444		0.909918
444.1		0.910186
444.2		0.910186
444.3		0.910186
444.4		0.910186
444.5		0.910186
444.6		0.910186
444.7		0.910186
444.8		0.910186
444.9		0.910186
445		0.910186
445.1		0.911471
445.2		0.911471
445.3		0.911471
445.4		0.911471
445.5		0.911471
445.6		0.911471
445.7		0.911471
445.8		0.911471
445.9		0.911471
446		0.911471
446.1		0.91804
446.2		0.91804
446.3		0.91804
446.4		0.91804
446.5		0.91804
446.6		0.91804
446.7		0.91804
446.8		0.91804
446.9		0.91804
447		0.91804
447.1		0.918468
447.2		0.918468
447.3		0.918468
447.4		0.918468
447.5		0.918468
447.6		0.918468
447.7		0.918468
447.8		0.918468
447.9		0.918468
448		0.918468
448.1		0.918825
448.2		0.918825
448.3		0.918825
448.4		0.918825
448.5		0.918825
448.6		0.918825
448.7		0.918825
448.8		0.918825
448.9		0.918825
449		0.918825
449.1		0.922591
449.2		0.922591
449.3		0.922591
449.4		0.922591
449.5		0.922591
449.6		0.922591
449.7		0.922591
449.8		0.922591
449.9		0.922591
450		0.922591
450.1		0.926125
450.2		0.926125
450.3		0.926125
450.4		0.926125
450.5		0.926125
450.6		0.926125
450.7		0.926125
450.8		0.926125
450.9		0.926125
451		0.926125
451.1		0.926696
451.2		0.926696
451.3		0.926696
451.4		0.926696
451.5		0.926696
451.6		0.926696
451.7		0.926696
451.8		0.926696
451.9		0.926696
452		0.926696
452.1		0.928874
452.2		0.928874
452.3		0.928874
452.4		0.928874
452.5		0.928874
452.6		0.928874
452.7		0.928874
452.8		0.928874
452.9		0.928874
453		0.928874
453.1		0.930373
453.2		0.930373
453.3		0.930373
453.4		0.930373
453.5		0.930373
453.6		0.930373
453.7		0.930373
453.8		0.930373
453.9		0.930373
454		0.930373
454.1		0.933068
454.2		0.933068
454.3		0.933068
454.4		0.933068
454.5		0.933068
454.6		0.933068
454.7		0.933068
454.8		0.933068
454.9		0.933068
455		0.933068
455.1		0.935888
455.2		0.935888
455.3		0.935888
455.4		0.935888
455.5		0.935888
455.6		0.935888
455.7		0.935888
455.8		0.935888
455.9		0.935888
456		0.935888
456.1		0.93803
456.2		0.93803
456.3		0.93803
456.4		0.93803
456.5		0.93803
456.6		0.93803
456.7		0.93803
456.8		0.93803
456.9		0.93803
457		0.93803
457.1		0.938458
457.2		0.938458
457.3		0.938458
457.4		0.938458
457.5		0.938458
457.6		0.938458
457.7		0.938458
457.8		0.938458
457.9		0.938458
458		0.938458
458.1		0.941725
458.2		0.941725
458.3		0.941725
458.4		0.941725
458.5		0.941725
458.6		0.941725
458.7		0.941725
458.8		0.941725
458.9		0.941725
459		0.941725
459.1		0.942795
459.2		0.942795
459.3		0.942795
459.4		0.942795
459.5		0.942795
459.6		0.942795
459.7		0.942795
459.8		0.942795
459.9		0.942795
460		0.942795
460.1		0.943135
460.2		0.943135
460.3		0.943135
460.4		0.943135
460.5		0.943135
460.6		0.943135
460.7		0.943135
460.8		0.943135
460.9		0.943135
461		0.943135
461.1		0.947168
461.2		0.947168
461.3		0.947168
461.4		0.947168
461.5		0.947168
461.6		0.947168
461.7		0.947168
461.8		0.947168
461.9		0.947168
462		0.947168
462.1		0.950577
462.2		0.950577
462.3		0.950577
462.4		0.950577
462.5		0.950577
462.6		0.950577
462.7		0.950577
462.8		0.950577
462.9		0.950577
463		0.950577
463.1		0.951149
463.2		0.951149
463.3		0.951149
463.4		0.951149
463.5		0.951149
463.6		0.951149
463.7		0.951149
463.8		0.951149
463.9		0.951149
464		0.951149
464.1		0.952684
464.2		0.952684
464.3		0.952684
464.4		0.952684
464.5		0.952684
464.6		0.952684
464.7		0.952684
464.8		0.952684
464.9		0.952684
465		0.952684
465.1		0.953201
465.2		0.953201
465.3		0.953201
465.4		0.953201
465.5		0.953201
465.6		0.953201
465.7		0.953201
465.8		0.953201
465.9		0.953201
466		0.953201
466.1		0.955111
466.2		0.955111
466.3		0.955111
466.4		0.955111
466.5		0.955111
466.6		0.955111
466.7		0.955111
466.8		0.955111
466.9		0.955111
467		0.955111
467.1		0.959395
467.2		0.959395
467.3		0.959395
467.4		0.959395
467.5		0.959395
467.6		0.959395
467.7		0.959395
467.8		0.959395
467.9		0.959395
468		0.959395
468.1		0.960287
468.2		0.960287
468.3		0.960287
468.4		0.960287
468.5		0.960287
468.6		0.960287
468.7		0.960287
468.8		0.960287
468.9		0.960287
469		0.960287
469.1		0.960626
469.2		0.960626
469.3		0.960626
469.4		0.960626
469.5		0.960626
469.6		0.960626
469.7		0.960626
469.8		0.960626
469.9		0.960626
470		0.960626
470.1		0.96275
470.2		0.96275
470.3		0.96275
470.4		0.96275
470.5		0.96275
470.6		0.96275
470.7		0.96275
470.8		0.96275
470.9		0.96275
471		0.96275
471.1		0.964767
471.2		0.964767
471.3		0.964767
471.4		0.964767
471.5		0.964767
471.6		0.964767
471.7		0.964767
471.8		0.964767
471.9		0.964767
472		0.964767
472.1		0.969997
472.2		0.969997
472.3		0.969997
472.4		0.969997
472.5		0.969997
472.6		0.969997
472.7		0.969997
472.8		0.969997
472.9		0.969997
473		0.969997
473.1		0.970764
473.2		0.970764
473.3		0.970764
473.4		0.970764
473.5		0.970764
473.6		0.970764
473.7		0.970764
473.8		0.970764
473.9		0.970764
474		0.970764
474.1		0.971692
474.2		0.971692
474.3		0.971692
474.4		0.971692
474.5		0.971692
474.6		0.971692
474.7		0.971692
474.8		0.971692
474.9		0.971692
475		0.971692
475.1		0.974387
475.2		0.974387
475.3		0.974387
475.4		0.974387
475.5		0.974387
475.6		0.974387
475.7		0.974387
475.8		0.974387
475.9		0.974387
476		0.974387
476.1		0.977832
476.2		0.977832
476.3		0.977832
476.4		0.977832
476.5		0.977832
476.6		0.977832
476.7		0.977832
476.8		0.977832
476.9		0.977832
477		0.977832
477.1		0.979617
477.2		0.979617
477.3		0.979617
477.4		0.979617
477.5		0.979617
477.6		0.979617
477.7		0.979617
477.8		0.979617
477.9		0.979617
478		0.979617
478.1		0.980634
478.2		0.980634
478.3		0.980634
478.4		0.980634
478.5		0.980634
478.6		0.980634
478.7		0.980634
478.8		0.980634
478.9		0.980634
479		0.980634
479.1		0.981705
479.2		0.981705
479.3		0.981705
479.4		0.981705
479.5		0.981705
479.6		0.981705
479.7		0.981705
479.8		0.981705
479.9		0.981705
480		0.981705
480.1		0.985775
480.2		0.985775
480.3		0.985775
480.4		0.985775
480.5		0.985775
480.6		0.985775
480.7		0.985775
480.8		0.985775
480.9		0.985775
481		0.985775
481.1		0.985918
481.2		0.985918
481.3		0.985918
481.4		0.985918
481.5		0.985918
481.6		0.985918
481.7		0.985918
481.8		0.985918
481.9		0.985918
482		0.985918
482.1		0.987149
482.2		0.987149
482.3		0.987149
482.4		0.987149
482.5		0.987149
482.6		0.987149
482.7		0.987149
482.8		0.987149
482.9		0.987149
483		0.987149
483.1		0.992129
483.2		0.992129
483.3		0.992129
483.4		0.992129
483.5		0.992129
483.6		0.992129
483.7		0.992129
483.8		0.992129
483.9		0.992129
484		0.992129
484.1		0.992771
484.2		0.992771
484.3		0.992771
484.4		0.992771
484.5		0.992771
484.6		0.992771
484.7		0.992771
484.8		0.992771
484.9		0.992771
485		0.992771
485.1		0.995324
485.2		0.995324
485.3		0.995324
485.4		0.995324
485.5		0.995324
485.6		0.995324
485.7		0.995324
485.8		0.995324
485.9		0.995324
486		0.995324
486.1		0.99759
486.2		0.99759
486.3		0.99759
486.4		0.99759
486.5		0.99759
486.6		0.99759
486.7		0.99759
486.8		0.99759
486.9		0.99759
487		0.99759
487.1		0.999286
487.2		0.999286
487.3		0.999286
487.4		0.999286
487.5		0.999286
487.6		0.999286
487.7		0.999286
487.8		0.999286
487.9		0.999286
488		0.999286
488.1		1
488.2		1
488.3		1
488.4		1
488.5		1
488.6		1
488.7		1
488.8		1
488.9		1
489		1
489.1		1
489.2		1
489.3		1
489.4		1
489.5		1
489.6		1
489.7		1
489.8		1
489.9		1
490		1
490.1		1
490.2		1
490.3		1
490.4		1
490.5		1
490.6		1
490.7		1
490.8		1
490.9		1
491		1
491.1		1
491.2		1
491.3		1
491.4		1
491.5		1
491.6		1
491.7		1
491.8		1
491.9		1
492		1
492.1		1
492.2		1
492.3		1
492.4		1
492.5		1
492.6		1
492.7		1
492.8		1
492.9		1
493		1
493.1		1
493.2		1
493.3		1
493.4		1
493.5		1
493.6		1
493.7		1
493.8		1
493.9		1
494		1
494.1		1
494.2		1
494.3		1
494.4		1
494.5		1
494.6		1
494.7		1
494.8		1
494.9		1
495		1
495.1		1
495.2		1
495.3		1
495.4		1
495.5		1
495.6		1
495.7		1
495.8		1
495.9		1
496		1
496.1		1
496.2		1
496.3		1
496.4		1
496.5		1
496.6		1
496.7		1
496.8		1
496.9		1
497		1
497.1		1
497.2		1
497.3		1
497.4		1
497.5		1
497.6		1
497.7		1
497.8		1
497.9		1
498		1
498.1		1
498.2		1
498.3		1
498.4		1
498.5		1
498.6		1
498.7		1
498.8		1
498.9		1
499		1
499.1		1
499.2		1
499.3		1
499.4		1
499.5		1
499.6		1
499.7		1
499.8		1
499.9		1
500		1
500.1		1
500.2		1
500.3		1
500.4		1
500.5		1
500.6		1
500.7		1
500.8		1
500.9		1
501		1
501.1		1
501.2		1
501.3		1
501.4		1
501.5		1
501.6		1
501.7		1
501.8		1
501.9		1
502		1
502.1		1
502.2		1
502.3		1
502.4		1
502.5		1
502.6		1
502.7		1
502.8		1
502.9		1
503		1
503.1		1
503.2		1
503.3		1
503.4		1
503.5		1
503.6		1
503.7		1
503.8		1
503.9		1
504		1
504.1		1
504.2		1
504.3		1
504.4		1
504.5		1
504.6		1
504.7		1
504.8		1
504.9		1
505		1
505.1		1
505.2		1
505.3		1
505.4		1
505.5		1
505.6		1
505.7		1
505.8		1
505.9		1
506		1
506.1		1
506.2		1
506.3		1
506.4		1
506.5		1
506.6		1
506.7		1
506.8		1
506.9		1
507		1
507.1		1
507.2		1
507.3		1
507.4		1
507.5		1
507.6		1
507.7		1
507.8		1
507.9		1
508		1
508.1		1
508.2		1
508.3		1
508.4		1
508.5		1
508.6		1
508.7		1
508.8		1
508.9		1
509		1
509.1		1
509.2		1
509.3		1
509.4		1
509.5		1
509.6		1
509.7		1
509.8		1
509.9		1
510		1
510.1		1
510.2		1
510.3		1
510.4		1
510.5		1
510.6		1
510.7		1
510.8		1
510.9		1
511		1
511.1		1
511.2		1
511.3		1
511.4		1
511.5		1
511.6		1
511.7		1
511.8		1
511.9		1
512		1
512.1		1
512.2		1
512.3		1
512.4		1
512.5		1
512.6		1
512.7		1
512.8		1
512.9		1
513		1
513.1		1
513.2		1
513.3		1
513.4		1
513.5		1
513.6		1
513.7		1
513.8		1
513.9		1
514		1
514.1		1
514.2		1
514.3		1
514.4		1
514.5		1
514.6		1
514.7		1
514.8		1
514.9		1
515		1
515.1		1
515.2		1
515.3		1
515.4		1
515.5		1
515.6		1
515.7		1
515.8		1
515.9		1
516		1
516.1		1
516.2		1
516.3		1
516.4		1
516.5		1
516.6		1
516.7		1
516.8		1
516.9		1
517		1
517.1		1
517.2		1
517.3		1
517.4		1
517.5		1
517.6		1
517.7		1
517.8		1
517.9		1
518		1
518.1		1
518.2		1
518.3		1
518.4		1
518.5		1
518.6		1
518.7		1
518.8		1
518.9		1
519		1
519.1		1
519.2		1
519.3		1
519.4		1
519.5		1
519.6		1
519.7		1
519.8		1
519.9		1
520		1
520.1		1
520.2		1
520.3		1
520.4		1
520.5		1
520.6		1
520.7		1
520.8		1
520.9		1
521		1
521.1		1
521.2		1
521.3		1
521.4		1
521.5		1
521.6		1
521.7		1
521.8		1
521.9		1
522		1
522.1		1
522.2		1
522.3		1
522.4		1
522.5		1
522.6		1
522.7		1
522.8		1
522.9		1
523		1
523.1		1
523.2		1
523.3		1
523.4		1
523.5		1
523.6		1
523.7		1
523.8		1
523.9		1
524		1
524.1		1
524.2		1
524.3		1
524.4		1
524.5		1
524.6		1
524.7		1
524.8		1
524.9		1
525		1
525.1		1
525.2		1
525.3		1
525.4		1
525.5		1
525.6		1
525.7		1
525.8		1
525.9		1
526		1
526.1		1
526.2		1
526.3		1
526.4		1
526.5		1
526.6		1
526.7		1
526.8		1
526.9		1
527		1
527.1		1
527.2		1
527.3		1
527.4		1
527.5		1
527.6		1
527.7		1
527.8		1
527.9		1
528		1
528.1		1
528.2		1
528.3		1
528.4		1
528.5		1
528.6		1
528.7		1
528.8		1
528.9		1
529		1
529.1		1
529.2		1
529.3		1
529.4		1
529.5		1
529.6		1
529.7		1
529.8		1
529.9		1
530		1
530.1		1
530.2		1
530.3		1
530.4		1
530.5		1
530.6		1
530.7		1
530.8		1
530.9		1
531		1
531.1		1
531.2		1
531.3		1
531.4		1
531.5		1
531.6		1
531.7		1
531.8		1
531.9		1
532		1
532.1		1
532.2		1
532.3		1
532.4		1
532.5		1
532.6		1
532.7		1
532.8		1
532.9		1
533		1
533.1		1
533.2		1
533.3		1
533.4		1
533.5		1
533.6		1
533.7		1
533.8		1
533.9		1
534		1
534.1		1
534.2		1
534.3		1
534.4		1
534.5		1
534.6		1
534.7		1
534.8		1
534.9		1
535		1
535.1		1
535.2		1
535.3		1
535.4		1
535.5		1
535.6		1
535.7		1
535.8		1
535.9		1
536		1
536.1		1
536.2		1
536.3		1
536.4		1
536.5		1
536.6		1
536.7		1
536.8		1
536.9		1
537		1
537.1		1
537.2		1
537.3		1
537.4		1
537.5		1
537.6		1
537.7		1
537.8		1
537.9		1
538		1
538.1		1
538.2		1
538.3		1
538.4		1
538.5		1
538.6		1
538.7		1
538.8		1
538.9		1
539		1
539.1		1
539.2		1
539.3		1
539.4		1
539.5		1
539.6		1
539.7		1
539.8		1
539.9		1
540		1
540.1		1
540.2		1
540.3		1
540.4		1
540.5		1
540.6		1
540.7		1
540.8		1
540.9		1
541		1
541.1		1
541.2		1
541.3		1
541.4		1
541.5		1
541.6		1
541.7		1
541.8		1
541.9		1
542		1
542.1		1
542.2		1
542.3		1
542.4		1
542.5		1
542.6		1
542.7		1
542.8		1
542.9		1
543		1
543.1		1
543.2		1
543.3		1
543.4		1
543.5		1
543.6		1
543.7		1
543.8		1
543.9		1
544		1
544.1		1
544.2		1
544.3		1
544.4		1
544.5		1
544.6		1
544.7		1
544.8		1
544.9		1
545		1
545.1		1
545.2		1
545.3		1
545.4		1
545.5		1
545.6		1
545.7		1
545.8		1
545.9		1
546		1
546.1		1
546.2		1
546.3		1
546.4		1
546.5		1
546.6		1
546.7		1
546.8		1
546.9		1
547		1
547.1		1
547.2		1
547.3		1
547.4		1
547.5		1
547.6		1
547.7		1
547.8		1
547.9		1
548		1
548.1		1
548.2		1
548.3		1
548.4		1
548.5		1
548.6		1
548.7		1
548.8		1
548.9		1
549		1
549.1		1
549.2		1
549.3		1
549.4		1
549.5		1
549.6		1
549.7		1
549.8		1
549.9		1
550		1
550.1		1
550.2		1
550.3		1
550.4		1
550.5		1
550.6		1
550.7		1
550.8		1
550.9		1
551		1
551.1		1
551.2		1
551.3		1
551.4		1
551.5		1
551.6		1
551.7		1
551.8		1
551.9		1
552		1
552.1		1
552.2		1
552.3		1
552.4		1
552.5		1
552.6		1
552.7		1
552.8		1
552.9		1
553		1
553.1		1
553.2		1
553.3		1
553.4		1
553.5		1
553.6		1
553.7		1
553.8		1
553.9		1
554		1
554.1		1
554.2		1
554.3		1
554.4		1
554.5		1
554.6		1
554.7		1
554.8		1
554.9		1
555		1
555.1		1
555.2		1
555.3		1
555.4		1
555.5		1
555.6		1
555.7		1
555.8		1
555.9		1
556		1
556.1		1
556.2		1
556.3		1
556.4		1
556.5		1
556.6		1
556.7		1
556.8		1
556.9		1
557		1
557.1		1
557.2		1
557.3		1
557.4		1
557.5		1
557.6		1
557.7		1
557.8		1
557.9		1
558		1
558.1		1
558.2		1
558.3		1
558.4		1
558.5		1
558.6		1
558.7		1
558.8		1
558.9		1
559		1
559.1		1
559.2		1
559.3		1
559.4		1
559.5		1
559.6		1
559.7		1
559.8		1
559.9		1
560		1
560.1		1
560.2		1
560.3		1
560.4		1
560.5		1
560.6		1
560.7		1
560.8		1
560.9		1
561		1
561.1		1
561.2		1
561.3		1
561.4		1
561.5		1
561.6		1
561.7		1
561.8		1
561.9		1
562		1
562.1		1
562.2		1
562.3		1
562.4		1
562.5		1
562.6		1
562.7		1
562.8		1
562.9		1
563		1
563.1		1
563.2		1
563.3		1
563.4		1
563.5		1
563.6		1
563.7		1
563.8		1
563.9		1
564		1
564.1		1
564.2		1
564.3		1
564.4		1
564.5		1
564.6		1
564.7		1
564.8		1
564.9		1
565		1
565.1		1
565.2		1
565.3		1
565.4		1
565.5		1
565.6		1
565.7		1
565.8		1
565.9		1
566		1
566.1		1
566.2		1
566.3		1
566.4		1
566.5		1
566.6		1
566.7		1
566.8		1
566.9		1
567		1
567.1		1
567.2		1
567.3		1
567.4		1
567.5		1
567.6		1
567.7		1
567.8		1
567.9		1
568		1
568.1		1
568.2		1
568.3		1
568.4		1
568.5		1
568.6		1
568.7		1
568.8		1
568.9		1
569		1
569.1		1
569.2		1
569.3		1
569.4		1
569.5		1
569.6		1
569.7		1
569.8		1
569.9		1
570		1
570.1		1
570.2		1
570.3		1
570.4		1
570.5		1
570.6		1
570.7		1
570.8		1
570.9		1
571		1
571.1		1
571.2		1
571.3		1
571.4		1
571.5		1
571.6		1
571.7		1
571.8		1
571.9		1
572		1
572.1		1
572.2		1
572.3		1
572.4		1
572.5		1
572.6		1
572.7		1
572.8		1
572.9		1
573		1
573.1		1
573.2		1
573.3		1
573.4		1
573.5		1
573.6		1
573.7		1
573.8		1
573.9		1
574		1
574.1		1
574.2		1
574.3		1
574.4		1
574.5		1
574.6		1
574.7		1
574.8		1
574.9		1
575		1
575.1		1
575.2		1
575.3		1
575.4		1
575.5		1
575.6		1
575.7		1
575.8		1
575.9		1
576		1
576.1		1
576.2		1
576.3		1
576.4		1
576.5		1
576.6		1
576.7		1
576.8		1
576.9		1
577		1
577.1		1
577.2		1
577.3		1
577.4		1
577.5		1
577.6		1
577.7		1
577.8		1
577.9		1
578		1
578.1		1
578.2		1
578.3		1
578.4		1
578.5		1
578.6		1
578.7		1
578.8		1
578.9		1
579		1
579.1		1
579.2		1
579.3		1
579.4		1
579.5		1
579.6		1
579.7		1
579.8		1
579.9		1
580		1
580.1		1
580.2		1
580.3		1
580.4		1
580.5		1
580.6		1
580.7		1
580.8		1
580.9		1
581		1
581.1		1
581.2		1
581.3		1
581.4		1
581.5		1
581.6		1
581.7		1
581.8		1
581.9		1
582		1
582.1		1
582.2		1
582.3		1
582.4		1
582.5		1
582.6		1
582.7		1
582.8		1
582.9		1
583		1
583.1		1
583.2		1
583.3		1
583.4		1
583.5		1
583.6		1
583.7		1
583.8		1
583.9		1
584		1
584.1		1
584.2		1
584.3		1
584.4		1
584.5		1
584.6		1
584.7		1
584.8		1
584.9		1
585		1
585.1		1
585.2		1
585.3		1
585.4		1
585.5		1
585.6		1
585.7		1
585.8		1
585.9		1
586		1
586.1		1
586.2		1
586.3		1
586.4		1
586.5		1
586.6		1
586.7		1
586.8		1
586.9		1
587		1
587.1		1
587.2		1
587.3		1
587.4		1
587.5		1
587.6		1
587.7		1
587.8		1
587.9		1
588		1
588.1		1
588.2		1
588.3		1
588.4		1
588.5		1
588.6		1
588.7		1
588.8		1
588.9		1
589		1
589.1		1
589.2		1
589.3		1
589.4		1
589.5		1
589.6		1
589.7		1
589.8		1
589.9		1
590		1
590.1		1
590.2		1
590.3		1
590.4		1
590.5		1
590.6		1
590.7		1
590.8		1
590.9		1
591		1
591.1		1
591.2		1
591.3		1
591.4		1
591.5		1
591.6		1
591.7		1
591.8		1
591.9		1
592		1
592.1		1
592.2		1
592.3		1
592.4		1
592.5		1
592.6		1
592.7		1
592.8		1
592.9		1
593		1
593.1		1
593.2		1
593.3		1
593.4		1
593.5		1
593.6		1
593.7		1
593.8		1
593.9		1
594		1
594.1		1
594.2		1
594.3		1
594.4		1
594.5		1
594.6		1
594.7		1
594.8		1
594.9		1
595		1
595.1		1
595.2		1
595.3		1
595.4		1
595.5		1
595.6		1
595.7		1
595.8		1
595.9		1
596		1
596.1		1
596.2		1
596.3		1
596.4		1
596.5		1
596.6		1
596.7		1
596.8		1
596.9		1
597		1
597.1		1
597.2		1
597.3		1
597.4		1
597.5		1
597.6		1
597.7		1
597.8		1
597.9		1
598		1
598.1		1
598.2		1
598.3		1
598.4		1
598.5		1
598.6		1
598.7		1
598.8		1
598.9		1
599		1
599.1		1
599.2		1
599.3		1
599.4		1
599.5		1
599.6		1
599.7		1
599.8		1
599.9		1
600		1
