# Calibration file of tamex_id 0 @ channel 54
# fine_T bin		 Calibration value
0.1		0
0.2		0
0.3		0
0.4		0
0.5		0
0.6		0
0.7		0
0.8		0
0.9		0
1		0
1.1		0
1.2		0
1.3		0
1.4		0
1.5		0
1.6		0
1.7		0
1.8		0
1.9		0
2		0
2.1		0
2.2		0
2.3		0
2.4		0
2.5		0
2.6		0
2.7		0
2.8		0
2.9		0
3		0
3.1		0
3.2		0
3.3		0
3.4		0
3.5		0
3.6		0
3.7		0
3.8		0
3.9		0
4		0
4.1		0
4.2		0
4.3		0
4.4		0
4.5		0
4.6		0
4.7		0
4.8		0
4.9		0
5		0
5.1		0
5.2		0
5.3		0
5.4		0
5.5		0
5.6		0
5.7		0
5.8		0
5.9		0
6		0
6.1		0
6.2		0
6.3		0
6.4		0
6.5		0
6.6		0
6.7		0
6.8		0
6.9		0
7		0
7.1		0
7.2		0
7.3		0
7.4		0
7.5		0
7.6		0
7.7		0
7.8		0
7.9		0
8		0
8.1		0
8.2		0
8.3		0
8.4		0
8.5		0
8.6		0
8.7		0
8.8		0
8.9		0
9		0
9.1		0
9.2		0
9.3		0
9.4		0
9.5		0
9.6		0
9.7		0
9.8		0
9.9		0
10		0
10.1		0
10.2		0
10.3		0
10.4		0
10.5		0
10.6		0
10.7		0
10.8		0
10.9		0
11		0
11.1		0
11.2		0
11.3		0
11.4		0
11.5		0
11.6		0
11.7		0
11.8		0
11.9		0
12		0
12.1		0
12.2		0
12.3		0
12.4		0
12.5		0
12.6		0
12.7		0
12.8		0
12.9		0
13		0
13.1		0
13.2		0
13.3		0
13.4		0
13.5		0
13.6		0
13.7		0
13.8		0
13.9		0
14		0
14.1		0
14.2		0
14.3		0
14.4		0
14.5		0
14.6		0
14.7		0
14.8		0
14.9		0
15		0
15.1		0
15.2		0
15.3		0
15.4		0
15.5		0
15.6		0
15.7		0
15.8		0
15.9		0
16		0
16.1		0.000627206
16.2		0.000627206
16.3		0.000627206
16.4		0.000627206
16.5		0.000627206
16.6		0.000627206
16.7		0.000627206
16.8		0.000627206
16.9		0.000627206
17		0.000627206
17.1		0.00824328
17.2		0.00824328
17.3		0.00824328
17.4		0.00824328
17.5		0.00824328
17.6		0.00824328
17.7		0.00824328
17.8		0.00824328
17.9		0.00824328
18		0.00824328
18.1		0.0113435
18.2		0.0113435
18.3		0.0113435
18.4		0.0113435
18.5		0.0113435
18.6		0.0113435
18.7		0.0113435
18.8		0.0113435
18.9		0.0113435
19		0.0113435
19.1		0.0115048
19.2		0.0115048
19.3		0.0115048
19.4		0.0115048
19.5		0.0115048
19.6		0.0115048
19.7		0.0115048
19.8		0.0115048
19.9		0.0115048
20		0.0115048
20.1		0.0164507
20.2		0.0164507
20.3		0.0164507
20.4		0.0164507
20.5		0.0164507
20.6		0.0164507
20.7		0.0164507
20.8		0.0164507
20.9		0.0164507
21		0.0164507
21.1		0.018404
21.2		0.018404
21.3		0.018404
21.4		0.018404
21.5		0.018404
21.6		0.018404
21.7		0.018404
21.8		0.018404
21.9		0.018404
22		0.018404
22.1		0.0204648
22.2		0.0204648
22.3		0.0204648
22.4		0.0204648
22.5		0.0204648
22.6		0.0204648
22.7		0.0204648
22.8		0.0204648
22.9		0.0204648
23		0.0204648
23.1		0.0220239
23.2		0.0220239
23.3		0.0220239
23.4		0.0220239
23.5		0.0220239
23.6		0.0220239
23.7		0.0220239
23.8		0.0220239
23.9		0.0220239
24		0.0220239
24.1		0.0246223
24.2		0.0246223
24.3		0.0246223
24.4		0.0246223
24.5		0.0246223
24.6		0.0246223
24.7		0.0246223
24.8		0.0246223
24.9		0.0246223
25		0.0246223
25.1		0.0276688
25.2		0.0276688
25.3		0.0276688
25.4		0.0276688
25.5		0.0276688
25.6		0.0276688
25.7		0.0276688
25.8		0.0276688
25.9		0.0276688
26		0.0276688
26.1		0.0283497
26.2		0.0283497
26.3		0.0283497
26.4		0.0283497
26.5		0.0283497
26.6		0.0283497
26.7		0.0283497
26.8		0.0283497
26.9		0.0283497
27		0.0283497
27.1		0.0326147
27.2		0.0326147
27.3		0.0326147
27.4		0.0326147
27.5		0.0326147
27.6		0.0326147
27.7		0.0326147
27.8		0.0326147
27.9		0.0326147
28		0.0326147
28.1		0.0333315
28.2		0.0333315
28.3		0.0333315
28.4		0.0333315
28.5		0.0333315
28.6		0.0333315
28.7		0.0333315
28.8		0.0333315
28.9		0.0333315
29		0.0333315
29.1		0.034568
29.2		0.034568
29.3		0.034568
29.4		0.034568
29.5		0.034568
29.6		0.034568
29.7		0.034568
29.8		0.034568
29.9		0.034568
30		0.034568
30.1		0.03593
30.2		0.03593
30.3		0.03593
30.4		0.03593
30.5		0.03593
30.6		0.03593
30.7		0.03593
30.8		0.03593
30.9		0.03593
31		0.03593
31.1		0.0377399
31.2		0.0377399
31.3		0.0377399
31.4		0.0377399
31.5		0.0377399
31.6		0.0377399
31.7		0.0377399
31.8		0.0377399
31.9		0.0377399
32		0.0377399
32.1		0.0385822
32.2		0.0385822
32.3		0.0385822
32.4		0.0385822
32.5		0.0385822
32.6		0.0385822
32.7		0.0385822
32.8		0.0385822
32.9		0.0385822
33		0.0385822
33.1		0.0436356
33.2		0.0436356
33.3		0.0436356
33.4		0.0436356
33.5		0.0436356
33.6		0.0436356
33.7		0.0436356
33.8		0.0436356
33.9		0.0436356
34		0.0436356
34.1		0.0441553
34.2		0.0441553
34.3		0.0441553
34.4		0.0441553
34.5		0.0441553
34.6		0.0441553
34.7		0.0441553
34.8		0.0441553
34.9		0.0441553
35		0.0441553
35.1		0.0461803
35.2		0.0461803
35.3		0.0461803
35.4		0.0461803
35.5		0.0461803
35.6		0.0461803
35.7		0.0461803
35.8		0.0461803
35.9		0.0461803
36		0.0461803
36.1		0.049388
36.2		0.049388
36.3		0.049388
36.4		0.049388
36.5		0.049388
36.6		0.049388
36.7		0.049388
36.8		0.049388
36.9		0.049388
37		0.049388
37.1		0.0505708
37.2		0.0505708
37.3		0.0505708
37.4		0.0505708
37.5		0.0505708
37.6		0.0505708
37.7		0.0505708
37.8		0.0505708
37.9		0.0505708
38		0.0505708
38.1		0.0527391
38.2		0.0527391
38.3		0.0527391
38.4		0.0527391
38.5		0.0527391
38.6		0.0527391
38.7		0.0527391
38.8		0.0527391
38.9		0.0527391
39		0.0527391
39.1		0.0547641
39.2		0.0547641
39.3		0.0547641
39.4		0.0547641
39.5		0.0547641
39.6		0.0547641
39.7		0.0547641
39.8		0.0547641
39.9		0.0547641
40		0.0547641
40.1		0.056574
40.2		0.056574
40.3		0.056574
40.4		0.056574
40.5		0.056574
40.6		0.056574
40.7		0.056574
40.8		0.056574
40.9		0.056574
41		0.056574
41.1		0.0587065
41.2		0.0587065
41.3		0.0587065
41.4		0.0587065
41.5		0.0587065
41.6		0.0587065
41.7		0.0587065
41.8		0.0587065
41.9		0.0587065
42		0.0587065
42.1		0.0613766
42.2		0.0613766
42.3		0.0613766
42.4		0.0613766
42.5		0.0613766
42.6		0.0613766
42.7		0.0613766
42.8		0.0613766
42.9		0.0613766
43		0.0613766
43.1		0.063097
43.2		0.063097
43.3		0.063097
43.4		0.063097
43.5		0.063097
43.6		0.063097
43.7		0.063097
43.8		0.063097
43.9		0.063097
44		0.063097
44.1		0.0654087
44.2		0.0654087
44.3		0.0654087
44.4		0.0654087
44.5		0.0654087
44.6		0.0654087
44.7		0.0654087
44.8		0.0654087
44.9		0.0654087
45		0.0654087
45.1		0.0658746
45.2		0.0658746
45.3		0.0658746
45.4		0.0658746
45.5		0.0658746
45.6		0.0658746
45.7		0.0658746
45.8		0.0658746
45.9		0.0658746
46		0.0658746
46.1		0.0728635
46.2		0.0728635
46.3		0.0728635
46.4		0.0728635
46.5		0.0728635
46.6		0.0728635
46.7		0.0728635
46.8		0.0728635
46.9		0.0728635
47		0.0728635
47.1		0.0732936
47.2		0.0732936
47.3		0.0732936
47.4		0.0732936
47.5		0.0732936
47.6		0.0732936
47.7		0.0732936
47.8		0.0732936
47.9		0.0732936
48		0.0732936
48.1		0.0742254
48.2		0.0742254
48.3		0.0742254
48.4		0.0742254
48.5		0.0742254
48.6		0.0742254
48.7		0.0742254
48.8		0.0742254
48.9		0.0742254
49		0.0742254
49.1		0.0749243
49.2		0.0749243
49.3		0.0749243
49.4		0.0749243
49.5		0.0749243
49.6		0.0749243
49.7		0.0749243
49.8		0.0749243
49.9		0.0749243
50		0.0749243
50.1		0.0788309
50.2		0.0788309
50.3		0.0788309
50.4		0.0788309
50.5		0.0788309
50.6		0.0788309
50.7		0.0788309
50.8		0.0788309
50.9		0.0788309
51		0.0788309
51.1		0.080605
51.2		0.080605
51.3		0.080605
51.4		0.080605
51.5		0.080605
51.6		0.080605
51.7		0.080605
51.8		0.080605
51.9		0.080605
52		0.080605
52.1		0.0819848
52.2		0.0819848
52.3		0.0819848
52.4		0.0819848
52.5		0.0819848
52.6		0.0819848
52.7		0.0819848
52.8		0.0819848
52.9		0.0819848
53		0.0819848
53.1		0.083078
53.2		0.083078
53.3		0.083078
53.4		0.083078
53.5		0.083078
53.6		0.083078
53.7		0.083078
53.8		0.083078
53.9		0.083078
54		0.083078
54.1		0.0873251
54.2		0.0873251
54.3		0.0873251
54.4		0.0873251
54.5		0.0873251
54.6		0.0873251
54.7		0.0873251
54.8		0.0873251
54.9		0.0873251
55		0.0873251
55.1		0.0879702
55.2		0.0879702
55.3		0.0879702
55.4		0.0879702
55.5		0.0879702
55.6		0.0879702
55.7		0.0879702
55.8		0.0879702
55.9		0.0879702
56		0.0879702
56.1		0.0894217
56.2		0.0894217
56.3		0.0894217
56.4		0.0894217
56.5		0.0894217
56.6		0.0894217
56.7		0.0894217
56.8		0.0894217
56.9		0.0894217
57		0.0894217
57.1		0.0897801
57.2		0.0897801
57.3		0.0897801
57.4		0.0897801
57.5		0.0897801
57.6		0.0897801
57.7		0.0897801
57.8		0.0897801
57.9		0.0897801
58		0.0897801
58.1		0.09564
58.2		0.09564
58.3		0.09564
58.4		0.09564
58.5		0.09564
58.6		0.09564
58.7		0.09564
58.8		0.09564
58.9		0.09564
59		0.09564
59.1		0.0965539
59.2		0.0965539
59.3		0.0965539
59.4		0.0965539
59.5		0.0965539
59.6		0.0965539
59.7		0.0965539
59.8		0.0965539
59.9		0.0965539
60		0.0965539
60.1		0.0976829
60.2		0.0976829
60.3		0.0976829
60.4		0.0976829
60.5		0.0976829
60.6		0.0976829
60.7		0.0976829
60.8		0.0976829
60.9		0.0976829
61		0.0976829
61.1		0.0980234
61.2		0.0980234
61.3		0.0980234
61.4		0.0980234
61.5		0.0980234
61.6		0.0980234
61.7		0.0980234
61.8		0.0980234
61.9		0.0980234
62		0.0980234
62.1		0.101267
62.2		0.101267
62.3		0.101267
62.4		0.101267
62.5		0.101267
62.6		0.101267
62.7		0.101267
62.8		0.101267
62.9		0.101267
63		0.101267
63.1		0.103668
63.2		0.103668
63.3		0.103668
63.4		0.103668
63.5		0.103668
63.6		0.103668
63.7		0.103668
63.8		0.103668
63.9		0.103668
64		0.103668
64.1		0.10607
64.2		0.10607
64.3		0.10607
64.4		0.10607
64.5		0.10607
64.6		0.10607
64.7		0.10607
64.8		0.10607
64.9		0.10607
65		0.10607
65.1		0.108202
65.2		0.108202
65.3		0.108202
65.4		0.108202
65.5		0.108202
65.6		0.108202
65.7		0.108202
65.8		0.108202
65.9		0.108202
66		0.108202
66.1		0.110173
66.2		0.110173
66.3		0.110173
66.4		0.110173
66.5		0.110173
66.6		0.110173
66.7		0.110173
66.8		0.110173
66.9		0.110173
67		0.110173
67.1		0.110299
67.2		0.110299
67.3		0.110299
67.4		0.110299
67.5		0.110299
67.6		0.110299
67.7		0.110299
67.8		0.110299
67.9		0.110299
68		0.110299
68.1		0.114098
68.2		0.114098
68.3		0.114098
68.4		0.114098
68.5		0.114098
68.6		0.114098
68.7		0.114098
68.8		0.114098
68.9		0.114098
69		0.114098
69.1		0.114313
69.2		0.114313
69.3		0.114313
69.4		0.114313
69.5		0.114313
69.6		0.114313
69.7		0.114313
69.8		0.114313
69.9		0.114313
70		0.114313
70.1		0.118112
70.2		0.118112
70.3		0.118112
70.4		0.118112
70.5		0.118112
70.6		0.118112
70.7		0.118112
70.8		0.118112
70.9		0.118112
71		0.118112
71.1		0.120943
71.2		0.120943
71.3		0.120943
71.4		0.120943
71.5		0.120943
71.6		0.120943
71.7		0.120943
71.8		0.120943
71.9		0.120943
72		0.120943
72.1		0.124348
72.2		0.124348
72.3		0.124348
72.4		0.124348
72.5		0.124348
72.6		0.124348
72.7		0.124348
72.8		0.124348
72.9		0.124348
73		0.124348
73.1		0.126624
73.2		0.126624
73.3		0.126624
73.4		0.126624
73.5		0.126624
73.6		0.126624
73.7		0.126624
73.8		0.126624
73.9		0.126624
74		0.126624
74.1		0.1289
74.2		0.1289
74.3		0.1289
74.4		0.1289
74.5		0.1289
74.6		0.1289
74.7		0.1289
74.8		0.1289
74.9		0.1289
75		0.1289
75.1		0.129276
75.2		0.129276
75.3		0.129276
75.4		0.129276
75.5		0.129276
75.6		0.129276
75.7		0.129276
75.8		0.129276
75.9		0.129276
76		0.129276
76.1		0.132126
76.2		0.132126
76.3		0.132126
76.4		0.132126
76.5		0.132126
76.6		0.132126
76.7		0.132126
76.8		0.132126
76.9		0.132126
77		0.132126
77.1		0.134957
77.2		0.134957
77.3		0.134957
77.4		0.134957
77.5		0.134957
77.6		0.134957
77.7		0.134957
77.8		0.134957
77.9		0.134957
78		0.134957
78.1		0.13614
78.2		0.13614
78.3		0.13614
78.4		0.13614
78.5		0.13614
78.6		0.13614
78.7		0.13614
78.8		0.13614
78.9		0.13614
79		0.13614
79.1		0.138218
79.2		0.138218
79.3		0.138218
79.4		0.138218
79.5		0.138218
79.6		0.138218
79.7		0.138218
79.8		0.138218
79.9		0.138218
80		0.138218
80.1		0.141193
80.2		0.141193
80.3		0.141193
80.4		0.141193
80.5		0.141193
80.6		0.141193
80.7		0.141193
80.8		0.141193
80.9		0.141193
81		0.141193
81.1		0.143451
81.2		0.143451
81.3		0.143451
81.4		0.143451
81.5		0.143451
81.6		0.143451
81.7		0.143451
81.8		0.143451
81.9		0.143451
82		0.143451
82.1		0.143989
82.2		0.143989
82.3		0.143989
82.4		0.143989
82.5		0.143989
82.6		0.143989
82.7		0.143989
82.8		0.143989
82.9		0.143989
83		0.143989
83.1		0.147519
83.2		0.147519
83.3		0.147519
83.4		0.147519
83.5		0.147519
83.6		0.147519
83.7		0.147519
83.8		0.147519
83.9		0.147519
84		0.147519
84.1		0.150082
84.2		0.150082
84.3		0.150082
84.4		0.150082
84.5		0.150082
84.6		0.150082
84.7		0.150082
84.8		0.150082
84.9		0.150082
85		0.150082
85.1		0.150547
85.2		0.150547
85.3		0.150547
85.4		0.150547
85.5		0.150547
85.6		0.150547
85.7		0.150547
85.8		0.150547
85.9		0.150547
86		0.150547
86.1		0.152304
86.2		0.152304
86.3		0.152304
86.4		0.152304
86.5		0.152304
86.6		0.152304
86.7		0.152304
86.8		0.152304
86.9		0.152304
87		0.152304
87.1		0.154347
87.2		0.154347
87.3		0.154347
87.4		0.154347
87.5		0.154347
87.6		0.154347
87.7		0.154347
87.8		0.154347
87.9		0.154347
88		0.154347
88.1		0.157017
88.2		0.157017
88.3		0.157017
88.4		0.157017
88.5		0.157017
88.6		0.157017
88.7		0.157017
88.8		0.157017
88.9		0.157017
89		0.157017
89.1		0.159579
89.2		0.159579
89.3		0.159579
89.4		0.159579
89.5		0.159579
89.6		0.159579
89.7		0.159579
89.8		0.159579
89.9		0.159579
90		0.159579
90.1		0.162321
90.2		0.162321
90.3		0.162321
90.4		0.162321
90.5		0.162321
90.6		0.162321
90.7		0.162321
90.8		0.162321
90.9		0.162321
91		0.162321
91.1		0.163575
91.2		0.163575
91.3		0.163575
91.4		0.163575
91.5		0.163575
91.6		0.163575
91.7		0.163575
91.8		0.163575
91.9		0.163575
92		0.163575
92.1		0.167733
92.2		0.167733
92.3		0.167733
92.4		0.167733
92.5		0.167733
92.6		0.167733
92.7		0.167733
92.8		0.167733
92.9		0.167733
93		0.167733
93.1		0.168503
93.2		0.168503
93.3		0.168503
93.4		0.168503
93.5		0.168503
93.6		0.168503
93.7		0.168503
93.8		0.168503
93.9		0.168503
94		0.168503
94.1		0.169005
94.2		0.169005
94.3		0.169005
94.4		0.169005
94.5		0.169005
94.6		0.169005
94.7		0.169005
94.8		0.169005
94.9		0.169005
95		0.169005
95.1		0.169238
95.2		0.169238
95.3		0.169238
95.4		0.169238
95.5		0.169238
95.6		0.169238
95.7		0.169238
95.8		0.169238
95.9		0.169238
96		0.169238
96.1		0.174811
96.2		0.174811
96.3		0.174811
96.4		0.174811
96.5		0.174811
96.6		0.174811
96.7		0.174811
96.8		0.174811
96.9		0.174811
97		0.174811
97.1		0.178037
97.2		0.178037
97.3		0.178037
97.4		0.178037
97.5		0.178037
97.6		0.178037
97.7		0.178037
97.8		0.178037
97.9		0.178037
98		0.178037
98.1		0.179614
98.2		0.179614
98.3		0.179614
98.4		0.179614
98.5		0.179614
98.6		0.179614
98.7		0.179614
98.8		0.179614
98.9		0.179614
99		0.179614
99.1		0.18017
99.2		0.18017
99.3		0.18017
99.4		0.18017
99.5		0.18017
99.6		0.18017
99.7		0.18017
99.8		0.18017
99.9		0.18017
100		0.18017
100.1		0.183108
100.2		0.183108
100.3		0.183108
100.4		0.183108
100.5		0.183108
100.6		0.183108
100.7		0.183108
100.8		0.183108
100.9		0.183108
101		0.183108
101.1		0.184417
101.2		0.184417
101.3		0.184417
101.4		0.184417
101.5		0.184417
101.6		0.184417
101.7		0.184417
101.8		0.184417
101.9		0.184417
102		0.184417
102.1		0.187033
102.2		0.187033
102.3		0.187033
102.4		0.187033
102.5		0.187033
102.6		0.187033
102.7		0.187033
102.8		0.187033
102.9		0.187033
103		0.187033
103.1		0.188413
103.2		0.188413
103.3		0.188413
103.4		0.188413
103.5		0.188413
103.6		0.188413
103.7		0.188413
103.8		0.188413
103.9		0.188413
104		0.188413
104.1		0.190742
104.2		0.190742
104.3		0.190742
104.4		0.190742
104.5		0.190742
104.6		0.190742
104.7		0.190742
104.8		0.190742
104.9		0.190742
105		0.190742
105.1		0.191226
105.2		0.191226
105.3		0.191226
105.4		0.191226
105.5		0.191226
105.6		0.191226
105.7		0.191226
105.8		0.191226
105.9		0.191226
106		0.191226
106.1		0.193753
106.2		0.193753
106.3		0.193753
106.4		0.193753
106.5		0.193753
106.6		0.193753
106.7		0.193753
106.8		0.193753
106.9		0.193753
107		0.193753
107.1		0.195007
107.2		0.195007
107.3		0.195007
107.4		0.195007
107.5		0.195007
107.6		0.195007
107.7		0.195007
107.8		0.195007
107.9		0.195007
108		0.195007
108.1		0.197982
108.2		0.197982
108.3		0.197982
108.4		0.197982
108.5		0.197982
108.6		0.197982
108.7		0.197982
108.8		0.197982
108.9		0.197982
109		0.197982
109.1		0.200975
109.2		0.200975
109.3		0.200975
109.4		0.200975
109.5		0.200975
109.6		0.200975
109.7		0.200975
109.8		0.200975
109.9		0.200975
110		0.200975
110.1		0.203968
110.2		0.203968
110.3		0.203968
110.4		0.203968
110.5		0.203968
110.6		0.203968
110.7		0.203968
110.8		0.203968
110.9		0.203968
111		0.203968
111.1		0.204183
111.2		0.204183
111.3		0.204183
111.4		0.204183
111.5		0.204183
111.6		0.204183
111.7		0.204183
111.8		0.204183
111.9		0.204183
112		0.204183
112.1		0.205365
112.2		0.205365
112.3		0.205365
112.4		0.205365
112.5		0.205365
112.6		0.205365
112.7		0.205365
112.8		0.205365
112.9		0.205365
113		0.205365
113.1		0.205975
113.2		0.205975
113.3		0.205975
113.4		0.205975
113.5		0.205975
113.6		0.205975
113.7		0.205975
113.8		0.205975
113.9		0.205975
114		0.205975
114.1		0.212121
114.2		0.212121
114.3		0.212121
114.4		0.212121
114.5		0.212121
114.6		0.212121
114.7		0.212121
114.8		0.212121
114.9		0.212121
115		0.212121
115.1		0.21377
115.2		0.21377
115.3		0.21377
115.4		0.21377
115.5		0.21377
115.6		0.21377
115.7		0.21377
115.8		0.21377
115.9		0.21377
116		0.21377
116.1		0.216171
116.2		0.216171
116.3		0.216171
116.4		0.216171
116.5		0.216171
116.6		0.216171
116.7		0.216171
116.8		0.216171
116.9		0.216171
117		0.216171
117.1		0.216709
117.2		0.216709
117.3		0.216709
117.4		0.216709
117.5		0.216709
117.6		0.216709
117.7		0.216709
117.8		0.216709
117.9		0.216709
118		0.216709
118.1		0.220992
118.2		0.220992
118.3		0.220992
118.4		0.220992
118.5		0.220992
118.6		0.220992
118.7		0.220992
118.8		0.220992
118.9		0.220992
119		0.220992
119.1		0.221995
119.2		0.221995
119.3		0.221995
119.4		0.221995
119.5		0.221995
119.6		0.221995
119.7		0.221995
119.8		0.221995
119.9		0.221995
120		0.221995
120.1		0.22463
120.2		0.22463
120.3		0.22463
120.4		0.22463
120.5		0.22463
120.6		0.22463
120.7		0.22463
120.8		0.22463
120.9		0.22463
121		0.22463
121.1		0.225418
121.2		0.225418
121.3		0.225418
121.4		0.225418
121.5		0.225418
121.6		0.225418
121.7		0.225418
121.8		0.225418
121.9		0.225418
122		0.225418
122.1		0.231188
122.2		0.231188
122.3		0.231188
122.4		0.231188
122.5		0.231188
122.6		0.231188
122.7		0.231188
122.8		0.231188
122.9		0.231188
123		0.231188
123.1		0.231529
123.2		0.231529
123.3		0.231529
123.4		0.231529
123.5		0.231529
123.6		0.231529
123.7		0.231529
123.8		0.231529
123.9		0.231529
124		0.231529
124.1		0.231941
124.2		0.231941
124.3		0.231941
124.4		0.231941
124.5		0.231941
124.6		0.231941
124.7		0.231941
124.8		0.231941
124.9		0.231941
125		0.231941
125.1		0.232192
125.2		0.232192
125.3		0.232192
125.4		0.232192
125.5		0.232192
125.6		0.232192
125.7		0.232192
125.8		0.232192
125.9		0.232192
126		0.232192
126.1		0.238769
126.2		0.238769
126.3		0.238769
126.4		0.238769
126.5		0.238769
126.6		0.238769
126.7		0.238769
126.8		0.238769
126.9		0.238769
127		0.238769
127.1		0.239037
127.2		0.239037
127.3		0.239037
127.4		0.239037
127.5		0.239037
127.6		0.239037
127.7		0.239037
127.8		0.239037
127.9		0.239037
128		0.239037
128.1		0.240453
128.2		0.240453
128.3		0.240453
128.4		0.240453
128.5		0.240453
128.6		0.240453
128.7		0.240453
128.8		0.240453
128.9		0.240453
129		0.240453
129.1		0.242406
129.2		0.242406
129.3		0.242406
129.4		0.242406
129.5		0.242406
129.6		0.242406
129.7		0.242406
129.8		0.242406
129.9		0.242406
130		0.242406
130.1		0.245757
130.2		0.245757
130.3		0.245757
130.4		0.245757
130.5		0.245757
130.6		0.245757
130.7		0.245757
130.8		0.245757
130.9		0.245757
131		0.245757
131.1		0.246008
131.2		0.246008
131.3		0.246008
131.4		0.246008
131.5		0.246008
131.6		0.246008
131.7		0.246008
131.8		0.246008
131.9		0.246008
132		0.246008
132.1		0.248929
132.2		0.248929
132.3		0.248929
132.4		0.248929
132.5		0.248929
132.6		0.248929
132.7		0.248929
132.8		0.248929
132.9		0.248929
133		0.248929
133.1		0.24961
133.2		0.24961
133.3		0.24961
133.4		0.24961
133.5		0.24961
133.6		0.24961
133.7		0.24961
133.8		0.24961
133.9		0.24961
134		0.24961
134.1		0.255112
134.2		0.255112
134.3		0.255112
134.4		0.255112
134.5		0.255112
134.6		0.255112
134.7		0.255112
134.8		0.255112
134.9		0.255112
135		0.255112
135.1		0.256062
135.2		0.256062
135.3		0.256062
135.4		0.256062
135.5		0.256062
135.6		0.256062
135.7		0.256062
135.8		0.256062
135.9		0.256062
136		0.256062
136.1		0.256707
136.2		0.256707
136.3		0.256707
136.4		0.256707
136.5		0.256707
136.6		0.256707
136.7		0.256707
136.8		0.256707
136.9		0.256707
137		0.256707
137.1		0.257137
137.2		0.257137
137.3		0.257137
137.4		0.257137
137.5		0.257137
137.6		0.257137
137.7		0.257137
137.8		0.257137
137.9		0.257137
138		0.257137
138.1		0.260452
138.2		0.260452
138.3		0.260452
138.4		0.260452
138.5		0.260452
138.6		0.260452
138.7		0.260452
138.8		0.260452
138.9		0.260452
139		0.260452
139.1		0.260864
139.2		0.260864
139.3		0.260864
139.4		0.260864
139.5		0.260864
139.6		0.260864
139.7		0.260864
139.8		0.260864
139.9		0.260864
140		0.260864
140.1		0.263445
140.2		0.263445
140.3		0.263445
140.4		0.263445
140.5		0.263445
140.6		0.263445
140.7		0.263445
140.8		0.263445
140.9		0.263445
141		0.263445
141.1		0.268552
141.2		0.268552
141.3		0.268552
141.4		0.268552
141.5		0.268552
141.6		0.268552
141.7		0.268552
141.8		0.268552
141.9		0.268552
142		0.268552
142.1		0.268928
142.2		0.268928
142.3		0.268928
142.4		0.268928
142.5		0.268928
142.6		0.268928
142.7		0.268928
142.8		0.268928
142.9		0.268928
143		0.268928
143.1		0.27072
143.2		0.27072
143.3		0.27072
143.4		0.27072
143.5		0.27072
143.6		0.27072
143.7		0.27072
143.8		0.27072
143.9		0.27072
144		0.27072
144.1		0.272136
144.2		0.272136
144.3		0.272136
144.4		0.272136
144.5		0.272136
144.6		0.272136
144.7		0.272136
144.8		0.272136
144.9		0.272136
145		0.272136
145.1		0.272333
145.2		0.272333
145.3		0.272333
145.4		0.272333
145.5		0.272333
145.6		0.272333
145.7		0.272333
145.8		0.272333
145.9		0.272333
146		0.272333
146.1		0.277566
146.2		0.277566
146.3		0.277566
146.4		0.277566
146.5		0.277566
146.6		0.277566
146.7		0.277566
146.8		0.277566
146.9		0.277566
147		0.277566
147.1		0.279053
147.2		0.279053
147.3		0.279053
147.4		0.279053
147.5		0.279053
147.6		0.279053
147.7		0.279053
147.8		0.279053
147.9		0.279053
148		0.279053
148.1		0.282261
148.2		0.282261
148.3		0.282261
148.4		0.282261
148.5		0.282261
148.6		0.282261
148.7		0.282261
148.8		0.282261
148.9		0.282261
149		0.282261
149.1		0.283049
149.2		0.283049
149.3		0.283049
149.4		0.283049
149.5		0.283049
149.6		0.283049
149.7		0.283049
149.8		0.283049
149.9		0.283049
150		0.283049
150.1		0.2852
150.2		0.2852
150.3		0.2852
150.4		0.2852
150.5		0.2852
150.6		0.2852
150.7		0.2852
150.8		0.2852
150.9		0.2852
151		0.2852
151.1		0.287511
151.2		0.287511
151.3		0.287511
151.4		0.287511
151.5		0.287511
151.6		0.287511
151.7		0.287511
151.8		0.287511
151.9		0.287511
152		0.287511
152.1		0.290683
152.2		0.290683
152.3		0.290683
152.4		0.290683
152.5		0.290683
152.6		0.290683
152.7		0.290683
152.8		0.290683
152.9		0.290683
153		0.290683
153.1		0.291167
153.2		0.291167
153.3		0.291167
153.4		0.291167
153.5		0.291167
153.6		0.291167
153.7		0.291167
153.8		0.291167
153.9		0.291167
154		0.291167
154.1		0.293658
154.2		0.293658
154.3		0.293658
154.4		0.293658
154.5		0.293658
154.6		0.293658
154.7		0.293658
154.8		0.293658
154.9		0.293658
155		0.293658
155.1		0.294626
155.2		0.294626
155.3		0.294626
155.4		0.294626
155.5		0.294626
155.6		0.294626
155.7		0.294626
155.8		0.294626
155.9		0.294626
156		0.294626
156.1		0.298837
156.2		0.298837
156.3		0.298837
156.4		0.298837
156.5		0.298837
156.6		0.298837
156.7		0.298837
156.8		0.298837
156.9		0.298837
157		0.298837
157.1		0.301668
157.2		0.301668
157.3		0.301668
157.4		0.301668
157.5		0.301668
157.6		0.301668
157.7		0.301668
157.8		0.301668
157.9		0.301668
158		0.301668
158.1		0.30183
158.2		0.30183
158.3		0.30183
158.4		0.30183
158.5		0.30183
158.6		0.30183
158.7		0.30183
158.8		0.30183
158.9		0.30183
159		0.30183
159.1		0.301937
159.2		0.301937
159.3		0.301937
159.4		0.301937
159.5		0.301937
159.6		0.301937
159.7		0.301937
159.8		0.301937
159.9		0.301937
160		0.301937
160.1		0.308478
160.2		0.308478
160.3		0.308478
160.4		0.308478
160.5		0.308478
160.6		0.308478
160.7		0.308478
160.8		0.308478
160.9		0.308478
161		0.308478
161.1		0.309553
161.2		0.309553
161.3		0.309553
161.4		0.309553
161.5		0.309553
161.6		0.309553
161.7		0.309553
161.8		0.309553
161.9		0.309553
162		0.309553
162.1		0.310611
162.2		0.310611
162.3		0.310611
162.4		0.310611
162.5		0.310611
162.6		0.310611
162.7		0.310611
162.8		0.310611
162.9		0.310611
163		0.310611
163.1		0.31165
163.2		0.31165
163.3		0.31165
163.4		0.31165
163.5		0.31165
163.6		0.31165
163.7		0.31165
163.8		0.31165
163.9		0.31165
164		0.31165
164.1		0.317062
164.2		0.317062
164.3		0.317062
164.4		0.317062
164.5		0.317062
164.6		0.317062
164.7		0.317062
164.8		0.317062
164.9		0.317062
165		0.317062
165.1		0.318478
165.2		0.318478
165.3		0.318478
165.4		0.318478
165.5		0.318478
165.6		0.318478
165.7		0.318478
165.8		0.318478
165.9		0.318478
166		0.318478
166.1		0.319714
166.2		0.319714
166.3		0.319714
166.4		0.319714
166.5		0.319714
166.6		0.319714
166.7		0.319714
166.8		0.319714
166.9		0.319714
167		0.319714
167.1		0.32018
167.2		0.32018
167.3		0.32018
167.4		0.32018
167.5		0.32018
167.6		0.32018
167.7		0.32018
167.8		0.32018
167.9		0.32018
168		0.32018
168.1		0.325287
168.2		0.325287
168.3		0.325287
168.4		0.325287
168.5		0.325287
168.6		0.325287
168.7		0.325287
168.8		0.325287
168.9		0.325287
169		0.325287
169.1		0.326775
169.2		0.326775
169.3		0.326775
169.4		0.326775
169.5		0.326775
169.6		0.326775
169.7		0.326775
169.8		0.326775
169.9		0.326775
170		0.326775
170.1		0.326954
170.2		0.326954
170.3		0.326954
170.4		0.326954
170.5		0.326954
170.6		0.326954
170.7		0.326954
170.8		0.326954
170.9		0.326954
171		0.326954
171.1		0.328943
171.2		0.328943
171.3		0.328943
171.4		0.328943
171.5		0.328943
171.6		0.328943
171.7		0.328943
171.8		0.328943
171.9		0.328943
172		0.328943
172.1		0.33543
172.2		0.33543
172.3		0.33543
172.4		0.33543
172.5		0.33543
172.6		0.33543
172.7		0.33543
172.8		0.33543
172.9		0.33543
173		0.33543
173.1		0.335627
173.2		0.335627
173.3		0.335627
173.4		0.335627
173.5		0.335627
173.6		0.335627
173.7		0.335627
173.8		0.335627
173.9		0.335627
174		0.335627
174.1		0.336344
174.2		0.336344
174.3		0.336344
174.4		0.336344
174.5		0.336344
174.6		0.336344
174.7		0.336344
174.8		0.336344
174.9		0.336344
175		0.336344
175.1		0.339695
175.2		0.339695
175.3		0.339695
175.4		0.339695
175.5		0.339695
175.6		0.339695
175.7		0.339695
175.8		0.339695
175.9		0.339695
176		0.339695
176.1		0.34
176.2		0.34
176.3		0.34
176.4		0.34
176.5		0.34
176.6		0.34
176.7		0.34
176.8		0.34
176.9		0.34
177		0.34
177.1		0.345967
177.2		0.345967
177.3		0.345967
177.4		0.345967
177.5		0.345967
177.6		0.345967
177.7		0.345967
177.8		0.345967
177.9		0.345967
178		0.345967
178.1		0.347526
178.2		0.347526
178.3		0.347526
178.4		0.347526
178.5		0.347526
178.6		0.347526
178.7		0.347526
178.8		0.347526
178.9		0.347526
179		0.347526
179.1		0.347723
179.2		0.347723
179.3		0.347723
179.4		0.347723
179.5		0.347723
179.6		0.347723
179.7		0.347723
179.8		0.347723
179.9		0.347723
180		0.347723
180.1		0.348368
180.2		0.348368
180.3		0.348368
180.4		0.348368
180.5		0.348368
180.6		0.348368
180.7		0.348368
180.8		0.348368
180.9		0.348368
181		0.348368
181.1		0.35059
181.2		0.35059
181.3		0.35059
181.4		0.35059
181.5		0.35059
181.6		0.35059
181.7		0.35059
181.8		0.35059
181.9		0.35059
182		0.35059
182.1		0.355483
182.2		0.355483
182.3		0.355483
182.4		0.355483
182.5		0.355483
182.6		0.355483
182.7		0.355483
182.8		0.355483
182.9		0.355483
183		0.355483
183.1		0.358171
183.2		0.358171
183.3		0.358171
183.4		0.358171
183.5		0.358171
183.6		0.358171
183.7		0.358171
183.8		0.358171
183.9		0.358171
184		0.358171
184.1		0.358422
184.2		0.358422
184.3		0.358422
184.4		0.358422
184.5		0.358422
184.6		0.358422
184.7		0.358422
184.8		0.358422
184.9		0.358422
185		0.358422
185.1		0.359318
185.2		0.359318
185.3		0.359318
185.4		0.359318
185.5		0.359318
185.6		0.359318
185.7		0.359318
185.8		0.359318
185.9		0.359318
186		0.359318
186.1		0.36421
186.2		0.36421
186.3		0.36421
186.4		0.36421
186.5		0.36421
186.6		0.36421
186.7		0.36421
186.8		0.36421
186.9		0.36421
187		0.36421
187.1		0.364371
187.2		0.364371
187.3		0.364371
187.4		0.364371
187.5		0.364371
187.6		0.364371
187.7		0.364371
187.8		0.364371
187.9		0.364371
188		0.364371
188.1		0.366987
188.2		0.366987
188.3		0.366987
188.4		0.366987
188.5		0.366987
188.6		0.366987
188.7		0.366987
188.8		0.366987
188.9		0.366987
189		0.366987
189.1		0.367579
189.2		0.367579
189.3		0.367579
189.4		0.367579
189.5		0.367579
189.6		0.367579
189.7		0.367579
189.8		0.367579
189.9		0.367579
190		0.367579
190.1		0.371002
190.2		0.371002
190.3		0.371002
190.4		0.371002
190.5		0.371002
190.6		0.371002
190.7		0.371002
190.8		0.371002
190.9		0.371002
191		0.371002
191.1		0.371826
191.2		0.371826
191.3		0.371826
191.4		0.371826
191.5		0.371826
191.6		0.371826
191.7		0.371826
191.8		0.371826
191.9		0.371826
192		0.371826
192.1		0.37351
192.2		0.37351
192.3		0.37351
192.4		0.37351
192.5		0.37351
192.6		0.37351
192.7		0.37351
192.8		0.37351
192.9		0.37351
193		0.37351
193.1		0.375697
193.2		0.375697
193.3		0.375697
193.4		0.375697
193.5		0.375697
193.6		0.375697
193.7		0.375697
193.8		0.375697
193.9		0.375697
194		0.375697
194.1		0.37937
194.2		0.37937
194.3		0.37937
194.4		0.37937
194.5		0.37937
194.6		0.37937
194.7		0.37937
194.8		0.37937
194.9		0.37937
195		0.37937
195.1		0.381521
195.2		0.381521
195.3		0.381521
195.4		0.381521
195.5		0.381521
195.6		0.381521
195.7		0.381521
195.8		0.381521
195.9		0.381521
196		0.381521
196.1		0.382166
196.2		0.382166
196.3		0.382166
196.4		0.382166
196.5		0.382166
196.6		0.382166
196.7		0.382166
196.8		0.382166
196.9		0.382166
197		0.382166
197.1		0.38299
197.2		0.38299
197.3		0.38299
197.4		0.38299
197.5		0.38299
197.6		0.38299
197.7		0.38299
197.8		0.38299
197.9		0.38299
198		0.38299
198.1		0.388868
198.2		0.388868
198.3		0.388868
198.4		0.388868
198.5		0.388868
198.6		0.388868
198.7		0.388868
198.8		0.388868
198.9		0.388868
199		0.388868
199.1		0.389961
199.2		0.389961
199.3		0.389961
199.4		0.389961
199.5		0.389961
199.6		0.389961
199.7		0.389961
199.8		0.389961
199.9		0.389961
200		0.389961
200.1		0.393294
200.2		0.393294
200.3		0.393294
200.4		0.393294
200.5		0.393294
200.6		0.393294
200.7		0.393294
200.8		0.393294
200.9		0.393294
201		0.393294
201.1		0.394172
201.2		0.394172
201.3		0.394172
201.4		0.394172
201.5		0.394172
201.6		0.394172
201.7		0.394172
201.8		0.394172
201.9		0.394172
202		0.394172
202.1		0.39505
202.2		0.39505
202.3		0.39505
202.4		0.39505
202.5		0.39505
202.6		0.39505
202.7		0.39505
202.8		0.39505
202.9		0.39505
203		0.39505
203.1		0.398778
203.2		0.398778
203.3		0.398778
203.4		0.398778
203.5		0.398778
203.6		0.398778
203.7		0.398778
203.8		0.398778
203.9		0.398778
204		0.398778
204.1		0.399065
204.2		0.399065
204.3		0.399065
204.4		0.399065
204.5		0.399065
204.6		0.399065
204.7		0.399065
204.8		0.399065
204.9		0.399065
205		0.399065
205.1		0.403993
205.2		0.403993
205.3		0.403993
205.4		0.403993
205.5		0.403993
205.6		0.403993
205.7		0.403993
205.8		0.403993
205.9		0.403993
206		0.403993
206.1		0.405749
206.2		0.405749
206.3		0.405749
206.4		0.405749
206.5		0.405749
206.6		0.405749
206.7		0.405749
206.8		0.405749
206.9		0.405749
207		0.405749
207.1		0.406716
207.2		0.406716
207.3		0.406716
207.4		0.406716
207.5		0.406716
207.6		0.406716
207.7		0.406716
207.8		0.406716
207.9		0.406716
208		0.406716
208.1		0.408867
208.2		0.408867
208.3		0.408867
208.4		0.408867
208.5		0.408867
208.6		0.408867
208.7		0.408867
208.8		0.408867
208.9		0.408867
209		0.408867
209.1		0.411501
209.2		0.411501
209.3		0.411501
209.4		0.411501
209.5		0.411501
209.6		0.411501
209.7		0.411501
209.8		0.411501
209.9		0.411501
210		0.411501
210.1		0.413024
210.2		0.413024
210.3		0.413024
210.4		0.413024
210.5		0.413024
210.6		0.413024
210.7		0.413024
210.8		0.413024
210.9		0.413024
211		0.413024
211.1		0.417594
211.2		0.417594
211.3		0.417594
211.4		0.417594
211.5		0.417594
211.6		0.417594
211.7		0.417594
211.8		0.417594
211.9		0.417594
212		0.417594
212.1		0.418741
212.2		0.418741
212.3		0.418741
212.4		0.418741
212.5		0.418741
212.6		0.418741
212.7		0.418741
212.8		0.418741
212.9		0.418741
213		0.418741
213.1		0.420927
213.2		0.420927
213.3		0.420927
213.4		0.420927
213.5		0.420927
213.6		0.420927
213.7		0.420927
213.8		0.420927
213.9		0.420927
214		0.420927
214.1		0.422307
214.2		0.422307
214.3		0.422307
214.4		0.422307
214.5		0.422307
214.6		0.422307
214.7		0.422307
214.8		0.422307
214.9		0.422307
215		0.422307
215.1		0.423544
215.2		0.423544
215.3		0.423544
215.4		0.423544
215.5		0.423544
215.6		0.423544
215.7		0.423544
215.8		0.423544
215.9		0.423544
216		0.423544
216.1		0.425013
216.2		0.425013
216.3		0.425013
216.4		0.425013
216.5		0.425013
216.6		0.425013
216.7		0.425013
216.8		0.425013
216.9		0.425013
217		0.425013
217.1		0.430783
217.2		0.430783
217.3		0.430783
217.4		0.430783
217.5		0.430783
217.6		0.430783
217.7		0.430783
217.8		0.430783
217.9		0.430783
218		0.430783
218.1		0.431213
218.2		0.431213
218.3		0.431213
218.4		0.431213
218.5		0.431213
218.6		0.431213
218.7		0.431213
218.8		0.431213
218.9		0.431213
219		0.431213
219.1		0.43297
219.2		0.43297
219.3		0.43297
219.4		0.43297
219.5		0.43297
219.6		0.43297
219.7		0.43297
219.8		0.43297
219.9		0.43297
220		0.43297
220.1		0.434314
220.2		0.434314
220.3		0.434314
220.4		0.434314
220.5		0.434314
220.6		0.434314
220.7		0.434314
220.8		0.434314
220.9		0.434314
221		0.434314
221.1		0.436912
221.2		0.436912
221.3		0.436912
221.4		0.436912
221.5		0.436912
221.6		0.436912
221.7		0.436912
221.8		0.436912
221.9		0.436912
222		0.436912
222.1		0.438919
222.2		0.438919
222.3		0.438919
222.4		0.438919
222.5		0.438919
222.6		0.438919
222.7		0.438919
222.8		0.438919
222.9		0.438919
223		0.438919
223.1		0.442467
223.2		0.442467
223.3		0.442467
223.4		0.442467
223.5		0.442467
223.6		0.442467
223.7		0.442467
223.8		0.442467
223.9		0.442467
224		0.442467
224.1		0.443596
224.2		0.443596
224.3		0.443596
224.4		0.443596
224.5		0.443596
224.6		0.443596
224.7		0.443596
224.8		0.443596
224.9		0.443596
225		0.443596
225.1		0.443937
225.2		0.443937
225.3		0.443937
225.4		0.443937
225.5		0.443937
225.6		0.443937
225.7		0.443937
225.8		0.443937
225.9		0.443937
226		0.443937
226.1		0.44417
226.2		0.44417
226.3		0.44417
226.4		0.44417
226.5		0.44417
226.6		0.44417
226.7		0.44417
226.8		0.44417
226.9		0.44417
227		0.44417
227.1		0.448901
227.2		0.448901
227.3		0.448901
227.4		0.448901
227.5		0.448901
227.6		0.448901
227.7		0.448901
227.8		0.448901
227.9		0.448901
228		0.448901
228.1		0.451284
228.2		0.451284
228.3		0.451284
228.4		0.451284
228.5		0.451284
228.6		0.451284
228.7		0.451284
228.8		0.451284
228.9		0.451284
229		0.451284
229.1		0.45347
229.2		0.45347
229.3		0.45347
229.4		0.45347
229.5		0.45347
229.6		0.45347
229.7		0.45347
229.8		0.45347
229.9		0.45347
230		0.45347
230.1		0.454689
230.2		0.454689
230.3		0.454689
230.4		0.454689
230.5		0.454689
230.6		0.454689
230.7		0.454689
230.8		0.454689
230.9		0.454689
231		0.454689
231.1		0.456051
231.2		0.456051
231.3		0.456051
231.4		0.456051
231.5		0.456051
231.6		0.456051
231.7		0.456051
231.8		0.456051
231.9		0.456051
232		0.456051
232.1		0.458631
232.2		0.458631
232.3		0.458631
232.4		0.458631
232.5		0.458631
232.6		0.458631
232.7		0.458631
232.8		0.458631
232.9		0.458631
233		0.458631
233.1		0.460889
233.2		0.460889
233.3		0.460889
233.4		0.460889
233.5		0.460889
233.6		0.460889
233.7		0.460889
233.8		0.460889
233.9		0.460889
234		0.460889
234.1		0.462699
234.2		0.462699
234.3		0.462699
234.4		0.462699
234.5		0.462699
234.6		0.462699
234.7		0.462699
234.8		0.462699
234.9		0.462699
235		0.462699
235.1		0.46304
235.2		0.46304
235.3		0.46304
235.4		0.46304
235.5		0.46304
235.6		0.46304
235.7		0.46304
235.8		0.46304
235.9		0.46304
236		0.46304
236.1		0.468882
236.2		0.468882
236.3		0.468882
236.4		0.468882
236.5		0.468882
236.6		0.468882
236.7		0.468882
236.8		0.468882
236.9		0.468882
237		0.468882
237.1		0.470172
237.2		0.470172
237.3		0.470172
237.4		0.470172
237.5		0.470172
237.6		0.470172
237.7		0.470172
237.8		0.470172
237.9		0.470172
238		0.470172
238.1		0.470459
238.2		0.470459
238.3		0.470459
238.4		0.470459
238.5		0.470459
238.6		0.470459
238.7		0.470459
238.8		0.470459
238.9		0.470459
239		0.470459
239.1		0.470996
239.2		0.470996
239.3		0.470996
239.4		0.470996
239.5		0.470996
239.6		0.470996
239.7		0.470996
239.8		0.470996
239.9		0.470996
240		0.470996
240.1		0.475602
240.2		0.475602
240.3		0.475602
240.4		0.475602
240.5		0.475602
240.6		0.475602
240.7		0.475602
240.8		0.475602
240.9		0.475602
241		0.475602
241.1		0.478343
241.2		0.478343
241.3		0.478343
241.4		0.478343
241.5		0.478343
241.6		0.478343
241.7		0.478343
241.8		0.478343
241.9		0.478343
242		0.478343
242.1		0.478881
242.2		0.478881
242.3		0.478881
242.4		0.478881
242.5		0.478881
242.6		0.478881
242.7		0.478881
242.8		0.478881
242.9		0.478881
243		0.478881
243.1		0.480153
243.2		0.480153
243.3		0.480153
243.4		0.480153
243.5		0.480153
243.6		0.480153
243.7		0.480153
243.8		0.480153
243.9		0.480153
244		0.480153
244.1		0.486175
244.2		0.486175
244.3		0.486175
244.4		0.486175
244.5		0.486175
244.6		0.486175
244.7		0.486175
244.8		0.486175
244.9		0.486175
245		0.486175
245.1		0.486963
245.2		0.486963
245.3		0.486963
245.4		0.486963
245.5		0.486963
245.6		0.486963
245.7		0.486963
245.8		0.486963
245.9		0.486963
246		0.486963
246.1		0.488594
246.2		0.488594
246.3		0.488594
246.4		0.488594
246.5		0.488594
246.6		0.488594
246.7		0.488594
246.8		0.488594
246.9		0.488594
247		0.488594
247.1		0.48983
247.2		0.48983
247.3		0.48983
247.4		0.48983
247.5		0.48983
247.6		0.48983
247.7		0.48983
247.8		0.48983
247.9		0.48983
248		0.48983
248.1		0.495869
248.2		0.495869
248.3		0.495869
248.4		0.495869
248.5		0.495869
248.6		0.495869
248.7		0.495869
248.8		0.495869
248.9		0.495869
249		0.495869
249.1		0.496891
249.2		0.496891
249.3		0.496891
249.4		0.496891
249.5		0.496891
249.6		0.496891
249.7		0.496891
249.8		0.496891
249.9		0.496891
250		0.496891
250.1		0.497393
250.2		0.497393
250.3		0.497393
250.4		0.497393
250.5		0.497393
250.6		0.497393
250.7		0.497393
250.8		0.497393
250.9		0.497393
251		0.497393
251.1		0.499758
251.2		0.499758
251.3		0.499758
251.4		0.499758
251.5		0.499758
251.6		0.499758
251.7		0.499758
251.8		0.499758
251.9		0.499758
252		0.499758
252.1		0.503629
252.2		0.503629
252.3		0.503629
252.4		0.503629
252.5		0.503629
252.6		0.503629
252.7		0.503629
252.8		0.503629
252.9		0.503629
253		0.503629
253.1		0.50474
253.2		0.50474
253.3		0.50474
253.4		0.50474
253.5		0.50474
253.6		0.50474
253.7		0.50474
253.8		0.50474
253.9		0.50474
254		0.50474
254.1		0.506837
254.2		0.506837
254.3		0.506837
254.4		0.506837
254.5		0.506837
254.6		0.506837
254.7		0.506837
254.8		0.506837
254.9		0.506837
255		0.506837
255.1		0.509614
255.2		0.509614
255.3		0.509614
255.4		0.509614
255.5		0.509614
255.6		0.509614
255.7		0.509614
255.8		0.509614
255.9		0.509614
256		0.509614
256.1		0.509973
256.2		0.509973
256.3		0.509973
256.4		0.509973
256.5		0.509973
256.6		0.509973
256.7		0.509973
256.8		0.509973
256.9		0.509973
257		0.509973
257.1		0.514686
257.2		0.514686
257.3		0.514686
257.4		0.514686
257.5		0.514686
257.6		0.514686
257.7		0.514686
257.8		0.514686
257.9		0.514686
258		0.514686
258.1		0.515295
258.2		0.515295
258.3		0.515295
258.4		0.515295
258.5		0.515295
258.6		0.515295
258.7		0.515295
258.8		0.515295
258.9		0.515295
259		0.515295
259.1		0.517248
259.2		0.517248
259.3		0.517248
259.4		0.517248
259.5		0.517248
259.6		0.517248
259.7		0.517248
259.8		0.517248
259.9		0.517248
260		0.517248
260.1		0.518682
260.2		0.518682
260.3		0.518682
260.4		0.518682
260.5		0.518682
260.6		0.518682
260.7		0.518682
260.8		0.518682
260.9		0.518682
261		0.518682
261.1		0.520097
261.2		0.520097
261.3		0.520097
261.4		0.520097
261.5		0.520097
261.6		0.520097
261.7		0.520097
261.8		0.520097
261.9		0.520097
262		0.520097
262.1		0.526226
262.2		0.526226
262.3		0.526226
262.4		0.526226
262.5		0.526226
262.6		0.526226
262.7		0.526226
262.8		0.526226
262.9		0.526226
263		0.526226
263.1		0.527212
263.2		0.527212
263.3		0.527212
263.4		0.527212
263.5		0.527212
263.6		0.527212
263.7		0.527212
263.8		0.527212
263.9		0.527212
264		0.527212
264.1		0.527481
264.2		0.527481
264.3		0.527481
264.4		0.527481
264.5		0.527481
264.6		0.527481
264.7		0.527481
264.8		0.527481
264.9		0.527481
265		0.527481
265.1		0.529846
265.2		0.529846
265.3		0.529846
265.4		0.529846
265.5		0.529846
265.6		0.529846
265.7		0.529846
265.8		0.529846
265.9		0.529846
266		0.529846
266.1		0.534953
266.2		0.534953
266.3		0.534953
266.4		0.534953
266.5		0.534953
266.6		0.534953
266.7		0.534953
266.8		0.534953
266.9		0.534953
267		0.534953
267.1		0.53524
267.2		0.53524
267.3		0.53524
267.4		0.53524
267.5		0.53524
267.6		0.53524
267.7		0.53524
267.8		0.53524
267.9		0.53524
268		0.53524
268.1		0.539111
268.2		0.539111
268.3		0.539111
268.4		0.539111
268.5		0.539111
268.6		0.539111
268.7		0.539111
268.8		0.539111
268.9		0.539111
269		0.539111
269.1		0.539738
269.2		0.539738
269.3		0.539738
269.4		0.539738
269.5		0.539738
269.6		0.539738
269.7		0.539738
269.8		0.539738
269.9		0.539738
270		0.539738
270.1		0.541888
270.2		0.541888
270.3		0.541888
270.4		0.541888
270.5		0.541888
270.6		0.541888
270.7		0.541888
270.8		0.541888
270.9		0.541888
271		0.541888
271.1		0.544756
271.2		0.544756
271.3		0.544756
271.4		0.544756
271.5		0.544756
271.6		0.544756
271.7		0.544756
271.8		0.544756
271.9		0.544756
272		0.544756
272.1		0.545688
272.2		0.545688
272.3		0.545688
272.4		0.545688
272.5		0.545688
272.6		0.545688
272.7		0.545688
272.8		0.545688
272.9		0.545688
273		0.545688
273.1		0.545938
273.2		0.545938
273.3		0.545938
273.4		0.545938
273.5		0.545938
273.6		0.545938
273.7		0.545938
273.8		0.545938
273.9		0.545938
274		0.545938
274.1		0.551476
274.2		0.551476
274.3		0.551476
274.4		0.551476
274.5		0.551476
274.6		0.551476
274.7		0.551476
274.8		0.551476
274.9		0.551476
275		0.551476
275.1		0.551709
275.2		0.551709
275.3		0.551709
275.4		0.551709
275.5		0.551709
275.6		0.551709
275.7		0.551709
275.8		0.551709
275.9		0.551709
276		0.551709
276.1		0.551942
276.2		0.551942
276.3		0.551942
276.4		0.551942
276.5		0.551942
276.6		0.551942
276.7		0.551942
276.8		0.551942
276.9		0.551942
277		0.551942
277.1		0.553393
277.2		0.553393
277.3		0.553393
277.4		0.553393
277.5		0.553393
277.6		0.553393
277.7		0.553393
277.8		0.553393
277.9		0.553393
278		0.553393
278.1		0.556637
278.2		0.556637
278.3		0.556637
278.4		0.556637
278.5		0.556637
278.6		0.556637
278.7		0.556637
278.8		0.556637
278.9		0.556637
279		0.556637
279.1		0.561368
279.2		0.561368
279.3		0.561368
279.4		0.561368
279.5		0.561368
279.6		0.561368
279.7		0.561368
279.8		0.561368
279.9		0.561368
280		0.561368
280.1		0.561923
280.2		0.561923
280.3		0.561923
280.4		0.561923
280.5		0.561923
280.6		0.561923
280.7		0.561923
280.8		0.561923
280.9		0.561923
281		0.561923
281.1		0.562622
281.2		0.562622
281.3		0.562622
281.4		0.562622
281.5		0.562622
281.6		0.562622
281.7		0.562622
281.8		0.562622
281.9		0.562622
282		0.562622
282.1		0.565149
282.2		0.565149
282.3		0.565149
282.4		0.565149
282.5		0.565149
282.6		0.565149
282.7		0.565149
282.8		0.565149
282.9		0.565149
283		0.565149
283.1		0.567013
283.2		0.567013
283.3		0.567013
283.4		0.567013
283.5		0.567013
283.6		0.567013
283.7		0.567013
283.8		0.567013
283.9		0.567013
284		0.567013
284.1		0.569521
284.2		0.569521
284.3		0.569521
284.4		0.569521
284.5		0.569521
284.6		0.569521
284.7		0.569521
284.8		0.569521
284.9		0.569521
285		0.569521
285.1		0.57108
285.2		0.57108
285.3		0.57108
285.4		0.57108
285.5		0.57108
285.6		0.57108
285.7		0.57108
285.8		0.57108
285.9		0.57108
286		0.57108
286.1		0.57574
286.2		0.57574
286.3		0.57574
286.4		0.57574
286.5		0.57574
286.6		0.57574
286.7		0.57574
286.8		0.57574
286.9		0.57574
287		0.57574
287.1		0.578983
287.2		0.578983
287.3		0.578983
287.4		0.578983
287.5		0.578983
287.6		0.578983
287.7		0.578983
287.8		0.578983
287.9		0.578983
288		0.578983
288.1		0.580327
288.2		0.580327
288.3		0.580327
288.4		0.580327
288.5		0.580327
288.6		0.580327
288.7		0.580327
288.8		0.580327
288.9		0.580327
289		0.580327
289.1		0.581653
289.2		0.581653
289.3		0.581653
289.4		0.581653
289.5		0.581653
289.6		0.581653
289.7		0.581653
289.8		0.581653
289.9		0.581653
290		0.581653
290.1		0.584485
290.2		0.584485
290.3		0.584485
290.4		0.584485
290.5		0.584485
290.6		0.584485
290.7		0.584485
290.8		0.584485
290.9		0.584485
291		0.584485
291.1		0.588069
291.2		0.588069
291.3		0.588069
291.4		0.588069
291.5		0.588069
291.6		0.588069
291.7		0.588069
291.8		0.588069
291.9		0.588069
292		0.588069
292.1		0.589234
292.2		0.589234
292.3		0.589234
292.4		0.589234
292.5		0.589234
292.6		0.589234
292.7		0.589234
292.8		0.589234
292.9		0.589234
293		0.589234
293.1		0.593463
293.2		0.593463
293.3		0.593463
293.4		0.593463
293.5		0.593463
293.6		0.593463
293.7		0.593463
293.8		0.593463
293.9		0.593463
294		0.593463
294.1		0.593534
294.2		0.593534
294.3		0.593534
294.4		0.593534
294.5		0.593534
294.6		0.593534
294.7		0.593534
294.8		0.593534
294.9		0.593534
295		0.593534
295.1		0.594072
295.2		0.594072
295.3		0.594072
295.4		0.594072
295.5		0.594072
295.6		0.594072
295.7		0.594072
295.8		0.594072
295.9		0.594072
296		0.594072
296.1		0.594072
296.2		0.594072
296.3		0.594072
296.4		0.594072
296.5		0.594072
296.6		0.594072
296.7		0.594072
296.8		0.594072
296.9		0.594072
297		0.594072
297.1		0.597584
297.2		0.597584
297.3		0.597584
297.4		0.597584
297.5		0.597584
297.6		0.597584
297.7		0.597584
297.8		0.597584
297.9		0.597584
298		0.597584
298.1		0.598212
298.2		0.598212
298.3		0.598212
298.4		0.598212
298.5		0.598212
298.6		0.598212
298.7		0.598212
298.8		0.598212
298.9		0.598212
299		0.598212
299.1		0.600004
299.2		0.600004
299.3		0.600004
299.4		0.600004
299.5		0.600004
299.6		0.600004
299.7		0.600004
299.8		0.600004
299.9		0.600004
300		0.600004
300.1		0.604752
300.2		0.604752
300.3		0.604752
300.4		0.604752
300.5		0.604752
300.6		0.604752
300.7		0.604752
300.8		0.604752
300.9		0.604752
301		0.604752
301.1		0.605505
301.2		0.605505
301.3		0.605505
301.4		0.605505
301.5		0.605505
301.6		0.605505
301.7		0.605505
301.8		0.605505
301.9		0.605505
302		0.605505
302.1		0.608319
302.2		0.608319
302.3		0.608319
302.4		0.608319
302.5		0.608319
302.6		0.608319
302.7		0.608319
302.8		0.608319
302.9		0.608319
303		0.608319
303.1		0.609161
303.2		0.609161
303.3		0.609161
303.4		0.609161
303.5		0.609161
303.6		0.609161
303.7		0.609161
303.8		0.609161
303.9		0.609161
304		0.609161
304.1		0.610361
304.2		0.610361
304.3		0.610361
304.4		0.610361
304.5		0.610361
304.6		0.610361
304.7		0.610361
304.8		0.610361
304.9		0.610361
305		0.610361
305.1		0.61158
305.2		0.61158
305.3		0.61158
305.4		0.61158
305.5		0.61158
305.6		0.61158
305.7		0.61158
305.8		0.61158
305.9		0.61158
306		0.61158
306.1		0.615254
306.2		0.615254
306.3		0.615254
306.4		0.615254
306.5		0.615254
306.6		0.615254
306.7		0.615254
306.8		0.615254
306.9		0.615254
307		0.615254
307.1		0.617368
307.2		0.617368
307.3		0.617368
307.4		0.617368
307.5		0.617368
307.6		0.617368
307.7		0.617368
307.8		0.617368
307.9		0.617368
308		0.617368
308.1		0.61977
308.2		0.61977
308.3		0.61977
308.4		0.61977
308.5		0.61977
308.6		0.61977
308.7		0.61977
308.8		0.61977
308.9		0.61977
309		0.61977
309.1		0.620433
309.2		0.620433
309.3		0.620433
309.4		0.620433
309.5		0.620433
309.6		0.620433
309.7		0.620433
309.8		0.620433
309.9		0.620433
310		0.620433
310.1		0.62278
310.2		0.62278
310.3		0.62278
310.4		0.62278
310.5		0.62278
310.6		0.62278
310.7		0.62278
310.8		0.62278
310.9		0.62278
311		0.62278
311.1		0.623981
311.2		0.623981
311.3		0.623981
311.4		0.623981
311.5		0.623981
311.6		0.623981
311.7		0.623981
311.8		0.623981
311.9		0.623981
312		0.623981
312.1		0.625307
312.2		0.625307
312.3		0.625307
312.4		0.625307
312.5		0.625307
312.6		0.625307
312.7		0.625307
312.8		0.625307
312.9		0.625307
313		0.625307
313.1		0.626938
313.2		0.626938
313.3		0.626938
313.4		0.626938
313.5		0.626938
313.6		0.626938
313.7		0.626938
313.8		0.626938
313.9		0.626938
314		0.626938
314.1		0.633246
314.2		0.633246
314.3		0.633246
314.4		0.633246
314.5		0.633246
314.6		0.633246
314.7		0.633246
314.8		0.633246
314.9		0.633246
315		0.633246
315.1		0.634088
315.2		0.634088
315.3		0.634088
315.4		0.634088
315.5		0.634088
315.6		0.634088
315.7		0.634088
315.8		0.634088
315.9		0.634088
316		0.634088
316.1		0.635683
316.2		0.635683
316.3		0.635683
316.4		0.635683
316.5		0.635683
316.6		0.635683
316.7		0.635683
316.8		0.635683
316.9		0.635683
317		0.635683
317.1		0.635844
317.2		0.635844
317.3		0.635844
317.4		0.635844
317.5		0.635844
317.6		0.635844
317.7		0.635844
317.8		0.635844
317.9		0.635844
318		0.635844
318.1		0.641005
318.2		0.641005
318.3		0.641005
318.4		0.641005
318.5		0.641005
318.6		0.641005
318.7		0.641005
318.8		0.641005
318.9		0.641005
319		0.641005
319.1		0.642259
319.2		0.642259
319.3		0.642259
319.4		0.642259
319.5		0.642259
319.6		0.642259
319.7		0.642259
319.8		0.642259
319.9		0.642259
320		0.642259
320.1		0.6426
320.2		0.6426
320.3		0.6426
320.4		0.6426
320.5		0.6426
320.6		0.6426
320.7		0.6426
320.8		0.6426
320.9		0.6426
321		0.6426
321.1		0.644697
321.2		0.644697
321.3		0.644697
321.4		0.644697
321.5		0.644697
321.6		0.644697
321.7		0.644697
321.8		0.644697
321.9		0.644697
322		0.644697
322.1		0.649248
322.2		0.649248
322.3		0.649248
322.4		0.649248
322.5		0.649248
322.6		0.649248
322.7		0.649248
322.8		0.649248
322.9		0.649248
323		0.649248
323.1		0.650556
323.2		0.650556
323.3		0.650556
323.4		0.650556
323.5		0.650556
323.6		0.650556
323.7		0.650556
323.8		0.650556
323.9		0.650556
324		0.650556
324.1		0.651076
324.2		0.651076
324.3		0.651076
324.4		0.651076
324.5		0.651076
324.6		0.651076
324.7		0.651076
324.8		0.651076
324.9		0.651076
325		0.651076
325.1		0.653047
325.2		0.653047
325.3		0.653047
325.4		0.653047
325.5		0.653047
325.6		0.653047
325.7		0.653047
325.8		0.653047
325.9		0.653047
326		0.653047
326.1		0.656327
326.2		0.656327
326.3		0.656327
326.4		0.656327
326.5		0.656327
326.6		0.656327
326.7		0.656327
326.8		0.656327
326.9		0.656327
327		0.656327
327.1		0.660144
327.2		0.660144
327.3		0.660144
327.4		0.660144
327.5		0.660144
327.6		0.660144
327.7		0.660144
327.8		0.660144
327.9		0.660144
328		0.660144
328.1		0.660645
328.2		0.660645
328.3		0.660645
328.4		0.660645
328.5		0.660645
328.6		0.660645
328.7		0.660645
328.8		0.660645
328.9		0.660645
329		0.660645
329.1		0.6619
329.2		0.6619
329.3		0.6619
329.4		0.6619
329.5		0.6619
329.6		0.6619
329.7		0.6619
329.8		0.6619
329.9		0.6619
330		0.6619
330.1		0.663782
330.2		0.663782
330.3		0.663782
330.4		0.663782
330.5		0.663782
330.6		0.663782
330.7		0.663782
330.8		0.663782
330.9		0.663782
331		0.663782
331.1		0.666595
331.2		0.666595
331.3		0.666595
331.4		0.666595
331.5		0.666595
331.6		0.666595
331.7		0.666595
331.8		0.666595
331.9		0.666595
332		0.666595
332.1		0.668154
332.2		0.668154
332.3		0.668154
332.4		0.668154
332.5		0.668154
332.6		0.668154
332.7		0.668154
332.8		0.668154
332.9		0.668154
333		0.668154
333.1		0.671218
333.2		0.671218
333.3		0.671218
333.4		0.671218
333.5		0.671218
333.6		0.671218
333.7		0.671218
333.8		0.671218
333.9		0.671218
334		0.671218
334.1		0.673243
334.2		0.673243
334.3		0.673243
334.4		0.673243
334.5		0.673243
334.6		0.673243
334.7		0.673243
334.8		0.673243
334.9		0.673243
335		0.673243
335.1		0.673584
335.2		0.673584
335.3		0.673584
335.4		0.673584
335.5		0.673584
335.6		0.673584
335.7		0.673584
335.8		0.673584
335.9		0.673584
336		0.673584
336.1		0.677437
336.2		0.677437
336.3		0.677437
336.4		0.677437
336.5		0.677437
336.6		0.677437
336.7		0.677437
336.8		0.677437
336.9		0.677437
337		0.677437
337.1		0.678834
337.2		0.678834
337.3		0.678834
337.4		0.678834
337.5		0.678834
337.6		0.678834
337.7		0.678834
337.8		0.678834
337.9		0.678834
338		0.678834
338.1		0.679426
338.2		0.679426
338.3		0.679426
338.4		0.679426
338.5		0.679426
338.6		0.679426
338.7		0.679426
338.8		0.679426
338.9		0.679426
339		0.679426
339.1		0.682884
339.2		0.682884
339.3		0.682884
339.4		0.682884
339.5		0.682884
339.6		0.682884
339.7		0.682884
339.8		0.682884
339.9		0.682884
340		0.682884
340.1		0.689228
340.2		0.689228
340.3		0.689228
340.4		0.689228
340.5		0.689228
340.6		0.689228
340.7		0.689228
340.8		0.689228
340.9		0.689228
341		0.689228
341.1		0.689389
341.2		0.689389
341.3		0.689389
341.4		0.689389
341.5		0.689389
341.6		0.689389
341.7		0.689389
341.8		0.689389
341.9		0.689389
342		0.689389
342.1		0.689891
342.2		0.689891
342.3		0.689891
342.4		0.689891
342.5		0.689891
342.6		0.689891
342.7		0.689891
342.8		0.689891
342.9		0.689891
343		0.689891
343.1		0.69835
343.2		0.69835
343.3		0.69835
343.4		0.69835
343.5		0.69835
343.6		0.69835
343.7		0.69835
343.8		0.69835
343.9		0.69835
344		0.69835
344.1		0.699425
344.2		0.699425
344.3		0.699425
344.4		0.699425
344.5		0.699425
344.6		0.699425
344.7		0.699425
344.8		0.699425
344.9		0.699425
345		0.699425
345.1		0.699711
345.2		0.699711
345.3		0.699711
345.4		0.699711
345.5		0.699711
345.6		0.699711
345.7		0.699711
345.8		0.699711
345.9		0.699711
346		0.699711
346.1		0.701288
346.2		0.701288
346.3		0.701288
346.4		0.701288
346.5		0.701288
346.6		0.701288
346.7		0.701288
346.8		0.701288
346.9		0.701288
347		0.701288
347.1		0.704263
347.2		0.704263
347.3		0.704263
347.4		0.704263
347.5		0.704263
347.6		0.704263
347.7		0.704263
347.8		0.704263
347.9		0.704263
348		0.704263
348.1		0.708259
348.2		0.708259
348.3		0.708259
348.4		0.708259
348.5		0.708259
348.6		0.708259
348.7		0.708259
348.8		0.708259
348.9		0.708259
349		0.708259
349.1		0.710625
349.2		0.710625
349.3		0.710625
349.4		0.710625
349.5		0.710625
349.6		0.710625
349.7		0.710625
349.8		0.710625
349.9		0.710625
350		0.710625
350.1		0.710625
350.2		0.710625
350.3		0.710625
350.4		0.710625
350.5		0.710625
350.6		0.710625
350.7		0.710625
350.8		0.710625
350.9		0.710625
351		0.710625
351.1		0.712202
351.2		0.712202
351.3		0.712202
351.4		0.712202
351.5		0.712202
351.6		0.712202
351.7		0.712202
351.8		0.712202
351.9		0.712202
352		0.712202
352.1		0.712739
352.2		0.712739
352.3		0.712739
352.4		0.712739
352.5		0.712739
352.6		0.712739
352.7		0.712739
352.8		0.712739
352.9		0.712739
353		0.712739
353.1		0.71394
353.2		0.71394
353.3		0.71394
353.4		0.71394
353.5		0.71394
353.6		0.71394
353.7		0.71394
353.8		0.71394
353.9		0.71394
354		0.71394
354.1		0.714281
354.2		0.714281
354.3		0.714281
354.4		0.714281
354.5		0.714281
354.6		0.714281
354.7		0.714281
354.8		0.714281
354.9		0.714281
355		0.714281
355.1		0.719728
355.2		0.719728
355.3		0.719728
355.4		0.719728
355.5		0.719728
355.6		0.719728
355.7		0.719728
355.8		0.719728
355.9		0.719728
356		0.719728
356.1		0.720338
356.2		0.720338
356.3		0.720338
356.4		0.720338
356.5		0.720338
356.6		0.720338
356.7		0.720338
356.8		0.720338
356.9		0.720338
357		0.720338
357.1		0.720338
357.2		0.720338
357.3		0.720338
357.4		0.720338
357.5		0.720338
357.6		0.720338
357.7		0.720338
357.8		0.720338
357.9		0.720338
358		0.720338
358.1		0.723635
358.2		0.723635
358.3		0.723635
358.4		0.723635
358.5		0.723635
358.6		0.723635
358.7		0.723635
358.8		0.723635
358.9		0.723635
359		0.723635
359.1		0.725767
359.2		0.725767
359.3		0.725767
359.4		0.725767
359.5		0.725767
359.6		0.725767
359.7		0.725767
359.8		0.725767
359.9		0.725767
360		0.725767
360.1		0.727165
360.2		0.727165
360.3		0.727165
360.4		0.727165
360.5		0.727165
360.6		0.727165
360.7		0.727165
360.8		0.727165
360.9		0.727165
361		0.727165
361.1		0.728635
361.2		0.728635
361.3		0.728635
361.4		0.728635
361.5		0.728635
361.6		0.728635
361.7		0.728635
361.8		0.728635
361.9		0.728635
362		0.728635
362.1		0.731
362.2		0.731
362.3		0.731
362.4		0.731
362.5		0.731
362.6		0.731
362.7		0.731
362.8		0.731
362.9		0.731
363		0.731
363.1		0.731215
363.2		0.731215
363.3		0.731215
363.4		0.731215
363.5		0.731215
363.6		0.731215
363.7		0.731215
363.8		0.731215
363.9		0.731215
364		0.731215
364.1		0.734853
364.2		0.734853
364.3		0.734853
364.4		0.734853
364.5		0.734853
364.6		0.734853
364.7		0.734853
364.8		0.734853
364.9		0.734853
365		0.734853
365.1		0.737147
365.2		0.737147
365.3		0.737147
365.4		0.737147
365.5		0.737147
365.6		0.737147
365.7		0.737147
365.8		0.737147
365.9		0.737147
366		0.737147
366.1		0.738688
366.2		0.738688
366.3		0.738688
366.4		0.738688
366.5		0.738688
366.6		0.738688
366.7		0.738688
366.8		0.738688
366.9		0.738688
367		0.738688
367.1		0.739835
367.2		0.739835
367.3		0.739835
367.4		0.739835
367.5		0.739835
367.6		0.739835
367.7		0.739835
367.8		0.739835
367.9		0.739835
368		0.739835
368.1		0.742075
368.2		0.742075
368.3		0.742075
368.4		0.742075
368.5		0.742075
368.6		0.742075
368.7		0.742075
368.8		0.742075
368.9		0.742075
369		0.742075
369.1		0.746447
369.2		0.746447
369.3		0.746447
369.4		0.746447
369.5		0.746447
369.6		0.746447
369.7		0.746447
369.8		0.746447
369.9		0.746447
370		0.746447
370.1		0.747702
370.2		0.747702
370.3		0.747702
370.4		0.747702
370.5		0.747702
370.6		0.747702
370.7		0.747702
370.8		0.747702
370.9		0.747702
371		0.747702
371.1		0.750031
371.2		0.750031
371.3		0.750031
371.4		0.750031
371.5		0.750031
371.6		0.750031
371.7		0.750031
371.8		0.750031
371.9		0.750031
372		0.750031
372.1		0.751447
372.2		0.751447
372.3		0.751447
372.4		0.751447
372.5		0.751447
372.6		0.751447
372.7		0.751447
372.8		0.751447
372.9		0.751447
373		0.751447
373.1		0.754171
373.2		0.754171
373.3		0.754171
373.4		0.754171
373.5		0.754171
373.6		0.754171
373.7		0.754171
373.8		0.754171
373.9		0.754171
374		0.754171
374.1		0.755174
374.2		0.755174
374.3		0.755174
374.4		0.755174
374.5		0.755174
374.6		0.755174
374.7		0.755174
374.8		0.755174
374.9		0.755174
375		0.755174
375.1		0.758167
375.2		0.758167
375.3		0.758167
375.4		0.758167
375.5		0.758167
375.6		0.758167
375.7		0.758167
375.8		0.758167
375.9		0.758167
376		0.758167
376.1		0.759296
376.2		0.759296
376.3		0.759296
376.4		0.759296
376.5		0.759296
376.6		0.759296
376.7		0.759296
376.8		0.759296
376.9		0.759296
377		0.759296
377.1		0.763023
377.2		0.763023
377.3		0.763023
377.4		0.763023
377.5		0.763023
377.6		0.763023
377.7		0.763023
377.8		0.763023
377.9		0.763023
378		0.763023
378.1		0.766625
378.2		0.766625
378.3		0.766625
378.4		0.766625
378.5		0.766625
378.6		0.766625
378.7		0.766625
378.8		0.766625
378.9		0.766625
379		0.766625
379.1		0.767629
379.2		0.767629
379.3		0.767629
379.4		0.767629
379.5		0.767629
379.6		0.767629
379.7		0.767629
379.8		0.767629
379.9		0.767629
380		0.767629
380.1		0.768991
380.2		0.768991
380.3		0.768991
380.4		0.768991
380.5		0.768991
380.6		0.768991
380.7		0.768991
380.8		0.768991
380.9		0.768991
381		0.768991
381.1		0.770371
381.2		0.770371
381.3		0.770371
381.4		0.770371
381.5		0.770371
381.6		0.770371
381.7		0.770371
381.8		0.770371
381.9		0.770371
382		0.770371
382.1		0.775173
382.2		0.775173
382.3		0.775173
382.4		0.775173
382.5		0.775173
382.6		0.775173
382.7		0.775173
382.8		0.775173
382.9		0.775173
383		0.775173
383.1		0.776105
383.2		0.776105
383.3		0.776105
383.4		0.776105
383.5		0.776105
383.6		0.776105
383.7		0.776105
383.8		0.776105
383.9		0.776105
384		0.776105
384.1		0.776338
384.2		0.776338
384.3		0.776338
384.4		0.776338
384.5		0.776338
384.6		0.776338
384.7		0.776338
384.8		0.776338
384.9		0.776338
385		0.776338
385.1		0.778417
385.2		0.778417
385.3		0.778417
385.4		0.778417
385.5		0.778417
385.6		0.778417
385.7		0.778417
385.8		0.778417
385.9		0.778417
386		0.778417
386.1		0.783596
386.2		0.783596
386.3		0.783596
386.4		0.783596
386.5		0.783596
386.6		0.783596
386.7		0.783596
386.8		0.783596
386.9		0.783596
387		0.783596
387.1		0.78494
387.2		0.78494
387.3		0.78494
387.4		0.78494
387.5		0.78494
387.6		0.78494
387.7		0.78494
387.8		0.78494
387.9		0.78494
388		0.78494
388.1		0.786051
388.2		0.786051
388.3		0.786051
388.4		0.786051
388.5		0.786051
388.6		0.786051
388.7		0.786051
388.8		0.786051
388.9		0.786051
389		0.786051
389.1		0.786481
389.2		0.786481
389.3		0.786481
389.4		0.786481
389.5		0.786481
389.6		0.786481
389.7		0.786481
389.8		0.786481
389.9		0.786481
390		0.786481
390.1		0.792126
390.2		0.792126
390.3		0.792126
390.4		0.792126
390.5		0.792126
390.6		0.792126
390.7		0.792126
390.8		0.792126
390.9		0.792126
391		0.792126
391.1		0.792879
391.2		0.792879
391.3		0.792879
391.4		0.792879
391.5		0.792879
391.6		0.792879
391.7		0.792879
391.8		0.792879
391.9		0.792879
392		0.792879
392.1		0.794025
392.2		0.794025
392.3		0.794025
392.4		0.794025
392.5		0.794025
392.6		0.794025
392.7		0.794025
392.8		0.794025
392.9		0.794025
393		0.794025
393.1		0.794653
393.2		0.794653
393.3		0.794653
393.4		0.794653
393.5		0.794653
393.6		0.794653
393.7		0.794653
393.8		0.794653
393.9		0.794653
394		0.794653
394.1		0.801283
394.2		0.801283
394.3		0.801283
394.4		0.801283
394.5		0.801283
394.6		0.801283
394.7		0.801283
394.8		0.801283
394.9		0.801283
395		0.801283
395.1		0.801713
395.2		0.801713
395.3		0.801713
395.4		0.801713
395.5		0.801713
395.6		0.801713
395.7		0.801713
395.8		0.801713
395.9		0.801713
396		0.801713
396.1		0.80191
396.2		0.80191
396.3		0.80191
396.4		0.80191
396.5		0.80191
396.6		0.80191
396.7		0.80191
396.8		0.80191
396.9		0.80191
397		0.80191
397.1		0.805136
397.2		0.805136
397.3		0.805136
397.4		0.805136
397.5		0.805136
397.6		0.805136
397.7		0.805136
397.8		0.805136
397.9		0.805136
398		0.805136
398.1		0.807716
398.2		0.807716
398.3		0.807716
398.4		0.807716
398.5		0.807716
398.6		0.807716
398.7		0.807716
398.8		0.807716
398.9		0.807716
399		0.807716
399.1		0.809562
399.2		0.809562
399.3		0.809562
399.4		0.809562
399.5		0.809562
399.6		0.809562
399.7		0.809562
399.8		0.809562
399.9		0.809562
400		0.809562
400.1		0.812196
400.2		0.812196
400.3		0.812196
400.4		0.812196
400.5		0.812196
400.6		0.812196
400.7		0.812196
400.8		0.812196
400.9		0.812196
401		0.812196
401.1		0.813146
401.2		0.813146
401.3		0.813146
401.4		0.813146
401.5		0.813146
401.6		0.813146
401.7		0.813146
401.8		0.813146
401.9		0.813146
402		0.813146
402.1		0.815046
402.2		0.815046
402.3		0.815046
402.4		0.815046
402.5		0.815046
402.6		0.815046
402.7		0.815046
402.8		0.815046
402.9		0.815046
403		0.815046
403.1		0.820046
403.2		0.820046
403.3		0.820046
403.4		0.820046
403.5		0.820046
403.6		0.820046
403.7		0.820046
403.8		0.820046
403.9		0.820046
404		0.820046
404.1		0.820404
404.2		0.820404
404.3		0.820404
404.4		0.820404
404.5		0.820404
404.6		0.820404
404.7		0.820404
404.8		0.820404
404.9		0.820404
405		0.820404
405.1		0.821766
405.2		0.821766
405.3		0.821766
405.4		0.821766
405.5		0.821766
405.6		0.821766
405.7		0.821766
405.8		0.821766
405.9		0.821766
406		0.821766
406.1		0.824185
406.2		0.824185
406.3		0.824185
406.4		0.824185
406.5		0.824185
406.6		0.824185
406.7		0.824185
406.8		0.824185
406.9		0.824185
407		0.824185
407.1		0.82569
407.2		0.82569
407.3		0.82569
407.4		0.82569
407.5		0.82569
407.6		0.82569
407.7		0.82569
407.8		0.82569
407.9		0.82569
408		0.82569
408.1		0.830636
408.2		0.830636
408.3		0.830636
408.4		0.830636
408.5		0.830636
408.6		0.830636
408.7		0.830636
408.8		0.830636
408.9		0.830636
409		0.830636
409.1		0.83241
409.2		0.83241
409.3		0.83241
409.4		0.83241
409.5		0.83241
409.6		0.83241
409.7		0.83241
409.8		0.83241
409.9		0.83241
410		0.83241
410.1		0.835708
410.2		0.835708
410.3		0.835708
410.4		0.835708
410.5		0.835708
410.6		0.835708
410.7		0.835708
410.8		0.835708
410.9		0.835708
411		0.835708
411.1		0.836765
411.2		0.836765
411.3		0.836765
411.4		0.836765
411.5		0.836765
411.6		0.836765
411.7		0.836765
411.8		0.836765
411.9		0.836765
412		0.836765
412.1		0.838969
412.2		0.838969
412.3		0.838969
412.4		0.838969
412.5		0.838969
412.6		0.838969
412.7		0.838969
412.8		0.838969
412.9		0.838969
413		0.838969
413.1		0.841532
413.2		0.841532
413.3		0.841532
413.4		0.841532
413.5		0.841532
413.6		0.841532
413.7		0.841532
413.8		0.841532
413.9		0.841532
414		0.841532
414.1		0.84318
414.2		0.84318
414.3		0.84318
414.4		0.84318
414.5		0.84318
414.6		0.84318
414.7		0.84318
414.8		0.84318
414.9		0.84318
415		0.84318
415.1		0.845223
415.2		0.845223
415.3		0.845223
415.4		0.845223
415.5		0.845223
415.6		0.845223
415.7		0.845223
415.8		0.845223
415.9		0.845223
416		0.845223
416.1		0.850474
416.2		0.850474
416.3		0.850474
416.4		0.850474
416.5		0.850474
416.6		0.850474
416.7		0.850474
416.8		0.850474
416.9		0.850474
417		0.850474
417.1		0.851083
417.2		0.851083
417.3		0.851083
417.4		0.851083
417.5		0.851083
417.6		0.851083
417.7		0.851083
417.8		0.851083
417.9		0.851083
418		0.851083
418.1		0.851262
418.2		0.851262
418.3		0.851262
418.4		0.851262
418.5		0.851262
418.6		0.851262
418.7		0.851262
418.8		0.851262
418.9		0.851262
419		0.851262
419.1		0.851424
419.2		0.851424
419.3		0.851424
419.4		0.851424
419.5		0.851424
419.6		0.851424
419.7		0.851424
419.8		0.851424
419.9		0.851424
420		0.851424
420.1		0.857983
420.2		0.857983
420.3		0.857983
420.4		0.857983
420.5		0.857983
420.6		0.857983
420.7		0.857983
420.8		0.857983
420.9		0.857983
421		0.857983
421.1		0.858448
421.2		0.858448
421.3		0.858448
421.4		0.858448
421.5		0.858448
421.6		0.858448
421.7		0.858448
421.8		0.858448
421.9		0.858448
422		0.858448
422.1		0.860599
422.2		0.860599
422.3		0.860599
422.4		0.860599
422.5		0.860599
422.6		0.860599
422.7		0.860599
422.8		0.860599
422.9		0.860599
423		0.860599
423.1		0.861101
423.2		0.861101
423.3		0.861101
423.4		0.861101
423.5		0.861101
423.6		0.861101
423.7		0.861101
423.8		0.861101
423.9		0.861101
424		0.861101
424.1		0.864685
424.2		0.864685
424.3		0.864685
424.4		0.864685
424.5		0.864685
424.6		0.864685
424.7		0.864685
424.8		0.864685
424.9		0.864685
425		0.864685
425.1		0.866477
425.2		0.866477
425.3		0.866477
425.4		0.866477
425.5		0.866477
425.6		0.866477
425.7		0.866477
425.8		0.866477
425.9		0.866477
426		0.866477
426.1		0.866889
426.2		0.866889
426.3		0.866889
426.4		0.866889
426.5		0.866889
426.6		0.866889
426.7		0.866889
426.8		0.866889
426.9		0.866889
427		0.866889
427.1		0.868143
427.2		0.868143
427.3		0.868143
427.4		0.868143
427.5		0.868143
427.6		0.868143
427.7		0.868143
427.8		0.868143
427.9		0.868143
428		0.868143
428.1		0.871907
428.2		0.871907
428.3		0.871907
428.4		0.871907
428.5		0.871907
428.6		0.871907
428.7		0.871907
428.8		0.871907
428.9		0.871907
429		0.871907
429.1		0.872193
429.2		0.872193
429.3		0.872193
429.4		0.872193
429.5		0.872193
429.6		0.872193
429.7		0.872193
429.8		0.872193
429.9		0.872193
430		0.872193
430.1		0.874917
430.2		0.874917
430.3		0.874917
430.4		0.874917
430.5		0.874917
430.6		0.874917
430.7		0.874917
430.8		0.874917
430.9		0.874917
431		0.874917
431.1		0.87739
431.2		0.87739
431.3		0.87739
431.4		0.87739
431.5		0.87739
431.6		0.87739
431.7		0.87739
431.8		0.87739
431.9		0.87739
432		0.87739
432.1		0.878376
432.2		0.878376
432.3		0.878376
432.4		0.878376
432.5		0.878376
432.6		0.878376
432.7		0.878376
432.8		0.878376
432.9		0.878376
433		0.878376
433.1		0.881691
433.2		0.881691
433.3		0.881691
433.4		0.881691
433.5		0.881691
433.6		0.881691
433.7		0.881691
433.8		0.881691
433.9		0.881691
434		0.881691
434.1		0.882462
434.2		0.882462
434.3		0.882462
434.4		0.882462
434.5		0.882462
434.6		0.882462
434.7		0.882462
434.8		0.882462
434.9		0.882462
435		0.882462
435.1		0.885418
435.2		0.885418
435.3		0.885418
435.4		0.885418
435.5		0.885418
435.6		0.885418
435.7		0.885418
435.8		0.885418
435.9		0.885418
436		0.885418
436.1		0.886458
436.2		0.886458
436.3		0.886458
436.4		0.886458
436.5		0.886458
436.6		0.886458
436.7		0.886458
436.8		0.886458
436.9		0.886458
437		0.886458
437.1		0.887748
437.2		0.887748
437.3		0.887748
437.4		0.887748
437.5		0.887748
437.6		0.887748
437.7		0.887748
437.8		0.887748
437.9		0.887748
438		0.887748
438.1		0.890974
438.2		0.890974
438.3		0.890974
438.4		0.890974
438.5		0.890974
438.6		0.890974
438.7		0.890974
438.8		0.890974
438.9		0.890974
439		0.890974
439.1		0.890992
439.2		0.890992
439.3		0.890992
439.4		0.890992
439.5		0.890992
439.6		0.890992
439.7		0.890992
439.8		0.890992
439.9		0.890992
440		0.890992
440.1		0.894611
440.2		0.894611
440.3		0.894611
440.4		0.894611
440.5		0.894611
440.6		0.894611
440.7		0.894611
440.8		0.894611
440.9		0.894611
441		0.894611
441.1		0.896314
441.2		0.896314
441.3		0.896314
441.4		0.896314
441.5		0.896314
441.6		0.896314
441.7		0.896314
441.8		0.896314
441.9		0.896314
442		0.896314
442.1		0.898894
442.2		0.898894
442.3		0.898894
442.4		0.898894
442.5		0.898894
442.6		0.898894
442.7		0.898894
442.8		0.898894
442.9		0.898894
443		0.898894
443.1		0.902478
443.2		0.902478
443.3		0.902478
443.4		0.902478
443.5		0.902478
443.6		0.902478
443.7		0.902478
443.8		0.902478
443.9		0.902478
444		0.902478
444.1		0.902926
444.2		0.902926
444.3		0.902926
444.4		0.902926
444.5		0.902926
444.6		0.902926
444.7		0.902926
444.8		0.902926
444.9		0.902926
445		0.902926
445.1		0.903141
445.2		0.903141
445.3		0.903141
445.4		0.903141
445.5		0.903141
445.6		0.903141
445.7		0.903141
445.8		0.903141
445.9		0.903141
446		0.903141
446.1		0.907048
446.2		0.907048
446.3		0.907048
446.4		0.907048
446.5		0.907048
446.6		0.907048
446.7		0.907048
446.8		0.907048
446.9		0.907048
447		0.907048
447.1		0.909539
447.2		0.909539
447.3		0.909539
447.4		0.909539
447.5		0.909539
447.6		0.909539
447.7		0.909539
447.8		0.909539
447.9		0.909539
448		0.909539
448.1		0.911349
448.2		0.911349
448.3		0.911349
448.4		0.911349
448.5		0.911349
448.6		0.911349
448.7		0.911349
448.8		0.911349
448.9		0.911349
449		0.911349
449.1		0.911636
449.2		0.911636
449.3		0.911636
449.4		0.911636
449.5		0.911636
449.6		0.911636
449.7		0.911636
449.8		0.911636
449.9		0.911636
450		0.911636
450.1		0.914825
450.2		0.914825
450.3		0.914825
450.4		0.914825
450.5		0.914825
450.6		0.914825
450.7		0.914825
450.8		0.914825
450.9		0.914825
451		0.914825
451.1		0.915202
451.2		0.915202
451.3		0.915202
451.4		0.915202
451.5		0.915202
451.6		0.915202
451.7		0.915202
451.8		0.915202
451.9		0.915202
452		0.915202
452.1		0.917065
452.2		0.917065
452.3		0.917065
452.4		0.917065
452.5		0.917065
452.6		0.917065
452.7		0.917065
452.8		0.917065
452.9		0.917065
453		0.917065
453.1		0.919951
453.2		0.919951
453.3		0.919951
453.4		0.919951
453.5		0.919951
453.6		0.919951
453.7		0.919951
453.8		0.919951
453.9		0.919951
454		0.919951
454.1		0.925183
454.2		0.925183
454.3		0.925183
454.4		0.925183
454.5		0.925183
454.6		0.925183
454.7		0.925183
454.8		0.925183
454.9		0.925183
455		0.925183
455.1		0.925506
455.2		0.925506
455.3		0.925506
455.4		0.925506
455.5		0.925506
455.6		0.925506
455.7		0.925506
455.8		0.925506
455.9		0.925506
456		0.925506
456.1		0.926957
456.2		0.926957
456.3		0.926957
456.4		0.926957
456.5		0.926957
456.6		0.926957
456.7		0.926957
456.8		0.926957
456.9		0.926957
457		0.926957
457.1		0.927692
457.2		0.927692
457.3		0.927692
457.4		0.927692
457.5		0.927692
457.6		0.927692
457.7		0.927692
457.8		0.927692
457.9		0.927692
458		0.927692
458.1		0.931294
458.2		0.931294
458.3		0.931294
458.4		0.931294
458.5		0.931294
458.6		0.931294
458.7		0.931294
458.8		0.931294
458.9		0.931294
459		0.931294
459.1		0.935021
459.2		0.935021
459.3		0.935021
459.4		0.935021
459.5		0.935021
459.6		0.935021
459.7		0.935021
459.8		0.935021
459.9		0.935021
460		0.935021
460.1		0.935935
460.2		0.935935
460.3		0.935935
460.4		0.935935
460.5		0.935935
460.6		0.935935
460.7		0.935935
460.8		0.935935
460.9		0.935935
461		0.935935
461.1		0.937333
461.2		0.937333
461.3		0.937333
461.4		0.937333
461.5		0.937333
461.6		0.937333
461.7		0.937333
461.8		0.937333
461.9		0.937333
462		0.937333
462.1		0.940254
462.2		0.940254
462.3		0.940254
462.4		0.940254
462.5		0.940254
462.6		0.940254
462.7		0.940254
462.8		0.940254
462.9		0.940254
463		0.940254
463.1		0.943318
463.2		0.943318
463.3		0.943318
463.4		0.943318
463.5		0.943318
463.6		0.943318
463.7		0.943318
463.8		0.943318
463.9		0.943318
464		0.943318
464.1		0.945003
464.2		0.945003
464.3		0.945003
464.4		0.945003
464.5		0.945003
464.6		0.945003
464.7		0.945003
464.8		0.945003
464.9		0.945003
465		0.945003
465.1		0.946311
465.2		0.946311
465.3		0.946311
465.4		0.946311
465.5		0.946311
465.6		0.946311
465.7		0.946311
465.8		0.946311
465.9		0.946311
466		0.946311
466.1		0.95097
466.2		0.95097
466.3		0.95097
466.4		0.95097
466.5		0.95097
466.6		0.95097
466.7		0.95097
466.8		0.95097
466.9		0.95097
467		0.95097
467.1		0.951848
467.2		0.951848
467.3		0.951848
467.4		0.951848
467.5		0.951848
467.6		0.951848
467.7		0.951848
467.8		0.951848
467.9		0.951848
468		0.951848
468.1		0.955056
468.2		0.955056
468.3		0.955056
468.4		0.955056
468.5		0.955056
468.6		0.955056
468.7		0.955056
468.8		0.955056
468.9		0.955056
469		0.955056
469.1		0.958443
469.2		0.958443
469.3		0.958443
469.4		0.958443
469.5		0.958443
469.6		0.958443
469.7		0.958443
469.8		0.958443
469.9		0.958443
470		0.958443
470.1		0.958586
470.2		0.958586
470.3		0.958586
470.4		0.958586
470.5		0.958586
470.6		0.958586
470.7		0.958586
470.8		0.958586
470.9		0.958586
471		0.958586
471.1		0.960056
471.2		0.960056
471.3		0.960056
471.4		0.960056
471.5		0.960056
471.6		0.960056
471.7		0.960056
471.8		0.960056
471.9		0.960056
472		0.960056
472.1		0.962726
472.2		0.962726
472.3		0.962726
472.4		0.962726
472.5		0.962726
472.6		0.962726
472.7		0.962726
472.8		0.962726
472.9		0.962726
473		0.962726
473.1		0.966167
473.2		0.966167
473.3		0.966167
473.4		0.966167
473.5		0.966167
473.6		0.966167
473.7		0.966167
473.8		0.966167
473.9		0.966167
474		0.966167
474.1		0.96726
474.2		0.96726
474.3		0.96726
474.4		0.96726
474.5		0.96726
474.6		0.96726
474.7		0.96726
474.8		0.96726
474.9		0.96726
475		0.96726
475.1		0.970306
475.2		0.970306
475.3		0.970306
475.4		0.970306
475.5		0.970306
475.6		0.970306
475.7		0.970306
475.8		0.970306
475.9		0.970306
476		0.970306
476.1		0.973801
476.2		0.973801
476.3		0.973801
476.4		0.973801
476.5		0.973801
476.6		0.973801
476.7		0.973801
476.8		0.973801
476.9		0.973801
477		0.973801
477.1		0.974679
477.2		0.974679
477.3		0.974679
477.4		0.974679
477.5		0.974679
477.6		0.974679
477.7		0.974679
477.8		0.974679
477.9		0.974679
478		0.974679
478.1		0.976704
478.2		0.976704
478.3		0.976704
478.4		0.976704
478.5		0.976704
478.6		0.976704
478.7		0.976704
478.8		0.976704
478.9		0.976704
479		0.976704
479.1		0.977886
479.2		0.977886
479.3		0.977886
479.4		0.977886
479.5		0.977886
479.6		0.977886
479.7		0.977886
479.8		0.977886
479.9		0.977886
480		0.977886
480.1		0.982277
480.2		0.982277
480.3		0.982277
480.4		0.982277
480.5		0.982277
480.6		0.982277
480.7		0.982277
480.8		0.982277
480.9		0.982277
481		0.982277
481.1		0.983245
481.2		0.983245
481.3		0.983245
481.4		0.983245
481.5		0.983245
481.6		0.983245
481.7		0.983245
481.8		0.983245
481.9		0.983245
482		0.983245
482.1		0.984481
482.2		0.984481
482.3		0.984481
482.4		0.984481
482.5		0.984481
482.6		0.984481
482.7		0.984481
482.8		0.984481
482.9		0.984481
483		0.984481
483.1		0.98932
483.2		0.98932
483.3		0.98932
483.4		0.98932
483.5		0.98932
483.6		0.98932
483.7		0.98932
483.8		0.98932
483.9		0.98932
484		0.98932
484.1		0.990216
484.2		0.990216
484.3		0.990216
484.4		0.990216
484.5		0.990216
484.6		0.990216
484.7		0.990216
484.8		0.990216
484.9		0.990216
485		0.990216
485.1		0.993298
485.2		0.993298
485.3		0.993298
485.4		0.993298
485.5		0.993298
485.6		0.993298
485.7		0.993298
485.8		0.993298
485.9		0.993298
486		0.993298
486.1		0.994176
486.2		0.994176
486.3		0.994176
486.4		0.994176
486.5		0.994176
486.6		0.994176
486.7		0.994176
486.8		0.994176
486.9		0.994176
487		0.994176
487.1		0.994445
487.2		0.994445
487.3		0.994445
487.4		0.994445
487.5		0.994445
487.6		0.994445
487.7		0.994445
487.8		0.994445
487.9		0.994445
488		0.994445
488.1		0.999534
488.2		0.999534
488.3		0.999534
488.4		0.999534
488.5		0.999534
488.6		0.999534
488.7		0.999534
488.8		0.999534
488.9		0.999534
489		0.999534
489.1		0.999713
489.2		0.999713
489.3		0.999713
489.4		0.999713
489.5		0.999713
489.6		0.999713
489.7		0.999713
489.8		0.999713
489.9		0.999713
490		0.999713
490.1		0.999946
490.2		0.999946
490.3		0.999946
490.4		0.999946
490.5		0.999946
490.6		0.999946
490.7		0.999946
490.8		0.999946
490.9		0.999946
491		0.999946
491.1		1
491.2		1
491.3		1
491.4		1
491.5		1
491.6		1
491.7		1
491.8		1
491.9		1
492		1
492.1		1
492.2		1
492.3		1
492.4		1
492.5		1
492.6		1
492.7		1
492.8		1
492.9		1
493		1
493.1		1
493.2		1
493.3		1
493.4		1
493.5		1
493.6		1
493.7		1
493.8		1
493.9		1
494		1
494.1		1
494.2		1
494.3		1
494.4		1
494.5		1
494.6		1
494.7		1
494.8		1
494.9		1
495		1
495.1		1
495.2		1
495.3		1
495.4		1
495.5		1
495.6		1
495.7		1
495.8		1
495.9		1
496		1
496.1		1
496.2		1
496.3		1
496.4		1
496.5		1
496.6		1
496.7		1
496.8		1
496.9		1
497		1
497.1		1
497.2		1
497.3		1
497.4		1
497.5		1
497.6		1
497.7		1
497.8		1
497.9		1
498		1
498.1		1
498.2		1
498.3		1
498.4		1
498.5		1
498.6		1
498.7		1
498.8		1
498.9		1
499		1
499.1		1
499.2		1
499.3		1
499.4		1
499.5		1
499.6		1
499.7		1
499.8		1
499.9		1
500		1
500.1		1
500.2		1
500.3		1
500.4		1
500.5		1
500.6		1
500.7		1
500.8		1
500.9		1
501		1
501.1		1
501.2		1
501.3		1
501.4		1
501.5		1
501.6		1
501.7		1
501.8		1
501.9		1
502		1
502.1		1
502.2		1
502.3		1
502.4		1
502.5		1
502.6		1
502.7		1
502.8		1
502.9		1
503		1
503.1		1
503.2		1
503.3		1
503.4		1
503.5		1
503.6		1
503.7		1
503.8		1
503.9		1
504		1
504.1		1
504.2		1
504.3		1
504.4		1
504.5		1
504.6		1
504.7		1
504.8		1
504.9		1
505		1
505.1		1
505.2		1
505.3		1
505.4		1
505.5		1
505.6		1
505.7		1
505.8		1
505.9		1
506		1
506.1		1
506.2		1
506.3		1
506.4		1
506.5		1
506.6		1
506.7		1
506.8		1
506.9		1
507		1
507.1		1
507.2		1
507.3		1
507.4		1
507.5		1
507.6		1
507.7		1
507.8		1
507.9		1
508		1
508.1		1
508.2		1
508.3		1
508.4		1
508.5		1
508.6		1
508.7		1
508.8		1
508.9		1
509		1
509.1		1
509.2		1
509.3		1
509.4		1
509.5		1
509.6		1
509.7		1
509.8		1
509.9		1
510		1
510.1		1
510.2		1
510.3		1
510.4		1
510.5		1
510.6		1
510.7		1
510.8		1
510.9		1
511		1
511.1		1
511.2		1
511.3		1
511.4		1
511.5		1
511.6		1
511.7		1
511.8		1
511.9		1
512		1
512.1		1
512.2		1
512.3		1
512.4		1
512.5		1
512.6		1
512.7		1
512.8		1
512.9		1
513		1
513.1		1
513.2		1
513.3		1
513.4		1
513.5		1
513.6		1
513.7		1
513.8		1
513.9		1
514		1
514.1		1
514.2		1
514.3		1
514.4		1
514.5		1
514.6		1
514.7		1
514.8		1
514.9		1
515		1
515.1		1
515.2		1
515.3		1
515.4		1
515.5		1
515.6		1
515.7		1
515.8		1
515.9		1
516		1
516.1		1
516.2		1
516.3		1
516.4		1
516.5		1
516.6		1
516.7		1
516.8		1
516.9		1
517		1
517.1		1
517.2		1
517.3		1
517.4		1
517.5		1
517.6		1
517.7		1
517.8		1
517.9		1
518		1
518.1		1
518.2		1
518.3		1
518.4		1
518.5		1
518.6		1
518.7		1
518.8		1
518.9		1
519		1
519.1		1
519.2		1
519.3		1
519.4		1
519.5		1
519.6		1
519.7		1
519.8		1
519.9		1
520		1
520.1		1
520.2		1
520.3		1
520.4		1
520.5		1
520.6		1
520.7		1
520.8		1
520.9		1
521		1
521.1		1
521.2		1
521.3		1
521.4		1
521.5		1
521.6		1
521.7		1
521.8		1
521.9		1
522		1
522.1		1
522.2		1
522.3		1
522.4		1
522.5		1
522.6		1
522.7		1
522.8		1
522.9		1
523		1
523.1		1
523.2		1
523.3		1
523.4		1
523.5		1
523.6		1
523.7		1
523.8		1
523.9		1
524		1
524.1		1
524.2		1
524.3		1
524.4		1
524.5		1
524.6		1
524.7		1
524.8		1
524.9		1
525		1
525.1		1
525.2		1
525.3		1
525.4		1
525.5		1
525.6		1
525.7		1
525.8		1
525.9		1
526		1
526.1		1
526.2		1
526.3		1
526.4		1
526.5		1
526.6		1
526.7		1
526.8		1
526.9		1
527		1
527.1		1
527.2		1
527.3		1
527.4		1
527.5		1
527.6		1
527.7		1
527.8		1
527.9		1
528		1
528.1		1
528.2		1
528.3		1
528.4		1
528.5		1
528.6		1
528.7		1
528.8		1
528.9		1
529		1
529.1		1
529.2		1
529.3		1
529.4		1
529.5		1
529.6		1
529.7		1
529.8		1
529.9		1
530		1
530.1		1
530.2		1
530.3		1
530.4		1
530.5		1
530.6		1
530.7		1
530.8		1
530.9		1
531		1
531.1		1
531.2		1
531.3		1
531.4		1
531.5		1
531.6		1
531.7		1
531.8		1
531.9		1
532		1
532.1		1
532.2		1
532.3		1
532.4		1
532.5		1
532.6		1
532.7		1
532.8		1
532.9		1
533		1
533.1		1
533.2		1
533.3		1
533.4		1
533.5		1
533.6		1
533.7		1
533.8		1
533.9		1
534		1
534.1		1
534.2		1
534.3		1
534.4		1
534.5		1
534.6		1
534.7		1
534.8		1
534.9		1
535		1
535.1		1
535.2		1
535.3		1
535.4		1
535.5		1
535.6		1
535.7		1
535.8		1
535.9		1
536		1
536.1		1
536.2		1
536.3		1
536.4		1
536.5		1
536.6		1
536.7		1
536.8		1
536.9		1
537		1
537.1		1
537.2		1
537.3		1
537.4		1
537.5		1
537.6		1
537.7		1
537.8		1
537.9		1
538		1
538.1		1
538.2		1
538.3		1
538.4		1
538.5		1
538.6		1
538.7		1
538.8		1
538.9		1
539		1
539.1		1
539.2		1
539.3		1
539.4		1
539.5		1
539.6		1
539.7		1
539.8		1
539.9		1
540		1
540.1		1
540.2		1
540.3		1
540.4		1
540.5		1
540.6		1
540.7		1
540.8		1
540.9		1
541		1
541.1		1
541.2		1
541.3		1
541.4		1
541.5		1
541.6		1
541.7		1
541.8		1
541.9		1
542		1
542.1		1
542.2		1
542.3		1
542.4		1
542.5		1
542.6		1
542.7		1
542.8		1
542.9		1
543		1
543.1		1
543.2		1
543.3		1
543.4		1
543.5		1
543.6		1
543.7		1
543.8		1
543.9		1
544		1
544.1		1
544.2		1
544.3		1
544.4		1
544.5		1
544.6		1
544.7		1
544.8		1
544.9		1
545		1
545.1		1
545.2		1
545.3		1
545.4		1
545.5		1
545.6		1
545.7		1
545.8		1
545.9		1
546		1
546.1		1
546.2		1
546.3		1
546.4		1
546.5		1
546.6		1
546.7		1
546.8		1
546.9		1
547		1
547.1		1
547.2		1
547.3		1
547.4		1
547.5		1
547.6		1
547.7		1
547.8		1
547.9		1
548		1
548.1		1
548.2		1
548.3		1
548.4		1
548.5		1
548.6		1
548.7		1
548.8		1
548.9		1
549		1
549.1		1
549.2		1
549.3		1
549.4		1
549.5		1
549.6		1
549.7		1
549.8		1
549.9		1
550		1
550.1		1
550.2		1
550.3		1
550.4		1
550.5		1
550.6		1
550.7		1
550.8		1
550.9		1
551		1
551.1		1
551.2		1
551.3		1
551.4		1
551.5		1
551.6		1
551.7		1
551.8		1
551.9		1
552		1
552.1		1
552.2		1
552.3		1
552.4		1
552.5		1
552.6		1
552.7		1
552.8		1
552.9		1
553		1
553.1		1
553.2		1
553.3		1
553.4		1
553.5		1
553.6		1
553.7		1
553.8		1
553.9		1
554		1
554.1		1
554.2		1
554.3		1
554.4		1
554.5		1
554.6		1
554.7		1
554.8		1
554.9		1
555		1
555.1		1
555.2		1
555.3		1
555.4		1
555.5		1
555.6		1
555.7		1
555.8		1
555.9		1
556		1
556.1		1
556.2		1
556.3		1
556.4		1
556.5		1
556.6		1
556.7		1
556.8		1
556.9		1
557		1
557.1		1
557.2		1
557.3		1
557.4		1
557.5		1
557.6		1
557.7		1
557.8		1
557.9		1
558		1
558.1		1
558.2		1
558.3		1
558.4		1
558.5		1
558.6		1
558.7		1
558.8		1
558.9		1
559		1
559.1		1
559.2		1
559.3		1
559.4		1
559.5		1
559.6		1
559.7		1
559.8		1
559.9		1
560		1
560.1		1
560.2		1
560.3		1
560.4		1
560.5		1
560.6		1
560.7		1
560.8		1
560.9		1
561		1
561.1		1
561.2		1
561.3		1
561.4		1
561.5		1
561.6		1
561.7		1
561.8		1
561.9		1
562		1
562.1		1
562.2		1
562.3		1
562.4		1
562.5		1
562.6		1
562.7		1
562.8		1
562.9		1
563		1
563.1		1
563.2		1
563.3		1
563.4		1
563.5		1
563.6		1
563.7		1
563.8		1
563.9		1
564		1
564.1		1
564.2		1
564.3		1
564.4		1
564.5		1
564.6		1
564.7		1
564.8		1
564.9		1
565		1
565.1		1
565.2		1
565.3		1
565.4		1
565.5		1
565.6		1
565.7		1
565.8		1
565.9		1
566		1
566.1		1
566.2		1
566.3		1
566.4		1
566.5		1
566.6		1
566.7		1
566.8		1
566.9		1
567		1
567.1		1
567.2		1
567.3		1
567.4		1
567.5		1
567.6		1
567.7		1
567.8		1
567.9		1
568		1
568.1		1
568.2		1
568.3		1
568.4		1
568.5		1
568.6		1
568.7		1
568.8		1
568.9		1
569		1
569.1		1
569.2		1
569.3		1
569.4		1
569.5		1
569.6		1
569.7		1
569.8		1
569.9		1
570		1
570.1		1
570.2		1
570.3		1
570.4		1
570.5		1
570.6		1
570.7		1
570.8		1
570.9		1
571		1
571.1		1
571.2		1
571.3		1
571.4		1
571.5		1
571.6		1
571.7		1
571.8		1
571.9		1
572		1
572.1		1
572.2		1
572.3		1
572.4		1
572.5		1
572.6		1
572.7		1
572.8		1
572.9		1
573		1
573.1		1
573.2		1
573.3		1
573.4		1
573.5		1
573.6		1
573.7		1
573.8		1
573.9		1
574		1
574.1		1
574.2		1
574.3		1
574.4		1
574.5		1
574.6		1
574.7		1
574.8		1
574.9		1
575		1
575.1		1
575.2		1
575.3		1
575.4		1
575.5		1
575.6		1
575.7		1
575.8		1
575.9		1
576		1
576.1		1
576.2		1
576.3		1
576.4		1
576.5		1
576.6		1
576.7		1
576.8		1
576.9		1
577		1
577.1		1
577.2		1
577.3		1
577.4		1
577.5		1
577.6		1
577.7		1
577.8		1
577.9		1
578		1
578.1		1
578.2		1
578.3		1
578.4		1
578.5		1
578.6		1
578.7		1
578.8		1
578.9		1
579		1
579.1		1
579.2		1
579.3		1
579.4		1
579.5		1
579.6		1
579.7		1
579.8		1
579.9		1
580		1
580.1		1
580.2		1
580.3		1
580.4		1
580.5		1
580.6		1
580.7		1
580.8		1
580.9		1
581		1
581.1		1
581.2		1
581.3		1
581.4		1
581.5		1
581.6		1
581.7		1
581.8		1
581.9		1
582		1
582.1		1
582.2		1
582.3		1
582.4		1
582.5		1
582.6		1
582.7		1
582.8		1
582.9		1
583		1
583.1		1
583.2		1
583.3		1
583.4		1
583.5		1
583.6		1
583.7		1
583.8		1
583.9		1
584		1
584.1		1
584.2		1
584.3		1
584.4		1
584.5		1
584.6		1
584.7		1
584.8		1
584.9		1
585		1
585.1		1
585.2		1
585.3		1
585.4		1
585.5		1
585.6		1
585.7		1
585.8		1
585.9		1
586		1
586.1		1
586.2		1
586.3		1
586.4		1
586.5		1
586.6		1
586.7		1
586.8		1
586.9		1
587		1
587.1		1
587.2		1
587.3		1
587.4		1
587.5		1
587.6		1
587.7		1
587.8		1
587.9		1
588		1
588.1		1
588.2		1
588.3		1
588.4		1
588.5		1
588.6		1
588.7		1
588.8		1
588.9		1
589		1
589.1		1
589.2		1
589.3		1
589.4		1
589.5		1
589.6		1
589.7		1
589.8		1
589.9		1
590		1
590.1		1
590.2		1
590.3		1
590.4		1
590.5		1
590.6		1
590.7		1
590.8		1
590.9		1
591		1
591.1		1
591.2		1
591.3		1
591.4		1
591.5		1
591.6		1
591.7		1
591.8		1
591.9		1
592		1
592.1		1
592.2		1
592.3		1
592.4		1
592.5		1
592.6		1
592.7		1
592.8		1
592.9		1
593		1
593.1		1
593.2		1
593.3		1
593.4		1
593.5		1
593.6		1
593.7		1
593.8		1
593.9		1
594		1
594.1		1
594.2		1
594.3		1
594.4		1
594.5		1
594.6		1
594.7		1
594.8		1
594.9		1
595		1
595.1		1
595.2		1
595.3		1
595.4		1
595.5		1
595.6		1
595.7		1
595.8		1
595.9		1
596		1
596.1		1
596.2		1
596.3		1
596.4		1
596.5		1
596.6		1
596.7		1
596.8		1
596.9		1
597		1
597.1		1
597.2		1
597.3		1
597.4		1
597.5		1
597.6		1
597.7		1
597.8		1
597.9		1
598		1
598.1		1
598.2		1
598.3		1
598.4		1
598.5		1
598.6		1
598.7		1
598.8		1
598.9		1
599		1
599.1		1
599.2		1
599.3		1
599.4		1
599.5		1
599.6		1
599.7		1
599.8		1
599.9		1
600		1
