# Calibration file of tamex_id 1 @ channel 43
# fine_T bin		 Calibration value
0.1		0
0.2		0
0.3		0
0.4		0
0.5		0
0.6		0
0.7		0
0.8		0
0.9		0
1		0
1.1		0
1.2		0
1.3		0
1.4		0
1.5		0
1.6		0
1.7		0
1.8		0
1.9		0
2		0
2.1		0
2.2		0
2.3		0
2.4		0
2.5		0
2.6		0
2.7		0
2.8		0
2.9		0
3		0
3.1		0
3.2		0
3.3		0
3.4		0
3.5		0
3.6		0
3.7		0
3.8		0
3.9		0
4		0
4.1		0
4.2		0
4.3		0
4.4		0
4.5		0
4.6		0
4.7		0
4.8		0
4.9		0
5		0
5.1		0
5.2		0
5.3		0
5.4		0
5.5		0
5.6		0
5.7		0
5.8		0
5.9		0
6		0
6.1		0
6.2		0
6.3		0
6.4		0
6.5		0
6.6		0
6.7		0
6.8		0
6.9		0
7		0
7.1		0
7.2		0
7.3		0
7.4		0
7.5		0
7.6		0
7.7		0
7.8		0
7.9		0
8		0
8.1		0
8.2		0
8.3		0
8.4		0
8.5		0
8.6		0
8.7		0
8.8		0
8.9		0
9		0
9.1		0
9.2		0
9.3		0
9.4		0
9.5		0
9.6		0
9.7		0
9.8		0
9.9		0
10		0
10.1		0
10.2		0
10.3		0
10.4		0
10.5		0
10.6		0
10.7		0
10.8		0
10.9		0
11		0
11.1		0
11.2		0
11.3		0
11.4		0
11.5		0
11.6		0
11.7		0
11.8		0
11.9		0
12		0
12.1		0
12.2		0
12.3		0
12.4		0
12.5		0
12.6		0
12.7		0
12.8		0
12.9		0
13		0
13.1		0
13.2		0
13.3		0
13.4		0
13.5		0
13.6		0
13.7		0
13.8		0
13.9		0
14		0
14.1		0
14.2		0
14.3		0
14.4		0
14.5		0
14.6		0
14.7		0
14.8		0
14.9		0
15		0
15.1		0
15.2		0
15.3		0
15.4		0
15.5		0
15.6		0
15.7		0
15.8		0
15.9		0
16		0
16.1		0.00458445
16.2		0.00458445
16.3		0.00458445
16.4		0.00458445
16.5		0.00458445
16.6		0.00458445
16.7		0.00458445
16.8		0.00458445
16.9		0.00458445
17		0.00458445
17.1		0.00635468
17.2		0.00635468
17.3		0.00635468
17.4		0.00635468
17.5		0.00635468
17.6		0.00635468
17.7		0.00635468
17.8		0.00635468
17.9		0.00635468
18		0.00635468
18.1		0.0102583
18.2		0.0102583
18.3		0.0102583
18.4		0.0102583
18.5		0.0102583
18.6		0.0102583
18.7		0.0102583
18.8		0.0102583
18.9		0.0102583
19		0.0102583
19.1		0.0105987
19.2		0.0105987
19.3		0.0105987
19.4		0.0105987
19.5		0.0105987
19.6		0.0105987
19.7		0.0105987
19.8		0.0105987
19.9		0.0105987
20		0.0105987
20.1		0.0163406
20.2		0.0163406
20.3		0.0163406
20.4		0.0163406
20.5		0.0163406
20.6		0.0163406
20.7		0.0163406
20.8		0.0163406
20.9		0.0163406
21		0.0163406
21.1		0.0170442
21.2		0.0170442
21.3		0.0170442
21.4		0.0170442
21.5		0.0170442
21.6		0.0170442
21.7		0.0170442
21.8		0.0170442
21.9		0.0170442
22		0.0170442
22.1		0.0182243
22.2		0.0182243
22.3		0.0182243
22.4		0.0182243
22.5		0.0182243
22.6		0.0182243
22.7		0.0182243
22.8		0.0182243
22.9		0.0182243
23		0.0182243
23.1		0.0198811
23.2		0.0198811
23.3		0.0198811
23.4		0.0198811
23.5		0.0198811
23.6		0.0198811
23.7		0.0198811
23.8		0.0198811
23.9		0.0198811
24		0.0198811
24.1		0.0210612
24.2		0.0210612
24.3		0.0210612
24.4		0.0210612
24.5		0.0210612
24.6		0.0210612
24.7		0.0210612
24.8		0.0210612
24.9		0.0210612
25		0.0210612
25.1		0.0233308
25.2		0.0233308
25.3		0.0233308
25.4		0.0233308
25.5		0.0233308
25.6		0.0233308
25.7		0.0233308
25.8		0.0233308
25.9		0.0233308
26		0.0233308
26.1		0.0270301
26.2		0.0270301
26.3		0.0270301
26.4		0.0270301
26.5		0.0270301
26.6		0.0270301
26.7		0.0270301
26.8		0.0270301
26.9		0.0270301
27		0.0270301
27.1		0.0271436
27.2		0.0271436
27.3		0.0271436
27.4		0.0271436
27.5		0.0271436
27.6		0.0271436
27.7		0.0271436
27.8		0.0271436
27.9		0.0271436
28		0.0271436
28.1		0.0279152
28.2		0.0279152
28.3		0.0279152
28.4		0.0279152
28.5		0.0279152
28.6		0.0279152
28.7		0.0279152
28.8		0.0279152
28.9		0.0279152
29		0.0279152
29.1		0.0297535
29.2		0.0297535
29.3		0.0297535
29.4		0.0297535
29.5		0.0297535
29.6		0.0297535
29.7		0.0297535
29.8		0.0297535
29.9		0.0297535
30		0.0297535
30.1		0.0315692
30.2		0.0315692
30.3		0.0315692
30.4		0.0315692
30.5		0.0315692
30.6		0.0315692
30.7		0.0315692
30.8		0.0315692
30.9		0.0315692
31		0.0315692
31.1		0.0332032
31.2		0.0332032
31.3		0.0332032
31.4		0.0332032
31.5		0.0332032
31.6		0.0332032
31.7		0.0332032
31.8		0.0332032
31.9		0.0332032
32		0.0332032
32.1		0.0344288
32.2		0.0344288
32.3		0.0344288
32.4		0.0344288
32.5		0.0344288
32.6		0.0344288
32.7		0.0344288
32.8		0.0344288
32.9		0.0344288
33		0.0344288
33.1		0.0385593
33.2		0.0385593
33.3		0.0385593
33.4		0.0385593
33.5		0.0385593
33.6		0.0385593
33.7		0.0385593
33.8		0.0385593
33.9		0.0385593
34		0.0385593
34.1		0.0395579
34.2		0.0395579
34.3		0.0395579
34.4		0.0395579
34.5		0.0395579
34.6		0.0395579
34.7		0.0395579
34.8		0.0395579
34.9		0.0395579
35		0.0395579
35.1		0.0408969
35.2		0.0408969
35.3		0.0408969
35.4		0.0408969
35.5		0.0408969
35.6		0.0408969
35.7		0.0408969
35.8		0.0408969
35.9		0.0408969
36		0.0408969
36.1		0.0428033
36.2		0.0428033
36.3		0.0428033
36.4		0.0428033
36.5		0.0428033
36.6		0.0428033
36.7		0.0428033
36.8		0.0428033
36.9		0.0428033
37		0.0428033
37.1		0.0430984
37.2		0.0430984
37.3		0.0430984
37.4		0.0430984
37.5		0.0430984
37.6		0.0430984
37.7		0.0430984
37.8		0.0430984
37.9		0.0430984
38		0.0430984
38.1		0.0481594
38.2		0.0481594
38.3		0.0481594
38.4		0.0481594
38.5		0.0481594
38.6		0.0481594
38.7		0.0481594
38.8		0.0481594
38.9		0.0481594
39		0.0481594
39.1		0.0487495
39.2		0.0487495
39.3		0.0487495
39.4		0.0487495
39.5		0.0487495
39.6		0.0487495
39.7		0.0487495
39.8		0.0487495
39.9		0.0487495
40		0.0487495
40.1		0.0502928
40.2		0.0502928
40.3		0.0502928
40.4		0.0502928
40.5		0.0502928
40.6		0.0502928
40.7		0.0502928
40.8		0.0502928
40.9		0.0502928
41		0.0502928
41.1		0.0519949
41.2		0.0519949
41.3		0.0519949
41.4		0.0519949
41.5		0.0519949
41.6		0.0519949
41.7		0.0519949
41.8		0.0519949
41.9		0.0519949
42		0.0519949
42.1		0.054151
42.2		0.054151
42.3		0.054151
42.4		0.054151
42.5		0.054151
42.6		0.054151
42.7		0.054151
42.8		0.054151
42.9		0.054151
43		0.054151
43.1		0.0545368
43.2		0.0545368
43.3		0.0545368
43.4		0.0545368
43.5		0.0545368
43.6		0.0545368
43.7		0.0545368
43.8		0.0545368
43.9		0.0545368
44		0.0545368
44.1		0.0595071
44.2		0.0595071
44.3		0.0595071
44.4		0.0595071
44.5		0.0595071
44.6		0.0595071
44.7		0.0595071
44.8		0.0595071
44.9		0.0595071
45		0.0595071
45.1		0.0598702
45.2		0.0598702
45.3		0.0598702
45.4		0.0598702
45.5		0.0598702
45.6		0.0598702
45.7		0.0598702
45.8		0.0598702
45.9		0.0598702
46		0.0598702
46.1		0.0638872
46.2		0.0638872
46.3		0.0638872
46.4		0.0638872
46.5		0.0638872
46.6		0.0638872
46.7		0.0638872
46.8		0.0638872
46.9		0.0638872
47		0.0638872
47.1		0.0658844
47.2		0.0658844
47.3		0.0658844
47.4		0.0658844
47.5		0.0658844
47.6		0.0658844
47.7		0.0658844
47.8		0.0658844
47.9		0.0658844
48		0.0658844
48.1		0.0661795
48.2		0.0661795
48.3		0.0661795
48.4		0.0661795
48.5		0.0661795
48.6		0.0661795
48.7		0.0661795
48.8		0.0661795
48.9		0.0661795
49		0.0661795
49.1		0.0668603
49.2		0.0668603
49.3		0.0668603
49.4		0.0668603
49.5		0.0668603
49.6		0.0668603
49.7		0.0668603
49.8		0.0668603
49.9		0.0668603
50		0.0668603
50.1		0.0697653
50.2		0.0697653
50.3		0.0697653
50.4		0.0697653
50.5		0.0697653
50.6		0.0697653
50.7		0.0697653
50.8		0.0697653
50.9		0.0697653
51		0.0697653
51.1		0.0702646
51.2		0.0702646
51.3		0.0702646
51.4		0.0702646
51.5		0.0702646
51.6		0.0702646
51.7		0.0702646
51.8		0.0702646
51.9		0.0702646
52		0.0702646
52.1		0.0728973
52.2		0.0728973
52.3		0.0728973
52.4		0.0728973
52.5		0.0728973
52.6		0.0728973
52.7		0.0728973
52.8		0.0728973
52.9		0.0728973
53		0.0728973
53.1		0.0762562
53.2		0.0762562
53.3		0.0762562
53.4		0.0762562
53.5		0.0762562
53.6		0.0762562
53.7		0.0762562
53.8		0.0762562
53.9		0.0762562
54		0.0762562
54.1		0.0765285
54.2		0.0765285
54.3		0.0765285
54.4		0.0765285
54.5		0.0765285
54.6		0.0765285
54.7		0.0765285
54.8		0.0765285
54.9		0.0765285
55		0.0765285
55.1		0.0770505
55.2		0.0770505
55.3		0.0770505
55.4		0.0770505
55.5		0.0770505
55.6		0.0770505
55.7		0.0770505
55.8		0.0770505
55.9		0.0770505
56		0.0770505
56.1		0.0822704
56.2		0.0822704
56.3		0.0822704
56.4		0.0822704
56.5		0.0822704
56.6		0.0822704
56.7		0.0822704
56.8		0.0822704
56.9		0.0822704
57		0.0822704
57.1		0.0824974
57.2		0.0824974
57.3		0.0824974
57.4		0.0824974
57.5		0.0824974
57.6		0.0824974
57.7		0.0824974
57.8		0.0824974
57.9		0.0824974
58		0.0824974
58.1		0.0860832
58.2		0.0860832
58.3		0.0860832
58.4		0.0860832
58.5		0.0860832
58.6		0.0860832
58.7		0.0860832
58.8		0.0860832
58.9		0.0860832
59		0.0860832
59.1		0.0876492
59.2		0.0876492
59.3		0.0876492
59.4		0.0876492
59.5		0.0876492
59.6		0.0876492
59.7		0.0876492
59.8		0.0876492
59.9		0.0876492
60		0.0876492
60.1		0.0885343
60.2		0.0885343
60.3		0.0885343
60.4		0.0885343
60.5		0.0885343
60.6		0.0885343
60.7		0.0885343
60.8		0.0885343
60.9		0.0885343
61		0.0885343
61.1		0.0889202
61.2		0.0889202
61.3		0.0889202
61.4		0.0889202
61.5		0.0889202
61.6		0.0889202
61.7		0.0889202
61.8		0.0889202
61.9		0.0889202
62		0.0889202
62.1		0.0920294
62.2		0.0920294
62.3		0.0920294
62.4		0.0920294
62.5		0.0920294
62.6		0.0920294
62.7		0.0920294
62.8		0.0920294
62.9		0.0920294
63		0.0920294
63.1		0.0959557
63.2		0.0959557
63.3		0.0959557
63.4		0.0959557
63.5		0.0959557
63.6		0.0959557
63.7		0.0959557
63.8		0.0959557
63.9		0.0959557
64		0.0959557
64.1		0.0987699
64.2		0.0987699
64.3		0.0987699
64.4		0.0987699
64.5		0.0987699
64.6		0.0987699
64.7		0.0987699
64.8		0.0987699
64.9		0.0987699
65		0.0987699
65.1		0.0996096
65.2		0.0996096
65.3		0.0996096
65.4		0.0996096
65.5		0.0996096
65.6		0.0996096
65.7		0.0996096
65.8		0.0996096
65.9		0.0996096
66		0.0996096
66.1		0.100517
66.2		0.100517
66.3		0.100517
66.4		0.100517
66.5		0.100517
66.6		0.100517
66.7		0.100517
66.8		0.100517
66.9		0.100517
67		0.100517
67.1		0.103559
67.2		0.103559
67.3		0.103559
67.4		0.103559
67.5		0.103559
67.6		0.103559
67.7		0.103559
67.8		0.103559
67.9		0.103559
68		0.103559
68.1		0.104716
68.2		0.104716
68.3		0.104716
68.4		0.104716
68.5		0.104716
68.6		0.104716
68.7		0.104716
68.8		0.104716
68.9		0.104716
69		0.104716
69.1		0.105942
69.2		0.105942
69.3		0.105942
69.4		0.105942
69.5		0.105942
69.6		0.105942
69.7		0.105942
69.8		0.105942
69.9		0.105942
70		0.105942
70.1		0.109074
70.2		0.109074
70.3		0.109074
70.4		0.109074
70.5		0.109074
70.6		0.109074
70.7		0.109074
70.8		0.109074
70.9		0.109074
71		0.109074
71.1		0.110844
71.2		0.110844
71.3		0.110844
71.4		0.110844
71.5		0.110844
71.6		0.110844
71.7		0.110844
71.8		0.110844
71.9		0.110844
72		0.110844
72.1		0.113772
72.2		0.113772
72.3		0.113772
72.4		0.113772
72.5		0.113772
72.6		0.113772
72.7		0.113772
72.8		0.113772
72.9		0.113772
73		0.113772
73.1		0.114861
73.2		0.114861
73.3		0.114861
73.4		0.114861
73.5		0.114861
73.6		0.114861
73.7		0.114861
73.8		0.114861
73.9		0.114861
74		0.114861
74.1		0.114974
74.2		0.114974
74.3		0.114974
74.4		0.114974
74.5		0.114974
74.6		0.114974
74.7		0.114974
74.8		0.114974
74.9		0.114974
75		0.114974
75.1		0.118923
75.2		0.118923
75.3		0.118923
75.4		0.118923
75.5		0.118923
75.6		0.118923
75.7		0.118923
75.8		0.118923
75.9		0.118923
76		0.118923
76.1		0.11999
76.2		0.11999
76.3		0.11999
76.4		0.11999
76.5		0.11999
76.6		0.11999
76.7		0.11999
76.8		0.11999
76.9		0.11999
77		0.11999
77.1		0.12033
77.2		0.12033
77.3		0.12033
77.4		0.12033
77.5		0.12033
77.6		0.12033
77.7		0.12033
77.8		0.12033
77.9		0.12033
78		0.12033
78.1		0.122577
78.2		0.122577
78.3		0.122577
78.4		0.122577
78.5		0.122577
78.6		0.122577
78.7		0.122577
78.8		0.122577
78.9		0.122577
79		0.122577
79.1		0.125051
79.2		0.125051
79.3		0.125051
79.4		0.125051
79.5		0.125051
79.6		0.125051
79.7		0.125051
79.8		0.125051
79.9		0.125051
80		0.125051
80.1		0.126345
80.2		0.126345
80.3		0.126345
80.4		0.126345
80.5		0.126345
80.6		0.126345
80.7		0.126345
80.8		0.126345
80.9		0.126345
81		0.126345
81.1		0.128387
81.2		0.128387
81.3		0.128387
81.4		0.128387
81.5		0.128387
81.6		0.128387
81.7		0.128387
81.8		0.128387
81.9		0.128387
82		0.128387
82.1		0.129908
82.2		0.129908
82.3		0.129908
82.4		0.129908
82.5		0.129908
82.6		0.129908
82.7		0.129908
82.8		0.129908
82.9		0.129908
83		0.129908
83.1		0.130112
83.2		0.130112
83.3		0.130112
83.4		0.130112
83.5		0.130112
83.6		0.130112
83.7		0.130112
83.8		0.130112
83.9		0.130112
84		0.130112
84.1		0.13279
84.2		0.13279
84.3		0.13279
84.4		0.13279
84.5		0.13279
84.6		0.13279
84.7		0.13279
84.8		0.13279
84.9		0.13279
85		0.13279
85.1		0.136263
85.2		0.136263
85.3		0.136263
85.4		0.136263
85.5		0.136263
85.6		0.136263
85.7		0.136263
85.8		0.136263
85.9		0.136263
86		0.136263
86.1		0.137352
86.2		0.137352
86.3		0.137352
86.4		0.137352
86.5		0.137352
86.6		0.137352
86.7		0.137352
86.8		0.137352
86.9		0.137352
87		0.137352
87.1		0.13826
87.2		0.13826
87.3		0.13826
87.4		0.13826
87.5		0.13826
87.6		0.13826
87.7		0.13826
87.8		0.13826
87.9		0.13826
88		0.13826
88.1		0.139916
88.2		0.139916
88.3		0.139916
88.4		0.139916
88.5		0.139916
88.6		0.139916
88.7		0.139916
88.8		0.139916
88.9		0.139916
89		0.139916
89.1		0.14205
89.2		0.14205
89.3		0.14205
89.4		0.14205
89.5		0.14205
89.6		0.14205
89.7		0.14205
89.8		0.14205
89.9		0.14205
90		0.14205
90.1		0.143502
90.2		0.143502
90.3		0.143502
90.4		0.143502
90.5		0.143502
90.6		0.143502
90.7		0.143502
90.8		0.143502
90.9		0.143502
91		0.143502
91.1		0.147905
91.2		0.147905
91.3		0.147905
91.4		0.147905
91.5		0.147905
91.6		0.147905
91.7		0.147905
91.8		0.147905
91.9		0.147905
92		0.147905
92.1		0.148405
92.2		0.148405
92.3		0.148405
92.4		0.148405
92.5		0.148405
92.6		0.148405
92.7		0.148405
92.8		0.148405
92.9		0.148405
93		0.148405
93.1		0.149744
93.2		0.149744
93.3		0.149744
93.4		0.149744
93.5		0.149744
93.6		0.149744
93.7		0.149744
93.8		0.149744
93.9		0.149744
94		0.149744
94.1		0.151332
94.2		0.151332
94.3		0.151332
94.4		0.151332
94.5		0.151332
94.6		0.151332
94.7		0.151332
94.8		0.151332
94.9		0.151332
95		0.151332
95.1		0.152807
95.2		0.152807
95.3		0.152807
95.4		0.152807
95.5		0.152807
95.6		0.152807
95.7		0.152807
95.8		0.152807
95.9		0.152807
96		0.152807
96.1		0.156961
96.2		0.156961
96.3		0.156961
96.4		0.156961
96.5		0.156961
96.6		0.156961
96.7		0.156961
96.8		0.156961
96.9		0.156961
97		0.156961
97.1		0.160932
97.2		0.160932
97.3		0.160932
97.4		0.160932
97.5		0.160932
97.6		0.160932
97.7		0.160932
97.8		0.160932
97.9		0.160932
98		0.160932
98.1		0.161704
98.2		0.161704
98.3		0.161704
98.4		0.161704
98.5		0.161704
98.6		0.161704
98.7		0.161704
98.8		0.161704
98.9		0.161704
99		0.161704
99.1		0.16268
99.2		0.16268
99.3		0.16268
99.4		0.16268
99.5		0.16268
99.6		0.16268
99.7		0.16268
99.8		0.16268
99.9		0.16268
100		0.16268
100.1		0.163156
100.2		0.163156
100.3		0.163156
100.4		0.163156
100.5		0.163156
100.6		0.163156
100.7		0.163156
100.8		0.163156
100.9		0.163156
101		0.163156
101.1		0.163724
101.2		0.163724
101.3		0.163724
101.4		0.163724
101.5		0.163724
101.6		0.163724
101.7		0.163724
101.8		0.163724
101.9		0.163724
102		0.163724
102.1		0.169557
102.2		0.169557
102.3		0.169557
102.4		0.169557
102.5		0.169557
102.6		0.169557
102.7		0.169557
102.8		0.169557
102.9		0.169557
103		0.169557
103.1		0.172348
103.2		0.172348
103.3		0.172348
103.4		0.172348
103.5		0.172348
103.6		0.172348
103.7		0.172348
103.8		0.172348
103.9		0.172348
104		0.172348
104.1		0.172893
104.2		0.172893
104.3		0.172893
104.4		0.172893
104.5		0.172893
104.6		0.172893
104.7		0.172893
104.8		0.172893
104.9		0.172893
105		0.172893
105.1		0.174981
105.2		0.174981
105.3		0.174981
105.4		0.174981
105.5		0.174981
105.6		0.174981
105.7		0.174981
105.8		0.174981
105.9		0.174981
106		0.174981
106.1		0.17573
106.2		0.17573
106.3		0.17573
106.4		0.17573
106.5		0.17573
106.6		0.17573
106.7		0.17573
106.8		0.17573
106.9		0.17573
107		0.17573
107.1		0.177386
107.2		0.177386
107.3		0.177386
107.4		0.177386
107.5		0.177386
107.6		0.177386
107.7		0.177386
107.8		0.177386
107.9		0.177386
108		0.177386
108.1		0.180813
108.2		0.180813
108.3		0.180813
108.4		0.180813
108.5		0.180813
108.6		0.180813
108.7		0.180813
108.8		0.180813
108.9		0.180813
109		0.180813
109.1		0.182425
109.2		0.182425
109.3		0.182425
109.4		0.182425
109.5		0.182425
109.6		0.182425
109.7		0.182425
109.8		0.182425
109.9		0.182425
110		0.182425
110.1		0.182742
110.2		0.182742
110.3		0.182742
110.4		0.182742
110.5		0.182742
110.6		0.182742
110.7		0.182742
110.8		0.182742
110.9		0.182742
111		0.182742
111.1		0.185965
111.2		0.185965
111.3		0.185965
111.4		0.185965
111.5		0.185965
111.6		0.185965
111.7		0.185965
111.8		0.185965
111.9		0.185965
112		0.185965
112.1		0.18912
112.2		0.18912
112.3		0.18912
112.4		0.18912
112.5		0.18912
112.6		0.18912
112.7		0.18912
112.8		0.18912
112.9		0.18912
113		0.18912
113.1		0.189438
113.2		0.189438
113.3		0.189438
113.4		0.189438
113.5		0.189438
113.6		0.189438
113.7		0.189438
113.8		0.189438
113.9		0.189438
114		0.189438
114.1		0.192297
114.2		0.192297
114.3		0.192297
114.4		0.192297
114.5		0.192297
114.6		0.192297
114.7		0.192297
114.8		0.192297
114.9		0.192297
115		0.192297
115.1		0.194136
115.2		0.194136
115.3		0.194136
115.4		0.194136
115.5		0.194136
115.6		0.194136
115.7		0.194136
115.8		0.194136
115.9		0.194136
116		0.194136
116.1		0.194521
116.2		0.194521
116.3		0.194521
116.4		0.194521
116.5		0.194521
116.6		0.194521
116.7		0.194521
116.8		0.194521
116.9		0.194521
117		0.194521
117.1		0.199764
117.2		0.199764
117.3		0.199764
117.4		0.199764
117.5		0.199764
117.6		0.199764
117.7		0.199764
117.8		0.199764
117.9		0.199764
118		0.199764
118.1		0.199968
118.2		0.199968
118.3		0.199968
118.4		0.199968
118.5		0.199968
118.6		0.199968
118.7		0.199968
118.8		0.199968
118.9		0.199968
119		0.199968
119.1		0.200059
119.2		0.200059
119.3		0.200059
119.4		0.200059
119.5		0.200059
119.6		0.200059
119.7		0.200059
119.8		0.200059
119.9		0.200059
120		0.200059
120.1		0.204008
120.2		0.204008
120.3		0.204008
120.4		0.204008
120.5		0.204008
120.6		0.204008
120.7		0.204008
120.8		0.204008
120.9		0.204008
121		0.204008
121.1		0.204235
121.2		0.204235
121.3		0.204235
121.4		0.204235
121.5		0.204235
121.6		0.204235
121.7		0.204235
121.8		0.204235
121.9		0.204235
122		0.204235
122.1		0.205801
122.2		0.205801
122.3		0.205801
122.4		0.205801
122.5		0.205801
122.6		0.205801
122.7		0.205801
122.8		0.205801
122.9		0.205801
123		0.205801
123.1		0.210136
123.2		0.210136
123.3		0.210136
123.4		0.210136
123.5		0.210136
123.6		0.210136
123.7		0.210136
123.8		0.210136
123.9		0.210136
124		0.210136
124.1		0.210453
124.2		0.210453
124.3		0.210453
124.4		0.210453
124.5		0.210453
124.6		0.210453
124.7		0.210453
124.8		0.210453
124.9		0.210453
125		0.210453
125.1		0.214493
125.2		0.214493
125.3		0.214493
125.4		0.214493
125.5		0.214493
125.6		0.214493
125.7		0.214493
125.8		0.214493
125.9		0.214493
126		0.214493
126.1		0.216558
126.2		0.216558
126.3		0.216558
126.4		0.216558
126.5		0.216558
126.6		0.216558
126.7		0.216558
126.8		0.216558
126.9		0.216558
127		0.216558
127.1		0.21733
127.2		0.21733
127.3		0.21733
127.4		0.21733
127.5		0.21733
127.6		0.21733
127.7		0.21733
127.8		0.21733
127.9		0.21733
128		0.21733
128.1		0.219055
128.2		0.219055
128.3		0.219055
128.4		0.219055
128.5		0.219055
128.6		0.219055
128.7		0.219055
128.8		0.219055
128.9		0.219055
129		0.219055
129.1		0.224479
129.2		0.224479
129.3		0.224479
129.4		0.224479
129.5		0.224479
129.6		0.224479
129.7		0.224479
129.8		0.224479
129.9		0.224479
130		0.224479
130.1		0.225432
130.2		0.225432
130.3		0.225432
130.4		0.225432
130.5		0.225432
130.6		0.225432
130.7		0.225432
130.8		0.225432
130.9		0.225432
131		0.225432
131.1		0.227316
131.2		0.227316
131.3		0.227316
131.4		0.227316
131.5		0.227316
131.6		0.227316
131.7		0.227316
131.8		0.227316
131.9		0.227316
132		0.227316
132.1		0.227611
132.2		0.227611
132.3		0.227611
132.4		0.227611
132.5		0.227611
132.6		0.227611
132.7		0.227611
132.8		0.227611
132.9		0.227611
133		0.227611
133.1		0.229177
133.2		0.229177
133.3		0.229177
133.4		0.229177
133.5		0.229177
133.6		0.229177
133.7		0.229177
133.8		0.229177
133.9		0.229177
134		0.229177
134.1		0.230335
134.2		0.230335
134.3		0.230335
134.4		0.230335
134.5		0.230335
134.6		0.230335
134.7		0.230335
134.8		0.230335
134.9		0.230335
135		0.230335
135.1		0.232196
135.2		0.232196
135.3		0.232196
135.4		0.232196
135.5		0.232196
135.6		0.232196
135.7		0.232196
135.8		0.232196
135.9		0.232196
136		0.232196
136.1		0.238096
136.2		0.238096
136.3		0.238096
136.4		0.238096
136.5		0.238096
136.6		0.238096
136.7		0.238096
136.8		0.238096
136.9		0.238096
137		0.238096
137.1		0.238528
137.2		0.238528
137.3		0.238528
137.4		0.238528
137.5		0.238528
137.6		0.238528
137.7		0.238528
137.8		0.238528
137.9		0.238528
138		0.238528
138.1		0.239231
138.2		0.239231
138.3		0.239231
138.4		0.239231
138.5		0.239231
138.6		0.239231
138.7		0.239231
138.8		0.239231
138.9		0.239231
139		0.239231
139.1		0.239549
139.2		0.239549
139.3		0.239549
139.4		0.239549
139.5		0.239549
139.6		0.239549
139.7		0.239549
139.8		0.239549
139.9		0.239549
140		0.239549
140.1		0.244474
140.2		0.244474
140.3		0.244474
140.4		0.244474
140.5		0.244474
140.6		0.244474
140.7		0.244474
140.8		0.244474
140.9		0.244474
141		0.244474
141.1		0.24554
141.2		0.24554
141.3		0.24554
141.4		0.24554
141.5		0.24554
141.6		0.24554
141.7		0.24554
141.8		0.24554
141.9		0.24554
142		0.24554
142.1		0.248945
142.2		0.248945
142.3		0.248945
142.4		0.248945
142.5		0.248945
142.6		0.248945
142.7		0.248945
142.8		0.248945
142.9		0.248945
143		0.248945
143.1		0.249535
143.2		0.249535
143.3		0.249535
143.4		0.249535
143.5		0.249535
143.6		0.249535
143.7		0.249535
143.8		0.249535
143.9		0.249535
144		0.249535
144.1		0.250942
144.2		0.250942
144.3		0.250942
144.4		0.250942
144.5		0.250942
144.6		0.250942
144.7		0.250942
144.8		0.250942
144.9		0.250942
145		0.250942
145.1		0.252281
145.2		0.252281
145.3		0.252281
145.4		0.252281
145.5		0.252281
145.6		0.252281
145.7		0.252281
145.8		0.252281
145.9		0.252281
146		0.252281
146.1		0.253461
146.2		0.253461
146.3		0.253461
146.4		0.253461
146.5		0.253461
146.6		0.253461
146.7		0.253461
146.8		0.253461
146.9		0.253461
147		0.253461
147.1		0.256775
147.2		0.256775
147.3		0.256775
147.4		0.256775
147.5		0.256775
147.6		0.256775
147.7		0.256775
147.8		0.256775
147.9		0.256775
148		0.256775
148.1		0.259543
148.2		0.259543
148.3		0.259543
148.4		0.259543
148.5		0.259543
148.6		0.259543
148.7		0.259543
148.8		0.259543
148.9		0.259543
149		0.259543
149.1		0.259816
149.2		0.259816
149.3		0.259816
149.4		0.259816
149.5		0.259816
149.6		0.259816
149.7		0.259816
149.8		0.259816
149.9		0.259816
150		0.259816
150.1		0.262948
150.2		0.262948
150.3		0.262948
150.4		0.262948
150.5		0.262948
150.6		0.262948
150.7		0.262948
150.8		0.262948
150.9		0.262948
151		0.262948
151.1		0.263651
151.2		0.263651
151.3		0.263651
151.4		0.263651
151.5		0.263651
151.6		0.263651
151.7		0.263651
151.8		0.263651
151.9		0.263651
152		0.263651
152.1		0.267804
152.2		0.267804
152.3		0.267804
152.4		0.267804
152.5		0.267804
152.6		0.267804
152.7		0.267804
152.8		0.267804
152.9		0.267804
153		0.267804
153.1		0.268031
153.2		0.268031
153.3		0.268031
153.4		0.268031
153.5		0.268031
153.6		0.268031
153.7		0.268031
153.8		0.268031
153.9		0.268031
154		0.268031
154.1		0.269393
154.2		0.269393
154.3		0.269393
154.4		0.269393
154.5		0.269393
154.6		0.269393
154.7		0.269393
154.8		0.269393
154.9		0.269393
155		0.269393
155.1		0.271004
155.2		0.271004
155.3		0.271004
155.4		0.271004
155.5		0.271004
155.6		0.271004
155.7		0.271004
155.8		0.271004
155.9		0.271004
156		0.271004
156.1		0.272797
156.2		0.272797
156.3		0.272797
156.4		0.272797
156.5		0.272797
156.6		0.272797
156.7		0.272797
156.8		0.272797
156.9		0.272797
157		0.272797
157.1		0.275158
157.2		0.275158
157.3		0.275158
157.4		0.275158
157.5		0.275158
157.6		0.275158
157.7		0.275158
157.8		0.275158
157.9		0.275158
158		0.275158
158.1		0.276951
158.2		0.276951
158.3		0.276951
158.4		0.276951
158.5		0.276951
158.6		0.276951
158.7		0.276951
158.8		0.276951
158.9		0.276951
159		0.276951
159.1		0.27922
159.2		0.27922
159.3		0.27922
159.4		0.27922
159.5		0.27922
159.6		0.27922
159.7		0.27922
159.8		0.27922
159.9		0.27922
160		0.27922
160.1		0.279447
160.2		0.279447
160.3		0.279447
160.4		0.279447
160.5		0.279447
160.6		0.279447
160.7		0.279447
160.8		0.279447
160.9		0.279447
161		0.279447
161.1		0.282466
161.2		0.282466
161.3		0.282466
161.4		0.282466
161.5		0.282466
161.6		0.282466
161.7		0.282466
161.8		0.282466
161.9		0.282466
162		0.282466
162.1		0.285484
162.2		0.285484
162.3		0.285484
162.4		0.285484
162.5		0.285484
162.6		0.285484
162.7		0.285484
162.8		0.285484
162.9		0.285484
163		0.285484
163.1		0.285688
163.2		0.285688
163.3		0.285688
163.4		0.285688
163.5		0.285688
163.6		0.285688
163.7		0.285688
163.8		0.285688
163.9		0.285688
164		0.285688
164.1		0.287481
164.2		0.287481
164.3		0.287481
164.4		0.287481
164.5		0.287481
164.6		0.287481
164.7		0.287481
164.8		0.287481
164.9		0.287481
165		0.287481
165.1		0.289592
165.2		0.289592
165.3		0.289592
165.4		0.289592
165.5		0.289592
165.6		0.289592
165.7		0.289592
165.8		0.289592
165.9		0.289592
166		0.289592
166.1		0.292678
166.2		0.292678
166.3		0.292678
166.4		0.292678
166.5		0.292678
166.6		0.292678
166.7		0.292678
166.8		0.292678
166.9		0.292678
167		0.292678
167.1		0.295016
167.2		0.295016
167.3		0.295016
167.4		0.295016
167.5		0.295016
167.6		0.295016
167.7		0.295016
167.8		0.295016
167.9		0.295016
168		0.295016
168.1		0.295243
168.2		0.295243
168.3		0.295243
168.4		0.295243
168.5		0.295243
168.6		0.295243
168.7		0.295243
168.8		0.295243
168.9		0.295243
169		0.295243
169.1		0.297762
169.2		0.297762
169.3		0.297762
169.4		0.297762
169.5		0.297762
169.6		0.297762
169.7		0.297762
169.8		0.297762
169.9		0.297762
170		0.297762
170.1		0.301938
170.2		0.301938
170.3		0.301938
170.4		0.301938
170.5		0.301938
170.6		0.301938
170.7		0.301938
170.8		0.301938
170.9		0.301938
171		0.301938
171.1		0.302778
171.2		0.302778
171.3		0.302778
171.4		0.302778
171.5		0.302778
171.6		0.302778
171.7		0.302778
171.8		0.302778
171.9		0.302778
172		0.302778
172.1		0.303277
172.2		0.303277
172.3		0.303277
172.4		0.303277
172.5		0.303277
172.6		0.303277
172.7		0.303277
172.8		0.303277
172.9		0.303277
173		0.303277
173.1		0.306091
173.2		0.306091
173.3		0.306091
173.4		0.306091
173.5		0.306091
173.6		0.306091
173.7		0.306091
173.8		0.306091
173.9		0.306091
174		0.306091
174.1		0.308474
174.2		0.308474
174.3		0.308474
174.4		0.308474
174.5		0.308474
174.6		0.308474
174.7		0.308474
174.8		0.308474
174.9		0.308474
175		0.308474
175.1		0.311311
175.2		0.311311
175.3		0.311311
175.4		0.311311
175.5		0.311311
175.6		0.311311
175.7		0.311311
175.8		0.311311
175.9		0.311311
176		0.311311
176.1		0.31206
176.2		0.31206
176.3		0.31206
176.4		0.31206
176.5		0.31206
176.6		0.31206
176.7		0.31206
176.8		0.31206
176.9		0.31206
177		0.31206
177.1		0.313036
177.2		0.313036
177.3		0.313036
177.4		0.313036
177.5		0.313036
177.6		0.313036
177.7		0.313036
177.8		0.313036
177.9		0.313036
178		0.313036
178.1		0.31467
178.2		0.31467
178.3		0.31467
178.4		0.31467
178.5		0.31467
178.6		0.31467
178.7		0.31467
178.8		0.31467
178.9		0.31467
179		0.31467
179.1		0.317689
179.2		0.317689
179.3		0.317689
179.4		0.317689
179.5		0.317689
179.6		0.317689
179.7		0.317689
179.8		0.317689
179.9		0.317689
180		0.317689
180.1		0.318687
180.2		0.318687
180.3		0.318687
180.4		0.318687
180.5		0.318687
180.6		0.318687
180.7		0.318687
180.8		0.318687
180.9		0.318687
181		0.318687
181.1		0.322568
181.2		0.322568
181.3		0.322568
181.4		0.322568
181.5		0.322568
181.6		0.322568
181.7		0.322568
181.8		0.322568
181.9		0.322568
182		0.322568
182.1		0.323521
182.2		0.323521
182.3		0.323521
182.4		0.323521
182.5		0.323521
182.6		0.323521
182.7		0.323521
182.8		0.323521
182.9		0.323521
183		0.323521
183.1		0.323953
183.2		0.323953
183.3		0.323953
183.4		0.323953
183.5		0.323953
183.6		0.323953
183.7		0.323953
183.8		0.323953
183.9		0.323953
184		0.323953
184.1		0.324452
184.2		0.324452
184.3		0.324452
184.4		0.324452
184.5		0.324452
184.6		0.324452
184.7		0.324452
184.8		0.324452
184.9		0.324452
185		0.324452
185.1		0.327856
185.2		0.327856
185.3		0.327856
185.4		0.327856
185.5		0.327856
185.6		0.327856
185.7		0.327856
185.8		0.327856
185.9		0.327856
186		0.327856
186.1		0.329717
186.2		0.329717
186.3		0.329717
186.4		0.329717
186.5		0.329717
186.6		0.329717
186.7		0.329717
186.8		0.329717
186.9		0.329717
187		0.329717
187.1		0.333507
187.2		0.333507
187.3		0.333507
187.4		0.333507
187.5		0.333507
187.6		0.333507
187.7		0.333507
187.8		0.333507
187.9		0.333507
188		0.333507
188.1		0.335005
188.2		0.335005
188.3		0.335005
188.4		0.335005
188.5		0.335005
188.6		0.335005
188.7		0.335005
188.8		0.335005
188.9		0.335005
189		0.335005
189.1		0.335255
189.2		0.335255
189.3		0.335255
189.4		0.335255
189.5		0.335255
189.6		0.335255
189.7		0.335255
189.8		0.335255
189.9		0.335255
190		0.335255
190.1		0.335323
190.2		0.335323
190.3		0.335323
190.4		0.335323
190.5		0.335323
190.6		0.335323
190.7		0.335323
190.8		0.335323
190.9		0.335323
191		0.335323
191.1		0.338341
191.2		0.338341
191.3		0.338341
191.4		0.338341
191.5		0.338341
191.6		0.338341
191.7		0.338341
191.8		0.338341
191.9		0.338341
192		0.338341
192.1		0.344787
192.2		0.344787
192.3		0.344787
192.4		0.344787
192.5		0.344787
192.6		0.344787
192.7		0.344787
192.8		0.344787
192.9		0.344787
193		0.344787
193.1		0.345332
193.2		0.345332
193.3		0.345332
193.4		0.345332
193.5		0.345332
193.6		0.345332
193.7		0.345332
193.8		0.345332
193.9		0.345332
194		0.345332
194.1		0.345468
194.2		0.345468
194.3		0.345468
194.4		0.345468
194.5		0.345468
194.6		0.345468
194.7		0.345468
194.8		0.345468
194.9		0.345468
195		0.345468
195.1		0.346966
195.2		0.346966
195.3		0.346966
195.4		0.346966
195.5		0.346966
195.6		0.346966
195.7		0.346966
195.8		0.346966
195.9		0.346966
196		0.346966
196.1		0.350166
196.2		0.350166
196.3		0.350166
196.4		0.350166
196.5		0.350166
196.6		0.350166
196.7		0.350166
196.8		0.350166
196.9		0.350166
197		0.350166
197.1		0.350415
197.2		0.350415
197.3		0.350415
197.4		0.350415
197.5		0.350415
197.6		0.350415
197.7		0.350415
197.8		0.350415
197.9		0.350415
198		0.350415
198.1		0.354659
198.2		0.354659
198.3		0.354659
198.4		0.354659
198.5		0.354659
198.6		0.354659
198.7		0.354659
198.8		0.354659
198.9		0.354659
199		0.354659
199.1		0.354659
199.2		0.354659
199.3		0.354659
199.4		0.354659
199.5		0.354659
199.6		0.354659
199.7		0.354659
199.8		0.354659
199.9		0.354659
200		0.354659
200.1		0.355567
200.2		0.355567
200.3		0.355567
200.4		0.355567
200.5		0.355567
200.6		0.355567
200.7		0.355567
200.8		0.355567
200.9		0.355567
201		0.355567
201.1		0.359947
201.2		0.359947
201.3		0.359947
201.4		0.359947
201.5		0.359947
201.6		0.359947
201.7		0.359947
201.8		0.359947
201.9		0.359947
202		0.359947
202.1		0.360628
202.2		0.360628
202.3		0.360628
202.4		0.360628
202.5		0.360628
202.6		0.360628
202.7		0.360628
202.8		0.360628
202.9		0.360628
203		0.360628
203.1		0.36081
203.2		0.36081
203.3		0.36081
203.4		0.36081
203.5		0.36081
203.6		0.36081
203.7		0.36081
203.8		0.36081
203.9		0.36081
204		0.36081
204.1		0.364123
204.2		0.364123
204.3		0.364123
204.4		0.364123
204.5		0.364123
204.6		0.364123
204.7		0.364123
204.8		0.364123
204.9		0.364123
205		0.364123
205.1		0.366892
205.2		0.366892
205.3		0.366892
205.4		0.366892
205.5		0.366892
205.6		0.366892
205.7		0.366892
205.8		0.366892
205.9		0.366892
206		0.366892
206.1		0.367459
206.2		0.367459
206.3		0.367459
206.4		0.367459
206.5		0.367459
206.6		0.367459
206.7		0.367459
206.8		0.367459
206.9		0.367459
207		0.367459
207.1		0.371499
207.2		0.371499
207.3		0.371499
207.4		0.371499
207.5		0.371499
207.6		0.371499
207.7		0.371499
207.8		0.371499
207.9		0.371499
208		0.371499
208.1		0.373179
208.2		0.373179
208.3		0.373179
208.4		0.373179
208.5		0.373179
208.6		0.373179
208.7		0.373179
208.8		0.373179
208.9		0.373179
209		0.373179
209.1		0.375017
209.2		0.375017
209.3		0.375017
209.4		0.375017
209.5		0.375017
209.6		0.375017
209.7		0.375017
209.8		0.375017
209.9		0.375017
210		0.375017
210.1		0.376923
210.2		0.376923
210.3		0.376923
210.4		0.376923
210.5		0.376923
210.6		0.376923
210.7		0.376923
210.8		0.376923
210.9		0.376923
211		0.376923
211.1		0.3774
211.2		0.3774
211.3		0.3774
211.4		0.3774
211.5		0.3774
211.6		0.3774
211.7		0.3774
211.8		0.3774
211.9		0.3774
212		0.3774
212.1		0.377604
212.2		0.377604
212.3		0.377604
212.4		0.377604
212.5		0.377604
212.6		0.377604
212.7		0.377604
212.8		0.377604
212.9		0.377604
213		0.377604
213.1		0.38287
213.2		0.38287
213.3		0.38287
213.4		0.38287
213.5		0.38287
213.6		0.38287
213.7		0.38287
213.8		0.38287
213.9		0.38287
214		0.38287
214.1		0.385843
214.2		0.385843
214.3		0.385843
214.4		0.385843
214.5		0.385843
214.6		0.385843
214.7		0.385843
214.8		0.385843
214.9		0.385843
215		0.385843
215.1		0.386501
215.2		0.386501
215.3		0.386501
215.4		0.386501
215.5		0.386501
215.6		0.386501
215.7		0.386501
215.8		0.386501
215.9		0.386501
216		0.386501
216.1		0.387114
216.2		0.387114
216.3		0.387114
216.4		0.387114
216.5		0.387114
216.6		0.387114
216.7		0.387114
216.8		0.387114
216.9		0.387114
217		0.387114
217.1		0.38759
217.2		0.38759
217.3		0.38759
217.4		0.38759
217.5		0.38759
217.6		0.38759
217.7		0.38759
217.8		0.38759
217.9		0.38759
218		0.38759
218.1		0.39306
218.2		0.39306
218.3		0.39306
218.4		0.39306
218.5		0.39306
218.6		0.39306
218.7		0.39306
218.8		0.39306
218.9		0.39306
219		0.39306
219.1		0.393695
219.2		0.393695
219.3		0.393695
219.4		0.393695
219.5		0.393695
219.6		0.393695
219.7		0.393695
219.8		0.393695
219.9		0.393695
220		0.393695
220.1		0.397145
220.2		0.397145
220.3		0.397145
220.4		0.397145
220.5		0.397145
220.6		0.397145
220.7		0.397145
220.8		0.397145
220.9		0.397145
221		0.397145
221.1		0.398348
221.2		0.398348
221.3		0.398348
221.4		0.398348
221.5		0.398348
221.6		0.398348
221.7		0.398348
221.8		0.398348
221.9		0.398348
222		0.398348
222.1		0.399392
222.2		0.399392
222.3		0.399392
222.4		0.399392
222.5		0.399392
222.6		0.399392
222.7		0.399392
222.8		0.399392
222.9		0.399392
223		0.399392
223.1		0.400231
223.2		0.400231
223.3		0.400231
223.4		0.400231
223.5		0.400231
223.6		0.400231
223.7		0.400231
223.8		0.400231
223.9		0.400231
224		0.400231
224.1		0.403908
224.2		0.403908
224.3		0.403908
224.4		0.403908
224.5		0.403908
224.6		0.403908
224.7		0.403908
224.8		0.403908
224.9		0.403908
225		0.403908
225.1		0.405179
225.2		0.405179
225.3		0.405179
225.4		0.405179
225.5		0.405179
225.6		0.405179
225.7		0.405179
225.8		0.405179
225.9		0.405179
226		0.405179
226.1		0.40881
226.2		0.40881
226.3		0.40881
226.4		0.40881
226.5		0.40881
226.6		0.40881
226.7		0.40881
226.8		0.40881
226.9		0.40881
227		0.40881
227.1		0.410149
227.2		0.410149
227.3		0.410149
227.4		0.410149
227.5		0.410149
227.6		0.410149
227.7		0.410149
227.8		0.410149
227.9		0.410149
228		0.410149
228.1		0.410354
228.2		0.410354
228.3		0.410354
228.4		0.410354
228.5		0.410354
228.6		0.410354
228.7		0.410354
228.8		0.410354
228.9		0.410354
229		0.410354
229.1		0.410467
229.2		0.410467
229.3		0.410467
229.4		0.410467
229.5		0.410467
229.6		0.410467
229.7		0.410467
229.8		0.410467
229.9		0.410467
230		0.410467
230.1		0.415687
230.2		0.415687
230.3		0.415687
230.4		0.415687
230.5		0.415687
230.6		0.415687
230.7		0.415687
230.8		0.415687
230.9		0.415687
231		0.415687
231.1		0.416141
231.2		0.416141
231.3		0.416141
231.4		0.416141
231.5		0.416141
231.6		0.416141
231.7		0.416141
231.8		0.416141
231.9		0.416141
232		0.416141
232.1		0.419795
232.2		0.419795
232.3		0.419795
232.4		0.419795
232.5		0.419795
232.6		0.419795
232.7		0.419795
232.8		0.419795
232.9		0.419795
233		0.419795
233.1		0.420884
233.2		0.420884
233.3		0.420884
233.4		0.420884
233.5		0.420884
233.6		0.420884
233.7		0.420884
233.8		0.420884
233.9		0.420884
234		0.420884
234.1		0.421066
234.2		0.421066
234.3		0.421066
234.4		0.421066
234.5		0.421066
234.6		0.421066
234.7		0.421066
234.8		0.421066
234.9		0.421066
235		0.421066
235.1		0.423222
235.2		0.423222
235.3		0.423222
235.4		0.423222
235.5		0.423222
235.6		0.423222
235.7		0.423222
235.8		0.423222
235.9		0.423222
236		0.423222
236.1		0.425264
236.2		0.425264
236.3		0.425264
236.4		0.425264
236.5		0.425264
236.6		0.425264
236.7		0.425264
236.8		0.425264
236.9		0.425264
237		0.425264
237.1		0.426717
237.2		0.426717
237.3		0.426717
237.4		0.426717
237.5		0.426717
237.6		0.426717
237.7		0.426717
237.8		0.426717
237.9		0.426717
238		0.426717
238.1		0.429962
238.2		0.429962
238.3		0.429962
238.4		0.429962
238.5		0.429962
238.6		0.429962
238.7		0.429962
238.8		0.429962
238.9		0.429962
239		0.429962
239.1		0.430257
239.2		0.430257
239.3		0.430257
239.4		0.430257
239.5		0.430257
239.6		0.430257
239.7		0.430257
239.8		0.430257
239.9		0.430257
240		0.430257
240.1		0.433866
240.2		0.433866
240.3		0.433866
240.4		0.433866
240.5		0.433866
240.6		0.433866
240.7		0.433866
240.8		0.433866
240.9		0.433866
241		0.433866
241.1		0.434638
241.2		0.434638
241.3		0.434638
241.4		0.434638
241.5		0.434638
241.6		0.434638
241.7		0.434638
241.8		0.434638
241.9		0.434638
242		0.434638
242.1		0.435818
242.2		0.435818
242.3		0.435818
242.4		0.435818
242.5		0.435818
242.6		0.435818
242.7		0.435818
242.8		0.435818
242.9		0.435818
243		0.435818
243.1		0.439562
243.2		0.439562
243.3		0.439562
243.4		0.439562
243.5		0.439562
243.6		0.439562
243.7		0.439562
243.8		0.439562
243.9		0.439562
244		0.439562
244.1		0.44013
244.2		0.44013
244.3		0.44013
244.4		0.44013
244.5		0.44013
244.6		0.44013
244.7		0.44013
244.8		0.44013
244.9		0.44013
245		0.44013
245.1		0.441673
245.2		0.441673
245.3		0.441673
245.4		0.441673
245.5		0.441673
245.6		0.441673
245.7		0.441673
245.8		0.441673
245.9		0.441673
246		0.441673
246.1		0.444306
246.2		0.444306
246.3		0.444306
246.4		0.444306
246.5		0.444306
246.6		0.444306
246.7		0.444306
246.8		0.444306
246.9		0.444306
247		0.444306
247.1		0.445441
247.2		0.445441
247.3		0.445441
247.4		0.445441
247.5		0.445441
247.6		0.445441
247.7		0.445441
247.8		0.445441
247.9		0.445441
248		0.445441
248.1		0.445441
248.2		0.445441
248.3		0.445441
248.4		0.445441
248.5		0.445441
248.6		0.445441
248.7		0.445441
248.8		0.445441
248.9		0.445441
249		0.445441
249.1		0.448209
249.2		0.448209
249.3		0.448209
249.4		0.448209
249.5		0.448209
249.6		0.448209
249.7		0.448209
249.8		0.448209
249.9		0.448209
250		0.448209
250.1		0.450502
250.2		0.450502
250.3		0.450502
250.4		0.450502
250.5		0.450502
250.6		0.450502
250.7		0.450502
250.8		0.450502
250.9		0.450502
251		0.450502
251.1		0.450683
251.2		0.450683
251.3		0.450683
251.4		0.450683
251.5		0.450683
251.6		0.450683
251.7		0.450683
251.8		0.450683
251.9		0.450683
252		0.450683
252.1		0.456584
252.2		0.456584
252.3		0.456584
252.4		0.456584
252.5		0.456584
252.6		0.456584
252.7		0.456584
252.8		0.456584
252.9		0.456584
253		0.456584
253.1		0.456902
253.2		0.456902
253.3		0.456902
253.4		0.456902
253.5		0.456902
253.6		0.456902
253.7		0.456902
253.8		0.456902
253.9		0.456902
254		0.456902
254.1		0.459398
254.2		0.459398
254.3		0.459398
254.4		0.459398
254.5		0.459398
254.6		0.459398
254.7		0.459398
254.8		0.459398
254.9		0.459398
255		0.459398
255.1		0.460669
255.2		0.460669
255.3		0.460669
255.4		0.460669
255.5		0.460669
255.6		0.460669
255.7		0.460669
255.8		0.460669
255.9		0.460669
256		0.460669
256.1		0.4611
256.2		0.4611
256.3		0.4611
256.4		0.4611
256.5		0.4611
256.6		0.4611
256.7		0.4611
256.8		0.4611
256.9		0.4611
257		0.4611
257.1		0.464663
257.2		0.464663
257.3		0.464663
257.4		0.464663
257.5		0.464663
257.6		0.464663
257.7		0.464663
257.8		0.464663
257.9		0.464663
258		0.464663
258.1		0.466819
258.2		0.466819
258.3		0.466819
258.4		0.466819
258.5		0.466819
258.6		0.466819
258.7		0.466819
258.8		0.466819
258.9		0.466819
259		0.466819
259.1		0.470496
259.2		0.470496
259.3		0.470496
259.4		0.470496
259.5		0.470496
259.6		0.470496
259.7		0.470496
259.8		0.470496
259.9		0.470496
260		0.470496
260.1		0.472062
260.2		0.472062
260.3		0.472062
260.4		0.472062
260.5		0.472062
260.6		0.472062
260.7		0.472062
260.8		0.472062
260.9		0.472062
261		0.472062
261.1		0.472766
261.2		0.472766
261.3		0.472766
261.4		0.472766
261.5		0.472766
261.6		0.472766
261.7		0.472766
261.8		0.472766
261.9		0.472766
262		0.472766
262.1		0.472856
262.2		0.472856
262.3		0.472856
262.4		0.472856
262.5		0.472856
262.6		0.472856
262.7		0.472856
262.8		0.472856
262.9		0.472856
263		0.472856
263.1		0.476125
263.2		0.476125
263.3		0.476125
263.4		0.476125
263.5		0.476125
263.6		0.476125
263.7		0.476125
263.8		0.476125
263.9		0.476125
264		0.476125
264.1		0.478054
264.2		0.478054
264.3		0.478054
264.4		0.478054
264.5		0.478054
264.6		0.478054
264.7		0.478054
264.8		0.478054
264.9		0.478054
265		0.478054
265.1		0.482593
265.2		0.482593
265.3		0.482593
265.4		0.482593
265.5		0.482593
265.6		0.482593
265.7		0.482593
265.8		0.482593
265.9		0.482593
266		0.482593
266.1		0.483637
266.2		0.483637
266.3		0.483637
266.4		0.483637
266.5		0.483637
266.6		0.483637
266.7		0.483637
266.8		0.483637
266.9		0.483637
267		0.483637
267.1		0.483773
267.2		0.483773
267.3		0.483773
267.4		0.483773
267.5		0.483773
267.6		0.483773
267.7		0.483773
267.8		0.483773
267.9		0.483773
268		0.483773
268.1		0.483886
268.2		0.483886
268.3		0.483886
268.4		0.483886
268.5		0.483886
268.6		0.483886
268.7		0.483886
268.8		0.483886
268.9		0.483886
269		0.483886
269.1		0.488811
269.2		0.488811
269.3		0.488811
269.4		0.488811
269.5		0.488811
269.6		0.488811
269.7		0.488811
269.8		0.488811
269.9		0.488811
270		0.488811
270.1		0.489492
270.2		0.489492
270.3		0.489492
270.4		0.489492
270.5		0.489492
270.6		0.489492
270.7		0.489492
270.8		0.489492
270.9		0.489492
271		0.489492
271.1		0.491103
271.2		0.491103
271.3		0.491103
271.4		0.491103
271.5		0.491103
271.6		0.491103
271.7		0.491103
271.8		0.491103
271.9		0.491103
272		0.491103
272.1		0.492647
272.2		0.492647
272.3		0.492647
272.4		0.492647
272.5		0.492647
272.6		0.492647
272.7		0.492647
272.8		0.492647
272.9		0.492647
273		0.492647
273.1		0.494235
273.2		0.494235
273.3		0.494235
273.4		0.494235
273.5		0.494235
273.6		0.494235
273.7		0.494235
273.8		0.494235
273.9		0.494235
274		0.494235
274.1		0.496119
274.2		0.496119
274.3		0.496119
274.4		0.496119
274.5		0.496119
274.6		0.496119
274.7		0.496119
274.8		0.496119
274.9		0.496119
275		0.496119
275.1		0.497912
275.2		0.497912
275.3		0.497912
275.4		0.497912
275.5		0.497912
275.6		0.497912
275.7		0.497912
275.8		0.497912
275.9		0.497912
276		0.497912
276.1		0.501021
276.2		0.501021
276.3		0.501021
276.4		0.501021
276.5		0.501021
276.6		0.501021
276.7		0.501021
276.8		0.501021
276.9		0.501021
277		0.501021
277.1		0.502406
277.2		0.502406
277.3		0.502406
277.4		0.502406
277.5		0.502406
277.6		0.502406
277.7		0.502406
277.8		0.502406
277.9		0.502406
278		0.502406
278.1		0.504653
278.2		0.504653
278.3		0.504653
278.4		0.504653
278.5		0.504653
278.6		0.504653
278.7		0.504653
278.8		0.504653
278.9		0.504653
279		0.504653
279.1		0.507671
279.2		0.507671
279.3		0.507671
279.4		0.507671
279.5		0.507671
279.6		0.507671
279.7		0.507671
279.8		0.507671
279.9		0.507671
280		0.507671
280.1		0.508193
280.2		0.508193
280.3		0.508193
280.4		0.508193
280.5		0.508193
280.6		0.508193
280.7		0.508193
280.8		0.508193
280.9		0.508193
281		0.508193
281.1		0.509986
281.2		0.509986
281.3		0.509986
281.4		0.509986
281.5		0.509986
281.6		0.509986
281.7		0.509986
281.8		0.509986
281.9		0.509986
282		0.509986
282.1		0.512914
282.2		0.512914
282.3		0.512914
282.4		0.512914
282.5		0.512914
282.6		0.512914
282.7		0.512914
282.8		0.512914
282.9		0.512914
283		0.512914
283.1		0.515864
283.2		0.515864
283.3		0.515864
283.4		0.515864
283.5		0.515864
283.6		0.515864
283.7		0.515864
283.8		0.515864
283.9		0.515864
284		0.515864
284.1		0.519768
284.2		0.519768
284.3		0.519768
284.4		0.519768
284.5		0.519768
284.6		0.519768
284.7		0.519768
284.8		0.519768
284.9		0.519768
285		0.519768
285.1		0.52181
285.2		0.52181
285.3		0.52181
285.4		0.52181
285.5		0.52181
285.6		0.52181
285.7		0.52181
285.8		0.52181
285.9		0.52181
286		0.52181
286.1		0.525441
286.2		0.525441
286.3		0.525441
286.4		0.525441
286.5		0.525441
286.6		0.525441
286.7		0.525441
286.8		0.525441
286.9		0.525441
287		0.525441
287.1		0.526009
287.2		0.526009
287.3		0.526009
287.4		0.526009
287.5		0.526009
287.6		0.526009
287.7		0.526009
287.8		0.526009
287.9		0.526009
288		0.526009
288.1		0.528641
288.2		0.528641
288.3		0.528641
288.4		0.528641
288.5		0.528641
288.6		0.528641
288.7		0.528641
288.8		0.528641
288.9		0.528641
289		0.528641
289.1		0.530934
289.2		0.530934
289.3		0.530934
289.4		0.530934
289.5		0.530934
289.6		0.530934
289.7		0.530934
289.8		0.530934
289.9		0.530934
290		0.530934
290.1		0.530934
290.2		0.530934
290.3		0.530934
290.4		0.530934
290.5		0.530934
290.6		0.530934
290.7		0.530934
290.8		0.530934
290.9		0.530934
291		0.530934
291.1		0.532772
291.2		0.532772
291.3		0.532772
291.4		0.532772
291.5		0.532772
291.6		0.532772
291.7		0.532772
291.8		0.532772
291.9		0.532772
292		0.532772
292.1		0.533725
292.2		0.533725
292.3		0.533725
292.4		0.533725
292.5		0.533725
292.6		0.533725
292.7		0.533725
292.8		0.533725
292.9		0.533725
293		0.533725
293.1		0.536403
293.2		0.536403
293.3		0.536403
293.4		0.536403
293.5		0.536403
293.6		0.536403
293.7		0.536403
293.8		0.536403
293.9		0.536403
294		0.536403
294.1		0.5384
294.2		0.5384
294.3		0.5384
294.4		0.5384
294.5		0.5384
294.6		0.5384
294.7		0.5384
294.8		0.5384
294.9		0.5384
295		0.5384
295.1		0.542122
295.2		0.542122
295.3		0.542122
295.4		0.542122
295.5		0.542122
295.6		0.542122
295.7		0.542122
295.8		0.542122
295.9		0.542122
296		0.542122
296.1		0.544301
296.2		0.544301
296.3		0.544301
296.4		0.544301
296.5		0.544301
296.6		0.544301
296.7		0.544301
296.8		0.544301
296.9		0.544301
297		0.544301
297.1		0.547796
297.2		0.547796
297.3		0.547796
297.4		0.547796
297.5		0.547796
297.6		0.547796
297.7		0.547796
297.8		0.547796
297.9		0.547796
298		0.547796
298.1		0.549271
298.2		0.549271
298.3		0.549271
298.4		0.549271
298.5		0.549271
298.6		0.549271
298.7		0.549271
298.8		0.549271
298.9		0.549271
299		0.549271
299.1		0.553833
299.2		0.553833
299.3		0.553833
299.4		0.553833
299.5		0.553833
299.6		0.553833
299.7		0.553833
299.8		0.553833
299.9		0.553833
300		0.553833
300.1		0.55642
300.2		0.55642
300.3		0.55642
300.4		0.55642
300.5		0.55642
300.6		0.55642
300.7		0.55642
300.8		0.55642
300.9		0.55642
301		0.55642
301.1		0.556897
301.2		0.556897
301.3		0.556897
301.4		0.556897
301.5		0.556897
301.6		0.556897
301.7		0.556897
301.8		0.556897
301.9		0.556897
302		0.556897
302.1		0.560392
302.2		0.560392
302.3		0.560392
302.4		0.560392
302.5		0.560392
302.6		0.560392
302.7		0.560392
302.8		0.560392
302.9		0.560392
303		0.560392
303.1		0.562752
303.2		0.562752
303.3		0.562752
303.4		0.562752
303.5		0.562752
303.6		0.562752
303.7		0.562752
303.8		0.562752
303.9		0.562752
304		0.562752
304.1		0.565181
304.2		0.565181
304.3		0.565181
304.4		0.565181
304.5		0.565181
304.6		0.565181
304.7		0.565181
304.8		0.565181
304.9		0.565181
305		0.565181
305.1		0.565589
305.2		0.565589
305.3		0.565589
305.4		0.565589
305.5		0.565589
305.6		0.565589
305.7		0.565589
305.8		0.565589
305.9		0.565589
306		0.565589
306.1		0.566928
306.2		0.566928
306.3		0.566928
306.4		0.566928
306.5		0.566928
306.6		0.566928
306.7		0.566928
306.8		0.566928
306.9		0.566928
307		0.566928
307.1		0.567587
307.2		0.567587
307.3		0.567587
307.4		0.567587
307.5		0.567587
307.6		0.567587
307.7		0.567587
307.8		0.567587
307.9		0.567587
308		0.567587
308.1		0.57006
308.2		0.57006
308.3		0.57006
308.4		0.57006
308.5		0.57006
308.6		0.57006
308.7		0.57006
308.8		0.57006
308.9		0.57006
309		0.57006
309.1		0.57292
309.2		0.57292
309.3		0.57292
309.4		0.57292
309.5		0.57292
309.6		0.57292
309.7		0.57292
309.8		0.57292
309.9		0.57292
310		0.57292
310.1		0.573737
310.2		0.573737
310.3		0.573737
310.4		0.573737
310.5		0.573737
310.6		0.573737
310.7		0.573737
310.8		0.573737
310.9		0.573737
311		0.573737
311.1		0.575439
311.2		0.575439
311.3		0.575439
311.4		0.575439
311.5		0.575439
311.6		0.575439
311.7		0.575439
311.8		0.575439
311.9		0.575439
312		0.575439
312.1		0.578344
312.2		0.578344
312.3		0.578344
312.4		0.578344
312.5		0.578344
312.6		0.578344
312.7		0.578344
312.8		0.578344
312.9		0.578344
313		0.578344
313.1		0.578889
313.2		0.578889
313.3		0.578889
313.4		0.578889
313.5		0.578889
313.6		0.578889
313.7		0.578889
313.8		0.578889
313.9		0.578889
314		0.578889
314.1		0.581204
314.2		0.581204
314.3		0.581204
314.4		0.581204
314.5		0.581204
314.6		0.581204
314.7		0.581204
314.8		0.581204
314.9		0.581204
315		0.581204
315.1		0.584268
315.2		0.584268
315.3		0.584268
315.4		0.584268
315.5		0.584268
315.6		0.584268
315.7		0.584268
315.8		0.584268
315.9		0.584268
316		0.584268
316.1		0.585062
316.2		0.585062
316.3		0.585062
316.4		0.585062
316.5		0.585062
316.6		0.585062
316.7		0.585062
316.8		0.585062
316.9		0.585062
317		0.585062
317.1		0.587808
317.2		0.587808
317.3		0.587808
317.4		0.587808
317.5		0.587808
317.6		0.587808
317.7		0.587808
317.8		0.587808
317.9		0.587808
318		0.587808
318.1		0.589714
318.2		0.589714
318.3		0.589714
318.4		0.589714
318.5		0.589714
318.6		0.589714
318.7		0.589714
318.8		0.589714
318.9		0.589714
319		0.589714
319.1		0.590418
319.2		0.590418
319.3		0.590418
319.4		0.590418
319.5		0.590418
319.6		0.590418
319.7		0.590418
319.8		0.590418
319.9		0.590418
320		0.590418
320.1		0.592551
320.2		0.592551
320.3		0.592551
320.4		0.592551
320.5		0.592551
320.6		0.592551
320.7		0.592551
320.8		0.592551
320.9		0.592551
321		0.592551
321.1		0.595865
321.2		0.595865
321.3		0.595865
321.4		0.595865
321.5		0.595865
321.6		0.595865
321.7		0.595865
321.8		0.595865
321.9		0.595865
322		0.595865
322.1		0.596092
322.2		0.596092
322.3		0.596092
322.4		0.596092
322.5		0.596092
322.6		0.596092
322.7		0.596092
322.8		0.596092
322.9		0.596092
323		0.596092
323.1		0.596864
323.2		0.596864
323.3		0.596864
323.4		0.596864
323.5		0.596864
323.6		0.596864
323.7		0.596864
323.8		0.596864
323.9		0.596864
324		0.596864
324.1		0.600971
324.2		0.600971
324.3		0.600971
324.4		0.600971
324.5		0.600971
324.6		0.600971
324.7		0.600971
324.8		0.600971
324.9		0.600971
325		0.600971
325.1		0.601766
325.2		0.601766
325.3		0.601766
325.4		0.601766
325.5		0.601766
325.6		0.601766
325.7		0.601766
325.8		0.601766
325.9		0.601766
326		0.601766
326.1		0.60517
326.2		0.60517
326.3		0.60517
326.4		0.60517
326.5		0.60517
326.6		0.60517
326.7		0.60517
326.8		0.60517
326.9		0.60517
327		0.60517
327.1		0.607984
327.2		0.607984
327.3		0.607984
327.4		0.607984
327.5		0.607984
327.6		0.607984
327.7		0.607984
327.8		0.607984
327.9		0.607984
328		0.607984
328.1		0.607984
328.2		0.607984
328.3		0.607984
328.4		0.607984
328.5		0.607984
328.6		0.607984
328.7		0.607984
328.8		0.607984
328.9		0.607984
329		0.607984
329.1		0.608415
329.2		0.608415
329.3		0.608415
329.4		0.608415
329.5		0.608415
329.6		0.608415
329.7		0.608415
329.8		0.608415
329.9		0.608415
330		0.608415
330.1		0.610867
330.2		0.610867
330.3		0.610867
330.4		0.610867
330.5		0.610867
330.6		0.610867
330.7		0.610867
330.8		0.610867
330.9		0.610867
331		0.610867
331.1		0.612001
331.2		0.612001
331.3		0.612001
331.4		0.612001
331.5		0.612001
331.6		0.612001
331.7		0.612001
331.8		0.612001
331.9		0.612001
332		0.612001
332.1		0.61595
332.2		0.61595
332.3		0.61595
332.4		0.61595
332.5		0.61595
332.6		0.61595
332.7		0.61595
332.8		0.61595
332.9		0.61595
333		0.61595
333.1		0.617448
333.2		0.617448
333.3		0.617448
333.4		0.617448
333.5		0.617448
333.6		0.617448
333.7		0.617448
333.8		0.617448
333.9		0.617448
334		0.617448
334.1		0.617584
334.2		0.617584
334.3		0.617584
334.4		0.617584
334.5		0.617584
334.6		0.617584
334.7		0.617584
334.8		0.617584
334.9		0.617584
335		0.617584
335.1		0.620285
335.2		0.620285
335.3		0.620285
335.4		0.620285
335.5		0.620285
335.6		0.620285
335.7		0.620285
335.8		0.620285
335.9		0.620285
336		0.620285
336.1		0.623621
336.2		0.623621
336.3		0.623621
336.4		0.623621
336.5		0.623621
336.6		0.623621
336.7		0.623621
336.8		0.623621
336.9		0.623621
337		0.623621
337.1		0.626322
337.2		0.626322
337.3		0.626322
337.4		0.626322
337.5		0.626322
337.6		0.626322
337.7		0.626322
337.8		0.626322
337.9		0.626322
338		0.626322
338.1		0.627026
338.2		0.627026
338.3		0.627026
338.4		0.627026
338.5		0.627026
338.6		0.627026
338.7		0.627026
338.8		0.627026
338.9		0.627026
339		0.627026
339.1		0.629045
339.2		0.629045
339.3		0.629045
339.4		0.629045
339.5		0.629045
339.6		0.629045
339.7		0.629045
339.8		0.629045
339.9		0.629045
340		0.629045
340.1		0.632677
340.2		0.632677
340.3		0.632677
340.4		0.632677
340.5		0.632677
340.6		0.632677
340.7		0.632677
340.8		0.632677
340.9		0.632677
341		0.632677
341.1		0.636762
341.2		0.636762
341.3		0.636762
341.4		0.636762
341.5		0.636762
341.6		0.636762
341.7		0.636762
341.8		0.636762
341.9		0.636762
342		0.636762
342.1		0.639576
342.2		0.639576
342.3		0.639576
342.4		0.639576
342.5		0.639576
342.6		0.639576
342.7		0.639576
342.8		0.639576
342.9		0.639576
343		0.639576
343.1		0.640075
343.2		0.640075
343.3		0.640075
343.4		0.640075
343.5		0.640075
343.6		0.640075
343.7		0.640075
343.8		0.640075
343.9		0.640075
344		0.640075
344.1		0.641823
344.2		0.641823
344.3		0.641823
344.4		0.641823
344.5		0.641823
344.6		0.641823
344.7		0.641823
344.8		0.641823
344.9		0.641823
345		0.641823
345.1		0.642617
345.2		0.642617
345.3		0.642617
345.4		0.642617
345.5		0.642617
345.6		0.642617
345.7		0.642617
345.8		0.642617
345.9		0.642617
346		0.642617
346.1		0.64618
346.2		0.64618
346.3		0.64618
346.4		0.64618
346.5		0.64618
346.6		0.64618
346.7		0.64618
346.8		0.64618
346.9		0.64618
347		0.64618
347.1		0.646748
347.2		0.646748
347.3		0.646748
347.4		0.646748
347.5		0.646748
347.6		0.646748
347.7		0.646748
347.8		0.646748
347.9		0.646748
348		0.646748
348.1		0.646748
348.2		0.646748
348.3		0.646748
348.4		0.646748
348.5		0.646748
348.6		0.646748
348.7		0.646748
348.8		0.646748
348.9		0.646748
349		0.646748
349.1		0.647678
349.2		0.647678
349.3		0.647678
349.4		0.647678
349.5		0.647678
349.6		0.647678
349.7		0.647678
349.8		0.647678
349.9		0.647678
350		0.647678
350.1		0.65199
350.2		0.65199
350.3		0.65199
350.4		0.65199
350.5		0.65199
350.6		0.65199
350.7		0.65199
350.8		0.65199
350.9		0.65199
351		0.65199
351.1		0.652354
351.2		0.652354
351.3		0.652354
351.4		0.652354
351.5		0.652354
351.6		0.652354
351.7		0.652354
351.8		0.652354
351.9		0.652354
352		0.652354
352.1		0.656847
352.2		0.656847
352.3		0.656847
352.4		0.656847
352.5		0.656847
352.6		0.656847
352.7		0.656847
352.8		0.656847
352.9		0.656847
353		0.656847
353.1		0.656915
353.2		0.656915
353.3		0.656915
353.4		0.656915
353.5		0.656915
353.6		0.656915
353.7		0.656915
353.8		0.656915
353.9		0.656915
354		0.656915
354.1		0.65746
354.2		0.65746
354.3		0.65746
354.4		0.65746
354.5		0.65746
354.6		0.65746
354.7		0.65746
354.8		0.65746
354.9		0.65746
355		0.65746
355.1		0.663474
355.2		0.663474
355.3		0.663474
355.4		0.663474
355.5		0.663474
355.6		0.663474
355.7		0.663474
355.8		0.663474
355.9		0.663474
356		0.663474
356.1		0.666402
356.2		0.666402
356.3		0.666402
356.4		0.666402
356.5		0.666402
356.6		0.666402
356.7		0.666402
356.8		0.666402
356.9		0.666402
357		0.666402
357.1		0.670328
357.2		0.670328
357.3		0.670328
357.4		0.670328
357.5		0.670328
357.6		0.670328
357.7		0.670328
357.8		0.670328
357.9		0.670328
358		0.670328
358.1		0.67371
358.2		0.67371
358.3		0.67371
358.4		0.67371
358.5		0.67371
358.6		0.67371
358.7		0.67371
358.8		0.67371
358.9		0.67371
359		0.67371
359.1		0.674005
359.2		0.674005
359.3		0.674005
359.4		0.674005
359.5		0.674005
359.6		0.674005
359.7		0.674005
359.8		0.674005
359.9		0.674005
360		0.674005
360.1		0.67809
360.2		0.67809
360.3		0.67809
360.4		0.67809
360.5		0.67809
360.6		0.67809
360.7		0.67809
360.8		0.67809
360.9		0.67809
361		0.67809
361.1		0.680064
361.2		0.680064
361.3		0.680064
361.4		0.680064
361.5		0.680064
361.6		0.680064
361.7		0.680064
361.8		0.680064
361.9		0.680064
362		0.680064
362.1		0.680223
362.2		0.680223
362.3		0.680223
362.4		0.680223
362.5		0.680223
362.6		0.680223
362.7		0.680223
362.8		0.680223
362.9		0.680223
363		0.680223
363.1		0.684989
363.2		0.684989
363.3		0.684989
363.4		0.684989
363.5		0.684989
363.6		0.684989
363.7		0.684989
363.8		0.684989
363.9		0.684989
364		0.684989
364.1		0.685307
364.2		0.685307
364.3		0.685307
364.4		0.685307
364.5		0.685307
364.6		0.685307
364.7		0.685307
364.8		0.685307
364.9		0.685307
365		0.685307
365.1		0.685965
365.2		0.685965
365.3		0.685965
365.4		0.685965
365.5		0.685965
365.6		0.685965
365.7		0.685965
365.8		0.685965
365.9		0.685965
366		0.685965
366.1		0.688144
366.2		0.688144
366.3		0.688144
366.4		0.688144
366.5		0.688144
366.6		0.688144
366.7		0.688144
366.8		0.688144
366.9		0.688144
367		0.688144
367.1		0.689006
367.2		0.689006
367.3		0.689006
367.4		0.689006
367.5		0.689006
367.6		0.689006
367.7		0.689006
367.8		0.689006
367.9		0.689006
368		0.689006
368.1		0.691866
368.2		0.691866
368.3		0.691866
368.4		0.691866
368.5		0.691866
368.6		0.691866
368.7		0.691866
368.8		0.691866
368.9		0.691866
369		0.691866
369.1		0.694204
369.2		0.694204
369.3		0.694204
369.4		0.694204
369.5		0.694204
369.6		0.694204
369.7		0.694204
369.8		0.694204
369.9		0.694204
370		0.694204
370.1		0.695565
370.2		0.695565
370.3		0.695565
370.4		0.695565
370.5		0.695565
370.6		0.695565
370.7		0.695565
370.8		0.695565
370.9		0.695565
371		0.695565
371.1		0.697086
371.2		0.697086
371.3		0.697086
371.4		0.697086
371.5		0.697086
371.6		0.697086
371.7		0.697086
371.8		0.697086
371.9		0.697086
372		0.697086
372.1		0.70108
372.2		0.70108
372.3		0.70108
372.4		0.70108
372.5		0.70108
372.6		0.70108
372.7		0.70108
372.8		0.70108
372.9		0.70108
373		0.70108
373.1		0.703441
373.2		0.703441
373.3		0.703441
373.4		0.703441
373.5		0.703441
373.6		0.703441
373.7		0.703441
373.8		0.703441
373.9		0.703441
374		0.703441
374.1		0.705234
374.2		0.705234
374.3		0.705234
374.4		0.705234
374.5		0.705234
374.6		0.705234
374.7		0.705234
374.8		0.705234
374.9		0.705234
375		0.705234
375.1		0.706527
375.2		0.706527
375.3		0.706527
375.4		0.706527
375.5		0.706527
375.6		0.706527
375.7		0.706527
375.8		0.706527
375.9		0.706527
376		0.706527
376.1		0.708048
376.2		0.708048
376.3		0.708048
376.4		0.708048
376.5		0.708048
376.6		0.708048
376.7		0.708048
376.8		0.708048
376.9		0.708048
377		0.708048
377.1		0.710635
377.2		0.710635
377.3		0.710635
377.4		0.710635
377.5		0.710635
377.6		0.710635
377.7		0.710635
377.8		0.710635
377.9		0.710635
378		0.710635
378.1		0.711838
378.2		0.711838
378.3		0.711838
378.4		0.711838
378.5		0.711838
378.6		0.711838
378.7		0.711838
378.8		0.711838
378.9		0.711838
379		0.711838
379.1		0.712451
379.2		0.712451
379.3		0.712451
379.4		0.712451
379.5		0.712451
379.6		0.712451
379.7		0.712451
379.8		0.712451
379.9		0.712451
380		0.712451
380.1		0.715106
380.2		0.715106
380.3		0.715106
380.4		0.715106
380.5		0.715106
380.6		0.715106
380.7		0.715106
380.8		0.715106
380.9		0.715106
381		0.715106
381.1		0.715401
381.2		0.715401
381.3		0.715401
381.4		0.715401
381.5		0.715401
381.6		0.715401
381.7		0.715401
381.8		0.715401
381.9		0.715401
382		0.715401
382.1		0.721075
382.2		0.721075
382.3		0.721075
382.4		0.721075
382.5		0.721075
382.6		0.721075
382.7		0.721075
382.8		0.721075
382.9		0.721075
383		0.721075
383.1		0.721892
383.2		0.721892
383.3		0.721892
383.4		0.721892
383.5		0.721892
383.6		0.721892
383.7		0.721892
383.8		0.721892
383.9		0.721892
384		0.721892
384.1		0.722255
384.2		0.722255
384.3		0.722255
384.4		0.722255
384.5		0.722255
384.6		0.722255
384.7		0.722255
384.8		0.722255
384.9		0.722255
385		0.722255
385.1		0.724842
385.2		0.724842
385.3		0.724842
385.4		0.724842
385.5		0.724842
385.6		0.724842
385.7		0.724842
385.8		0.724842
385.9		0.724842
386		0.724842
386.1		0.725455
386.2		0.725455
386.3		0.725455
386.4		0.725455
386.5		0.725455
386.6		0.725455
386.7		0.725455
386.8		0.725455
386.9		0.725455
387		0.725455
387.1		0.729268
387.2		0.729268
387.3		0.729268
387.4		0.729268
387.5		0.729268
387.6		0.729268
387.7		0.729268
387.8		0.729268
387.9		0.729268
388		0.729268
388.1		0.730607
388.2		0.730607
388.3		0.730607
388.4		0.730607
388.5		0.730607
388.6		0.730607
388.7		0.730607
388.8		0.730607
388.9		0.730607
389		0.730607
389.1		0.731855
389.2		0.731855
389.3		0.731855
389.4		0.731855
389.5		0.731855
389.6		0.731855
389.7		0.731855
389.8		0.731855
389.9		0.731855
390		0.731855
390.1		0.734238
390.2		0.734238
390.3		0.734238
390.4		0.734238
390.5		0.734238
390.6		0.734238
390.7		0.734238
390.8		0.734238
390.9		0.734238
391		0.734238
391.1		0.735418
391.2		0.735418
391.3		0.735418
391.4		0.735418
391.5		0.735418
391.6		0.735418
391.7		0.735418
391.8		0.735418
391.9		0.735418
392		0.735418
392.1		0.735963
392.2		0.735963
392.3		0.735963
392.4		0.735963
392.5		0.735963
392.6		0.735963
392.7		0.735963
392.8		0.735963
392.9		0.735963
393		0.735963
393.1		0.738686
393.2		0.738686
393.3		0.738686
393.4		0.738686
393.5		0.738686
393.6		0.738686
393.7		0.738686
393.8		0.738686
393.9		0.738686
394		0.738686
394.1		0.742023
394.2		0.742023
394.3		0.742023
394.4		0.742023
394.5		0.742023
394.6		0.742023
394.7		0.742023
394.8		0.742023
394.9		0.742023
395		0.742023
395.1		0.742976
395.2		0.742976
395.3		0.742976
395.4		0.742976
395.5		0.742976
395.6		0.742976
395.7		0.742976
395.8		0.742976
395.9		0.742976
396		0.742976
396.1		0.74486
396.2		0.74486
396.3		0.74486
396.4		0.74486
396.5		0.74486
396.6		0.74486
396.7		0.74486
396.8		0.74486
396.9		0.74486
397		0.74486
397.1		0.746357
397.2		0.746357
397.3		0.746357
397.4		0.746357
397.5		0.746357
397.6		0.746357
397.7		0.746357
397.8		0.746357
397.9		0.746357
398		0.746357
398.1		0.750352
398.2		0.750352
398.3		0.750352
398.4		0.750352
398.5		0.750352
398.6		0.750352
398.7		0.750352
398.8		0.750352
398.9		0.750352
399		0.750352
399.1		0.752894
399.2		0.752894
399.3		0.752894
399.4		0.752894
399.5		0.752894
399.6		0.752894
399.7		0.752894
399.8		0.752894
399.9		0.752894
400		0.752894
400.1		0.753915
400.2		0.753915
400.3		0.753915
400.4		0.753915
400.5		0.753915
400.6		0.753915
400.7		0.753915
400.8		0.753915
400.9		0.753915
401		0.753915
401.1		0.755004
401.2		0.755004
401.3		0.755004
401.4		0.755004
401.5		0.755004
401.6		0.755004
401.7		0.755004
401.8		0.755004
401.9		0.755004
402		0.755004
402.1		0.757796
402.2		0.757796
402.3		0.757796
402.4		0.757796
402.5		0.757796
402.6		0.757796
402.7		0.757796
402.8		0.757796
402.9		0.757796
403		0.757796
403.1		0.760065
403.2		0.760065
403.3		0.760065
403.4		0.760065
403.5		0.760065
403.6		0.760065
403.7		0.760065
403.8		0.760065
403.9		0.760065
404		0.760065
404.1		0.76036
404.2		0.76036
404.3		0.76036
404.4		0.76036
404.5		0.76036
404.6		0.76036
404.7		0.76036
404.8		0.76036
404.9		0.76036
405		0.76036
405.1		0.764491
405.2		0.764491
405.3		0.764491
405.4		0.764491
405.5		0.764491
405.6		0.764491
405.7		0.764491
405.8		0.764491
405.9		0.764491
406		0.764491
406.1		0.765853
406.2		0.765853
406.3		0.765853
406.4		0.765853
406.5		0.765853
406.6		0.765853
406.7		0.765853
406.8		0.765853
406.9		0.765853
407		0.765853
407.1		0.767578
407.2		0.767578
407.3		0.767578
407.4		0.767578
407.5		0.767578
407.6		0.767578
407.7		0.767578
407.8		0.767578
407.9		0.767578
408		0.767578
408.1		0.770256
408.2		0.770256
408.3		0.770256
408.4		0.770256
408.5		0.770256
408.6		0.770256
408.7		0.770256
408.8		0.770256
408.9		0.770256
409		0.770256
409.1		0.770392
409.2		0.770392
409.3		0.770392
409.4		0.770392
409.5		0.770392
409.6		0.770392
409.7		0.770392
409.8		0.770392
409.9		0.770392
410		0.770392
410.1		0.772048
410.2		0.772048
410.3		0.772048
410.4		0.772048
410.5		0.772048
410.6		0.772048
410.7		0.772048
410.8		0.772048
410.9		0.772048
411		0.772048
411.1		0.775702
411.2		0.775702
411.3		0.775702
411.4		0.775702
411.5		0.775702
411.6		0.775702
411.7		0.775702
411.8		0.775702
411.9		0.775702
412		0.775702
412.1		0.778222
412.2		0.778222
412.3		0.778222
412.4		0.778222
412.5		0.778222
412.6		0.778222
412.7		0.778222
412.8		0.778222
412.9		0.778222
413		0.778222
413.1		0.778653
413.2		0.778653
413.3		0.778653
413.4		0.778653
413.5		0.778653
413.6		0.778653
413.7		0.778653
413.8		0.778653
413.9		0.778653
414		0.778653
414.1		0.779719
414.2		0.779719
414.3		0.779719
414.4		0.779719
414.5		0.779719
414.6		0.779719
414.7		0.779719
414.8		0.779719
414.9		0.779719
415		0.779719
415.1		0.780468
415.2		0.780468
415.3		0.780468
415.4		0.780468
415.5		0.780468
415.6		0.780468
415.7		0.780468
415.8		0.780468
415.9		0.780468
416		0.780468
416.1		0.782034
416.2		0.782034
416.3		0.782034
416.4		0.782034
416.5		0.782034
416.6		0.782034
416.7		0.782034
416.8		0.782034
416.9		0.782034
417		0.782034
417.1		0.786165
417.2		0.786165
417.3		0.786165
417.4		0.786165
417.5		0.786165
417.6		0.786165
417.7		0.786165
417.8		0.786165
417.9		0.786165
418		0.786165
418.1		0.786914
418.2		0.786914
418.3		0.786914
418.4		0.786914
418.5		0.786914
418.6		0.786914
418.7		0.786914
418.8		0.786914
418.9		0.786914
419		0.786914
419.1		0.788684
419.2		0.788684
419.3		0.788684
419.4		0.788684
419.5		0.788684
419.6		0.788684
419.7		0.788684
419.8		0.788684
419.9		0.788684
420		0.788684
420.1		0.791317
420.2		0.791317
420.3		0.791317
420.4		0.791317
420.5		0.791317
420.6		0.791317
420.7		0.791317
420.8		0.791317
420.9		0.791317
421		0.791317
421.1		0.792996
421.2		0.792996
421.3		0.792996
421.4		0.792996
421.5		0.792996
421.6		0.792996
421.7		0.792996
421.8		0.792996
421.9		0.792996
422		0.792996
422.1		0.795493
422.2		0.795493
422.3		0.795493
422.4		0.795493
422.5		0.795493
422.6		0.795493
422.7		0.795493
422.8		0.795493
422.9		0.795493
423		0.795493
423.1		0.796832
423.2		0.796832
423.3		0.796832
423.4		0.796832
423.5		0.796832
423.6		0.796832
423.7		0.796832
423.8		0.796832
423.9		0.796832
424		0.796832
424.1		0.79951
424.2		0.79951
424.3		0.79951
424.4		0.79951
424.5		0.79951
424.6		0.79951
424.7		0.79951
424.8		0.79951
424.9		0.79951
425		0.79951
425.1		0.801462
425.2		0.801462
425.3		0.801462
425.4		0.801462
425.5		0.801462
425.6		0.801462
425.7		0.801462
425.8		0.801462
425.9		0.801462
426		0.801462
426.1		0.801734
426.2		0.801734
426.3		0.801734
426.4		0.801734
426.5		0.801734
426.6		0.801734
426.7		0.801734
426.8		0.801734
426.9		0.801734
427		0.801734
427.1		0.804639
427.2		0.804639
427.3		0.804639
427.4		0.804639
427.5		0.804639
427.6		0.804639
427.7		0.804639
427.8		0.804639
427.9		0.804639
428		0.804639
428.1		0.805751
428.2		0.805751
428.3		0.805751
428.4		0.805751
428.5		0.805751
428.6		0.805751
428.7		0.805751
428.8		0.805751
428.9		0.805751
429		0.805751
429.1		0.808043
429.2		0.808043
429.3		0.808043
429.4		0.808043
429.5		0.808043
429.6		0.808043
429.7		0.808043
429.8		0.808043
429.9		0.808043
430		0.808043
430.1		0.808497
430.2		0.808497
430.3		0.808497
430.4		0.808497
430.5		0.808497
430.6		0.808497
430.7		0.808497
430.8		0.808497
430.9		0.808497
431		0.808497
431.1		0.811629
431.2		0.811629
431.3		0.811629
431.4		0.811629
431.5		0.811629
431.6		0.811629
431.7		0.811629
431.8		0.811629
431.9		0.811629
432		0.811629
432.1		0.813263
432.2		0.813263
432.3		0.813263
432.4		0.813263
432.5		0.813263
432.6		0.813263
432.7		0.813263
432.8		0.813263
432.9		0.813263
433		0.813263
433.1		0.815896
433.2		0.815896
433.3		0.815896
433.4		0.815896
433.5		0.815896
433.6		0.815896
433.7		0.815896
433.8		0.815896
433.9		0.815896
434		0.815896
434.1		0.818279
434.2		0.818279
434.3		0.818279
434.4		0.818279
434.5		0.818279
434.6		0.818279
434.7		0.818279
434.8		0.818279
434.9		0.818279
435		0.818279
435.1		0.819232
435.2		0.819232
435.3		0.819232
435.4		0.819232
435.5		0.819232
435.6		0.819232
435.7		0.819232
435.8		0.819232
435.9		0.819232
436		0.819232
436.1		0.819663
436.2		0.819663
436.3		0.819663
436.4		0.819663
436.5		0.819663
436.6		0.819663
436.7		0.819663
436.8		0.819663
436.9		0.819663
437		0.819663
437.1		0.823885
437.2		0.823885
437.3		0.823885
437.4		0.823885
437.5		0.823885
437.6		0.823885
437.7		0.823885
437.8		0.823885
437.9		0.823885
438		0.823885
438.1		0.82427
438.2		0.82427
438.3		0.82427
438.4		0.82427
438.5		0.82427
438.6		0.82427
438.7		0.82427
438.8		0.82427
438.9		0.82427
439		0.82427
439.1		0.827629
439.2		0.827629
439.3		0.827629
439.4		0.827629
439.5		0.827629
439.6		0.827629
439.7		0.827629
439.8		0.827629
439.9		0.827629
440		0.827629
440.1		0.828083
440.2		0.828083
440.3		0.828083
440.4		0.828083
440.5		0.828083
440.6		0.828083
440.7		0.828083
440.8		0.828083
440.9		0.828083
441		0.828083
441.1		0.828741
441.2		0.828741
441.3		0.828741
441.4		0.828741
441.5		0.828741
441.6		0.828741
441.7		0.828741
441.8		0.828741
441.9		0.828741
442		0.828741
442.1		0.832577
442.2		0.832577
442.3		0.832577
442.4		0.832577
442.5		0.832577
442.6		0.832577
442.7		0.832577
442.8		0.832577
442.9		0.832577
443		0.832577
443.1		0.833031
443.2		0.833031
443.3		0.833031
443.4		0.833031
443.5		0.833031
443.6		0.833031
443.7		0.833031
443.8		0.833031
443.9		0.833031
444		0.833031
444.1		0.833621
444.2		0.833621
444.3		0.833621
444.4		0.833621
444.5		0.833621
444.6		0.833621
444.7		0.833621
444.8		0.833621
444.9		0.833621
445		0.833621
445.1		0.837706
445.2		0.837706
445.3		0.837706
445.4		0.837706
445.5		0.837706
445.6		0.837706
445.7		0.837706
445.8		0.837706
445.9		0.837706
446		0.837706
446.1		0.838183
446.2		0.838183
446.3		0.838183
446.4		0.838183
446.5		0.838183
446.6		0.838183
446.7		0.838183
446.8		0.838183
446.9		0.838183
447		0.838183
447.1		0.842313
447.2		0.842313
447.3		0.842313
447.4		0.842313
447.5		0.842313
447.6		0.842313
447.7		0.842313
447.8		0.842313
447.9		0.842313
448		0.842313
448.1		0.842926
448.2		0.842926
448.3		0.842926
448.4		0.842926
448.5		0.842926
448.6		0.842926
448.7		0.842926
448.8		0.842926
448.9		0.842926
449		0.842926
449.1		0.844742
449.2		0.844742
449.3		0.844742
449.4		0.844742
449.5		0.844742
449.6		0.844742
449.7		0.844742
449.8		0.844742
449.9		0.844742
450		0.844742
450.1		0.846489
450.2		0.846489
450.3		0.846489
450.4		0.846489
450.5		0.846489
450.6		0.846489
450.7		0.846489
450.8		0.846489
450.9		0.846489
451		0.846489
451.1		0.8481
451.2		0.8481
451.3		0.8481
451.4		0.8481
451.5		0.8481
451.6		0.8481
451.7		0.8481
451.8		0.8481
451.9		0.8481
452		0.8481
452.1		0.849008
452.2		0.849008
452.3		0.849008
452.4		0.849008
452.5		0.849008
452.6		0.849008
452.7		0.849008
452.8		0.849008
452.9		0.849008
453		0.849008
453.1		0.852685
453.2		0.852685
453.3		0.852685
453.4		0.852685
453.5		0.852685
453.6		0.852685
453.7		0.852685
453.8		0.852685
453.9		0.852685
454		0.852685
454.1		0.854183
454.2		0.854183
454.3		0.854183
454.4		0.854183
454.5		0.854183
454.6		0.854183
454.7		0.854183
454.8		0.854183
454.9		0.854183
455		0.854183
455.1		0.854909
455.2		0.854909
455.3		0.854909
455.4		0.854909
455.5		0.854909
455.6		0.854909
455.7		0.854909
455.8		0.854909
455.9		0.854909
456		0.854909
456.1		0.858245
456.2		0.858245
456.3		0.858245
456.4		0.858245
456.5		0.858245
456.6		0.858245
456.7		0.858245
456.8		0.858245
456.9		0.858245
457		0.858245
457.1		0.858858
457.2		0.858858
457.3		0.858858
457.4		0.858858
457.5		0.858858
457.6		0.858858
457.7		0.858858
457.8		0.858858
457.9		0.858858
458		0.858858
458.1		0.860106
458.2		0.860106
458.3		0.860106
458.4		0.860106
458.5		0.860106
458.6		0.860106
458.7		0.860106
458.8		0.860106
458.9		0.860106
459		0.860106
459.1		0.863488
459.2		0.863488
459.3		0.863488
459.4		0.863488
459.5		0.863488
459.6		0.863488
459.7		0.863488
459.8		0.863488
459.9		0.863488
460		0.863488
460.1		0.865803
460.2		0.865803
460.3		0.865803
460.4		0.865803
460.5		0.865803
460.6		0.865803
460.7		0.865803
460.8		0.865803
460.9		0.865803
461		0.865803
461.1		0.866665
461.2		0.866665
461.3		0.866665
461.4		0.866665
461.5		0.866665
461.6		0.866665
461.7		0.866665
461.8		0.866665
461.9		0.866665
462		0.866665
462.1		0.870047
462.2		0.870047
462.3		0.870047
462.4		0.870047
462.5		0.870047
462.6		0.870047
462.7		0.870047
462.8		0.870047
462.9		0.870047
463		0.870047
463.1		0.870342
463.2		0.870342
463.3		0.870342
463.4		0.870342
463.5		0.870342
463.6		0.870342
463.7		0.870342
463.8		0.870342
463.9		0.870342
464		0.870342
464.1		0.870523
464.2		0.870523
464.3		0.870523
464.4		0.870523
464.5		0.870523
464.6		0.870523
464.7		0.870523
464.8		0.870523
464.9		0.870523
465		0.870523
465.1		0.876878
465.2		0.876878
465.3		0.876878
465.4		0.876878
465.5		0.876878
465.6		0.876878
465.7		0.876878
465.8		0.876878
465.9		0.876878
466		0.876878
466.1		0.877105
466.2		0.877105
466.3		0.877105
466.4		0.877105
466.5		0.877105
466.6		0.877105
466.7		0.877105
466.8		0.877105
466.9		0.877105
467		0.877105
467.1		0.878194
467.2		0.878194
467.3		0.878194
467.4		0.878194
467.5		0.878194
467.6		0.878194
467.7		0.878194
467.8		0.878194
467.9		0.878194
468		0.878194
468.1		0.879216
468.2		0.879216
468.3		0.879216
468.4		0.879216
468.5		0.879216
468.6		0.879216
468.7		0.879216
468.8		0.879216
468.9		0.879216
469		0.879216
469.1		0.881145
469.2		0.881145
469.3		0.881145
469.4		0.881145
469.5		0.881145
469.6		0.881145
469.7		0.881145
469.8		0.881145
469.9		0.881145
470		0.881145
470.1		0.882053
470.2		0.882053
470.3		0.882053
470.4		0.882053
470.5		0.882053
470.6		0.882053
470.7		0.882053
470.8		0.882053
470.9		0.882053
471		0.882053
471.1		0.887227
471.2		0.887227
471.3		0.887227
471.4		0.887227
471.5		0.887227
471.6		0.887227
471.7		0.887227
471.8		0.887227
471.9		0.887227
472		0.887227
472.1		0.887953
472.2		0.887953
472.3		0.887953
472.4		0.887953
472.5		0.887953
472.6		0.887953
472.7		0.887953
472.8		0.887953
472.9		0.887953
473		0.887953
473.1		0.88818
473.2		0.88818
473.3		0.88818
473.4		0.88818
473.5		0.88818
473.6		0.88818
473.7		0.88818
473.8		0.88818
473.9		0.88818
474		0.88818
474.1		0.890495
474.2		0.890495
474.3		0.890495
474.4		0.890495
474.5		0.890495
474.6		0.890495
474.7		0.890495
474.8		0.890495
474.9		0.890495
475		0.890495
475.1		0.891653
475.2		0.891653
475.3		0.891653
475.4		0.891653
475.5		0.891653
475.6		0.891653
475.7		0.891653
475.8		0.891653
475.9		0.891653
476		0.891653
476.1		0.895443
476.2		0.895443
476.3		0.895443
476.4		0.895443
476.5		0.895443
476.6		0.895443
476.7		0.895443
476.8		0.895443
476.9		0.895443
477		0.895443
477.1		0.896396
477.2		0.896396
477.3		0.896396
477.4		0.896396
477.5		0.896396
477.6		0.896396
477.7		0.896396
477.8		0.896396
477.9		0.896396
478		0.896396
478.1		0.897485
478.2		0.897485
478.3		0.897485
478.4		0.897485
478.5		0.897485
478.6		0.897485
478.7		0.897485
478.8		0.897485
478.9		0.897485
479		0.897485
479.1		0.901298
479.2		0.901298
479.3		0.901298
479.4		0.901298
479.5		0.901298
479.6		0.901298
479.7		0.901298
479.8		0.901298
479.9		0.901298
480		0.901298
480.1		0.901616
480.2		0.901616
480.3		0.901616
480.4		0.901616
480.5		0.901616
480.6		0.901616
480.7		0.901616
480.8		0.901616
480.9		0.901616
481		0.901616
481.1		0.901934
481.2		0.901934
481.3		0.901934
481.4		0.901934
481.5		0.901934
481.6		0.901934
481.7		0.901934
481.8		0.901934
481.9		0.901934
482		0.901934
482.1		0.904158
482.2		0.904158
482.3		0.904158
482.4		0.904158
482.5		0.904158
482.6		0.904158
482.7		0.904158
482.8		0.904158
482.9		0.904158
483		0.904158
483.1		0.906859
483.2		0.906859
483.3		0.906859
483.4		0.906859
483.5		0.906859
483.6		0.906859
483.7		0.906859
483.8		0.906859
483.9		0.906859
484		0.906859
484.1		0.909491
484.2		0.909491
484.3		0.909491
484.4		0.909491
484.5		0.909491
484.6		0.909491
484.7		0.909491
484.8		0.909491
484.9		0.909491
485		0.909491
485.1		0.910104
485.2		0.910104
485.3		0.910104
485.4		0.910104
485.5		0.910104
485.6		0.910104
485.7		0.910104
485.8		0.910104
485.9		0.910104
486		0.910104
486.1		0.912078
486.2		0.912078
486.3		0.912078
486.4		0.912078
486.5		0.912078
486.6		0.912078
486.7		0.912078
486.8		0.912078
486.9		0.912078
487		0.912078
487.1		0.914598
487.2		0.914598
487.3		0.914598
487.4		0.914598
487.5		0.914598
487.6		0.914598
487.7		0.914598
487.8		0.914598
487.9		0.914598
488		0.914598
488.1		0.917003
488.2		0.917003
488.3		0.917003
488.4		0.917003
488.5		0.917003
488.6		0.917003
488.7		0.917003
488.8		0.917003
488.9		0.917003
489		0.917003
489.1		0.918774
489.2		0.918774
489.3		0.918774
489.4		0.918774
489.5		0.918774
489.6		0.918774
489.7		0.918774
489.8		0.918774
489.9		0.918774
490		0.918774
490.1		0.919613
490.2		0.919613
490.3		0.919613
490.4		0.919613
490.5		0.919613
490.6		0.919613
490.7		0.919613
490.8		0.919613
490.9		0.919613
491		0.919613
491.1		0.921565
491.2		0.921565
491.3		0.921565
491.4		0.921565
491.5		0.921565
491.6		0.921565
491.7		0.921565
491.8		0.921565
491.9		0.921565
492		0.921565
492.1		0.925673
492.2		0.925673
492.3		0.925673
492.4		0.925673
492.5		0.925673
492.6		0.925673
492.7		0.925673
492.8		0.925673
492.9		0.925673
493		0.925673
493.1		0.926036
493.2		0.926036
493.3		0.926036
493.4		0.926036
493.5		0.926036
493.6		0.926036
493.7		0.926036
493.8		0.926036
493.9		0.926036
494		0.926036
494.1		0.927171
494.2		0.927171
494.3		0.927171
494.4		0.927171
494.5		0.927171
494.6		0.927171
494.7		0.927171
494.8		0.927171
494.9		0.927171
495		0.927171
495.1		0.929168
495.2		0.929168
495.3		0.929168
495.4		0.929168
495.5		0.929168
495.6		0.929168
495.7		0.929168
495.8		0.929168
495.9		0.929168
496		0.929168
496.1		0.930439
496.2		0.930439
496.3		0.930439
496.4		0.930439
496.5		0.930439
496.6		0.930439
496.7		0.930439
496.8		0.930439
496.9		0.930439
497		0.930439
497.1		0.932164
497.2		0.932164
497.3		0.932164
497.4		0.932164
497.5		0.932164
497.6		0.932164
497.7		0.932164
497.8		0.932164
497.9		0.932164
498		0.932164
498.1		0.936589
498.2		0.936589
498.3		0.936589
498.4		0.936589
498.5		0.936589
498.6		0.936589
498.7		0.936589
498.8		0.936589
498.9		0.936589
499		0.936589
499.1		0.937679
499.2		0.937679
499.3		0.937679
499.4		0.937679
499.5		0.937679
499.6		0.937679
499.7		0.937679
499.8		0.937679
499.9		0.937679
500		0.937679
500.1		0.938269
500.2		0.938269
500.3		0.938269
500.4		0.938269
500.5		0.938269
500.6		0.938269
500.7		0.938269
500.8		0.938269
500.9		0.938269
501		0.938269
501.1		0.940675
501.2		0.940675
501.3		0.940675
501.4		0.940675
501.5		0.940675
501.6		0.940675
501.7		0.940675
501.8		0.940675
501.9		0.940675
502		0.940675
502.1		0.943058
502.2		0.943058
502.3		0.943058
502.4		0.943058
502.5		0.943058
502.6		0.943058
502.7		0.943058
502.8		0.943058
502.9		0.943058
503		0.943058
503.1		0.94426
503.2		0.94426
503.3		0.94426
503.4		0.94426
503.5		0.94426
503.6		0.94426
503.7		0.94426
503.8		0.94426
503.9		0.94426
504		0.94426
504.1		0.948119
504.2		0.948119
504.3		0.948119
504.4		0.948119
504.5		0.948119
504.6		0.948119
504.7		0.948119
504.8		0.948119
504.9		0.948119
505		0.948119
505.1		0.948391
505.2		0.948391
505.3		0.948391
505.4		0.948391
505.5		0.948391
505.6		0.948391
505.7		0.948391
505.8		0.948391
505.9		0.948391
506		0.948391
506.1		0.951863
506.2		0.951863
506.3		0.951863
506.4		0.951863
506.5		0.951863
506.6		0.951863
506.7		0.951863
506.8		0.951863
506.9		0.951863
507		0.951863
507.1		0.952181
507.2		0.952181
507.3		0.952181
507.4		0.952181
507.5		0.952181
507.6		0.952181
507.7		0.952181
507.8		0.952181
507.9		0.952181
508		0.952181
508.1		0.9547
508.2		0.9547
508.3		0.9547
508.4		0.9547
508.5		0.9547
508.6		0.9547
508.7		0.9547
508.8		0.9547
508.9		0.9547
509		0.9547
509.1		0.95495
509.2		0.95495
509.3		0.95495
509.4		0.95495
509.5		0.95495
509.6		0.95495
509.7		0.95495
509.8		0.95495
509.9		0.95495
510		0.95495
510.1		0.957197
510.2		0.957197
510.3		0.957197
510.4		0.957197
510.5		0.957197
510.6		0.957197
510.7		0.957197
510.8		0.957197
510.9		0.957197
511		0.957197
511.1		0.960238
511.2		0.960238
511.3		0.960238
511.4		0.960238
511.5		0.960238
511.6		0.960238
511.7		0.960238
511.8		0.960238
511.9		0.960238
512		0.960238
512.1		0.962553
512.2		0.962553
512.3		0.962553
512.4		0.962553
512.5		0.962553
512.6		0.962553
512.7		0.962553
512.8		0.962553
512.9		0.962553
513		0.962553
513.1		0.962939
513.2		0.962939
513.3		0.962939
513.4		0.962939
513.5		0.962939
513.6		0.962939
513.7		0.962939
513.8		0.962939
513.9		0.962939
514		0.962939
514.1		0.96548
514.2		0.96548
514.3		0.96548
514.4		0.96548
514.5		0.96548
514.6		0.96548
514.7		0.96548
514.8		0.96548
514.9		0.96548
515		0.96548
515.1		0.965844
515.2		0.965844
515.3		0.965844
515.4		0.965844
515.5		0.965844
515.6		0.965844
515.7		0.965844
515.8		0.965844
515.9		0.965844
516		0.965844
516.1		0.967682
516.2		0.967682
516.3		0.967682
516.4		0.967682
516.5		0.967682
516.6		0.967682
516.7		0.967682
516.8		0.967682
516.9		0.967682
517		0.967682
517.1		0.970882
517.2		0.970882
517.3		0.970882
517.4		0.970882
517.5		0.970882
517.6		0.970882
517.7		0.970882
517.8		0.970882
517.9		0.970882
518		0.970882
518.1		0.973764
518.2		0.973764
518.3		0.973764
518.4		0.973764
518.5		0.973764
518.6		0.973764
518.7		0.973764
518.8		0.973764
518.9		0.973764
519		0.973764
519.1		0.974944
519.2		0.974944
519.3		0.974944
519.4		0.974944
519.5		0.974944
519.6		0.974944
519.7		0.974944
519.8		0.974944
519.9		0.974944
520		0.974944
520.1		0.975557
520.2		0.975557
520.3		0.975557
520.4		0.975557
520.5		0.975557
520.6		0.975557
520.7		0.975557
520.8		0.975557
520.9		0.975557
521		0.975557
521.1		0.9776
521.2		0.9776
521.3		0.9776
521.4		0.9776
521.5		0.9776
521.6		0.9776
521.7		0.9776
521.8		0.9776
521.9		0.9776
522		0.9776
522.1		0.982457
522.2		0.982457
522.3		0.982457
522.4		0.982457
522.5		0.982457
522.6		0.982457
522.7		0.982457
522.8		0.982457
522.9		0.982457
523		0.982457
523.1		0.983977
523.2		0.983977
523.3		0.983977
523.4		0.983977
523.5		0.983977
523.6		0.983977
523.7		0.983977
523.8		0.983977
523.9		0.983977
524		0.983977
524.1		0.985679
524.2		0.985679
524.3		0.985679
524.4		0.985679
524.5		0.985679
524.6		0.985679
524.7		0.985679
524.8		0.985679
524.9		0.985679
525		0.985679
525.1		0.987132
525.2		0.987132
525.3		0.987132
525.4		0.987132
525.5		0.987132
525.6		0.987132
525.7		0.987132
525.8		0.987132
525.9		0.987132
526		0.987132
526.1		0.988766
526.2		0.988766
526.3		0.988766
526.4		0.988766
526.5		0.988766
526.6		0.988766
526.7		0.988766
526.8		0.988766
526.9		0.988766
527		0.988766
527.1		0.991716
527.2		0.991716
527.3		0.991716
527.4		0.991716
527.5		0.991716
527.6		0.991716
527.7		0.991716
527.8		0.991716
527.9		0.991716
528		0.991716
528.1		0.992034
528.2		0.992034
528.3		0.992034
528.4		0.992034
528.5		0.992034
528.6		0.992034
528.7		0.992034
528.8		0.992034
528.9		0.992034
529		0.992034
529.1		0.996913
529.2		0.996913
529.3		0.996913
529.4		0.996913
529.5		0.996913
529.6		0.996913
529.7		0.996913
529.8		0.996913
529.9		0.996913
530		0.996913
530.1		0.999841
530.2		0.999841
530.3		0.999841
530.4		0.999841
530.5		0.999841
530.6		0.999841
530.7		0.999841
530.8		0.999841
530.9		0.999841
531		0.999841
531.1		1
531.2		1
531.3		1
531.4		1
531.5		1
531.6		1
531.7		1
531.8		1
531.9		1
532		1
532.1		1
532.2		1
532.3		1
532.4		1
532.5		1
532.6		1
532.7		1
532.8		1
532.9		1
533		1
533.1		1
533.2		1
533.3		1
533.4		1
533.5		1
533.6		1
533.7		1
533.8		1
533.9		1
534		1
534.1		1
534.2		1
534.3		1
534.4		1
534.5		1
534.6		1
534.7		1
534.8		1
534.9		1
535		1
535.1		1
535.2		1
535.3		1
535.4		1
535.5		1
535.6		1
535.7		1
535.8		1
535.9		1
536		1
536.1		1
536.2		1
536.3		1
536.4		1
536.5		1
536.6		1
536.7		1
536.8		1
536.9		1
537		1
537.1		1
537.2		1
537.3		1
537.4		1
537.5		1
537.6		1
537.7		1
537.8		1
537.9		1
538		1
538.1		1
538.2		1
538.3		1
538.4		1
538.5		1
538.6		1
538.7		1
538.8		1
538.9		1
539		1
539.1		1
539.2		1
539.3		1
539.4		1
539.5		1
539.6		1
539.7		1
539.8		1
539.9		1
540		1
540.1		1
540.2		1
540.3		1
540.4		1
540.5		1
540.6		1
540.7		1
540.8		1
540.9		1
541		1
541.1		1
541.2		1
541.3		1
541.4		1
541.5		1
541.6		1
541.7		1
541.8		1
541.9		1
542		1
542.1		1
542.2		1
542.3		1
542.4		1
542.5		1
542.6		1
542.7		1
542.8		1
542.9		1
543		1
543.1		1
543.2		1
543.3		1
543.4		1
543.5		1
543.6		1
543.7		1
543.8		1
543.9		1
544		1
544.1		1
544.2		1
544.3		1
544.4		1
544.5		1
544.6		1
544.7		1
544.8		1
544.9		1
545		1
545.1		1
545.2		1
545.3		1
545.4		1
545.5		1
545.6		1
545.7		1
545.8		1
545.9		1
546		1
546.1		1
546.2		1
546.3		1
546.4		1
546.5		1
546.6		1
546.7		1
546.8		1
546.9		1
547		1
547.1		1
547.2		1
547.3		1
547.4		1
547.5		1
547.6		1
547.7		1
547.8		1
547.9		1
548		1
548.1		1
548.2		1
548.3		1
548.4		1
548.5		1
548.6		1
548.7		1
548.8		1
548.9		1
549		1
549.1		1
549.2		1
549.3		1
549.4		1
549.5		1
549.6		1
549.7		1
549.8		1
549.9		1
550		1
550.1		1
550.2		1
550.3		1
550.4		1
550.5		1
550.6		1
550.7		1
550.8		1
550.9		1
551		1
551.1		1
551.2		1
551.3		1
551.4		1
551.5		1
551.6		1
551.7		1
551.8		1
551.9		1
552		1
552.1		1
552.2		1
552.3		1
552.4		1
552.5		1
552.6		1
552.7		1
552.8		1
552.9		1
553		1
553.1		1
553.2		1
553.3		1
553.4		1
553.5		1
553.6		1
553.7		1
553.8		1
553.9		1
554		1
554.1		1
554.2		1
554.3		1
554.4		1
554.5		1
554.6		1
554.7		1
554.8		1
554.9		1
555		1
555.1		1
555.2		1
555.3		1
555.4		1
555.5		1
555.6		1
555.7		1
555.8		1
555.9		1
556		1
556.1		1
556.2		1
556.3		1
556.4		1
556.5		1
556.6		1
556.7		1
556.8		1
556.9		1
557		1
557.1		1
557.2		1
557.3		1
557.4		1
557.5		1
557.6		1
557.7		1
557.8		1
557.9		1
558		1
558.1		1
558.2		1
558.3		1
558.4		1
558.5		1
558.6		1
558.7		1
558.8		1
558.9		1
559		1
559.1		1
559.2		1
559.3		1
559.4		1
559.5		1
559.6		1
559.7		1
559.8		1
559.9		1
560		1
560.1		1
560.2		1
560.3		1
560.4		1
560.5		1
560.6		1
560.7		1
560.8		1
560.9		1
561		1
561.1		1
561.2		1
561.3		1
561.4		1
561.5		1
561.6		1
561.7		1
561.8		1
561.9		1
562		1
562.1		1
562.2		1
562.3		1
562.4		1
562.5		1
562.6		1
562.7		1
562.8		1
562.9		1
563		1
563.1		1
563.2		1
563.3		1
563.4		1
563.5		1
563.6		1
563.7		1
563.8		1
563.9		1
564		1
564.1		1
564.2		1
564.3		1
564.4		1
564.5		1
564.6		1
564.7		1
564.8		1
564.9		1
565		1
565.1		1
565.2		1
565.3		1
565.4		1
565.5		1
565.6		1
565.7		1
565.8		1
565.9		1
566		1
566.1		1
566.2		1
566.3		1
566.4		1
566.5		1
566.6		1
566.7		1
566.8		1
566.9		1
567		1
567.1		1
567.2		1
567.3		1
567.4		1
567.5		1
567.6		1
567.7		1
567.8		1
567.9		1
568		1
568.1		1
568.2		1
568.3		1
568.4		1
568.5		1
568.6		1
568.7		1
568.8		1
568.9		1
569		1
569.1		1
569.2		1
569.3		1
569.4		1
569.5		1
569.6		1
569.7		1
569.8		1
569.9		1
570		1
570.1		1
570.2		1
570.3		1
570.4		1
570.5		1
570.6		1
570.7		1
570.8		1
570.9		1
571		1
571.1		1
571.2		1
571.3		1
571.4		1
571.5		1
571.6		1
571.7		1
571.8		1
571.9		1
572		1
572.1		1
572.2		1
572.3		1
572.4		1
572.5		1
572.6		1
572.7		1
572.8		1
572.9		1
573		1
573.1		1
573.2		1
573.3		1
573.4		1
573.5		1
573.6		1
573.7		1
573.8		1
573.9		1
574		1
574.1		1
574.2		1
574.3		1
574.4		1
574.5		1
574.6		1
574.7		1
574.8		1
574.9		1
575		1
575.1		1
575.2		1
575.3		1
575.4		1
575.5		1
575.6		1
575.7		1
575.8		1
575.9		1
576		1
576.1		1
576.2		1
576.3		1
576.4		1
576.5		1
576.6		1
576.7		1
576.8		1
576.9		1
577		1
577.1		1
577.2		1
577.3		1
577.4		1
577.5		1
577.6		1
577.7		1
577.8		1
577.9		1
578		1
578.1		1
578.2		1
578.3		1
578.4		1
578.5		1
578.6		1
578.7		1
578.8		1
578.9		1
579		1
579.1		1
579.2		1
579.3		1
579.4		1
579.5		1
579.6		1
579.7		1
579.8		1
579.9		1
580		1
580.1		1
580.2		1
580.3		1
580.4		1
580.5		1
580.6		1
580.7		1
580.8		1
580.9		1
581		1
581.1		1
581.2		1
581.3		1
581.4		1
581.5		1
581.6		1
581.7		1
581.8		1
581.9		1
582		1
582.1		1
582.2		1
582.3		1
582.4		1
582.5		1
582.6		1
582.7		1
582.8		1
582.9		1
583		1
583.1		1
583.2		1
583.3		1
583.4		1
583.5		1
583.6		1
583.7		1
583.8		1
583.9		1
584		1
584.1		1
584.2		1
584.3		1
584.4		1
584.5		1
584.6		1
584.7		1
584.8		1
584.9		1
585		1
585.1		1
585.2		1
585.3		1
585.4		1
585.5		1
585.6		1
585.7		1
585.8		1
585.9		1
586		1
586.1		1
586.2		1
586.3		1
586.4		1
586.5		1
586.6		1
586.7		1
586.8		1
586.9		1
587		1
587.1		1
587.2		1
587.3		1
587.4		1
587.5		1
587.6		1
587.7		1
587.8		1
587.9		1
588		1
588.1		1
588.2		1
588.3		1
588.4		1
588.5		1
588.6		1
588.7		1
588.8		1
588.9		1
589		1
589.1		1
589.2		1
589.3		1
589.4		1
589.5		1
589.6		1
589.7		1
589.8		1
589.9		1
590		1
590.1		1
590.2		1
590.3		1
590.4		1
590.5		1
590.6		1
590.7		1
590.8		1
590.9		1
591		1
591.1		1
591.2		1
591.3		1
591.4		1
591.5		1
591.6		1
591.7		1
591.8		1
591.9		1
592		1
592.1		1
592.2		1
592.3		1
592.4		1
592.5		1
592.6		1
592.7		1
592.8		1
592.9		1
593		1
593.1		1
593.2		1
593.3		1
593.4		1
593.5		1
593.6		1
593.7		1
593.8		1
593.9		1
594		1
594.1		1
594.2		1
594.3		1
594.4		1
594.5		1
594.6		1
594.7		1
594.8		1
594.9		1
595		1
595.1		1
595.2		1
595.3		1
595.4		1
595.5		1
595.6		1
595.7		1
595.8		1
595.9		1
596		1
596.1		1
596.2		1
596.3		1
596.4		1
596.5		1
596.6		1
596.7		1
596.8		1
596.9		1
597		1
597.1		1
597.2		1
597.3		1
597.4		1
597.5		1
597.6		1
597.7		1
597.8		1
597.9		1
598		1
598.1		1
598.2		1
598.3		1
598.4		1
598.5		1
598.6		1
598.7		1
598.8		1
598.9		1
599		1
599.1		1
599.2		1
599.3		1
599.4		1
599.5		1
599.6		1
599.7		1
599.8		1
599.9		1
600		1
