# Calibration file of tamex_id 0 @ channel 57
# fine_T bin		 Calibration value
0.1		0
0.2		0
0.3		0
0.4		0
0.5		0
0.6		0
0.7		0
0.8		0
0.9		0
1		0
1.1		0
1.2		0
1.3		0
1.4		0
1.5		0
1.6		0
1.7		0
1.8		0
1.9		0
2		0
2.1		0
2.2		0
2.3		0
2.4		0
2.5		0
2.6		0
2.7		0
2.8		0
2.9		0
3		0
3.1		0
3.2		0
3.3		0
3.4		0
3.5		0
3.6		0
3.7		0
3.8		0
3.9		0
4		0
4.1		0
4.2		0
4.3		0
4.4		0
4.5		0
4.6		0
4.7		0
4.8		0
4.9		0
5		0
5.1		0
5.2		0
5.3		0
5.4		0
5.5		0
5.6		0
5.7		0
5.8		0
5.9		0
6		0
6.1		0
6.2		0
6.3		0
6.4		0
6.5		0
6.6		0
6.7		0
6.8		0
6.9		0
7		0
7.1		0
7.2		0
7.3		0
7.4		0
7.5		0
7.6		0
7.7		0
7.8		0
7.9		0
8		0
8.1		0
8.2		0
8.3		0
8.4		0
8.5		0
8.6		0
8.7		0
8.8		0
8.9		0
9		0
9.1		0
9.2		0
9.3		0
9.4		0
9.5		0
9.6		0
9.7		0
9.8		0
9.9		0
10		0
10.1		0
10.2		0
10.3		0
10.4		0
10.5		0
10.6		0
10.7		0
10.8		0
10.9		0
11		0
11.1		0
11.2		0
11.3		0
11.4		0
11.5		0
11.6		0
11.7		0
11.8		0
11.9		0
12		0
12.1		0
12.2		0
12.3		0
12.4		0
12.5		0
12.6		0
12.7		0
12.8		0
12.9		0
13		0
13.1		0
13.2		0
13.3		0
13.4		0
13.5		0
13.6		0
13.7		0
13.8		0
13.9		0
14		0
14.1		0
14.2		0
14.3		0
14.4		0
14.5		0
14.6		0
14.7		0
14.8		0
14.9		0
15		0
15.1		0
15.2		0
15.3		0
15.4		0
15.5		0
15.6		0
15.7		0
15.8		0
15.9		0
16		0
16.1		0.00511977
16.2		0.00511977
16.3		0.00511977
16.4		0.00511977
16.5		0.00511977
16.6		0.00511977
16.7		0.00511977
16.8		0.00511977
16.9		0.00511977
17		0.00511977
17.1		0.00865129
17.2		0.00865129
17.3		0.00865129
17.4		0.00865129
17.5		0.00865129
17.6		0.00865129
17.7		0.00865129
17.8		0.00865129
17.9		0.00865129
18		0.00865129
18.1		0.0111364
18.2		0.0111364
18.3		0.0111364
18.4		0.0111364
18.5		0.0111364
18.6		0.0111364
18.7		0.0111364
18.8		0.0111364
18.9		0.0111364
19		0.0111364
19.1		0.0112859
19.2		0.0112859
19.3		0.0112859
19.4		0.0112859
19.5		0.0112859
19.6		0.0112859
19.7		0.0112859
19.8		0.0112859
19.9		0.0112859
20		0.0112859
20.1		0.020423
20.2		0.020423
20.3		0.020423
20.4		0.020423
20.5		0.020423
20.6		0.020423
20.7		0.020423
20.8		0.020423
20.9		0.020423
21		0.020423
21.1		0.0211144
21.2		0.0211144
21.3		0.0211144
21.4		0.0211144
21.5		0.0211144
21.6		0.0211144
21.7		0.0211144
21.8		0.0211144
21.9		0.0211144
22		0.0211144
22.1		0.0215068
22.2		0.0215068
22.3		0.0215068
22.4		0.0215068
22.5		0.0215068
22.6		0.0215068
22.7		0.0215068
22.8		0.0215068
22.9		0.0215068
23		0.0215068
23.1		0.0218618
23.2		0.0218618
23.3		0.0218618
23.4		0.0218618
23.5		0.0218618
23.6		0.0218618
23.7		0.0218618
23.8		0.0218618
23.9		0.0218618
24		0.0218618
24.1		0.0279158
24.2		0.0279158
24.3		0.0279158
24.4		0.0279158
24.5		0.0279158
24.6		0.0279158
24.7		0.0279158
24.8		0.0279158
24.9		0.0279158
25		0.0279158
25.1		0.0299339
25.2		0.0299339
25.3		0.0299339
25.4		0.0299339
25.5		0.0299339
25.6		0.0299339
25.7		0.0299339
25.8		0.0299339
25.9		0.0299339
26		0.0299339
26.1		0.0303076
26.2		0.0303076
26.3		0.0303076
26.4		0.0303076
26.5		0.0303076
26.6		0.0303076
26.7		0.0303076
26.8		0.0303076
26.9		0.0303076
27		0.0303076
27.1		0.0314847
27.2		0.0314847
27.3		0.0314847
27.4		0.0314847
27.5		0.0314847
27.6		0.0314847
27.7		0.0314847
27.8		0.0314847
27.9		0.0314847
28		0.0314847
28.1		0.03539
28.2		0.03539
28.3		0.03539
28.4		0.03539
28.5		0.03539
28.6		0.03539
28.7		0.03539
28.8		0.03539
28.9		0.03539
29		0.03539
29.1		0.0362308
29.2		0.0362308
29.3		0.0362308
29.4		0.0362308
29.5		0.0362308
29.6		0.0362308
29.7		0.0362308
29.8		0.0362308
29.9		0.0362308
30		0.0362308
30.1		0.0398371
30.2		0.0398371
30.3		0.0398371
30.4		0.0398371
30.5		0.0398371
30.6		0.0398371
30.7		0.0398371
30.8		0.0398371
30.9		0.0398371
31		0.0398371
31.1		0.0403603
31.2		0.0403603
31.3		0.0403603
31.4		0.0403603
31.5		0.0403603
31.6		0.0403603
31.7		0.0403603
31.8		0.0403603
31.9		0.0403603
32		0.0403603
32.1		0.0428828
32.2		0.0428828
32.3		0.0428828
32.4		0.0428828
32.5		0.0428828
32.6		0.0428828
32.7		0.0428828
32.8		0.0428828
32.9		0.0428828
33		0.0428828
33.1		0.0448447
33.2		0.0448447
33.3		0.0448447
33.4		0.0448447
33.5		0.0448447
33.6		0.0448447
33.7		0.0448447
33.8		0.0448447
33.9		0.0448447
34		0.0448447
34.1		0.0452745
34.2		0.0452745
34.3		0.0452745
34.4		0.0452745
34.5		0.0452745
34.6		0.0452745
34.7		0.0452745
34.8		0.0452745
34.9		0.0452745
35		0.0452745
35.1		0.0467319
35.2		0.0467319
35.3		0.0467319
35.4		0.0467319
35.5		0.0467319
35.6		0.0467319
35.7		0.0467319
35.8		0.0467319
35.9		0.0467319
36		0.0467319
36.1		0.0530849
36.2		0.0530849
36.3		0.0530849
36.4		0.0530849
36.5		0.0530849
36.6		0.0530849
36.7		0.0530849
36.8		0.0530849
36.9		0.0530849
37		0.0530849
37.1		0.0533652
37.2		0.0533652
37.3		0.0533652
37.4		0.0533652
37.5		0.0533652
37.6		0.0533652
37.7		0.0533652
37.8		0.0533652
37.9		0.0533652
38		0.0533652
38.1		0.0540753
38.2		0.0540753
38.3		0.0540753
38.4		0.0540753
38.5		0.0540753
38.6		0.0540753
38.7		0.0540753
38.8		0.0540753
38.9		0.0540753
39		0.0540753
39.1		0.0582047
39.2		0.0582047
39.3		0.0582047
39.4		0.0582047
39.5		0.0582047
39.6		0.0582047
39.7		0.0582047
39.8		0.0582047
39.9		0.0582047
40		0.0582047
40.1		0.0600172
40.2		0.0600172
40.3		0.0600172
40.4		0.0600172
40.5		0.0600172
40.6		0.0600172
40.7		0.0600172
40.8		0.0600172
40.9		0.0600172
41		0.0600172
41.1		0.0633245
41.2		0.0633245
41.3		0.0633245
41.4		0.0633245
41.5		0.0633245
41.6		0.0633245
41.7		0.0633245
41.8		0.0633245
41.9		0.0633245
42		0.0633245
42.1		0.064483
42.2		0.064483
42.3		0.064483
42.4		0.064483
42.5		0.064483
42.6		0.064483
42.7		0.064483
42.8		0.064483
42.9		0.064483
43		0.064483
43.1		0.0646138
43.2		0.0646138
43.3		0.0646138
43.4		0.0646138
43.5		0.0646138
43.6		0.0646138
43.7		0.0646138
43.8		0.0646138
43.9		0.0646138
44		0.0646138
44.1		0.0680332
44.2		0.0680332
44.3		0.0680332
44.4		0.0680332
44.5		0.0680332
44.6		0.0680332
44.7		0.0680332
44.8		0.0680332
44.9		0.0680332
45		0.0680332
45.1		0.0704249
45.2		0.0704249
45.3		0.0704249
45.4		0.0704249
45.5		0.0704249
45.6		0.0704249
45.7		0.0704249
45.8		0.0704249
45.9		0.0704249
46		0.0704249
46.1		0.0736388
46.2		0.0736388
46.3		0.0736388
46.4		0.0736388
46.5		0.0736388
46.6		0.0736388
46.7		0.0736388
46.8		0.0736388
46.9		0.0736388
47		0.0736388
47.1		0.0752083
47.2		0.0752083
47.3		0.0752083
47.4		0.0752083
47.5		0.0752083
47.6		0.0752083
47.7		0.0752083
47.8		0.0752083
47.9		0.0752083
48		0.0752083
48.1		0.0754699
48.2		0.0754699
48.3		0.0754699
48.4		0.0754699
48.5		0.0754699
48.6		0.0754699
48.7		0.0754699
48.8		0.0754699
48.9		0.0754699
49		0.0754699
49.1		0.0766097
49.2		0.0766097
49.3		0.0766097
49.4		0.0766097
49.5		0.0766097
49.6		0.0766097
49.7		0.0766097
49.8		0.0766097
49.9		0.0766097
50		0.0766097
50.1		0.0800478
50.2		0.0800478
50.3		0.0800478
50.4		0.0800478
50.5		0.0800478
50.6		0.0800478
50.7		0.0800478
50.8		0.0800478
50.9		0.0800478
51		0.0800478
51.1		0.0821406
51.2		0.0821406
51.3		0.0821406
51.4		0.0821406
51.5		0.0821406
51.6		0.0821406
51.7		0.0821406
51.8		0.0821406
51.9		0.0821406
52		0.0821406
52.1		0.0853918
52.2		0.0853918
52.3		0.0853918
52.4		0.0853918
52.5		0.0853918
52.6		0.0853918
52.7		0.0853918
52.8		0.0853918
52.9		0.0853918
53		0.0853918
53.1		0.0856347
53.2		0.0856347
53.3		0.0856347
53.4		0.0856347
53.5		0.0856347
53.6		0.0856347
53.7		0.0856347
53.8		0.0856347
53.9		0.0856347
54		0.0856347
54.1		0.089241
54.2		0.089241
54.3		0.089241
54.4		0.089241
54.5		0.089241
54.6		0.089241
54.7		0.089241
54.8		0.089241
54.9		0.089241
55		0.089241
55.1		0.0917075
55.2		0.0917075
55.3		0.0917075
55.4		0.0917075
55.5		0.0917075
55.6		0.0917075
55.7		0.0917075
55.8		0.0917075
55.9		0.0917075
56		0.0917075
56.1		0.0918569
56.2		0.0918569
56.3		0.0918569
56.4		0.0918569
56.5		0.0918569
56.6		0.0918569
56.7		0.0918569
56.8		0.0918569
56.9		0.0918569
57		0.0918569
57.1		0.0922867
57.2		0.0922867
57.3		0.0922867
57.4		0.0922867
57.5		0.0922867
57.6		0.0922867
57.7		0.0922867
57.8		0.0922867
57.9		0.0922867
58		0.0922867
58.1		0.098621
58.2		0.098621
58.3		0.098621
58.4		0.098621
58.5		0.098621
58.6		0.098621
58.7		0.098621
58.8		0.098621
58.9		0.098621
59		0.098621
59.1		0.0999851
59.2		0.0999851
59.3		0.0999851
59.4		0.0999851
59.5		0.0999851
59.6		0.0999851
59.7		0.0999851
59.8		0.0999851
59.9		0.0999851
60		0.0999851
60.1		0.100247
60.2		0.100247
60.3		0.100247
60.4		0.100247
60.5		0.100247
60.6		0.100247
60.7		0.100247
60.8		0.100247
60.9		0.100247
61		0.100247
61.1		0.102209
61.2		0.102209
61.3		0.102209
61.4		0.102209
61.5		0.102209
61.6		0.102209
61.7		0.102209
61.8		0.102209
61.9		0.102209
62		0.102209
62.1		0.106768
62.2		0.106768
62.3		0.106768
62.4		0.106768
62.5		0.106768
62.6		0.106768
62.7		0.106768
62.8		0.106768
62.9		0.106768
63		0.106768
63.1		0.108524
63.2		0.108524
63.3		0.108524
63.4		0.108524
63.5		0.108524
63.6		0.108524
63.7		0.108524
63.8		0.108524
63.9		0.108524
64		0.108524
64.1		0.109907
64.2		0.109907
64.3		0.109907
64.4		0.109907
64.5		0.109907
64.6		0.109907
64.7		0.109907
64.8		0.109907
64.9		0.109907
65		0.109907
65.1		0.111477
65.2		0.111477
65.3		0.111477
65.4		0.111477
65.5		0.111477
65.6		0.111477
65.7		0.111477
65.8		0.111477
65.9		0.111477
66		0.111477
66.1		0.115214
66.2		0.115214
66.3		0.115214
66.4		0.115214
66.5		0.115214
66.6		0.115214
66.7		0.115214
66.8		0.115214
66.9		0.115214
67		0.115214
67.1		0.116241
67.2		0.116241
67.3		0.116241
67.4		0.116241
67.5		0.116241
67.6		0.116241
67.7		0.116241
67.8		0.116241
67.9		0.116241
68		0.116241
68.1		0.117362
68.2		0.117362
68.3		0.117362
68.4		0.117362
68.5		0.117362
68.6		0.117362
68.7		0.117362
68.8		0.117362
68.9		0.117362
69		0.117362
69.1		0.117643
69.2		0.117643
69.3		0.117643
69.4		0.117643
69.5		0.117643
69.6		0.117643
69.7		0.117643
69.8		0.117643
69.9		0.117643
70		0.117643
70.1		0.124313
70.2		0.124313
70.3		0.124313
70.4		0.124313
70.5		0.124313
70.6		0.124313
70.7		0.124313
70.8		0.124313
70.9		0.124313
71		0.124313
71.1		0.12549
71.2		0.12549
71.3		0.12549
71.4		0.12549
71.5		0.12549
71.6		0.12549
71.7		0.12549
71.8		0.12549
71.9		0.12549
72		0.12549
72.1		0.125621
72.2		0.125621
72.3		0.125621
72.4		0.125621
72.5		0.125621
72.6		0.125621
72.7		0.125621
72.8		0.125621
72.9		0.125621
73		0.125621
73.1		0.129601
73.2		0.129601
73.3		0.129601
73.4		0.129601
73.5		0.129601
73.6		0.129601
73.7		0.129601
73.8		0.129601
73.9		0.129601
74		0.129601
74.1		0.133077
74.2		0.133077
74.3		0.133077
74.4		0.133077
74.5		0.133077
74.6		0.133077
74.7		0.133077
74.8		0.133077
74.9		0.133077
75		0.133077
75.1		0.133563
75.2		0.133563
75.3		0.133563
75.4		0.133563
75.5		0.133563
75.6		0.133563
75.7		0.133563
75.8		0.133563
75.9		0.133563
76		0.133563
76.1		0.134403
76.2		0.134403
76.3		0.134403
76.4		0.134403
76.5		0.134403
76.6		0.134403
76.7		0.134403
76.8		0.134403
76.9		0.134403
77		0.134403
77.1		0.13829
77.2		0.13829
77.3		0.13829
77.4		0.13829
77.5		0.13829
77.6		0.13829
77.7		0.13829
77.8		0.13829
77.9		0.13829
78		0.13829
78.1		0.138757
78.2		0.138757
78.3		0.138757
78.4		0.138757
78.5		0.138757
78.6		0.138757
78.7		0.138757
78.8		0.138757
78.9		0.138757
79		0.138757
79.1		0.144269
79.2		0.144269
79.3		0.144269
79.4		0.144269
79.5		0.144269
79.6		0.144269
79.7		0.144269
79.8		0.144269
79.9		0.144269
80		0.144269
80.1		0.144568
80.2		0.144568
80.3		0.144568
80.4		0.144568
80.5		0.144568
80.6		0.144568
80.7		0.144568
80.8		0.144568
80.9		0.144568
81		0.144568
81.1		0.145559
81.2		0.145559
81.3		0.145559
81.4		0.145559
81.5		0.145559
81.6		0.145559
81.7		0.145559
81.8		0.145559
81.9		0.145559
82		0.145559
82.1		0.147053
82.2		0.147053
82.3		0.147053
82.4		0.147053
82.5		0.147053
82.6		0.147053
82.7		0.147053
82.8		0.147053
82.9		0.147053
83		0.147053
83.1		0.150641
83.2		0.150641
83.3		0.150641
83.4		0.150641
83.5		0.150641
83.6		0.150641
83.7		0.150641
83.8		0.150641
83.9		0.150641
84		0.150641
84.1		0.154378
84.2		0.154378
84.3		0.154378
84.4		0.154378
84.5		0.154378
84.6		0.154378
84.7		0.154378
84.8		0.154378
84.9		0.154378
85		0.154378
85.1		0.154808
85.2		0.154808
85.3		0.154808
85.4		0.154808
85.5		0.154808
85.6		0.154808
85.7		0.154808
85.8		0.154808
85.9		0.154808
86		0.154808
86.1		0.1552
86.2		0.1552
86.3		0.1552
86.4		0.1552
86.5		0.1552
86.6		0.1552
86.7		0.1552
86.8		0.1552
86.9		0.1552
87		0.1552
87.1		0.158358
87.2		0.158358
87.3		0.158358
87.4		0.158358
87.5		0.158358
87.6		0.158358
87.7		0.158358
87.8		0.158358
87.9		0.158358
88		0.158358
88.1		0.16159
88.2		0.16159
88.3		0.16159
88.4		0.16159
88.5		0.16159
88.6		0.16159
88.7		0.16159
88.8		0.16159
88.9		0.16159
89		0.16159
89.1		0.162244
89.2		0.162244
89.3		0.162244
89.4		0.162244
89.5		0.162244
89.6		0.162244
89.7		0.162244
89.8		0.162244
89.9		0.162244
90		0.162244
90.1		0.163665
90.2		0.163665
90.3		0.163665
90.4		0.163665
90.5		0.163665
90.6		0.163665
90.7		0.163665
90.8		0.163665
90.9		0.163665
91		0.163665
91.1		0.164916
91.2		0.164916
91.3		0.164916
91.4		0.164916
91.5		0.164916
91.6		0.164916
91.7		0.164916
91.8		0.164916
91.9		0.164916
92		0.164916
92.1		0.170877
92.2		0.170877
92.3		0.170877
92.4		0.170877
92.5		0.170877
92.6		0.170877
92.7		0.170877
92.8		0.170877
92.9		0.170877
93		0.170877
93.1		0.17155
93.2		0.17155
93.3		0.17155
93.4		0.17155
93.5		0.17155
93.6		0.17155
93.7		0.17155
93.8		0.17155
93.9		0.17155
94		0.17155
94.1		0.172727
94.2		0.172727
94.3		0.172727
94.4		0.172727
94.5		0.172727
94.6		0.172727
94.7		0.172727
94.8		0.172727
94.9		0.172727
95		0.172727
95.1		0.173512
95.2		0.173512
95.3		0.173512
95.4		0.173512
95.5		0.173512
95.6		0.173512
95.7		0.173512
95.8		0.173512
95.9		0.173512
96		0.173512
96.1		0.178631
96.2		0.178631
96.3		0.178631
96.4		0.178631
96.5		0.178631
96.6		0.178631
96.7		0.178631
96.8		0.178631
96.9		0.178631
97		0.178631
97.1		0.182256
97.2		0.182256
97.3		0.182256
97.4		0.182256
97.5		0.182256
97.6		0.182256
97.7		0.182256
97.8		0.182256
97.9		0.182256
98		0.182256
98.1		0.182369
98.2		0.182369
98.3		0.182369
98.4		0.182369
98.5		0.182369
98.6		0.182369
98.7		0.182369
98.8		0.182369
98.9		0.182369
99		0.182369
99.1		0.182649
99.2		0.182649
99.3		0.182649
99.4		0.182649
99.5		0.182649
99.6		0.182649
99.7		0.182649
99.8		0.182649
99.9		0.182649
100		0.182649
100.1		0.187806
100.2		0.187806
100.3		0.187806
100.4		0.187806
100.5		0.187806
100.6		0.187806
100.7		0.187806
100.8		0.187806
100.9		0.187806
101		0.187806
101.1		0.189282
101.2		0.189282
101.3		0.189282
101.4		0.189282
101.5		0.189282
101.6		0.189282
101.7		0.189282
101.8		0.189282
101.9		0.189282
102		0.189282
102.1		0.191095
102.2		0.191095
102.3		0.191095
102.4		0.191095
102.5		0.191095
102.6		0.191095
102.7		0.191095
102.8		0.191095
102.9		0.191095
103		0.191095
103.1		0.194439
103.2		0.194439
103.3		0.194439
103.4		0.194439
103.5		0.194439
103.6		0.194439
103.7		0.194439
103.8		0.194439
103.9		0.194439
104		0.194439
104.1		0.195299
104.2		0.195299
104.3		0.195299
104.4		0.195299
104.5		0.195299
104.6		0.195299
104.7		0.195299
104.8		0.195299
104.9		0.195299
105		0.195299
105.1		0.196457
105.2		0.196457
105.3		0.196457
105.4		0.196457
105.5		0.196457
105.6		0.196457
105.7		0.196457
105.8		0.196457
105.9		0.196457
106		0.196457
106.1		0.196681
106.2		0.196681
106.3		0.196681
106.4		0.196681
106.5		0.196681
106.6		0.196681
106.7		0.196681
106.8		0.196681
106.9		0.196681
107		0.196681
107.1		0.201073
107.2		0.201073
107.3		0.201073
107.4		0.201073
107.5		0.201073
107.6		0.201073
107.7		0.201073
107.8		0.201073
107.9		0.201073
108		0.201073
108.1		0.201465
108.2		0.201465
108.3		0.201465
108.4		0.201465
108.5		0.201465
108.6		0.201465
108.7		0.201465
108.8		0.201465
108.9		0.201465
109		0.201465
109.1		0.20608
109.2		0.20608
109.3		0.20608
109.4		0.20608
109.5		0.20608
109.6		0.20608
109.7		0.20608
109.8		0.20608
109.9		0.20608
110		0.20608
110.1		0.208192
110.2		0.208192
110.3		0.208192
110.4		0.208192
110.5		0.208192
110.6		0.208192
110.7		0.208192
110.8		0.208192
110.9		0.208192
111		0.208192
111.1		0.209313
111.2		0.209313
111.3		0.209313
111.4		0.209313
111.5		0.209313
111.6		0.209313
111.7		0.209313
111.8		0.209313
111.9		0.209313
112		0.209313
112.1		0.209462
112.2		0.209462
112.3		0.209462
112.4		0.209462
112.5		0.209462
112.6		0.209462
112.7		0.209462
112.8		0.209462
112.9		0.209462
113		0.209462
113.1		0.212134
113.2		0.212134
113.3		0.212134
113.4		0.212134
113.5		0.212134
113.6		0.212134
113.7		0.212134
113.8		0.212134
113.9		0.212134
114		0.212134
114.1		0.217123
114.2		0.217123
114.3		0.217123
114.4		0.217123
114.5		0.217123
114.6		0.217123
114.7		0.217123
114.8		0.217123
114.9		0.217123
115		0.217123
115.1		0.218805
115.2		0.218805
115.3		0.218805
115.4		0.218805
115.5		0.218805
115.6		0.218805
115.7		0.218805
115.8		0.218805
115.9		0.218805
116		0.218805
116.1		0.220075
116.2		0.220075
116.3		0.220075
116.4		0.220075
116.5		0.220075
116.6		0.220075
116.7		0.220075
116.8		0.220075
116.9		0.220075
117		0.220075
117.1		0.2203
117.2		0.2203
117.3		0.2203
117.4		0.2203
117.5		0.2203
117.6		0.2203
117.7		0.2203
117.8		0.2203
117.9		0.2203
118		0.2203
118.1		0.223943
118.2		0.223943
118.3		0.223943
118.4		0.223943
118.5		0.223943
118.6		0.223943
118.7		0.223943
118.8		0.223943
118.9		0.223943
119		0.223943
119.1		0.225924
119.2		0.225924
119.3		0.225924
119.4		0.225924
119.5		0.225924
119.6		0.225924
119.7		0.225924
119.8		0.225924
119.9		0.225924
120		0.225924
120.1		0.22697
120.2		0.22697
120.3		0.22697
120.4		0.22697
120.5		0.22697
120.6		0.22697
120.7		0.22697
120.8		0.22697
120.9		0.22697
121		0.22697
121.1		0.232464
121.2		0.232464
121.3		0.232464
121.4		0.232464
121.5		0.232464
121.6		0.232464
121.7		0.232464
121.8		0.232464
121.9		0.232464
122		0.232464
122.1		0.234669
122.2		0.234669
122.3		0.234669
122.4		0.234669
122.5		0.234669
122.6		0.234669
122.7		0.234669
122.8		0.234669
122.9		0.234669
123		0.234669
123.1		0.235678
123.2		0.235678
123.3		0.235678
123.4		0.235678
123.5		0.235678
123.6		0.235678
123.7		0.235678
123.8		0.235678
123.9		0.235678
124		0.235678
124.1		0.237434
124.2		0.237434
124.3		0.237434
124.4		0.237434
124.5		0.237434
124.6		0.237434
124.7		0.237434
124.8		0.237434
124.9		0.237434
125		0.237434
125.1		0.23777
125.2		0.23777
125.3		0.23777
125.4		0.23777
125.5		0.23777
125.6		0.23777
125.7		0.23777
125.8		0.23777
125.9		0.23777
126		0.23777
126.1		0.24175
126.2		0.24175
126.3		0.24175
126.4		0.24175
126.5		0.24175
126.6		0.24175
126.7		0.24175
126.8		0.24175
126.9		0.24175
127		0.24175
127.1		0.243283
127.2		0.243283
127.3		0.243283
127.4		0.243283
127.5		0.243283
127.6		0.243283
127.7		0.243283
127.8		0.243283
127.9		0.243283
128		0.243283
128.1		0.244647
128.2		0.244647
128.3		0.244647
128.4		0.244647
128.5		0.244647
128.6		0.244647
128.7		0.244647
128.8		0.244647
128.9		0.244647
129		0.244647
129.1		0.245843
129.2		0.245843
129.3		0.245843
129.4		0.245843
129.5		0.245843
129.6		0.245843
129.7		0.245843
129.8		0.245843
129.9		0.245843
130		0.245843
130.1		0.252196
130.2		0.252196
130.3		0.252196
130.4		0.252196
130.5		0.252196
130.6		0.252196
130.7		0.252196
130.8		0.252196
130.9		0.252196
131		0.252196
131.1		0.252569
131.2		0.252569
131.3		0.252569
131.4		0.252569
131.5		0.252569
131.6		0.252569
131.7		0.252569
131.8		0.252569
131.9		0.252569
132		0.252569
132.1		0.252906
132.2		0.252906
132.3		0.252906
132.4		0.252906
132.5		0.252906
132.6		0.252906
132.7		0.252906
132.8		0.252906
132.9		0.252906
133		0.252906
133.1		0.253429
133.2		0.253429
133.3		0.253429
133.4		0.253429
133.5		0.253429
133.6		0.253429
133.7		0.253429
133.8		0.253429
133.9		0.253429
134		0.253429
134.1		0.260922
134.2		0.260922
134.3		0.260922
134.4		0.260922
134.5		0.260922
134.6		0.260922
134.7		0.260922
134.8		0.260922
134.9		0.260922
135		0.260922
135.1		0.261277
135.2		0.261277
135.3		0.261277
135.4		0.261277
135.5		0.261277
135.6		0.261277
135.7		0.261277
135.8		0.261277
135.9		0.261277
136		0.261277
136.1		0.262379
136.2		0.262379
136.3		0.262379
136.4		0.262379
136.5		0.262379
136.6		0.262379
136.7		0.262379
136.8		0.262379
136.9		0.262379
137		0.262379
137.1		0.262622
137.2		0.262622
137.3		0.262622
137.4		0.262622
137.5		0.262622
137.6		0.262622
137.7		0.262622
137.8		0.262622
137.9		0.262622
138		0.262622
138.1		0.2672
138.2		0.2672
138.3		0.2672
138.4		0.2672
138.5		0.2672
138.6		0.2672
138.7		0.2672
138.8		0.2672
138.9		0.2672
139		0.2672
139.1		0.268003
139.2		0.268003
139.3		0.268003
139.4		0.268003
139.5		0.268003
139.6		0.268003
139.7		0.268003
139.8		0.268003
139.9		0.268003
140		0.268003
140.1		0.271273
140.2		0.271273
140.3		0.271273
140.4		0.271273
140.5		0.271273
140.6		0.271273
140.7		0.271273
140.8		0.271273
140.9		0.271273
141		0.271273
141.1		0.272039
141.2		0.272039
141.3		0.272039
141.4		0.272039
141.5		0.272039
141.6		0.272039
141.7		0.272039
141.8		0.272039
141.9		0.272039
142		0.272039
142.1		0.275066
142.2		0.275066
142.3		0.275066
142.4		0.275066
142.5		0.275066
142.6		0.275066
142.7		0.275066
142.8		0.275066
142.9		0.275066
143		0.275066
143.1		0.276318
143.2		0.276318
143.3		0.276318
143.4		0.276318
143.5		0.276318
143.6		0.276318
143.7		0.276318
143.8		0.276318
143.9		0.276318
144		0.276318
144.1		0.277589
144.2		0.277589
144.3		0.277589
144.4		0.277589
144.5		0.277589
144.6		0.277589
144.7		0.277589
144.8		0.277589
144.9		0.277589
145		0.277589
145.1		0.279626
145.2		0.279626
145.3		0.279626
145.4		0.279626
145.5		0.279626
145.6		0.279626
145.7		0.279626
145.8		0.279626
145.9		0.279626
146		0.279626
146.1		0.282148
146.2		0.282148
146.3		0.282148
146.4		0.282148
146.5		0.282148
146.6		0.282148
146.7		0.282148
146.8		0.282148
146.9		0.282148
147		0.282148
147.1		0.284334
147.2		0.284334
147.3		0.284334
147.4		0.284334
147.5		0.284334
147.6		0.284334
147.7		0.284334
147.8		0.284334
147.9		0.284334
148		0.284334
148.1		0.285997
148.2		0.285997
148.3		0.285997
148.4		0.285997
148.5		0.285997
148.6		0.285997
148.7		0.285997
148.8		0.285997
148.9		0.285997
149		0.285997
149.1		0.290986
149.2		0.290986
149.3		0.290986
149.4		0.290986
149.5		0.290986
149.6		0.290986
149.7		0.290986
149.8		0.290986
149.9		0.290986
150		0.290986
150.1		0.291173
150.2		0.291173
150.3		0.291173
150.4		0.291173
150.5		0.291173
150.6		0.291173
150.7		0.291173
150.8		0.291173
150.9		0.291173
151		0.291173
151.1		0.2925
151.2		0.2925
151.3		0.2925
151.4		0.2925
151.5		0.2925
151.6		0.2925
151.7		0.2925
151.8		0.2925
151.9		0.2925
152		0.2925
152.1		0.292948
152.2		0.292948
152.3		0.292948
152.4		0.292948
152.5		0.292948
152.6		0.292948
152.7		0.292948
152.8		0.292948
152.9		0.292948
153		0.292948
153.1		0.296069
153.2		0.296069
153.3		0.296069
153.4		0.296069
153.5		0.296069
153.6		0.296069
153.7		0.296069
153.8		0.296069
153.9		0.296069
154		0.296069
154.1		0.301842
154.2		0.301842
154.3		0.301842
154.4		0.301842
154.5		0.301842
154.6		0.301842
154.7		0.301842
154.8		0.301842
154.9		0.301842
155		0.301842
155.1		0.302029
155.2		0.302029
155.3		0.302029
155.4		0.302029
155.5		0.302029
155.6		0.302029
155.7		0.302029
155.8		0.302029
155.9		0.302029
156		0.302029
156.1		0.304122
156.2		0.304122
156.3		0.304122
156.4		0.304122
156.5		0.304122
156.6		0.304122
156.7		0.304122
156.8		0.304122
156.9		0.304122
157		0.304122
157.1		0.306738
157.2		0.306738
157.3		0.306738
157.4		0.306738
157.5		0.306738
157.6		0.306738
157.7		0.306738
157.8		0.306738
157.9		0.306738
158		0.306738
158.1		0.307149
158.2		0.307149
158.3		0.307149
158.4		0.307149
158.5		0.307149
158.6		0.307149
158.7		0.307149
158.8		0.307149
158.9		0.307149
159		0.307149
159.1		0.307205
159.2		0.307205
159.3		0.307205
159.4		0.307205
159.5		0.307205
159.6		0.307205
159.7		0.307205
159.8		0.307205
159.9		0.307205
160		0.307205
160.1		0.314922
160.2		0.314922
160.3		0.314922
160.4		0.314922
160.5		0.314922
160.6		0.314922
160.7		0.314922
160.8		0.314922
160.9		0.314922
161		0.314922
161.1		0.315838
161.2		0.315838
161.3		0.315838
161.4		0.315838
161.5		0.315838
161.6		0.315838
161.7		0.315838
161.8		0.315838
161.9		0.315838
162		0.315838
162.1		0.316361
162.2		0.316361
162.3		0.316361
162.4		0.316361
162.5		0.316361
162.6		0.316361
162.7		0.316361
162.8		0.316361
162.9		0.316361
163		0.316361
163.1		0.318622
163.2		0.318622
163.3		0.318622
163.4		0.318622
163.5		0.318622
163.6		0.318622
163.7		0.318622
163.8		0.318622
163.9		0.318622
164		0.318622
164.1		0.322153
164.2		0.322153
164.3		0.322153
164.4		0.322153
164.5		0.322153
164.6		0.322153
164.7		0.322153
164.8		0.322153
164.9		0.322153
165		0.322153
165.1		0.325292
165.2		0.325292
165.3		0.325292
165.4		0.325292
165.5		0.325292
165.6		0.325292
165.7		0.325292
165.8		0.325292
165.9		0.325292
166		0.325292
166.1		0.325685
166.2		0.325685
166.3		0.325685
166.4		0.325685
166.5		0.325685
166.6		0.325685
166.7		0.325685
166.8		0.325685
166.9		0.325685
167		0.325685
167.1		0.326077
167.2		0.326077
167.3		0.326077
167.4		0.326077
167.5		0.326077
167.6		0.326077
167.7		0.326077
167.8		0.326077
167.9		0.326077
168		0.326077
168.1		0.330711
168.2		0.330711
168.3		0.330711
168.4		0.330711
168.5		0.330711
168.6		0.330711
168.7		0.330711
168.8		0.330711
168.9		0.330711
169		0.330711
169.1		0.332355
169.2		0.332355
169.3		0.332355
169.4		0.332355
169.5		0.332355
169.6		0.332355
169.7		0.332355
169.8		0.332355
169.9		0.332355
170		0.332355
170.1		0.333776
170.2		0.333776
170.3		0.333776
170.4		0.333776
170.5		0.333776
170.6		0.333776
170.7		0.333776
170.8		0.333776
170.9		0.333776
171		0.333776
171.1		0.335214
171.2		0.335214
171.3		0.335214
171.4		0.335214
171.5		0.335214
171.6		0.335214
171.7		0.335214
171.8		0.335214
171.9		0.335214
172		0.335214
172.1		0.338821
172.2		0.338821
172.3		0.338821
172.4		0.338821
172.5		0.338821
172.6		0.338821
172.7		0.338821
172.8		0.338821
172.9		0.338821
173		0.338821
173.1		0.341455
173.2		0.341455
173.3		0.341455
173.4		0.341455
173.5		0.341455
173.6		0.341455
173.7		0.341455
173.8		0.341455
173.9		0.341455
174		0.341455
174.1		0.342296
174.2		0.342296
174.3		0.342296
174.4		0.342296
174.5		0.342296
174.6		0.342296
174.7		0.342296
174.8		0.342296
174.9		0.342296
175		0.342296
175.1		0.344632
175.2		0.344632
175.3		0.344632
175.4		0.344632
175.5		0.344632
175.6		0.344632
175.7		0.344632
175.8		0.344632
175.9		0.344632
176		0.344632
176.1		0.34764
176.2		0.34764
176.3		0.34764
176.4		0.34764
176.5		0.34764
176.6		0.34764
176.7		0.34764
176.8		0.34764
176.9		0.34764
177		0.34764
177.1		0.349901
177.2		0.349901
177.3		0.349901
177.4		0.349901
177.5		0.349901
177.6		0.349901
177.7		0.349901
177.8		0.349901
177.9		0.349901
178		0.349901
178.1		0.351209
178.2		0.351209
178.3		0.351209
178.4		0.351209
178.5		0.351209
178.6		0.351209
178.7		0.351209
178.8		0.351209
178.9		0.351209
179		0.351209
179.1		0.353115
179.2		0.353115
179.3		0.353115
179.4		0.353115
179.5		0.353115
179.6		0.353115
179.7		0.353115
179.8		0.353115
179.9		0.353115
180		0.353115
180.1		0.353974
180.2		0.353974
180.3		0.353974
180.4		0.353974
180.5		0.353974
180.6		0.353974
180.7		0.353974
180.8		0.353974
180.9		0.353974
181		0.353974
181.1		0.358646
181.2		0.358646
181.3		0.358646
181.4		0.358646
181.5		0.358646
181.6		0.358646
181.7		0.358646
181.8		0.358646
181.9		0.358646
182		0.358646
182.1		0.359898
182.2		0.359898
182.3		0.359898
182.4		0.359898
182.5		0.359898
182.6		0.359898
182.7		0.359898
182.8		0.359898
182.9		0.359898
183		0.359898
183.1		0.360066
183.2		0.360066
183.3		0.360066
183.4		0.360066
183.5		0.360066
183.6		0.360066
183.7		0.360066
183.8		0.360066
183.9		0.360066
184		0.360066
184.1		0.362794
184.2		0.362794
184.3		0.362794
184.4		0.362794
184.5		0.362794
184.6		0.362794
184.7		0.362794
184.8		0.362794
184.9		0.362794
185		0.362794
185.1		0.364924
185.2		0.364924
185.3		0.364924
185.4		0.364924
185.5		0.364924
185.6		0.364924
185.7		0.364924
185.8		0.364924
185.9		0.364924
186		0.364924
186.1		0.368923
186.2		0.368923
186.3		0.368923
186.4		0.368923
186.5		0.368923
186.6		0.368923
186.7		0.368923
186.8		0.368923
186.9		0.368923
187		0.368923
187.1		0.370006
187.2		0.370006
187.3		0.370006
187.4		0.370006
187.5		0.370006
187.6		0.370006
187.7		0.370006
187.8		0.370006
187.9		0.370006
188		0.370006
188.1		0.370473
188.2		0.370473
188.3		0.370473
188.4		0.370473
188.5		0.370473
188.6		0.370473
188.7		0.370473
188.8		0.370473
188.9		0.370473
189		0.370473
189.1		0.371912
189.2		0.371912
189.3		0.371912
189.4		0.371912
189.5		0.371912
189.6		0.371912
189.7		0.371912
189.8		0.371912
189.9		0.371912
190		0.371912
190.1		0.375201
190.2		0.375201
190.3		0.375201
190.4		0.375201
190.5		0.375201
190.6		0.375201
190.7		0.375201
190.8		0.375201
190.9		0.375201
191		0.375201
191.1		0.377705
191.2		0.377705
191.3		0.377705
191.4		0.377705
191.5		0.377705
191.6		0.377705
191.7		0.377705
191.8		0.377705
191.9		0.377705
192		0.377705
192.1		0.379779
192.2		0.379779
192.3		0.379779
192.4		0.379779
192.5		0.379779
192.6		0.379779
192.7		0.379779
192.8		0.379779
192.9		0.379779
193		0.379779
193.1		0.380283
193.2		0.380283
193.3		0.380283
193.4		0.380283
193.5		0.380283
193.6		0.380283
193.7		0.380283
193.8		0.380283
193.9		0.380283
194		0.380283
194.1		0.38559
194.2		0.38559
194.3		0.38559
194.4		0.38559
194.5		0.38559
194.6		0.38559
194.7		0.38559
194.8		0.38559
194.9		0.38559
195		0.38559
195.1		0.386487
195.2		0.386487
195.3		0.386487
195.4		0.386487
195.5		0.386487
195.6		0.386487
195.7		0.386487
195.8		0.386487
195.9		0.386487
196		0.386487
196.1		0.388374
196.2		0.388374
196.3		0.388374
196.4		0.388374
196.5		0.388374
196.6		0.388374
196.7		0.388374
196.8		0.388374
196.9		0.388374
197		0.388374
197.1		0.389626
197.2		0.389626
197.3		0.389626
197.4		0.389626
197.5		0.389626
197.6		0.389626
197.7		0.389626
197.8		0.389626
197.9		0.389626
198		0.389626
198.1		0.391345
198.2		0.391345
198.3		0.391345
198.4		0.391345
198.5		0.391345
198.6		0.391345
198.7		0.391345
198.8		0.391345
198.9		0.391345
199		0.391345
199.1		0.395269
199.2		0.395269
199.3		0.395269
199.4		0.395269
199.5		0.395269
199.6		0.395269
199.7		0.395269
199.8		0.395269
199.9		0.395269
200		0.395269
200.1		0.395848
200.2		0.395848
200.3		0.395848
200.4		0.395848
200.5		0.395848
200.6		0.395848
200.7		0.395848
200.8		0.395848
200.9		0.395848
201		0.395848
201.1		0.398072
201.2		0.398072
201.3		0.398072
201.4		0.398072
201.5		0.398072
201.6		0.398072
201.7		0.398072
201.8		0.398072
201.9		0.398072
202		0.398072
202.1		0.399978
202.2		0.399978
202.3		0.399978
202.4		0.399978
202.5		0.399978
202.6		0.399978
202.7		0.399978
202.8		0.399978
202.9		0.399978
203		0.399978
203.1		0.401229
203.2		0.401229
203.3		0.401229
203.4		0.401229
203.5		0.401229
203.6		0.401229
203.7		0.401229
203.8		0.401229
203.9		0.401229
204		0.401229
204.1		0.405658
204.2		0.405658
204.3		0.405658
204.4		0.405658
204.5		0.405658
204.6		0.405658
204.7		0.405658
204.8		0.405658
204.9		0.405658
205		0.405658
205.1		0.406256
205.2		0.406256
205.3		0.406256
205.4		0.406256
205.5		0.406256
205.6		0.406256
205.7		0.406256
205.8		0.406256
205.9		0.406256
206		0.406256
206.1		0.410946
206.2		0.410946
206.3		0.410946
206.4		0.410946
206.5		0.410946
206.6		0.410946
206.7		0.410946
206.8		0.410946
206.9		0.410946
207		0.410946
207.1		0.411974
207.2		0.411974
207.3		0.411974
207.4		0.411974
207.5		0.411974
207.6		0.411974
207.7		0.411974
207.8		0.411974
207.9		0.411974
208		0.411974
208.1		0.41515
208.2		0.41515
208.3		0.41515
208.4		0.41515
208.5		0.41515
208.6		0.41515
208.7		0.41515
208.8		0.41515
208.9		0.41515
209		0.41515
209.1		0.417486
209.2		0.417486
209.3		0.417486
209.4		0.417486
209.5		0.417486
209.6		0.417486
209.7		0.417486
209.8		0.417486
209.9		0.417486
210		0.417486
210.1		0.419859
210.2		0.419859
210.3		0.419859
210.4		0.419859
210.5		0.419859
210.6		0.419859
210.7		0.419859
210.8		0.419859
210.9		0.419859
211		0.419859
211.1		0.420606
211.2		0.420606
211.3		0.420606
211.4		0.420606
211.5		0.420606
211.6		0.420606
211.7		0.420606
211.8		0.420606
211.9		0.420606
212		0.420606
212.1		0.425745
212.2		0.425745
212.3		0.425745
212.4		0.425745
212.5		0.425745
212.6		0.425745
212.7		0.425745
212.8		0.425745
212.9		0.425745
213		0.425745
213.1		0.425819
213.2		0.425819
213.3		0.425819
213.4		0.425819
213.5		0.425819
213.6		0.425819
213.7		0.425819
213.8		0.425819
213.9		0.425819
214		0.425819
214.1		0.427744
214.2		0.427744
214.3		0.427744
214.4		0.427744
214.5		0.427744
214.6		0.427744
214.7		0.427744
214.8		0.427744
214.9		0.427744
215		0.427744
215.1		0.428286
215.2		0.428286
215.3		0.428286
215.4		0.428286
215.5		0.428286
215.6		0.428286
215.7		0.428286
215.8		0.428286
215.9		0.428286
216		0.428286
216.1		0.4332
216.2		0.4332
216.3		0.4332
216.4		0.4332
216.5		0.4332
216.6		0.4332
216.7		0.4332
216.8		0.4332
216.9		0.4332
217		0.4332
217.1		0.43419
217.2		0.43419
217.3		0.43419
217.4		0.43419
217.5		0.43419
217.6		0.43419
217.7		0.43419
217.8		0.43419
217.9		0.43419
218		0.43419
218.1		0.437143
218.2		0.437143
218.3		0.437143
218.4		0.437143
218.5		0.437143
218.6		0.437143
218.7		0.437143
218.8		0.437143
218.9		0.437143
219		0.437143
219.1		0.437572
219.2		0.437572
219.3		0.437572
219.4		0.437572
219.5		0.437572
219.6		0.437572
219.7		0.437572
219.8		0.437572
219.9		0.437572
220		0.437572
220.1		0.442113
220.2		0.442113
220.3		0.442113
220.4		0.442113
220.5		0.442113
220.6		0.442113
220.7		0.442113
220.8		0.442113
220.9		0.442113
221		0.442113
221.1		0.443402
221.2		0.443402
221.3		0.443402
221.4		0.443402
221.5		0.443402
221.6		0.443402
221.7		0.443402
221.8		0.443402
221.9		0.443402
222		0.443402
222.1		0.444841
222.2		0.444841
222.3		0.444841
222.4		0.444841
222.5		0.444841
222.6		0.444841
222.7		0.444841
222.8		0.444841
222.9		0.444841
223		0.444841
223.1		0.445159
223.2		0.445159
223.3		0.445159
223.4		0.445159
223.5		0.445159
223.6		0.445159
223.7		0.445159
223.8		0.445159
223.9		0.445159
224		0.445159
224.1		0.448148
224.2		0.448148
224.3		0.448148
224.4		0.448148
224.5		0.448148
224.6		0.448148
224.7		0.448148
224.8		0.448148
224.9		0.448148
225		0.448148
225.1		0.451381
225.2		0.451381
225.3		0.451381
225.4		0.451381
225.5		0.451381
225.6		0.451381
225.7		0.451381
225.8		0.451381
225.9		0.451381
226		0.451381
226.1		0.451923
226.2		0.451923
226.3		0.451923
226.4		0.451923
226.5		0.451923
226.6		0.451923
226.7		0.451923
226.8		0.451923
226.9		0.451923
227		0.451923
227.1		0.452128
227.2		0.452128
227.3		0.452128
227.4		0.452128
227.5		0.452128
227.6		0.452128
227.7		0.452128
227.8		0.452128
227.9		0.452128
228		0.452128
228.1		0.455024
228.2		0.455024
228.3		0.455024
228.4		0.455024
228.5		0.455024
228.6		0.455024
228.7		0.455024
228.8		0.455024
228.9		0.455024
229		0.455024
229.1		0.459303
229.2		0.459303
229.3		0.459303
229.4		0.459303
229.5		0.459303
229.6		0.459303
229.7		0.459303
229.8		0.459303
229.9		0.459303
230		0.459303
230.1		0.459752
230.2		0.459752
230.3		0.459752
230.4		0.459752
230.5		0.459752
230.6		0.459752
230.7		0.459752
230.8		0.459752
230.9		0.459752
231		0.459752
231.1		0.46078
231.2		0.46078
231.3		0.46078
231.4		0.46078
231.5		0.46078
231.6		0.46078
231.7		0.46078
231.8		0.46078
231.9		0.46078
232		0.46078
232.1		0.46631
232.2		0.46631
232.3		0.46631
232.4		0.46631
232.5		0.46631
232.6		0.46631
232.7		0.46631
232.8		0.46631
232.9		0.46631
233		0.46631
233.1		0.466591
233.2		0.466591
233.3		0.466591
233.4		0.466591
233.5		0.466591
233.6		0.466591
233.7		0.466591
233.8		0.466591
233.9		0.466591
234		0.466591
234.1		0.469375
234.2		0.469375
234.3		0.469375
234.4		0.469375
234.5		0.469375
234.6		0.469375
234.7		0.469375
234.8		0.469375
234.9		0.469375
235		0.469375
235.1		0.470384
235.2		0.470384
235.3		0.470384
235.4		0.470384
235.5		0.470384
235.6		0.470384
235.7		0.470384
235.8		0.470384
235.9		0.470384
236		0.470384
236.1		0.473355
236.2		0.473355
236.3		0.473355
236.4		0.473355
236.5		0.473355
236.6		0.473355
236.7		0.473355
236.8		0.473355
236.9		0.473355
237		0.473355
237.1		0.474943
237.2		0.474943
237.3		0.474943
237.4		0.474943
237.5		0.474943
237.6		0.474943
237.7		0.474943
237.8		0.474943
237.9		0.474943
238		0.474943
238.1		0.477802
238.2		0.477802
238.3		0.477802
238.4		0.477802
238.5		0.477802
238.6		0.477802
238.7		0.477802
238.8		0.477802
238.9		0.477802
239		0.477802
239.1		0.480138
239.2		0.480138
239.3		0.480138
239.4		0.480138
239.5		0.480138
239.6		0.480138
239.7		0.480138
239.8		0.480138
239.9		0.480138
240		0.480138
240.1		0.480455
240.2		0.480455
240.3		0.480455
240.4		0.480455
240.5		0.480455
240.6		0.480455
240.7		0.480455
240.8		0.480455
240.9		0.480455
241		0.480455
241.1		0.483389
241.2		0.483389
241.3		0.483389
241.4		0.483389
241.5		0.483389
241.6		0.483389
241.7		0.483389
241.8		0.483389
241.9		0.483389
242		0.483389
242.1		0.484753
242.2		0.484753
242.3		0.484753
242.4		0.484753
242.5		0.484753
242.6		0.484753
242.7		0.484753
242.8		0.484753
242.9		0.484753
243		0.484753
243.1		0.488938
243.2		0.488938
243.3		0.488938
243.4		0.488938
243.5		0.488938
243.6		0.488938
243.7		0.488938
243.8		0.488938
243.9		0.488938
244		0.488938
244.1		0.489611
244.2		0.489611
244.3		0.489611
244.4		0.489611
244.5		0.489611
244.6		0.489611
244.7		0.489611
244.8		0.489611
244.9		0.489611
245		0.489611
245.1		0.491928
245.2		0.491928
245.3		0.491928
245.4		0.491928
245.5		0.491928
245.6		0.491928
245.7		0.491928
245.8		0.491928
245.9		0.491928
246		0.491928
246.1		0.49374
246.2		0.49374
246.3		0.49374
246.4		0.49374
246.5		0.49374
246.6		0.49374
246.7		0.49374
246.8		0.49374
246.9		0.49374
247		0.49374
247.1		0.494787
247.2		0.494787
247.3		0.494787
247.4		0.494787
247.5		0.494787
247.6		0.494787
247.7		0.494787
247.8		0.494787
247.9		0.494787
248		0.494787
248.1		0.496599
248.2		0.496599
248.3		0.496599
248.4		0.496599
248.5		0.496599
248.6		0.496599
248.7		0.496599
248.8		0.496599
248.9		0.496599
249		0.496599
249.1		0.498543
249.2		0.498543
249.3		0.498543
249.4		0.498543
249.5		0.498543
249.6		0.498543
249.7		0.498543
249.8		0.498543
249.9		0.498543
250		0.498543
250.1		0.505101
250.2		0.505101
250.3		0.505101
250.4		0.505101
250.5		0.505101
250.6		0.505101
250.7		0.505101
250.8		0.505101
250.9		0.505101
251		0.505101
251.1		0.507269
251.2		0.507269
251.3		0.507269
251.4		0.507269
251.5		0.507269
251.6		0.507269
251.7		0.507269
251.8		0.507269
251.9		0.507269
252		0.507269
252.1		0.507661
252.2		0.507661
252.3		0.507661
252.4		0.507661
252.5		0.507661
252.6		0.507661
252.7		0.507661
252.8		0.507661
252.9		0.507661
253		0.507661
253.1		0.509212
253.2		0.509212
253.3		0.509212
253.4		0.509212
253.5		0.509212
253.6		0.509212
253.7		0.509212
253.8		0.509212
253.9		0.509212
254		0.509212
254.1		0.51478
254.2		0.51478
254.3		0.51478
254.4		0.51478
254.5		0.51478
254.6		0.51478
254.7		0.51478
254.8		0.51478
254.9		0.51478
255		0.51478
255.1		0.515397
255.2		0.515397
255.3		0.515397
255.4		0.515397
255.5		0.515397
255.6		0.515397
255.7		0.515397
255.8		0.515397
255.9		0.515397
256		0.515397
256.1		0.518872
256.2		0.518872
256.3		0.518872
256.4		0.518872
256.5		0.518872
256.6		0.518872
256.7		0.518872
256.8		0.518872
256.9		0.518872
257		0.518872
257.1		0.519451
257.2		0.519451
257.3		0.519451
257.4		0.519451
257.5		0.519451
257.6		0.519451
257.7		0.519451
257.8		0.519451
257.9		0.519451
258		0.519451
258.1		0.523786
258.2		0.523786
258.3		0.523786
258.4		0.523786
258.5		0.523786
258.6		0.523786
258.7		0.523786
258.8		0.523786
258.9		0.523786
259		0.523786
259.1		0.525991
259.2		0.525991
259.3		0.525991
259.4		0.525991
259.5		0.525991
259.6		0.525991
259.7		0.525991
259.8		0.525991
259.9		0.525991
260		0.525991
260.1		0.526253
260.2		0.526253
260.3		0.526253
260.4		0.526253
260.5		0.526253
260.6		0.526253
260.7		0.526253
260.8		0.526253
260.9		0.526253
261		0.526253
261.1		0.527299
261.2		0.527299
261.3		0.527299
261.4		0.527299
261.5		0.527299
261.6		0.527299
261.7		0.527299
261.8		0.527299
261.9		0.527299
262		0.527299
262.1		0.530924
262.2		0.530924
262.3		0.530924
262.4		0.530924
262.5		0.530924
262.6		0.530924
262.7		0.530924
262.8		0.530924
262.9		0.530924
263		0.530924
263.1		0.535166
263.2		0.535166
263.3		0.535166
263.4		0.535166
263.5		0.535166
263.6		0.535166
263.7		0.535166
263.8		0.535166
263.9		0.535166
264		0.535166
264.1		0.535353
264.2		0.535353
264.3		0.535353
264.4		0.535353
264.5		0.535353
264.6		0.535353
264.7		0.535353
264.8		0.535353
264.9		0.535353
265		0.535353
265.1		0.536922
265.2		0.536922
265.3		0.536922
265.4		0.536922
265.5		0.536922
265.6		0.536922
265.7		0.536922
265.8		0.536922
265.9		0.536922
266		0.536922
266.1		0.538996
266.2		0.538996
266.3		0.538996
266.4		0.538996
266.5		0.538996
266.6		0.538996
266.7		0.538996
266.8		0.538996
266.9		0.538996
267		0.538996
267.1		0.542565
267.2		0.542565
267.3		0.542565
267.4		0.542565
267.5		0.542565
267.6		0.542565
267.7		0.542565
267.8		0.542565
267.9		0.542565
268		0.542565
268.1		0.544508
268.2		0.544508
268.3		0.544508
268.4		0.544508
268.5		0.544508
268.6		0.544508
268.7		0.544508
268.8		0.544508
268.9		0.544508
269		0.544508
269.1		0.545742
269.2		0.545742
269.3		0.545742
269.4		0.545742
269.5		0.545742
269.6		0.545742
269.7		0.545742
269.8		0.545742
269.9		0.545742
270		0.545742
270.1		0.545966
270.2		0.545966
270.3		0.545966
270.4		0.545966
270.5		0.545966
270.6		0.545966
270.7		0.545966
270.8		0.545966
270.9		0.545966
271		0.545966
271.1		0.55017
271.2		0.55017
271.3		0.55017
271.4		0.55017
271.5		0.55017
271.6		0.55017
271.7		0.55017
271.8		0.55017
271.9		0.55017
272		0.55017
272.1		0.550749
272.2		0.550749
272.3		0.550749
272.4		0.550749
272.5		0.550749
272.6		0.550749
272.7		0.550749
272.8		0.550749
272.9		0.550749
273		0.550749
273.1		0.555215
273.2		0.555215
273.3		0.555215
273.4		0.555215
273.5		0.555215
273.6		0.555215
273.7		0.555215
273.8		0.555215
273.9		0.555215
274		0.555215
274.1		0.555813
274.2		0.555813
274.3		0.555813
274.4		0.555813
274.5		0.555813
274.6		0.555813
274.7		0.555813
274.8		0.555813
274.9		0.555813
275		0.555813
275.1		0.557775
275.2		0.557775
275.3		0.557775
275.4		0.557775
275.5		0.557775
275.6		0.557775
275.7		0.557775
275.8		0.557775
275.9		0.557775
276		0.557775
276.1		0.560821
276.2		0.560821
276.3		0.560821
276.4		0.560821
276.5		0.560821
276.6		0.560821
276.7		0.560821
276.8		0.560821
276.9		0.560821
277		0.560821
277.1		0.561867
277.2		0.561867
277.3		0.561867
277.4		0.561867
277.5		0.561867
277.6		0.561867
277.7		0.561867
277.8		0.561867
277.9		0.561867
278		0.561867
278.1		0.562166
278.2		0.562166
278.3		0.562166
278.4		0.562166
278.5		0.562166
278.6		0.562166
278.7		0.562166
278.8		0.562166
278.9		0.562166
279		0.562166
279.1		0.566183
279.2		0.566183
279.3		0.566183
279.4		0.566183
279.5		0.566183
279.6		0.566183
279.7		0.566183
279.8		0.566183
279.9		0.566183
280		0.566183
280.1		0.569902
280.2		0.569902
280.3		0.569902
280.4		0.569902
280.5		0.569902
280.6		0.569902
280.7		0.569902
280.8		0.569902
280.9		0.569902
281		0.569902
281.1		0.571621
281.2		0.571621
281.3		0.571621
281.4		0.571621
281.5		0.571621
281.6		0.571621
281.7		0.571621
281.8		0.571621
281.9		0.571621
282		0.571621
282.1		0.571901
282.2		0.571901
282.3		0.571901
282.4		0.571901
282.5		0.571901
282.6		0.571901
282.7		0.571901
282.8		0.571901
282.9		0.571901
283		0.571901
283.1		0.575825
283.2		0.575825
283.3		0.575825
283.4		0.575825
283.5		0.575825
283.6		0.575825
283.7		0.575825
283.8		0.575825
283.9		0.575825
284		0.575825
284.1		0.579338
284.2		0.579338
284.3		0.579338
284.4		0.579338
284.5		0.579338
284.6		0.579338
284.7		0.579338
284.8		0.579338
284.9		0.579338
285		0.579338
285.1		0.580945
285.2		0.580945
285.3		0.580945
285.4		0.580945
285.5		0.580945
285.6		0.580945
285.7		0.580945
285.8		0.580945
285.9		0.580945
286		0.580945
286.1		0.582888
286.2		0.582888
286.3		0.582888
286.4		0.582888
286.5		0.582888
286.6		0.582888
286.7		0.582888
286.8		0.582888
286.9		0.582888
287		0.582888
287.1		0.58982
287.2		0.58982
287.3		0.58982
287.4		0.58982
287.5		0.58982
287.6		0.58982
287.7		0.58982
287.8		0.58982
287.9		0.58982
288		0.58982
288.1		0.590119
288.2		0.590119
288.3		0.590119
288.4		0.590119
288.5		0.590119
288.6		0.590119
288.7		0.590119
288.8		0.590119
288.9		0.590119
289		0.590119
289.1		0.592044
289.2		0.592044
289.3		0.592044
289.4		0.592044
289.5		0.592044
289.6		0.592044
289.7		0.592044
289.8		0.592044
289.9		0.592044
290		0.592044
290.1		0.592791
290.2		0.592791
290.3		0.592791
290.4		0.592791
290.5		0.592791
290.6		0.592791
290.7		0.592791
290.8		0.592791
290.9		0.592791
291		0.592791
291.1		0.597724
291.2		0.597724
291.3		0.597724
291.4		0.597724
291.5		0.597724
291.6		0.597724
291.7		0.597724
291.8		0.597724
291.9		0.597724
292		0.597724
292.1		0.599649
292.2		0.599649
292.3		0.599649
292.4		0.599649
292.5		0.599649
292.6		0.599649
292.7		0.599649
292.8		0.599649
292.9		0.599649
293		0.599649
293.1		0.599649
293.2		0.599649
293.3		0.599649
293.4		0.599649
293.5		0.599649
293.6		0.599649
293.7		0.599649
293.8		0.599649
293.9		0.599649
294		0.599649
294.1		0.599649
294.2		0.599649
294.3		0.599649
294.4		0.599649
294.5		0.599649
294.6		0.599649
294.7		0.599649
294.8		0.599649
294.9		0.599649
295		0.599649
295.1		0.599649
295.2		0.599649
295.3		0.599649
295.4		0.599649
295.5		0.599649
295.6		0.599649
295.7		0.599649
295.8		0.599649
295.9		0.599649
296		0.599649
296.1		0.601293
296.2		0.601293
296.3		0.601293
296.4		0.601293
296.5		0.601293
296.6		0.601293
296.7		0.601293
296.8		0.601293
296.9		0.601293
297		0.601293
297.1		0.605273
297.2		0.605273
297.3		0.605273
297.4		0.605273
297.5		0.605273
297.6		0.605273
297.7		0.605273
297.8		0.605273
297.9		0.605273
298		0.605273
298.1		0.608767
298.2		0.608767
298.3		0.608767
298.4		0.608767
298.5		0.608767
298.6		0.608767
298.7		0.608767
298.8		0.608767
298.9		0.608767
299		0.608767
299.1		0.609047
299.2		0.609047
299.3		0.609047
299.4		0.609047
299.5		0.609047
299.6		0.609047
299.7		0.609047
299.8		0.609047
299.9		0.609047
300		0.609047
300.1		0.610318
300.2		0.610318
300.3		0.610318
300.4		0.610318
300.5		0.610318
300.6		0.610318
300.7		0.610318
300.8		0.610318
300.9		0.610318
301		0.610318
301.1		0.611607
301.2		0.611607
301.3		0.611607
301.4		0.611607
301.5		0.611607
301.6		0.611607
301.7		0.611607
301.8		0.611607
301.9		0.611607
302		0.611607
302.1		0.616858
302.2		0.616858
302.3		0.616858
302.4		0.616858
302.5		0.616858
302.6		0.616858
302.7		0.616858
302.8		0.616858
302.9		0.616858
303		0.616858
303.1		0.618353
303.2		0.618353
303.3		0.618353
303.4		0.618353
303.5		0.618353
303.6		0.618353
303.7		0.618353
303.8		0.618353
303.9		0.618353
304		0.618353
304.1		0.618558
304.2		0.618558
304.3		0.618558
304.4		0.618558
304.5		0.618558
304.6		0.618558
304.7		0.618558
304.8		0.618558
304.9		0.618558
305		0.618558
305.1		0.619063
305.2		0.619063
305.3		0.619063
305.4		0.619063
305.5		0.619063
305.6		0.619063
305.7		0.619063
305.8		0.619063
305.9		0.619063
306		0.619063
306.1		0.624631
306.2		0.624631
306.3		0.624631
306.4		0.624631
306.5		0.624631
306.6		0.624631
306.7		0.624631
306.8		0.624631
306.9		0.624631
307		0.624631
307.1		0.62521
307.2		0.62521
307.3		0.62521
307.4		0.62521
307.5		0.62521
307.6		0.62521
307.7		0.62521
307.8		0.62521
307.9		0.62521
308		0.62521
308.1		0.625808
308.2		0.625808
308.3		0.625808
308.4		0.625808
308.5		0.625808
308.6		0.625808
308.7		0.625808
308.8		0.625808
308.9		0.625808
309		0.625808
309.1		0.630349
309.2		0.630349
309.3		0.630349
309.4		0.630349
309.5		0.630349
309.6		0.630349
309.7		0.630349
309.8		0.630349
309.9		0.630349
310		0.630349
310.1		0.630778
310.2		0.630778
310.3		0.630778
310.4		0.630778
310.5		0.630778
310.6		0.630778
310.7		0.630778
310.8		0.630778
310.9		0.630778
311		0.630778
311.1		0.635001
311.2		0.635001
311.3		0.635001
311.4		0.635001
311.5		0.635001
311.6		0.635001
311.7		0.635001
311.8		0.635001
311.9		0.635001
312		0.635001
312.1		0.635282
312.2		0.635282
312.3		0.635282
312.4		0.635282
312.5		0.635282
312.6		0.635282
312.7		0.635282
312.8		0.635282
312.9		0.635282
313		0.635282
313.1		0.635581
313.2		0.635581
313.3		0.635581
313.4		0.635581
313.5		0.635581
313.6		0.635581
313.7		0.635581
313.8		0.635581
313.9		0.635581
314		0.635581
314.1		0.640252
314.2		0.640252
314.3		0.640252
314.4		0.640252
314.5		0.640252
314.6		0.640252
314.7		0.640252
314.8		0.640252
314.9		0.640252
315		0.640252
315.1		0.64212
315.2		0.64212
315.3		0.64212
315.4		0.64212
315.5		0.64212
315.6		0.64212
315.7		0.64212
315.8		0.64212
315.9		0.64212
316		0.64212
316.1		0.644848
316.2		0.644848
316.3		0.644848
316.4		0.644848
316.5		0.644848
316.6		0.644848
316.7		0.644848
316.8		0.644848
316.9		0.644848
317		0.644848
317.1		0.64653
317.2		0.64653
317.3		0.64653
317.4		0.64653
317.5		0.64653
317.6		0.64653
317.7		0.64653
317.8		0.64653
317.9		0.64653
318		0.64653
318.1		0.648959
318.2		0.648959
318.3		0.648959
318.4		0.648959
318.5		0.648959
318.6		0.648959
318.7		0.648959
318.8		0.648959
318.9		0.648959
319		0.648959
319.1		0.651594
319.2		0.651594
319.3		0.651594
319.4		0.651594
319.5		0.651594
319.6		0.651594
319.7		0.651594
319.8		0.651594
319.9		0.651594
320		0.651594
320.1		0.65307
320.2		0.65307
320.3		0.65307
320.4		0.65307
320.5		0.65307
320.6		0.65307
320.7		0.65307
320.8		0.65307
320.9		0.65307
321		0.65307
321.1		0.654995
321.2		0.654995
321.3		0.654995
321.4		0.654995
321.5		0.654995
321.6		0.654995
321.7		0.654995
321.8		0.654995
321.9		0.654995
322		0.654995
322.1		0.656807
322.2		0.656807
322.3		0.656807
322.4		0.656807
322.5		0.656807
322.6		0.656807
322.7		0.656807
322.8		0.656807
322.9		0.656807
323		0.656807
323.1		0.659685
323.2		0.659685
323.3		0.659685
323.4		0.659685
323.5		0.659685
323.6		0.659685
323.7		0.659685
323.8		0.659685
323.9		0.659685
324		0.659685
324.1		0.662656
324.2		0.662656
324.3		0.662656
324.4		0.662656
324.5		0.662656
324.6		0.662656
324.7		0.662656
324.8		0.662656
324.9		0.662656
325		0.662656
325.1		0.663851
325.2		0.663851
325.3		0.663851
325.4		0.663851
325.5		0.663851
325.6		0.663851
325.7		0.663851
325.8		0.663851
325.9		0.663851
326		0.663851
326.1		0.664188
326.2		0.664188
326.3		0.664188
326.4		0.664188
326.5		0.664188
326.6		0.664188
326.7		0.664188
326.8		0.664188
326.9		0.664188
327		0.664188
327.1		0.665029
327.2		0.665029
327.3		0.665029
327.4		0.665029
327.5		0.665029
327.6		0.665029
327.7		0.665029
327.8		0.665029
327.9		0.665029
328		0.665029
328.1		0.671681
328.2		0.671681
328.3		0.671681
328.4		0.671681
328.5		0.671681
328.6		0.671681
328.7		0.671681
328.8		0.671681
328.9		0.671681
329		0.671681
329.1		0.672521
329.2		0.672521
329.3		0.672521
329.4		0.672521
329.5		0.672521
329.6		0.672521
329.7		0.672521
329.8		0.672521
329.9		0.672521
330		0.672521
330.1		0.673063
330.2		0.673063
330.3		0.673063
330.4		0.673063
330.5		0.673063
330.6		0.673063
330.7		0.673063
330.8		0.673063
330.9		0.673063
331		0.673063
331.1		0.673306
331.2		0.673306
331.3		0.673306
331.4		0.673306
331.5		0.673306
331.6		0.673306
331.7		0.673306
331.8		0.673306
331.9		0.673306
332		0.673306
332.1		0.677585
332.2		0.677585
332.3		0.677585
332.4		0.677585
332.5		0.677585
332.6		0.677585
332.7		0.677585
332.8		0.677585
332.9		0.677585
333		0.677585
333.1		0.681808
333.2		0.681808
333.3		0.681808
333.4		0.681808
333.5		0.681808
333.6		0.681808
333.7		0.681808
333.8		0.681808
333.9		0.681808
334		0.681808
334.1		0.683097
334.2		0.683097
334.3		0.683097
334.4		0.683097
334.5		0.683097
334.6		0.683097
334.7		0.683097
334.8		0.683097
334.9		0.683097
335		0.683097
335.1		0.684237
335.2		0.684237
335.3		0.684237
335.4		0.684237
335.5		0.684237
335.6		0.684237
335.7		0.684237
335.8		0.684237
335.9		0.684237
336		0.684237
336.1		0.687544
336.2		0.687544
336.3		0.687544
336.4		0.687544
336.5		0.687544
336.6		0.687544
336.7		0.687544
336.8		0.687544
336.9		0.687544
337		0.687544
337.1		0.68846
337.2		0.68846
337.3		0.68846
337.4		0.68846
337.5		0.68846
337.6		0.68846
337.7		0.68846
337.8		0.68846
337.9		0.68846
338		0.68846
338.1		0.690553
338.2		0.690553
338.3		0.690553
338.4		0.690553
338.5		0.690553
338.6		0.690553
338.7		0.690553
338.8		0.690553
338.9		0.690553
339		0.690553
339.1		0.692552
339.2		0.692552
339.3		0.692552
339.4		0.692552
339.5		0.692552
339.6		0.692552
339.7		0.692552
339.8		0.692552
339.9		0.692552
340		0.692552
340.1		0.698849
340.2		0.698849
340.3		0.698849
340.4		0.698849
340.5		0.698849
340.6		0.698849
340.7		0.698849
340.8		0.698849
340.9		0.698849
341		0.698849
341.1		0.699129
341.2		0.699129
341.3		0.699129
341.4		0.699129
341.5		0.699129
341.6		0.699129
341.7		0.699129
341.8		0.699129
341.9		0.699129
342		0.699129
342.1		0.702268
342.2		0.702268
342.3		0.702268
342.4		0.702268
342.5		0.702268
342.6		0.702268
342.7		0.702268
342.8		0.702268
342.9		0.702268
343		0.702268
343.1		0.703558
343.2		0.703558
343.3		0.703558
343.4		0.703558
343.5		0.703558
343.6		0.703558
343.7		0.703558
343.8		0.703558
343.9		0.703558
344		0.703558
344.1		0.707183
344.2		0.707183
344.3		0.707183
344.4		0.707183
344.5		0.707183
344.6		0.707183
344.7		0.707183
344.8		0.707183
344.9		0.707183
345		0.707183
345.1		0.711237
345.2		0.711237
345.3		0.711237
345.4		0.711237
345.5		0.711237
345.6		0.711237
345.7		0.711237
345.8		0.711237
345.9		0.711237
346		0.711237
346.1		0.712358
346.2		0.712358
346.3		0.712358
346.4		0.712358
346.5		0.712358
346.6		0.712358
346.7		0.712358
346.8		0.712358
346.9		0.712358
347		0.712358
347.1		0.714171
347.2		0.714171
347.3		0.714171
347.4		0.714171
347.5		0.714171
347.6		0.714171
347.7		0.714171
347.8		0.714171
347.9		0.714171
348		0.714171
348.1		0.716189
348.2		0.716189
348.3		0.716189
348.4		0.716189
348.5		0.716189
348.6		0.716189
348.7		0.716189
348.8		0.716189
348.9		0.716189
349		0.716189
349.1		0.720075
349.2		0.720075
349.3		0.720075
349.4		0.720075
349.5		0.720075
349.6		0.720075
349.7		0.720075
349.8		0.720075
349.9		0.720075
350		0.720075
350.1		0.723065
350.2		0.723065
350.3		0.723065
350.4		0.723065
350.5		0.723065
350.6		0.723065
350.7		0.723065
350.8		0.723065
350.9		0.723065
351		0.723065
351.1		0.72456
351.2		0.72456
351.3		0.72456
351.4		0.72456
351.5		0.72456
351.6		0.72456
351.7		0.72456
351.8		0.72456
351.9		0.72456
352		0.72456
352.1		0.72456
352.2		0.72456
352.3		0.72456
352.4		0.72456
352.5		0.72456
352.6		0.72456
352.7		0.72456
352.8		0.72456
352.9		0.72456
353		0.72456
353.1		0.72626
353.2		0.72626
353.3		0.72626
353.4		0.72626
353.5		0.72626
353.6		0.72626
353.7		0.72626
353.8		0.72626
353.9		0.72626
354		0.72626
354.1		0.727269
354.2		0.727269
354.3		0.727269
354.4		0.727269
354.5		0.727269
354.6		0.727269
354.7		0.727269
354.8		0.727269
354.9		0.727269
355		0.727269
355.1		0.727512
355.2		0.727512
355.3		0.727512
355.4		0.727512
355.5		0.727512
355.6		0.727512
355.7		0.727512
355.8		0.727512
355.9		0.727512
356		0.727512
356.1		0.730651
356.2		0.730651
356.3		0.730651
356.4		0.730651
356.5		0.730651
356.6		0.730651
356.7		0.730651
356.8		0.730651
356.9		0.730651
357		0.730651
357.1		0.736294
357.2		0.736294
357.3		0.736294
357.4		0.736294
357.5		0.736294
357.6		0.736294
357.7		0.736294
357.8		0.736294
357.9		0.736294
358		0.736294
358.1		0.736687
358.2		0.736687
358.3		0.736687
358.4		0.736687
358.5		0.736687
358.6		0.736687
358.7		0.736687
358.8		0.736687
358.9		0.736687
359		0.736687
359.1		0.737957
359.2		0.737957
359.3		0.737957
359.4		0.737957
359.5		0.737957
359.6		0.737957
359.7		0.737957
359.8		0.737957
359.9		0.737957
360		0.737957
360.1		0.738424
360.2		0.738424
360.3		0.738424
360.4		0.738424
360.5		0.738424
360.6		0.738424
360.7		0.738424
360.8		0.738424
360.9		0.738424
361		0.738424
361.1		0.738723
361.2		0.738723
361.3		0.738723
361.4		0.738723
361.5		0.738723
361.6		0.738723
361.7		0.738723
361.8		0.738723
361.9		0.738723
362		0.738723
362.1		0.743469
362.2		0.743469
362.3		0.743469
362.4		0.743469
362.5		0.743469
362.6		0.743469
362.7		0.743469
362.8		0.743469
362.9		0.743469
363		0.743469
363.1		0.743806
363.2		0.743806
363.3		0.743806
363.4		0.743806
363.5		0.743806
363.6		0.743806
363.7		0.743806
363.8		0.743806
363.9		0.743806
364		0.743806
364.1		0.7473
364.2		0.7473
364.3		0.7473
364.4		0.7473
364.5		0.7473
364.6		0.7473
364.7		0.7473
364.8		0.7473
364.9		0.7473
365		0.7473
365.1		0.749673
365.2		0.749673
365.3		0.749673
365.4		0.749673
365.5		0.749673
365.6		0.749673
365.7		0.749673
365.8		0.749673
365.9		0.749673
366		0.749673
366.1		0.750645
366.2		0.750645
366.3		0.750645
366.4		0.750645
366.5		0.750645
366.6		0.750645
366.7		0.750645
366.8		0.750645
366.9		0.750645
367		0.750645
367.1		0.753784
367.2		0.753784
367.3		0.753784
367.4		0.753784
367.5		0.753784
367.6		0.753784
367.7		0.753784
367.8		0.753784
367.9		0.753784
368		0.753784
368.1		0.754214
368.2		0.754214
368.3		0.754214
368.4		0.754214
368.5		0.754214
368.6		0.754214
368.7		0.754214
368.8		0.754214
368.9		0.754214
369		0.754214
369.1		0.756456
369.2		0.756456
369.3		0.756456
369.4		0.756456
369.5		0.756456
369.6		0.756456
369.7		0.756456
369.8		0.756456
369.9		0.756456
370		0.756456
370.1		0.759726
370.2		0.759726
370.3		0.759726
370.4		0.759726
370.5		0.759726
370.6		0.759726
370.7		0.759726
370.8		0.759726
370.9		0.759726
371		0.759726
371.1		0.759875
371.2		0.759875
371.3		0.759875
371.4		0.759875
371.5		0.759875
371.6		0.759875
371.7		0.759875
371.8		0.759875
371.9		0.759875
372		0.759875
372.1		0.761295
372.2		0.761295
372.3		0.761295
372.4		0.761295
372.5		0.761295
372.6		0.761295
372.7		0.761295
372.8		0.761295
372.9		0.761295
373		0.761295
373.1		0.764416
373.2		0.764416
373.3		0.764416
373.4		0.764416
373.5		0.764416
373.6		0.764416
373.7		0.764416
373.8		0.764416
373.9		0.764416
374		0.764416
374.1		0.768881
374.2		0.768881
374.3		0.768881
374.4		0.768881
374.5		0.768881
374.6		0.768881
374.7		0.768881
374.8		0.768881
374.9		0.768881
375		0.768881
375.1		0.769218
375.2		0.769218
375.3		0.769218
375.4		0.769218
375.5		0.769218
375.6		0.769218
375.7		0.769218
375.8		0.769218
375.9		0.769218
376		0.769218
376.1		0.770432
376.2		0.770432
376.3		0.770432
376.4		0.770432
376.5		0.770432
376.6		0.770432
376.7		0.770432
376.8		0.770432
376.9		0.770432
377		0.770432
377.1		0.772469
377.2		0.772469
377.3		0.772469
377.4		0.772469
377.5		0.772469
377.6		0.772469
377.7		0.772469
377.8		0.772469
377.9		0.772469
378		0.772469
378.1		0.775795
378.2		0.775795
378.3		0.775795
378.4		0.775795
378.5		0.775795
378.6		0.775795
378.7		0.775795
378.8		0.775795
378.9		0.775795
379		0.775795
379.1		0.777271
379.2		0.777271
379.3		0.777271
379.4		0.777271
379.5		0.777271
379.6		0.777271
379.7		0.777271
379.8		0.777271
379.9		0.777271
380		0.777271
380.1		0.781083
380.2		0.781083
380.3		0.781083
380.4		0.781083
380.5		0.781083
380.6		0.781083
380.7		0.781083
380.8		0.781083
380.9		0.781083
381		0.781083
381.1		0.781382
381.2		0.781382
381.3		0.781382
381.4		0.781382
381.5		0.781382
381.6		0.781382
381.7		0.781382
381.8		0.781382
381.9		0.781382
382		0.781382
382.1		0.783512
382.2		0.783512
382.3		0.783512
382.4		0.783512
382.5		0.783512
382.6		0.783512
382.7		0.783512
382.8		0.783512
382.9		0.783512
383		0.783512
383.1		0.785717
383.2		0.785717
383.3		0.785717
383.4		0.785717
383.5		0.785717
383.6		0.785717
383.7		0.785717
383.8		0.785717
383.9		0.785717
384		0.785717
384.1		0.787193
384.2		0.787193
384.3		0.787193
384.4		0.787193
384.5		0.787193
384.6		0.787193
384.7		0.787193
384.8		0.787193
384.9		0.787193
385		0.787193
385.1		0.791846
385.2		0.791846
385.3		0.791846
385.4		0.791846
385.5		0.791846
385.6		0.791846
385.7		0.791846
385.8		0.791846
385.9		0.791846
386		0.791846
386.1		0.793023
386.2		0.793023
386.3		0.793023
386.4		0.793023
386.5		0.793023
386.6		0.793023
386.7		0.793023
386.8		0.793023
386.9		0.793023
387		0.793023
387.1		0.795153
387.2		0.795153
387.3		0.795153
387.4		0.795153
387.5		0.795153
387.6		0.795153
387.7		0.795153
387.8		0.795153
387.9		0.795153
388		0.795153
388.1		0.796554
388.2		0.796554
388.3		0.796554
388.4		0.796554
388.5		0.796554
388.6		0.796554
388.7		0.796554
388.8		0.796554
388.9		0.796554
389		0.796554
389.1		0.796779
389.2		0.796779
389.3		0.796779
389.4		0.796779
389.5		0.796779
389.6		0.796779
389.7		0.796779
389.8		0.796779
389.9		0.796779
390		0.796779
390.1		0.797825
390.2		0.797825
390.3		0.797825
390.4		0.797825
390.5		0.797825
390.6		0.797825
390.7		0.797825
390.8		0.797825
390.9		0.797825
391		0.797825
391.1		0.80457
391.2		0.80457
391.3		0.80457
391.4		0.80457
391.5		0.80457
391.6		0.80457
391.7		0.80457
391.8		0.80457
391.9		0.80457
392		0.80457
392.1		0.80728
392.2		0.80728
392.3		0.80728
392.4		0.80728
392.5		0.80728
392.6		0.80728
392.7		0.80728
392.8		0.80728
392.9		0.80728
393		0.80728
393.1		0.80771
393.2		0.80771
393.3		0.80771
393.4		0.80771
393.5		0.80771
393.6		0.80771
393.7		0.80771
393.8		0.80771
393.9		0.80771
394		0.80771
394.1		0.808438
394.2		0.808438
394.3		0.808438
394.4		0.808438
394.5		0.808438
394.6		0.808438
394.7		0.808438
394.8		0.808438
394.9		0.808438
395		0.808438
395.1		0.809391
395.2		0.809391
395.3		0.809391
395.4		0.809391
395.5		0.809391
395.6		0.809391
395.7		0.809391
395.8		0.809391
395.9		0.809391
396		0.809391
396.1		0.815146
396.2		0.815146
396.3		0.815146
396.4		0.815146
396.5		0.815146
396.6		0.815146
396.7		0.815146
396.8		0.815146
396.9		0.815146
397		0.815146
397.1		0.816996
397.2		0.816996
397.3		0.816996
397.4		0.816996
397.5		0.816996
397.6		0.816996
397.7		0.816996
397.8		0.816996
397.9		0.816996
398		0.816996
398.1		0.819593
398.2		0.819593
398.3		0.819593
398.4		0.819593
398.5		0.819593
398.6		0.819593
398.7		0.819593
398.8		0.819593
398.9		0.819593
399		0.819593
399.1		0.819986
399.2		0.819986
399.3		0.819986
399.4		0.819986
399.5		0.819986
399.6		0.819986
399.7		0.819986
399.8		0.819986
399.9		0.819986
400		0.819986
400.1		0.823947
400.2		0.823947
400.3		0.823947
400.4		0.823947
400.5		0.823947
400.6		0.823947
400.7		0.823947
400.8		0.823947
400.9		0.823947
401		0.823947
401.1		0.825722
401.2		0.825722
401.3		0.825722
401.4		0.825722
401.5		0.825722
401.6		0.825722
401.7		0.825722
401.8		0.825722
401.9		0.825722
402		0.825722
402.1		0.826656
402.2		0.826656
402.3		0.826656
402.4		0.826656
402.5		0.826656
402.6		0.826656
402.7		0.826656
402.8		0.826656
402.9		0.826656
403		0.826656
403.1		0.828525
403.2		0.828525
403.3		0.828525
403.4		0.828525
403.5		0.828525
403.6		0.828525
403.7		0.828525
403.8		0.828525
403.9		0.828525
404		0.828525
404.1		0.832767
404.2		0.832767
404.3		0.832767
404.4		0.832767
404.5		0.832767
404.6		0.832767
404.7		0.832767
404.8		0.832767
404.9		0.832767
405		0.832767
405.1		0.834467
405.2		0.834467
405.3		0.834467
405.4		0.834467
405.5		0.834467
405.6		0.834467
405.7		0.834467
405.8		0.834467
405.9		0.834467
406		0.834467
406.1		0.836074
406.2		0.836074
406.3		0.836074
406.4		0.836074
406.5		0.836074
406.6		0.836074
406.7		0.836074
406.8		0.836074
406.9		0.836074
407		0.836074
407.1		0.838353
407.2		0.838353
407.3		0.838353
407.4		0.838353
407.5		0.838353
407.6		0.838353
407.7		0.838353
407.8		0.838353
407.9		0.838353
408		0.838353
408.1		0.842371
408.2		0.842371
408.3		0.842371
408.4		0.842371
408.5		0.842371
408.6		0.842371
408.7		0.842371
408.8		0.842371
408.9		0.842371
409		0.842371
409.1		0.843828
409.2		0.843828
409.3		0.843828
409.4		0.843828
409.5		0.843828
409.6		0.843828
409.7		0.843828
409.8		0.843828
409.9		0.843828
410		0.843828
410.1		0.844277
410.2		0.844277
410.3		0.844277
410.4		0.844277
410.5		0.844277
410.6		0.844277
410.7		0.844277
410.8		0.844277
410.9		0.844277
411		0.844277
411.1		0.848387
411.2		0.848387
411.3		0.848387
411.4		0.848387
411.5		0.848387
411.6		0.848387
411.7		0.848387
411.8		0.848387
411.9		0.848387
412		0.848387
412.1		0.849565
412.2		0.849565
412.3		0.849565
412.4		0.849565
412.5		0.849565
412.6		0.849565
412.7		0.849565
412.8		0.849565
412.9		0.849565
413		0.849565
413.1		0.852648
413.2		0.852648
413.3		0.852648
413.4		0.852648
413.5		0.852648
413.6		0.852648
413.7		0.852648
413.8		0.852648
413.9		0.852648
414		0.852648
414.1		0.853451
414.2		0.853451
414.3		0.853451
414.4		0.853451
414.5		0.853451
414.6		0.853451
414.7		0.853451
414.8		0.853451
414.9		0.853451
415		0.853451
415.1		0.855619
415.2		0.855619
415.3		0.855619
415.4		0.855619
415.5		0.855619
415.6		0.855619
415.7		0.855619
415.8		0.855619
415.9		0.855619
416		0.855619
416.1		0.857356
416.2		0.857356
416.3		0.857356
416.4		0.857356
416.5		0.857356
416.6		0.857356
416.7		0.857356
416.8		0.857356
416.9		0.857356
417		0.857356
417.1		0.861
417.2		0.861
417.3		0.861
417.4		0.861
417.5		0.861
417.6		0.861
417.7		0.861
417.8		0.861
417.9		0.861
418		0.861
418.1		0.863317
418.2		0.863317
418.3		0.863317
418.4		0.863317
418.5		0.863317
418.6		0.863317
418.7		0.863317
418.8		0.863317
418.9		0.863317
419		0.863317
419.1		0.864289
419.2		0.864289
419.3		0.864289
419.4		0.864289
419.5		0.864289
419.6		0.864289
419.7		0.864289
419.8		0.864289
419.9		0.864289
420		0.864289
420.1		0.865186
420.2		0.865186
420.3		0.865186
420.4		0.865186
420.5		0.865186
420.6		0.865186
420.7		0.865186
420.8		0.865186
420.9		0.865186
421		0.865186
421.1		0.866942
421.2		0.866942
421.3		0.866942
421.4		0.866942
421.5		0.866942
421.6		0.866942
421.7		0.866942
421.8		0.866942
421.9		0.866942
422		0.866942
422.1		0.870473
422.2		0.870473
422.3		0.870473
422.4		0.870473
422.5		0.870473
422.6		0.870473
422.7		0.870473
422.8		0.870473
422.9		0.870473
423		0.870473
423.1		0.871651
423.2		0.871651
423.3		0.871651
423.4		0.871651
423.5		0.871651
423.6		0.871651
423.7		0.871651
423.8		0.871651
423.9		0.871651
424		0.871651
424.1		0.87436
424.2		0.87436
424.3		0.87436
424.4		0.87436
424.5		0.87436
424.6		0.87436
424.7		0.87436
424.8		0.87436
424.9		0.87436
425		0.87436
425.1		0.874883
425.2		0.874883
425.3		0.874883
425.4		0.874883
425.5		0.874883
425.6		0.874883
425.7		0.874883
425.8		0.874883
425.9		0.874883
426		0.874883
426.1		0.880769
426.2		0.880769
426.3		0.880769
426.4		0.880769
426.5		0.880769
426.6		0.880769
426.7		0.880769
426.8		0.880769
426.9		0.880769
427		0.880769
427.1		0.881255
427.2		0.881255
427.3		0.881255
427.4		0.881255
427.5		0.881255
427.6		0.881255
427.7		0.881255
427.8		0.881255
427.9		0.881255
428		0.881255
428.1		0.88189
428.2		0.88189
428.3		0.88189
428.4		0.88189
428.5		0.88189
428.6		0.88189
428.7		0.88189
428.8		0.88189
428.9		0.88189
429		0.88189
429.1		0.882301
429.2		0.882301
429.3		0.882301
429.4		0.882301
429.5		0.882301
429.6		0.882301
429.7		0.882301
429.8		0.882301
429.9		0.882301
430		0.882301
430.1		0.890971
430.2		0.890971
430.3		0.890971
430.4		0.890971
430.5		0.890971
430.6		0.890971
430.7		0.890971
430.8		0.890971
430.9		0.890971
431		0.890971
431.1		0.891364
431.2		0.891364
431.3		0.891364
431.4		0.891364
431.5		0.891364
431.6		0.891364
431.7		0.891364
431.8		0.891364
431.9		0.891364
432		0.891364
432.1		0.893363
432.2		0.893363
432.3		0.893363
432.4		0.893363
432.5		0.893363
432.6		0.893363
432.7		0.893363
432.8		0.893363
432.9		0.893363
433		0.893363
433.1		0.893625
433.2		0.893625
433.3		0.893625
433.4		0.893625
433.5		0.893625
433.6		0.893625
433.7		0.893625
433.8		0.893625
433.9		0.893625
434		0.893625
434.1		0.898557
434.2		0.898557
434.3		0.898557
434.4		0.898557
434.5		0.898557
434.6		0.898557
434.7		0.898557
434.8		0.898557
434.9		0.898557
435		0.898557
435.1		0.89938
435.2		0.89938
435.3		0.89938
435.4		0.89938
435.5		0.89938
435.6		0.89938
435.7		0.89938
435.8		0.89938
435.9		0.89938
436		0.89938
436.1		0.901024
436.2		0.901024
436.3		0.901024
436.4		0.901024
436.5		0.901024
436.6		0.901024
436.7		0.901024
436.8		0.901024
436.9		0.901024
437		0.901024
437.1		0.90136
437.2		0.90136
437.3		0.90136
437.4		0.90136
437.5		0.90136
437.6		0.90136
437.7		0.90136
437.8		0.90136
437.9		0.90136
438		0.90136
438.1		0.906872
438.2		0.906872
438.3		0.906872
438.4		0.906872
438.5		0.906872
438.6		0.906872
438.7		0.906872
438.8		0.906872
438.9		0.906872
439		0.906872
439.1		0.90904
439.2		0.90904
439.3		0.90904
439.4		0.90904
439.5		0.90904
439.6		0.90904
439.7		0.90904
439.8		0.90904
439.9		0.90904
440		0.90904
440.1		0.909787
440.2		0.909787
440.3		0.909787
440.4		0.909787
440.5		0.909787
440.6		0.909787
440.7		0.909787
440.8		0.909787
440.9		0.909787
441		0.909787
441.1		0.910479
441.2		0.910479
441.3		0.910479
441.4		0.910479
441.5		0.910479
441.6		0.910479
441.7		0.910479
441.8		0.910479
441.9		0.910479
442		0.910479
442.1		0.917261
442.2		0.917261
442.3		0.917261
442.4		0.917261
442.5		0.917261
442.6		0.917261
442.7		0.917261
442.8		0.917261
442.9		0.917261
443		0.917261
443.1		0.917579
443.2		0.917579
443.3		0.917579
443.4		0.917579
443.5		0.917579
443.6		0.917579
443.7		0.917579
443.8		0.917579
443.9		0.917579
444		0.917579
444.1		0.91885
444.2		0.91885
444.3		0.91885
444.4		0.91885
444.5		0.91885
444.6		0.91885
444.7		0.91885
444.8		0.91885
444.9		0.91885
445		0.91885
445.1		0.920625
445.2		0.920625
445.3		0.920625
445.4		0.920625
445.5		0.920625
445.6		0.920625
445.7		0.920625
445.8		0.920625
445.9		0.920625
446		0.920625
446.1		0.922045
446.2		0.922045
446.3		0.922045
446.4		0.922045
446.5		0.922045
446.6		0.922045
446.7		0.922045
446.8		0.922045
446.9		0.922045
447		0.922045
447.1		0.925875
447.2		0.925875
447.3		0.925875
447.4		0.925875
447.5		0.925875
447.6		0.925875
447.7		0.925875
447.8		0.925875
447.9		0.925875
448		0.925875
448.1		0.927295
448.2		0.927295
448.3		0.927295
448.4		0.927295
448.5		0.927295
448.6		0.927295
448.7		0.927295
448.8		0.927295
448.9		0.927295
449		0.927295
449.1		0.927763
449.2		0.927763
449.3		0.927763
449.4		0.927763
449.5		0.927763
449.6		0.927763
449.7		0.927763
449.8		0.927763
449.9		0.927763
450		0.927763
450.1		0.931929
450.2		0.931929
450.3		0.931929
450.4		0.931929
450.5		0.931929
450.6		0.931929
450.7		0.931929
450.8		0.931929
450.9		0.931929
451		0.931929
451.1		0.932901
451.2		0.932901
451.3		0.932901
451.4		0.932901
451.5		0.932901
451.6		0.932901
451.7		0.932901
451.8		0.932901
451.9		0.932901
452		0.932901
452.1		0.934433
452.2		0.934433
452.3		0.934433
452.4		0.934433
452.5		0.934433
452.6		0.934433
452.7		0.934433
452.8		0.934433
452.9		0.934433
453		0.934433
453.1		0.936264
453.2		0.936264
453.3		0.936264
453.4		0.936264
453.5		0.936264
453.6		0.936264
453.7		0.936264
453.8		0.936264
453.9		0.936264
454		0.936264
454.1		0.939497
454.2		0.939497
454.3		0.939497
454.4		0.939497
454.5		0.939497
454.6		0.939497
454.7		0.939497
454.8		0.939497
454.9		0.939497
455		0.939497
455.1		0.94372
455.2		0.94372
455.3		0.94372
455.4		0.94372
455.5		0.94372
455.6		0.94372
455.7		0.94372
455.8		0.94372
455.9		0.94372
456		0.94372
456.1		0.944617
456.2		0.944617
456.3		0.944617
456.4		0.944617
456.5		0.944617
456.6		0.944617
456.7		0.944617
456.8		0.944617
456.9		0.944617
457		0.944617
457.1		0.945514
457.2		0.945514
457.3		0.945514
457.4		0.945514
457.5		0.945514
457.6		0.945514
457.7		0.945514
457.8		0.945514
457.9		0.945514
458		0.945514
458.1		0.949045
458.2		0.949045
458.3		0.949045
458.4		0.949045
458.5		0.949045
458.6		0.949045
458.7		0.949045
458.8		0.949045
458.9		0.949045
459		0.949045
459.1		0.951269
459.2		0.951269
459.3		0.951269
459.4		0.951269
459.5		0.951269
459.6		0.951269
459.7		0.951269
459.8		0.951269
459.9		0.951269
460		0.951269
460.1		0.953773
460.2		0.953773
460.3		0.953773
460.4		0.953773
460.5		0.953773
460.6		0.953773
460.7		0.953773
460.8		0.953773
460.9		0.953773
461		0.953773
461.1		0.955118
461.2		0.955118
461.3		0.955118
461.4		0.955118
461.5		0.955118
461.6		0.955118
461.7		0.955118
461.8		0.955118
461.9		0.955118
462		0.955118
462.1		0.955193
462.2		0.955193
462.3		0.955193
462.4		0.955193
462.5		0.955193
462.6		0.955193
462.7		0.955193
462.8		0.955193
462.9		0.955193
463		0.955193
463.1		0.958089
463.2		0.958089
463.3		0.958089
463.4		0.958089
463.5		0.958089
463.6		0.958089
463.7		0.958089
463.8		0.958089
463.9		0.958089
464		0.958089
464.1		0.962816
464.2		0.962816
464.3		0.962816
464.4		0.962816
464.5		0.962816
464.6		0.962816
464.7		0.962816
464.8		0.962816
464.9		0.962816
465		0.962816
465.1		0.962872
465.2		0.962872
465.3		0.962872
465.4		0.962872
465.5		0.962872
465.6		0.962872
465.7		0.962872
465.8		0.962872
465.9		0.962872
466		0.962872
466.1		0.963993
466.2		0.963993
466.3		0.963993
466.4		0.963993
466.5		0.963993
466.6		0.963993
466.7		0.963993
466.8		0.963993
466.9		0.963993
467		0.963993
467.1		0.964722
467.2		0.964722
467.3		0.964722
467.4		0.964722
467.5		0.964722
467.6		0.964722
467.7		0.964722
467.8		0.964722
467.9		0.964722
468		0.964722
468.1		0.970851
468.2		0.970851
468.3		0.970851
468.4		0.970851
468.5		0.970851
468.6		0.970851
468.7		0.970851
468.8		0.970851
468.9		0.970851
469		0.970851
469.1		0.97242
469.2		0.97242
469.3		0.97242
469.4		0.97242
469.5		0.97242
469.6		0.97242
469.7		0.97242
469.8		0.97242
469.9		0.97242
470		0.97242
470.1		0.97328
470.2		0.97328
470.3		0.97328
470.4		0.97328
470.5		0.97328
470.6		0.97328
470.7		0.97328
470.8		0.97328
470.9		0.97328
471		0.97328
471.1		0.974364
471.2		0.974364
471.3		0.974364
471.4		0.974364
471.5		0.974364
471.6		0.974364
471.7		0.974364
471.8		0.974364
471.9		0.974364
472		0.974364
472.1		0.979147
472.2		0.979147
472.3		0.979147
472.4		0.979147
472.5		0.979147
472.6		0.979147
472.7		0.979147
472.8		0.979147
472.9		0.979147
473		0.979147
473.1		0.979446
473.2		0.979446
473.3		0.979446
473.4		0.979446
473.5		0.979446
473.6		0.979446
473.7		0.979446
473.8		0.979446
473.9		0.979446
474		0.979446
474.1		0.984136
474.2		0.984136
474.3		0.984136
474.4		0.984136
474.5		0.984136
474.6		0.984136
474.7		0.984136
474.8		0.984136
474.9		0.984136
475		0.984136
475.1		0.984809
475.2		0.984809
475.3		0.984809
475.4		0.984809
475.5		0.984809
475.6		0.984809
475.7		0.984809
475.8		0.984809
475.9		0.984809
476		0.984809
476.1		0.988023
476.2		0.988023
476.3		0.988023
476.4		0.988023
476.5		0.988023
476.6		0.988023
476.7		0.988023
476.8		0.988023
476.9		0.988023
477		0.988023
477.1		0.98849
477.2		0.98849
477.3		0.98849
477.4		0.98849
477.5		0.98849
477.6		0.98849
477.7		0.98849
477.8		0.98849
477.9		0.98849
478		0.98849
478.1		0.989088
478.2		0.989088
478.3		0.989088
478.4		0.989088
478.5		0.989088
478.6		0.989088
478.7		0.989088
478.8		0.989088
478.9		0.989088
479		0.989088
479.1		0.99105
479.2		0.99105
479.3		0.99105
479.4		0.99105
479.5		0.99105
479.6		0.99105
479.7		0.99105
479.8		0.99105
479.9		0.99105
480		0.99105
480.1		0.996188
480.2		0.996188
480.3		0.996188
480.4		0.996188
480.5		0.996188
480.6		0.996188
480.7		0.996188
480.8		0.996188
480.9		0.996188
481		0.996188
481.1		0.998898
481.2		0.998898
481.3		0.998898
481.4		0.998898
481.5		0.998898
481.6		0.998898
481.7		0.998898
481.8		0.998898
481.9		0.998898
482		0.998898
482.1		0.999402
482.2		0.999402
482.3		0.999402
482.4		0.999402
482.5		0.999402
482.6		0.999402
482.7		0.999402
482.8		0.999402
482.9		0.999402
483		0.999402
483.1		0.999925
483.2		0.999925
483.3		0.999925
483.4		0.999925
483.5		0.999925
483.6		0.999925
483.7		0.999925
483.8		0.999925
483.9		0.999925
484		0.999925
484.1		1
484.2		1
484.3		1
484.4		1
484.5		1
484.6		1
484.7		1
484.8		1
484.9		1
485		1
485.1		1
485.2		1
485.3		1
485.4		1
485.5		1
485.6		1
485.7		1
485.8		1
485.9		1
486		1
486.1		1
486.2		1
486.3		1
486.4		1
486.5		1
486.6		1
486.7		1
486.8		1
486.9		1
487		1
487.1		1
487.2		1
487.3		1
487.4		1
487.5		1
487.6		1
487.7		1
487.8		1
487.9		1
488		1
488.1		1
488.2		1
488.3		1
488.4		1
488.5		1
488.6		1
488.7		1
488.8		1
488.9		1
489		1
489.1		1
489.2		1
489.3		1
489.4		1
489.5		1
489.6		1
489.7		1
489.8		1
489.9		1
490		1
490.1		1
490.2		1
490.3		1
490.4		1
490.5		1
490.6		1
490.7		1
490.8		1
490.9		1
491		1
491.1		1
491.2		1
491.3		1
491.4		1
491.5		1
491.6		1
491.7		1
491.8		1
491.9		1
492		1
492.1		1
492.2		1
492.3		1
492.4		1
492.5		1
492.6		1
492.7		1
492.8		1
492.9		1
493		1
493.1		1
493.2		1
493.3		1
493.4		1
493.5		1
493.6		1
493.7		1
493.8		1
493.9		1
494		1
494.1		1
494.2		1
494.3		1
494.4		1
494.5		1
494.6		1
494.7		1
494.8		1
494.9		1
495		1
495.1		1
495.2		1
495.3		1
495.4		1
495.5		1
495.6		1
495.7		1
495.8		1
495.9		1
496		1
496.1		1
496.2		1
496.3		1
496.4		1
496.5		1
496.6		1
496.7		1
496.8		1
496.9		1
497		1
497.1		1
497.2		1
497.3		1
497.4		1
497.5		1
497.6		1
497.7		1
497.8		1
497.9		1
498		1
498.1		1
498.2		1
498.3		1
498.4		1
498.5		1
498.6		1
498.7		1
498.8		1
498.9		1
499		1
499.1		1
499.2		1
499.3		1
499.4		1
499.5		1
499.6		1
499.7		1
499.8		1
499.9		1
500		1
500.1		1
500.2		1
500.3		1
500.4		1
500.5		1
500.6		1
500.7		1
500.8		1
500.9		1
501		1
501.1		1
501.2		1
501.3		1
501.4		1
501.5		1
501.6		1
501.7		1
501.8		1
501.9		1
502		1
502.1		1
502.2		1
502.3		1
502.4		1
502.5		1
502.6		1
502.7		1
502.8		1
502.9		1
503		1
503.1		1
503.2		1
503.3		1
503.4		1
503.5		1
503.6		1
503.7		1
503.8		1
503.9		1
504		1
504.1		1
504.2		1
504.3		1
504.4		1
504.5		1
504.6		1
504.7		1
504.8		1
504.9		1
505		1
505.1		1
505.2		1
505.3		1
505.4		1
505.5		1
505.6		1
505.7		1
505.8		1
505.9		1
506		1
506.1		1
506.2		1
506.3		1
506.4		1
506.5		1
506.6		1
506.7		1
506.8		1
506.9		1
507		1
507.1		1
507.2		1
507.3		1
507.4		1
507.5		1
507.6		1
507.7		1
507.8		1
507.9		1
508		1
508.1		1
508.2		1
508.3		1
508.4		1
508.5		1
508.6		1
508.7		1
508.8		1
508.9		1
509		1
509.1		1
509.2		1
509.3		1
509.4		1
509.5		1
509.6		1
509.7		1
509.8		1
509.9		1
510		1
510.1		1
510.2		1
510.3		1
510.4		1
510.5		1
510.6		1
510.7		1
510.8		1
510.9		1
511		1
511.1		1
511.2		1
511.3		1
511.4		1
511.5		1
511.6		1
511.7		1
511.8		1
511.9		1
512		1
512.1		1
512.2		1
512.3		1
512.4		1
512.5		1
512.6		1
512.7		1
512.8		1
512.9		1
513		1
513.1		1
513.2		1
513.3		1
513.4		1
513.5		1
513.6		1
513.7		1
513.8		1
513.9		1
514		1
514.1		1
514.2		1
514.3		1
514.4		1
514.5		1
514.6		1
514.7		1
514.8		1
514.9		1
515		1
515.1		1
515.2		1
515.3		1
515.4		1
515.5		1
515.6		1
515.7		1
515.8		1
515.9		1
516		1
516.1		1
516.2		1
516.3		1
516.4		1
516.5		1
516.6		1
516.7		1
516.8		1
516.9		1
517		1
517.1		1
517.2		1
517.3		1
517.4		1
517.5		1
517.6		1
517.7		1
517.8		1
517.9		1
518		1
518.1		1
518.2		1
518.3		1
518.4		1
518.5		1
518.6		1
518.7		1
518.8		1
518.9		1
519		1
519.1		1
519.2		1
519.3		1
519.4		1
519.5		1
519.6		1
519.7		1
519.8		1
519.9		1
520		1
520.1		1
520.2		1
520.3		1
520.4		1
520.5		1
520.6		1
520.7		1
520.8		1
520.9		1
521		1
521.1		1
521.2		1
521.3		1
521.4		1
521.5		1
521.6		1
521.7		1
521.8		1
521.9		1
522		1
522.1		1
522.2		1
522.3		1
522.4		1
522.5		1
522.6		1
522.7		1
522.8		1
522.9		1
523		1
523.1		1
523.2		1
523.3		1
523.4		1
523.5		1
523.6		1
523.7		1
523.8		1
523.9		1
524		1
524.1		1
524.2		1
524.3		1
524.4		1
524.5		1
524.6		1
524.7		1
524.8		1
524.9		1
525		1
525.1		1
525.2		1
525.3		1
525.4		1
525.5		1
525.6		1
525.7		1
525.8		1
525.9		1
526		1
526.1		1
526.2		1
526.3		1
526.4		1
526.5		1
526.6		1
526.7		1
526.8		1
526.9		1
527		1
527.1		1
527.2		1
527.3		1
527.4		1
527.5		1
527.6		1
527.7		1
527.8		1
527.9		1
528		1
528.1		1
528.2		1
528.3		1
528.4		1
528.5		1
528.6		1
528.7		1
528.8		1
528.9		1
529		1
529.1		1
529.2		1
529.3		1
529.4		1
529.5		1
529.6		1
529.7		1
529.8		1
529.9		1
530		1
530.1		1
530.2		1
530.3		1
530.4		1
530.5		1
530.6		1
530.7		1
530.8		1
530.9		1
531		1
531.1		1
531.2		1
531.3		1
531.4		1
531.5		1
531.6		1
531.7		1
531.8		1
531.9		1
532		1
532.1		1
532.2		1
532.3		1
532.4		1
532.5		1
532.6		1
532.7		1
532.8		1
532.9		1
533		1
533.1		1
533.2		1
533.3		1
533.4		1
533.5		1
533.6		1
533.7		1
533.8		1
533.9		1
534		1
534.1		1
534.2		1
534.3		1
534.4		1
534.5		1
534.6		1
534.7		1
534.8		1
534.9		1
535		1
535.1		1
535.2		1
535.3		1
535.4		1
535.5		1
535.6		1
535.7		1
535.8		1
535.9		1
536		1
536.1		1
536.2		1
536.3		1
536.4		1
536.5		1
536.6		1
536.7		1
536.8		1
536.9		1
537		1
537.1		1
537.2		1
537.3		1
537.4		1
537.5		1
537.6		1
537.7		1
537.8		1
537.9		1
538		1
538.1		1
538.2		1
538.3		1
538.4		1
538.5		1
538.6		1
538.7		1
538.8		1
538.9		1
539		1
539.1		1
539.2		1
539.3		1
539.4		1
539.5		1
539.6		1
539.7		1
539.8		1
539.9		1
540		1
540.1		1
540.2		1
540.3		1
540.4		1
540.5		1
540.6		1
540.7		1
540.8		1
540.9		1
541		1
541.1		1
541.2		1
541.3		1
541.4		1
541.5		1
541.6		1
541.7		1
541.8		1
541.9		1
542		1
542.1		1
542.2		1
542.3		1
542.4		1
542.5		1
542.6		1
542.7		1
542.8		1
542.9		1
543		1
543.1		1
543.2		1
543.3		1
543.4		1
543.5		1
543.6		1
543.7		1
543.8		1
543.9		1
544		1
544.1		1
544.2		1
544.3		1
544.4		1
544.5		1
544.6		1
544.7		1
544.8		1
544.9		1
545		1
545.1		1
545.2		1
545.3		1
545.4		1
545.5		1
545.6		1
545.7		1
545.8		1
545.9		1
546		1
546.1		1
546.2		1
546.3		1
546.4		1
546.5		1
546.6		1
546.7		1
546.8		1
546.9		1
547		1
547.1		1
547.2		1
547.3		1
547.4		1
547.5		1
547.6		1
547.7		1
547.8		1
547.9		1
548		1
548.1		1
548.2		1
548.3		1
548.4		1
548.5		1
548.6		1
548.7		1
548.8		1
548.9		1
549		1
549.1		1
549.2		1
549.3		1
549.4		1
549.5		1
549.6		1
549.7		1
549.8		1
549.9		1
550		1
550.1		1
550.2		1
550.3		1
550.4		1
550.5		1
550.6		1
550.7		1
550.8		1
550.9		1
551		1
551.1		1
551.2		1
551.3		1
551.4		1
551.5		1
551.6		1
551.7		1
551.8		1
551.9		1
552		1
552.1		1
552.2		1
552.3		1
552.4		1
552.5		1
552.6		1
552.7		1
552.8		1
552.9		1
553		1
553.1		1
553.2		1
553.3		1
553.4		1
553.5		1
553.6		1
553.7		1
553.8		1
553.9		1
554		1
554.1		1
554.2		1
554.3		1
554.4		1
554.5		1
554.6		1
554.7		1
554.8		1
554.9		1
555		1
555.1		1
555.2		1
555.3		1
555.4		1
555.5		1
555.6		1
555.7		1
555.8		1
555.9		1
556		1
556.1		1
556.2		1
556.3		1
556.4		1
556.5		1
556.6		1
556.7		1
556.8		1
556.9		1
557		1
557.1		1
557.2		1
557.3		1
557.4		1
557.5		1
557.6		1
557.7		1
557.8		1
557.9		1
558		1
558.1		1
558.2		1
558.3		1
558.4		1
558.5		1
558.6		1
558.7		1
558.8		1
558.9		1
559		1
559.1		1
559.2		1
559.3		1
559.4		1
559.5		1
559.6		1
559.7		1
559.8		1
559.9		1
560		1
560.1		1
560.2		1
560.3		1
560.4		1
560.5		1
560.6		1
560.7		1
560.8		1
560.9		1
561		1
561.1		1
561.2		1
561.3		1
561.4		1
561.5		1
561.6		1
561.7		1
561.8		1
561.9		1
562		1
562.1		1
562.2		1
562.3		1
562.4		1
562.5		1
562.6		1
562.7		1
562.8		1
562.9		1
563		1
563.1		1
563.2		1
563.3		1
563.4		1
563.5		1
563.6		1
563.7		1
563.8		1
563.9		1
564		1
564.1		1
564.2		1
564.3		1
564.4		1
564.5		1
564.6		1
564.7		1
564.8		1
564.9		1
565		1
565.1		1
565.2		1
565.3		1
565.4		1
565.5		1
565.6		1
565.7		1
565.8		1
565.9		1
566		1
566.1		1
566.2		1
566.3		1
566.4		1
566.5		1
566.6		1
566.7		1
566.8		1
566.9		1
567		1
567.1		1
567.2		1
567.3		1
567.4		1
567.5		1
567.6		1
567.7		1
567.8		1
567.9		1
568		1
568.1		1
568.2		1
568.3		1
568.4		1
568.5		1
568.6		1
568.7		1
568.8		1
568.9		1
569		1
569.1		1
569.2		1
569.3		1
569.4		1
569.5		1
569.6		1
569.7		1
569.8		1
569.9		1
570		1
570.1		1
570.2		1
570.3		1
570.4		1
570.5		1
570.6		1
570.7		1
570.8		1
570.9		1
571		1
571.1		1
571.2		1
571.3		1
571.4		1
571.5		1
571.6		1
571.7		1
571.8		1
571.9		1
572		1
572.1		1
572.2		1
572.3		1
572.4		1
572.5		1
572.6		1
572.7		1
572.8		1
572.9		1
573		1
573.1		1
573.2		1
573.3		1
573.4		1
573.5		1
573.6		1
573.7		1
573.8		1
573.9		1
574		1
574.1		1
574.2		1
574.3		1
574.4		1
574.5		1
574.6		1
574.7		1
574.8		1
574.9		1
575		1
575.1		1
575.2		1
575.3		1
575.4		1
575.5		1
575.6		1
575.7		1
575.8		1
575.9		1
576		1
576.1		1
576.2		1
576.3		1
576.4		1
576.5		1
576.6		1
576.7		1
576.8		1
576.9		1
577		1
577.1		1
577.2		1
577.3		1
577.4		1
577.5		1
577.6		1
577.7		1
577.8		1
577.9		1
578		1
578.1		1
578.2		1
578.3		1
578.4		1
578.5		1
578.6		1
578.7		1
578.8		1
578.9		1
579		1
579.1		1
579.2		1
579.3		1
579.4		1
579.5		1
579.6		1
579.7		1
579.8		1
579.9		1
580		1
580.1		1
580.2		1
580.3		1
580.4		1
580.5		1
580.6		1
580.7		1
580.8		1
580.9		1
581		1
581.1		1
581.2		1
581.3		1
581.4		1
581.5		1
581.6		1
581.7		1
581.8		1
581.9		1
582		1
582.1		1
582.2		1
582.3		1
582.4		1
582.5		1
582.6		1
582.7		1
582.8		1
582.9		1
583		1
583.1		1
583.2		1
583.3		1
583.4		1
583.5		1
583.6		1
583.7		1
583.8		1
583.9		1
584		1
584.1		1
584.2		1
584.3		1
584.4		1
584.5		1
584.6		1
584.7		1
584.8		1
584.9		1
585		1
585.1		1
585.2		1
585.3		1
585.4		1
585.5		1
585.6		1
585.7		1
585.8		1
585.9		1
586		1
586.1		1
586.2		1
586.3		1
586.4		1
586.5		1
586.6		1
586.7		1
586.8		1
586.9		1
587		1
587.1		1
587.2		1
587.3		1
587.4		1
587.5		1
587.6		1
587.7		1
587.8		1
587.9		1
588		1
588.1		1
588.2		1
588.3		1
588.4		1
588.5		1
588.6		1
588.7		1
588.8		1
588.9		1
589		1
589.1		1
589.2		1
589.3		1
589.4		1
589.5		1
589.6		1
589.7		1
589.8		1
589.9		1
590		1
590.1		1
590.2		1
590.3		1
590.4		1
590.5		1
590.6		1
590.7		1
590.8		1
590.9		1
591		1
591.1		1
591.2		1
591.3		1
591.4		1
591.5		1
591.6		1
591.7		1
591.8		1
591.9		1
592		1
592.1		1
592.2		1
592.3		1
592.4		1
592.5		1
592.6		1
592.7		1
592.8		1
592.9		1
593		1
593.1		1
593.2		1
593.3		1
593.4		1
593.5		1
593.6		1
593.7		1
593.8		1
593.9		1
594		1
594.1		1
594.2		1
594.3		1
594.4		1
594.5		1
594.6		1
594.7		1
594.8		1
594.9		1
595		1
595.1		1
595.2		1
595.3		1
595.4		1
595.5		1
595.6		1
595.7		1
595.8		1
595.9		1
596		1
596.1		1
596.2		1
596.3		1
596.4		1
596.5		1
596.6		1
596.7		1
596.8		1
596.9		1
597		1
597.1		1
597.2		1
597.3		1
597.4		1
597.5		1
597.6		1
597.7		1
597.8		1
597.9		1
598		1
598.1		1
598.2		1
598.3		1
598.4		1
598.5		1
598.6		1
598.7		1
598.8		1
598.9		1
599		1
599.1		1
599.2		1
599.3		1
599.4		1
599.5		1
599.6		1
599.7		1
599.8		1
599.9		1
600		1
