# Calibration file of tamex_id 0 @ channel 62
# fine_T bin		 Calibration value
0.1		0
0.2		0
0.3		0
0.4		0
0.5		0
0.6		0
0.7		0
0.8		0
0.9		0
1		0
1.1		0
1.2		0
1.3		0
1.4		0
1.5		0
1.6		0
1.7		0
1.8		0
1.9		0
2		0
2.1		0
2.2		0
2.3		0
2.4		0
2.5		0
2.6		0
2.7		0
2.8		0
2.9		0
3		0
3.1		0
3.2		0
3.3		0
3.4		0
3.5		0
3.6		0
3.7		0
3.8		0
3.9		0
4		0
4.1		0
4.2		0
4.3		0
4.4		0
4.5		0
4.6		0
4.7		0
4.8		0
4.9		0
5		0
5.1		0
5.2		0
5.3		0
5.4		0
5.5		0
5.6		0
5.7		0
5.8		0
5.9		0
6		0
6.1		0
6.2		0
6.3		0
6.4		0
6.5		0
6.6		0
6.7		0
6.8		0
6.9		0
7		0
7.1		0
7.2		0
7.3		0
7.4		0
7.5		0
7.6		0
7.7		0
7.8		0
7.9		0
8		0
8.1		0
8.2		0
8.3		0
8.4		0
8.5		0
8.6		0
8.7		0
8.8		0
8.9		0
9		0
9.1		0
9.2		0
9.3		0
9.4		0
9.5		0
9.6		0
9.7		0
9.8		0
9.9		0
10		0
10.1		0
10.2		0
10.3		0
10.4		0
10.5		0
10.6		0
10.7		0
10.8		0
10.9		0
11		0
11.1		0
11.2		0
11.3		0
11.4		0
11.5		0
11.6		0
11.7		0
11.8		0
11.9		0
12		0
12.1		0
12.2		0
12.3		0
12.4		0
12.5		0
12.6		0
12.7		0
12.8		0
12.9		0
13		0
13.1		0
13.2		0
13.3		0
13.4		0
13.5		0
13.6		0
13.7		0
13.8		0
13.9		0
14		0
14.1		0
14.2		0
14.3		0
14.4		0
14.5		0
14.6		0
14.7		0
14.8		0
14.9		0
15		0
15.1		0
15.2		0
15.3		0
15.4		0
15.5		0
15.6		0
15.7		0
15.8		0
15.9		0
16		0
16.1		0.00562749
16.2		0.00562749
16.3		0.00562749
16.4		0.00562749
16.5		0.00562749
16.6		0.00562749
16.7		0.00562749
16.8		0.00562749
16.9		0.00562749
17		0.00562749
17.1		0.00908176
17.2		0.00908176
17.3		0.00908176
17.4		0.00908176
17.5		0.00908176
17.6		0.00908176
17.7		0.00908176
17.8		0.00908176
17.9		0.00908176
18		0.00908176
18.1		0.0100883
18.2		0.0100883
18.3		0.0100883
18.4		0.0100883
18.5		0.0100883
18.6		0.0100883
18.7		0.0100883
18.8		0.0100883
18.9		0.0100883
19		0.0100883
19.1		0.0105229
19.2		0.0105229
19.3		0.0105229
19.4		0.0105229
19.5		0.0105229
19.6		0.0105229
19.7		0.0105229
19.8		0.0105229
19.9		0.0105229
20		0.0105229
20.1		0.0175687
20.2		0.0175687
20.3		0.0175687
20.4		0.0175687
20.5		0.0175687
20.6		0.0175687
20.7		0.0175687
20.8		0.0175687
20.9		0.0175687
21		0.0175687
21.1		0.0201537
21.2		0.0201537
21.3		0.0201537
21.4		0.0201537
21.5		0.0201537
21.6		0.0201537
21.7		0.0201537
21.8		0.0201537
21.9		0.0201537
22		0.0201537
22.1		0.0207943
22.2		0.0207943
22.3		0.0207943
22.4		0.0207943
22.5		0.0207943
22.6		0.0207943
22.7		0.0207943
22.8		0.0207943
22.9		0.0207943
23		0.0207943
23.1		0.0210688
23.2		0.0210688
23.3		0.0210688
23.4		0.0210688
23.5		0.0210688
23.6		0.0210688
23.7		0.0210688
23.8		0.0210688
23.9		0.0210688
24		0.0210688
24.1		0.0266734
24.2		0.0266734
24.3		0.0266734
24.4		0.0266734
24.5		0.0266734
24.6		0.0266734
24.7		0.0266734
24.8		0.0266734
24.9		0.0266734
25		0.0266734
25.1		0.0278401
25.2		0.0278401
25.3		0.0278401
25.4		0.0278401
25.5		0.0278401
25.6		0.0278401
25.7		0.0278401
25.8		0.0278401
25.9		0.0278401
26		0.0278401
26.1		0.0286636
26.2		0.0286636
26.3		0.0286636
26.4		0.0286636
26.5		0.0286636
26.6		0.0286636
26.7		0.0286636
26.8		0.0286636
26.9		0.0286636
27		0.0286636
27.1		0.031729
27.2		0.031729
27.3		0.031729
27.4		0.031729
27.5		0.031729
27.6		0.031729
27.7		0.031729
27.8		0.031729
27.9		0.031729
28		0.031729
28.1		0.035229
28.2		0.035229
28.3		0.035229
28.4		0.035229
28.5		0.035229
28.6		0.035229
28.7		0.035229
28.8		0.035229
28.9		0.035229
29		0.035229
29.1		0.0372878
29.2		0.0372878
29.3		0.0372878
29.4		0.0372878
29.5		0.0372878
29.6		0.0372878
29.7		0.0372878
29.8		0.0372878
29.9		0.0372878
30		0.0372878
30.1		0.0375395
30.2		0.0375395
30.3		0.0375395
30.4		0.0375395
30.5		0.0375395
30.6		0.0375395
30.7		0.0375395
30.8		0.0375395
30.9		0.0375395
31		0.0375395
31.1		0.0402388
31.2		0.0402388
31.3		0.0402388
31.4		0.0402388
31.5		0.0402388
31.6		0.0402388
31.7		0.0402388
31.8		0.0402388
31.9		0.0402388
32		0.0402388
32.1		0.0440134
32.2		0.0440134
32.3		0.0440134
32.4		0.0440134
32.5		0.0440134
32.6		0.0440134
32.7		0.0440134
32.8		0.0440134
32.9		0.0440134
33		0.0440134
33.1		0.0450199
33.2		0.0450199
33.3		0.0450199
33.4		0.0450199
33.5		0.0450199
33.6		0.0450199
33.7		0.0450199
33.8		0.0450199
33.9		0.0450199
34		0.0450199
34.1		0.0451343
34.2		0.0451343
34.3		0.0451343
34.4		0.0451343
34.5		0.0451343
34.6		0.0451343
34.7		0.0451343
34.8		0.0451343
34.9		0.0451343
35		0.0451343
35.1		0.0495951
35.2		0.0495951
35.3		0.0495951
35.4		0.0495951
35.5		0.0495951
35.6		0.0495951
35.7		0.0495951
35.8		0.0495951
35.9		0.0495951
36		0.0495951
36.1		0.0506016
36.2		0.0506016
36.3		0.0506016
36.4		0.0506016
36.5		0.0506016
36.6		0.0506016
36.7		0.0506016
36.8		0.0506016
36.9		0.0506016
37		0.0506016
37.1		0.0519971
37.2		0.0519971
37.3		0.0519971
37.4		0.0519971
37.5		0.0519971
37.6		0.0519971
37.7		0.0519971
37.8		0.0519971
37.9		0.0519971
38		0.0519971
38.1		0.0547193
38.2		0.0547193
38.3		0.0547193
38.4		0.0547193
38.5		0.0547193
38.6		0.0547193
38.7		0.0547193
38.8		0.0547193
38.9		0.0547193
39		0.0547193
39.1		0.0566409
39.2		0.0566409
39.3		0.0566409
39.4		0.0566409
39.5		0.0566409
39.6		0.0566409
39.7		0.0566409
39.8		0.0566409
39.9		0.0566409
40		0.0566409
40.1		0.0592488
40.2		0.0592488
40.3		0.0592488
40.4		0.0592488
40.5		0.0592488
40.6		0.0592488
40.7		0.0592488
40.8		0.0592488
40.9		0.0592488
41		0.0592488
41.1		0.0605527
41.2		0.0605527
41.3		0.0605527
41.4		0.0605527
41.5		0.0605527
41.6		0.0605527
41.7		0.0605527
41.8		0.0605527
41.9		0.0605527
42		0.0605527
42.1		0.0606442
42.2		0.0606442
42.3		0.0606442
42.4		0.0606442
42.5		0.0606442
42.6		0.0606442
42.7		0.0606442
42.8		0.0606442
42.9		0.0606442
43		0.0606442
43.1		0.0622226
43.2		0.0622226
43.3		0.0622226
43.4		0.0622226
43.5		0.0622226
43.6		0.0622226
43.7		0.0622226
43.8		0.0622226
43.9		0.0622226
44		0.0622226
44.1		0.0663861
44.2		0.0663861
44.3		0.0663861
44.4		0.0663861
44.5		0.0663861
44.6		0.0663861
44.7		0.0663861
44.8		0.0663861
44.9		0.0663861
45		0.0663861
45.1		0.0684449
45.2		0.0684449
45.3		0.0684449
45.4		0.0684449
45.5		0.0684449
45.6		0.0684449
45.7		0.0684449
45.8		0.0684449
45.9		0.0684449
46		0.0684449
46.1		0.0690625
46.2		0.0690625
46.3		0.0690625
46.4		0.0690625
46.5		0.0690625
46.6		0.0690625
46.7		0.0690625
46.8		0.0690625
46.9		0.0690625
47		0.0690625
47.1		0.0708697
47.2		0.0708697
47.3		0.0708697
47.4		0.0708697
47.5		0.0708697
47.6		0.0708697
47.7		0.0708697
47.8		0.0708697
47.9		0.0708697
48		0.0708697
48.1		0.0757194
48.2		0.0757194
48.3		0.0757194
48.4		0.0757194
48.5		0.0757194
48.6		0.0757194
48.7		0.0757194
48.8		0.0757194
48.9		0.0757194
49		0.0757194
49.1		0.0779613
49.2		0.0779613
49.3		0.0779613
49.4		0.0779613
49.5		0.0779613
49.6		0.0779613
49.7		0.0779613
49.8		0.0779613
49.9		0.0779613
50		0.0779613
50.1		0.0782587
50.2		0.0782587
50.3		0.0782587
50.4		0.0782587
50.5		0.0782587
50.6		0.0782587
50.7		0.0782587
50.8		0.0782587
50.9		0.0782587
51		0.0782587
51.1		0.0811639
51.2		0.0811639
51.3		0.0811639
51.4		0.0811639
51.5		0.0811639
51.6		0.0811639
51.7		0.0811639
51.8		0.0811639
51.9		0.0811639
52		0.0811639
52.1		0.0824679
52.2		0.0824679
52.3		0.0824679
52.4		0.0824679
52.5		0.0824679
52.6		0.0824679
52.7		0.0824679
52.8		0.0824679
52.9		0.0824679
53		0.0824679
53.1		0.0861051
53.2		0.0861051
53.3		0.0861051
53.4		0.0861051
53.5		0.0861051
53.6		0.0861051
53.7		0.0861051
53.8		0.0861051
53.9		0.0861051
54		0.0861051
54.1		0.0888503
54.2		0.0888503
54.3		0.0888503
54.4		0.0888503
54.5		0.0888503
54.6		0.0888503
54.7		0.0888503
54.8		0.0888503
54.9		0.0888503
55		0.0888503
55.1		0.0901542
55.2		0.0901542
55.3		0.0901542
55.4		0.0901542
55.5		0.0901542
55.6		0.0901542
55.7		0.0901542
55.8		0.0901542
55.9		0.0901542
56		0.0901542
56.1		0.0919156
56.2		0.0919156
56.3		0.0919156
56.4		0.0919156
56.5		0.0919156
56.6		0.0919156
56.7		0.0919156
56.8		0.0919156
56.9		0.0919156
57		0.0919156
57.1		0.0933111
57.2		0.0933111
57.3		0.0933111
57.4		0.0933111
57.5		0.0933111
57.6		0.0933111
57.7		0.0933111
57.8		0.0933111
57.9		0.0933111
58		0.0933111
58.1		0.0980693
58.2		0.0980693
58.3		0.0980693
58.4		0.0980693
58.5		0.0980693
58.6		0.0980693
58.7		0.0980693
58.8		0.0980693
58.9		0.0980693
59		0.0980693
59.1		0.100059
59.2		0.100059
59.3		0.100059
59.4		0.100059
59.5		0.100059
59.6		0.100059
59.7		0.100059
59.8		0.100059
59.9		0.100059
60		0.100059
60.1		0.102233
60.2		0.102233
60.3		0.102233
60.4		0.102233
60.5		0.102233
60.6		0.102233
60.7		0.102233
60.8		0.102233
60.9		0.102233
61		0.102233
61.1		0.103674
61.2		0.103674
61.3		0.103674
61.4		0.103674
61.5		0.103674
61.6		0.103674
61.7		0.103674
61.8		0.103674
61.9		0.103674
62		0.103674
62.1		0.107357
62.2		0.107357
62.3		0.107357
62.4		0.107357
62.5		0.107357
62.6		0.107357
62.7		0.107357
62.8		0.107357
62.9		0.107357
63		0.107357
63.1		0.107906
63.2		0.107906
63.3		0.107906
63.4		0.107906
63.5		0.107906
63.6		0.107906
63.7		0.107906
63.8		0.107906
63.9		0.107906
64		0.107906
64.1		0.10921
64.2		0.10921
64.3		0.10921
64.4		0.10921
64.5		0.10921
64.6		0.10921
64.7		0.10921
64.8		0.10921
64.9		0.10921
65		0.10921
65.1		0.10937
65.2		0.10937
65.3		0.10937
65.4		0.10937
65.5		0.10937
65.6		0.10937
65.7		0.10937
65.8		0.10937
65.9		0.10937
66		0.10937
66.1		0.114883
66.2		0.114883
66.3		0.114883
66.4		0.114883
66.5		0.114883
66.6		0.114883
66.7		0.114883
66.8		0.114883
66.9		0.114883
67		0.114883
67.1		0.116507
67.2		0.116507
67.3		0.116507
67.4		0.116507
67.5		0.116507
67.6		0.116507
67.7		0.116507
67.8		0.116507
67.9		0.116507
68		0.116507
68.1		0.118429
68.2		0.118429
68.3		0.118429
68.4		0.118429
68.5		0.118429
68.6		0.118429
68.7		0.118429
68.8		0.118429
68.9		0.118429
69		0.118429
69.1		0.119115
69.2		0.119115
69.3		0.119115
69.4		0.119115
69.5		0.119115
69.6		0.119115
69.7		0.119115
69.8		0.119115
69.9		0.119115
70		0.119115
70.1		0.1244
70.2		0.1244
70.3		0.1244
70.4		0.1244
70.5		0.1244
70.6		0.1244
70.7		0.1244
70.8		0.1244
70.9		0.1244
71		0.1244
71.1		0.125543
71.2		0.125543
71.3		0.125543
71.4		0.125543
71.5		0.125543
71.6		0.125543
71.7		0.125543
71.8		0.125543
71.9		0.125543
72		0.125543
72.1		0.127282
72.2		0.127282
72.3		0.127282
72.4		0.127282
72.5		0.127282
72.6		0.127282
72.7		0.127282
72.8		0.127282
72.9		0.127282
73		0.127282
73.1		0.127488
73.2		0.127488
73.3		0.127488
73.4		0.127488
73.5		0.127488
73.6		0.127488
73.7		0.127488
73.8		0.127488
73.9		0.127488
74		0.127488
74.1		0.131354
74.2		0.131354
74.3		0.131354
74.4		0.131354
74.5		0.131354
74.6		0.131354
74.7		0.131354
74.8		0.131354
74.9		0.131354
75		0.131354
75.1		0.134648
75.2		0.134648
75.3		0.134648
75.4		0.134648
75.5		0.134648
75.6		0.134648
75.7		0.134648
75.8		0.134648
75.9		0.134648
76		0.134648
76.1		0.135815
76.2		0.135815
76.3		0.135815
76.4		0.135815
76.5		0.135815
76.6		0.135815
76.7		0.135815
76.8		0.135815
76.9		0.135815
77		0.135815
77.1		0.138674
77.2		0.138674
77.3		0.138674
77.4		0.138674
77.5		0.138674
77.6		0.138674
77.7		0.138674
77.8		0.138674
77.9		0.138674
78		0.138674
78.1		0.141991
78.2		0.141991
78.3		0.141991
78.4		0.141991
78.5		0.141991
78.6		0.141991
78.7		0.141991
78.8		0.141991
78.9		0.141991
79		0.141991
79.1		0.142494
79.2		0.142494
79.3		0.142494
79.4		0.142494
79.5		0.142494
79.6		0.142494
79.7		0.142494
79.8		0.142494
79.9		0.142494
80		0.142494
80.1		0.145011
80.2		0.145011
80.3		0.145011
80.4		0.145011
80.5		0.145011
80.6		0.145011
80.7		0.145011
80.8		0.145011
80.9		0.145011
81		0.145011
81.1		0.146086
81.2		0.146086
81.3		0.146086
81.4		0.146086
81.5		0.146086
81.6		0.146086
81.7		0.146086
81.8		0.146086
81.9		0.146086
82		0.146086
82.1		0.149494
82.2		0.149494
82.3		0.149494
82.4		0.149494
82.5		0.149494
82.6		0.149494
82.7		0.149494
82.8		0.149494
82.9		0.149494
83		0.149494
83.1		0.151759
83.2		0.151759
83.3		0.151759
83.4		0.151759
83.5		0.151759
83.6		0.151759
83.7		0.151759
83.8		0.151759
83.9		0.151759
84		0.151759
84.1		0.15336
84.2		0.15336
84.3		0.15336
84.4		0.15336
84.5		0.15336
84.6		0.15336
84.7		0.15336
84.8		0.15336
84.9		0.15336
85		0.15336
85.1		0.155923
85.2		0.155923
85.3		0.155923
85.4		0.155923
85.5		0.155923
85.6		0.155923
85.7		0.155923
85.8		0.155923
85.9		0.155923
86		0.155923
86.1		0.156151
86.2		0.156151
86.3		0.156151
86.4		0.156151
86.5		0.156151
86.6		0.156151
86.7		0.156151
86.8		0.156151
86.9		0.156151
87		0.156151
87.1		0.158782
87.2		0.158782
87.3		0.158782
87.4		0.158782
87.5		0.158782
87.6		0.158782
87.7		0.158782
87.8		0.158782
87.9		0.158782
88		0.158782
88.1		0.162419
88.2		0.162419
88.3		0.162419
88.4		0.162419
88.5		0.162419
88.6		0.162419
88.7		0.162419
88.8		0.162419
88.9		0.162419
89		0.162419
89.1		0.164638
89.2		0.164638
89.3		0.164638
89.4		0.164638
89.5		0.164638
89.6		0.164638
89.7		0.164638
89.8		0.164638
89.9		0.164638
90		0.164638
90.1		0.164776
90.2		0.164776
90.3		0.164776
90.4		0.164776
90.5		0.164776
90.6		0.164776
90.7		0.164776
90.8		0.164776
90.9		0.164776
91		0.164776
91.1		0.165622
91.2		0.165622
91.3		0.165622
91.4		0.165622
91.5		0.165622
91.6		0.165622
91.7		0.165622
91.8		0.165622
91.9		0.165622
92		0.165622
92.1		0.171112
92.2		0.171112
92.3		0.171112
92.4		0.171112
92.5		0.171112
92.6		0.171112
92.7		0.171112
92.8		0.171112
92.9		0.171112
93		0.171112
93.1		0.171776
93.2		0.171776
93.3		0.171776
93.4		0.171776
93.5		0.171776
93.6		0.171776
93.7		0.171776
93.8		0.171776
93.9		0.171776
94		0.171776
94.1		0.172782
94.2		0.172782
94.3		0.172782
94.4		0.172782
94.5		0.172782
94.6		0.172782
94.7		0.172782
94.8		0.172782
94.9		0.172782
95		0.172782
95.1		0.174155
95.2		0.174155
95.3		0.174155
95.4		0.174155
95.5		0.174155
95.6		0.174155
95.7		0.174155
95.8		0.174155
95.9		0.174155
96		0.174155
96.1		0.179325
96.2		0.179325
96.3		0.179325
96.4		0.179325
96.5		0.179325
96.6		0.179325
96.7		0.179325
96.8		0.179325
96.9		0.179325
97		0.179325
97.1		0.181567
97.2		0.181567
97.3		0.181567
97.4		0.181567
97.5		0.181567
97.6		0.181567
97.7		0.181567
97.8		0.181567
97.9		0.181567
98		0.181567
98.1		0.181772
98.2		0.181772
98.3		0.181772
98.4		0.181772
98.5		0.181772
98.6		0.181772
98.7		0.181772
98.8		0.181772
98.9		0.181772
99		0.181772
99.1		0.181955
99.2		0.181955
99.3		0.181955
99.4		0.181955
99.5		0.181955
99.6		0.181955
99.7		0.181955
99.8		0.181955
99.9		0.181955
100		0.181955
100.1		0.190031
100.2		0.190031
100.3		0.190031
100.4		0.190031
100.5		0.190031
100.6		0.190031
100.7		0.190031
100.8		0.190031
100.9		0.190031
101		0.190031
101.1		0.190305
101.2		0.190305
101.3		0.190305
101.4		0.190305
101.5		0.190305
101.6		0.190305
101.7		0.190305
101.8		0.190305
101.9		0.190305
102		0.190305
102.1		0.191266
102.2		0.191266
102.3		0.191266
102.4		0.191266
102.5		0.191266
102.6		0.191266
102.7		0.191266
102.8		0.191266
102.9		0.191266
103		0.191266
103.1		0.191495
103.2		0.191495
103.3		0.191495
103.4		0.191495
103.5		0.191495
103.6		0.191495
103.7		0.191495
103.8		0.191495
103.9		0.191495
104		0.191495
104.1		0.196733
104.2		0.196733
104.3		0.196733
104.4		0.196733
104.5		0.196733
104.6		0.196733
104.7		0.196733
104.8		0.196733
104.9		0.196733
105		0.196733
105.1		0.200096
105.2		0.200096
105.3		0.200096
105.4		0.200096
105.5		0.200096
105.6		0.200096
105.7		0.200096
105.8		0.200096
105.9		0.200096
106		0.200096
106.1		0.200668
106.2		0.200668
106.3		0.200668
106.4		0.200668
106.5		0.200668
106.6		0.200668
106.7		0.200668
106.8		0.200668
106.9		0.200668
107		0.200668
107.1		0.200874
107.2		0.200874
107.3		0.200874
107.4		0.200874
107.5		0.200874
107.6		0.200874
107.7		0.200874
107.8		0.200874
107.9		0.200874
108		0.200874
108.1		0.204237
108.2		0.204237
108.3		0.204237
108.4		0.204237
108.5		0.204237
108.6		0.204237
108.7		0.204237
108.8		0.204237
108.9		0.204237
109		0.204237
109.1		0.207073
109.2		0.207073
109.3		0.207073
109.4		0.207073
109.5		0.207073
109.6		0.207073
109.7		0.207073
109.8		0.207073
109.9		0.207073
110		0.207073
110.1		0.208034
110.2		0.208034
110.3		0.208034
110.4		0.208034
110.5		0.208034
110.6		0.208034
110.7		0.208034
110.8		0.208034
110.9		0.208034
111		0.208034
111.1		0.211557
111.2		0.211557
111.3		0.211557
111.4		0.211557
111.5		0.211557
111.6		0.211557
111.7		0.211557
111.8		0.211557
111.9		0.211557
112		0.211557
112.1		0.212563
112.2		0.212563
112.3		0.212563
112.4		0.212563
112.5		0.212563
112.6		0.212563
112.7		0.212563
112.8		0.212563
112.9		0.212563
113		0.212563
113.1		0.214531
113.2		0.214531
113.3		0.214531
113.4		0.214531
113.5		0.214531
113.6		0.214531
113.7		0.214531
113.8		0.214531
113.9		0.214531
114		0.214531
114.1		0.218465
114.2		0.218465
114.3		0.218465
114.4		0.218465
114.5		0.218465
114.6		0.218465
114.7		0.218465
114.8		0.218465
114.9		0.218465
115		0.218465
115.1		0.219152
115.2		0.219152
115.3		0.219152
115.4		0.219152
115.5		0.219152
115.6		0.219152
115.7		0.219152
115.8		0.219152
115.9		0.219152
116		0.219152
116.1		0.221737
116.2		0.221737
116.3		0.221737
116.4		0.221737
116.5		0.221737
116.6		0.221737
116.7		0.221737
116.8		0.221737
116.9		0.221737
117		0.221737
117.1		0.222217
117.2		0.222217
117.3		0.222217
117.4		0.222217
117.5		0.222217
117.6		0.222217
117.7		0.222217
117.8		0.222217
117.9		0.222217
118		0.222217
118.1		0.22526
118.2		0.22526
118.3		0.22526
118.4		0.22526
118.5		0.22526
118.6		0.22526
118.7		0.22526
118.8		0.22526
118.9		0.22526
119		0.22526
119.1		0.227959
119.2		0.227959
119.3		0.227959
119.4		0.227959
119.5		0.227959
119.6		0.227959
119.7		0.227959
119.8		0.227959
119.9		0.227959
120		0.227959
120.1		0.228668
120.2		0.228668
120.3		0.228668
120.4		0.228668
120.5		0.228668
120.6		0.228668
120.7		0.228668
120.8		0.228668
120.9		0.228668
121		0.228668
121.1		0.232877
121.2		0.232877
121.3		0.232877
121.4		0.232877
121.5		0.232877
121.6		0.232877
121.7		0.232877
121.8		0.232877
121.9		0.232877
122		0.232877
122.1		0.234319
122.2		0.234319
122.3		0.234319
122.4		0.234319
122.5		0.234319
122.6		0.234319
122.7		0.234319
122.8		0.234319
122.9		0.234319
123		0.234319
123.1		0.235897
123.2		0.235897
123.3		0.235897
123.4		0.235897
123.5		0.235897
123.6		0.235897
123.7		0.235897
123.8		0.235897
123.9		0.235897
124		0.235897
124.1		0.237109
124.2		0.237109
124.3		0.237109
124.4		0.237109
124.5		0.237109
124.6		0.237109
124.7		0.237109
124.8		0.237109
124.9		0.237109
125		0.237109
125.1		0.238436
125.2		0.238436
125.3		0.238436
125.4		0.238436
125.5		0.238436
125.6		0.238436
125.7		0.238436
125.8		0.238436
125.9		0.238436
126		0.238436
126.1		0.243332
126.2		0.243332
126.3		0.243332
126.4		0.243332
126.5		0.243332
126.6		0.243332
126.7		0.243332
126.8		0.243332
126.9		0.243332
127		0.243332
127.1		0.245596
127.2		0.245596
127.3		0.245596
127.4		0.245596
127.5		0.245596
127.6		0.245596
127.7		0.245596
127.8		0.245596
127.9		0.245596
128		0.245596
128.1		0.245711
128.2		0.245711
128.3		0.245711
128.4		0.245711
128.5		0.245711
128.6		0.245711
128.7		0.245711
128.8		0.245711
128.9		0.245711
129		0.245711
129.1		0.246969
129.2		0.246969
129.3		0.246969
129.4		0.246969
129.5		0.246969
129.6		0.246969
129.7		0.246969
129.8		0.246969
129.9		0.246969
130		0.246969
130.1		0.251087
130.2		0.251087
130.3		0.251087
130.4		0.251087
130.5		0.251087
130.6		0.251087
130.7		0.251087
130.8		0.251087
130.9		0.251087
131		0.251087
131.1		0.251796
131.2		0.251796
131.3		0.251796
131.4		0.251796
131.5		0.251796
131.6		0.251796
131.7		0.251796
131.8		0.251796
131.9		0.251796
132		0.251796
132.1		0.253145
132.2		0.253145
132.3		0.253145
132.4		0.253145
132.5		0.253145
132.6		0.253145
132.7		0.253145
132.8		0.253145
132.9		0.253145
133		0.253145
133.1		0.255433
133.2		0.255433
133.3		0.255433
133.4		0.255433
133.5		0.255433
133.6		0.255433
133.7		0.255433
133.8		0.255433
133.9		0.255433
134		0.255433
134.1		0.260283
134.2		0.260283
134.3		0.260283
134.4		0.260283
134.5		0.260283
134.6		0.260283
134.7		0.260283
134.8		0.260283
134.9		0.260283
135		0.260283
135.1		0.260672
135.2		0.260672
135.3		0.260672
135.4		0.260672
135.5		0.260672
135.6		0.260672
135.7		0.260672
135.8		0.260672
135.9		0.260672
136		0.260672
136.1		0.263668
136.2		0.263668
136.3		0.263668
136.4		0.263668
136.5		0.263668
136.6		0.263668
136.7		0.263668
136.8		0.263668
136.9		0.263668
137		0.263668
137.1		0.264263
137.2		0.264263
137.3		0.264263
137.4		0.264263
137.5		0.264263
137.6		0.264263
137.7		0.264263
137.8		0.264263
137.9		0.264263
138		0.264263
138.1		0.269159
138.2		0.269159
138.3		0.269159
138.4		0.269159
138.5		0.269159
138.6		0.269159
138.7		0.269159
138.8		0.269159
138.9		0.269159
139		0.269159
139.1		0.269753
139.2		0.269753
139.3		0.269753
139.4		0.269753
139.5		0.269753
139.6		0.269753
139.7		0.269753
139.8		0.269753
139.9		0.269753
140		0.269753
140.1		0.270051
140.2		0.270051
140.3		0.270051
140.4		0.270051
140.5		0.270051
140.6		0.270051
140.7		0.270051
140.8		0.270051
140.9		0.270051
141		0.270051
141.1		0.273322
141.2		0.273322
141.3		0.273322
141.4		0.273322
141.5		0.273322
141.6		0.273322
141.7		0.273322
141.8		0.273322
141.9		0.273322
142		0.273322
142.1		0.275518
142.2		0.275518
142.3		0.275518
142.4		0.275518
142.5		0.275518
142.6		0.275518
142.7		0.275518
142.8		0.275518
142.9		0.275518
143		0.275518
143.1		0.278744
143.2		0.278744
143.3		0.278744
143.4		0.278744
143.5		0.278744
143.6		0.278744
143.7		0.278744
143.8		0.278744
143.9		0.278744
144		0.278744
144.1		0.279636
144.2		0.279636
144.3		0.279636
144.4		0.279636
144.5		0.279636
144.6		0.279636
144.7		0.279636
144.8		0.279636
144.9		0.279636
145		0.279636
145.1		0.282106
145.2		0.282106
145.3		0.282106
145.4		0.282106
145.5		0.282106
145.6		0.282106
145.7		0.282106
145.8		0.282106
145.9		0.282106
146		0.282106
146.1		0.286133
146.2		0.286133
146.3		0.286133
146.4		0.286133
146.5		0.286133
146.6		0.286133
146.7		0.286133
146.8		0.286133
146.9		0.286133
147		0.286133
147.1		0.286224
147.2		0.286224
147.3		0.286224
147.4		0.286224
147.5		0.286224
147.6		0.286224
147.7		0.286224
147.8		0.286224
147.9		0.286224
148		0.286224
148.1		0.289221
148.2		0.289221
148.3		0.289221
148.4		0.289221
148.5		0.289221
148.6		0.289221
148.7		0.289221
148.8		0.289221
148.9		0.289221
149		0.289221
149.1		0.291371
149.2		0.291371
149.3		0.291371
149.4		0.291371
149.5		0.291371
149.6		0.291371
149.7		0.291371
149.8		0.291371
149.9		0.291371
150		0.291371
150.1		0.293865
150.2		0.293865
150.3		0.293865
150.4		0.293865
150.5		0.293865
150.6		0.293865
150.7		0.293865
150.8		0.293865
150.9		0.293865
151		0.293865
151.1		0.295878
151.2		0.295878
151.3		0.295878
151.4		0.295878
151.5		0.295878
151.6		0.295878
151.7		0.295878
151.8		0.295878
151.9		0.295878
152		0.295878
152.1		0.298646
152.2		0.298646
152.3		0.298646
152.4		0.298646
152.5		0.298646
152.6		0.298646
152.7		0.298646
152.8		0.298646
152.9		0.298646
153		0.298646
153.1		0.299012
153.2		0.299012
153.3		0.299012
153.4		0.299012
153.5		0.299012
153.6		0.299012
153.7		0.299012
153.8		0.299012
153.9		0.299012
154		0.299012
154.1		0.302535
154.2		0.302535
154.3		0.302535
154.4		0.302535
154.5		0.302535
154.6		0.302535
154.7		0.302535
154.8		0.302535
154.9		0.302535
155		0.302535
155.1		0.304044
155.2		0.304044
155.3		0.304044
155.4		0.304044
155.5		0.304044
155.6		0.304044
155.7		0.304044
155.8		0.304044
155.9		0.304044
156		0.304044
156.1		0.308643
156.2		0.308643
156.3		0.308643
156.4		0.308643
156.5		0.308643
156.6		0.308643
156.7		0.308643
156.8		0.308643
156.9		0.308643
157		0.308643
157.1		0.308665
157.2		0.308665
157.3		0.308665
157.4		0.308665
157.5		0.308665
157.6		0.308665
157.7		0.308665
157.8		0.308665
157.9		0.308665
158		0.308665
158.1		0.308711
158.2		0.308711
158.3		0.308711
158.4		0.308711
158.5		0.308711
158.6		0.308711
158.7		0.308711
158.8		0.308711
158.9		0.308711
159		0.308711
159.1		0.309878
159.2		0.309878
159.3		0.309878
159.4		0.309878
159.5		0.309878
159.6		0.309878
159.7		0.309878
159.8		0.309878
159.9		0.309878
160		0.309878
160.1		0.317953
160.2		0.317953
160.3		0.317953
160.4		0.317953
160.5		0.317953
160.6		0.317953
160.7		0.317953
160.8		0.317953
160.9		0.317953
161		0.317953
161.1		0.318273
161.2		0.318273
161.3		0.318273
161.4		0.318273
161.5		0.318273
161.6		0.318273
161.7		0.318273
161.8		0.318273
161.9		0.318273
162		0.318273
162.1		0.31992
162.2		0.31992
162.3		0.31992
162.4		0.31992
162.5		0.31992
162.6		0.31992
162.7		0.31992
162.8		0.31992
162.9		0.31992
163		0.31992
163.1		0.320195
163.2		0.320195
163.3		0.320195
163.4		0.320195
163.5		0.320195
163.6		0.320195
163.7		0.320195
163.8		0.320195
163.9		0.320195
164		0.320195
164.1		0.326051
164.2		0.326051
164.3		0.326051
164.4		0.326051
164.5		0.326051
164.6		0.326051
164.7		0.326051
164.8		0.326051
164.9		0.326051
165		0.326051
165.1		0.327996
165.2		0.327996
165.3		0.327996
165.4		0.327996
165.5		0.327996
165.6		0.327996
165.7		0.327996
165.8		0.327996
165.9		0.327996
166		0.327996
166.1		0.328842
166.2		0.328842
166.3		0.328842
166.4		0.328842
166.5		0.328842
166.6		0.328842
166.7		0.328842
166.8		0.328842
166.9		0.328842
167		0.328842
167.1		0.329071
167.2		0.329071
167.3		0.329071
167.4		0.329071
167.5		0.329071
167.6		0.329071
167.7		0.329071
167.8		0.329071
167.9		0.329071
168		0.329071
168.1		0.334012
168.2		0.334012
168.3		0.334012
168.4		0.334012
168.5		0.334012
168.6		0.334012
168.7		0.334012
168.8		0.334012
168.9		0.334012
169		0.334012
169.1		0.33543
169.2		0.33543
169.3		0.33543
169.4		0.33543
169.5		0.33543
169.6		0.33543
169.7		0.33543
169.8		0.33543
169.9		0.33543
170		0.33543
170.1		0.335613
170.2		0.335613
170.3		0.335613
170.4		0.335613
170.5		0.335613
170.6		0.335613
170.7		0.335613
170.8		0.335613
170.9		0.335613
171		0.335613
171.1		0.339228
171.2		0.339228
171.3		0.339228
171.4		0.339228
171.5		0.339228
171.6		0.339228
171.7		0.339228
171.8		0.339228
171.9		0.339228
172		0.339228
172.1		0.343666
172.2		0.343666
172.3		0.343666
172.4		0.343666
172.5		0.343666
172.6		0.343666
172.7		0.343666
172.8		0.343666
172.9		0.343666
173		0.343666
173.1		0.344512
173.2		0.344512
173.3		0.344512
173.4		0.344512
173.5		0.344512
173.6		0.344512
173.7		0.344512
173.8		0.344512
173.9		0.344512
174		0.344512
174.1		0.345564
174.2		0.345564
174.3		0.345564
174.4		0.345564
174.5		0.345564
174.6		0.345564
174.7		0.345564
174.8		0.345564
174.9		0.345564
175		0.345564
175.1		0.346365
175.2		0.346365
175.3		0.346365
175.4		0.346365
175.5		0.346365
175.6		0.346365
175.7		0.346365
175.8		0.346365
175.9		0.346365
176		0.346365
176.1		0.347715
176.2		0.347715
176.3		0.347715
176.4		0.347715
176.5		0.347715
176.6		0.347715
176.7		0.347715
176.8		0.347715
176.9		0.347715
177		0.347715
177.1		0.350048
177.2		0.350048
177.3		0.350048
177.4		0.350048
177.5		0.350048
177.6		0.350048
177.7		0.350048
177.8		0.350048
177.9		0.350048
178		0.350048
178.1		0.352702
178.2		0.352702
178.3		0.352702
178.4		0.352702
178.5		0.352702
178.6		0.352702
178.7		0.352702
178.8		0.352702
178.9		0.352702
179		0.352702
179.1		0.356316
179.2		0.356316
179.3		0.356316
179.4		0.356316
179.5		0.356316
179.6		0.356316
179.7		0.356316
179.8		0.356316
179.9		0.356316
180		0.356316
180.1		0.3581
180.2		0.3581
180.3		0.3581
180.4		0.3581
180.5		0.3581
180.6		0.3581
180.7		0.3581
180.8		0.3581
180.9		0.3581
181		0.3581
181.1		0.360388
181.2		0.360388
181.3		0.360388
181.4		0.360388
181.5		0.360388
181.6		0.360388
181.7		0.360388
181.8		0.360388
181.9		0.360388
182		0.360388
182.1		0.360777
182.2		0.360777
182.3		0.360777
182.4		0.360777
182.5		0.360777
182.6		0.360777
182.7		0.360777
182.8		0.360777
182.9		0.360777
183		0.360777
183.1		0.361212
183.2		0.361212
183.3		0.361212
183.4		0.361212
183.5		0.361212
183.6		0.361212
183.7		0.361212
183.8		0.361212
183.9		0.361212
184		0.361212
184.1		0.364574
184.2		0.364574
184.3		0.364574
184.4		0.364574
184.5		0.364574
184.6		0.364574
184.7		0.364574
184.8		0.364574
184.9		0.364574
185		0.364574
185.1		0.368898
185.2		0.368898
185.3		0.368898
185.4		0.368898
185.5		0.368898
185.6		0.368898
185.7		0.368898
185.8		0.368898
185.9		0.368898
186		0.368898
186.1		0.371025
186.2		0.371025
186.3		0.371025
186.4		0.371025
186.5		0.371025
186.6		0.371025
186.7		0.371025
186.8		0.371025
186.9		0.371025
187		0.371025
187.1		0.371506
187.2		0.371506
187.3		0.371506
187.4		0.371506
187.5		0.371506
187.6		0.371506
187.7		0.371506
187.8		0.371506
187.9		0.371506
188		0.371506
188.1		0.373427
188.2		0.373427
188.3		0.373427
188.4		0.373427
188.5		0.373427
188.6		0.373427
188.7		0.373427
188.8		0.373427
188.9		0.373427
189		0.373427
189.1		0.375646
189.2		0.375646
189.3		0.375646
189.4		0.375646
189.5		0.375646
189.6		0.375646
189.7		0.375646
189.8		0.375646
189.9		0.375646
190		0.375646
190.1		0.37727
190.2		0.37727
190.3		0.37727
190.4		0.37727
190.5		0.37727
190.6		0.37727
190.7		0.37727
190.8		0.37727
190.9		0.37727
191		0.37727
191.1		0.380565
191.2		0.380565
191.3		0.380565
191.4		0.380565
191.5		0.380565
191.6		0.380565
191.7		0.380565
191.8		0.380565
191.9		0.380565
192		0.380565
192.1		0.380885
192.2		0.380885
192.3		0.380885
192.4		0.380885
192.5		0.380885
192.6		0.380885
192.7		0.380885
192.8		0.380885
192.9		0.380885
193		0.380885
193.1		0.381571
193.2		0.381571
193.3		0.381571
193.4		0.381571
193.5		0.381571
193.6		0.381571
193.7		0.381571
193.8		0.381571
193.9		0.381571
194		0.381571
194.1		0.385506
194.2		0.385506
194.3		0.385506
194.4		0.385506
194.5		0.385506
194.6		0.385506
194.7		0.385506
194.8		0.385506
194.9		0.385506
195		0.385506
195.1		0.387244
195.2		0.387244
195.3		0.387244
195.4		0.387244
195.5		0.387244
195.6		0.387244
195.7		0.387244
195.8		0.387244
195.9		0.387244
196		0.387244
196.1		0.387588
196.2		0.387588
196.3		0.387588
196.4		0.387588
196.5		0.387588
196.6		0.387588
196.7		0.387588
196.8		0.387588
196.9		0.387588
197		0.387588
197.1		0.390882
197.2		0.390882
197.3		0.390882
197.4		0.390882
197.5		0.390882
197.6		0.390882
197.7		0.390882
197.8		0.390882
197.9		0.390882
198		0.390882
198.1		0.393306
198.2		0.393306
198.3		0.393306
198.4		0.393306
198.5		0.393306
198.6		0.393306
198.7		0.393306
198.8		0.393306
198.9		0.393306
199		0.393306
199.1		0.396921
199.2		0.396921
199.3		0.396921
199.4		0.396921
199.5		0.396921
199.6		0.396921
199.7		0.396921
199.8		0.396921
199.9		0.396921
200		0.396921
200.1		0.398591
200.2		0.398591
200.3		0.398591
200.4		0.398591
200.5		0.398591
200.6		0.398591
200.7		0.398591
200.8		0.398591
200.9		0.398591
201		0.398591
201.1		0.39882
201.2		0.39882
201.3		0.39882
201.4		0.39882
201.5		0.39882
201.6		0.39882
201.7		0.39882
201.8		0.39882
201.9		0.39882
202		0.39882
202.1		0.401793
202.2		0.401793
202.3		0.401793
202.4		0.401793
202.5		0.401793
202.6		0.401793
202.7		0.401793
202.8		0.401793
202.9		0.401793
203		0.401793
203.1		0.403624
203.2		0.403624
203.3		0.403624
203.4		0.403624
203.5		0.403624
203.6		0.403624
203.7		0.403624
203.8		0.403624
203.9		0.403624
204		0.403624
204.1		0.405888
204.2		0.405888
204.3		0.405888
204.4		0.405888
204.5		0.405888
204.6		0.405888
204.7		0.405888
204.8		0.405888
204.9		0.405888
205		0.405888
205.1		0.408153
205.2		0.408153
205.3		0.408153
205.4		0.408153
205.5		0.408153
205.6		0.408153
205.7		0.408153
205.8		0.408153
205.9		0.408153
206		0.408153
206.1		0.411813
206.2		0.411813
206.3		0.411813
206.4		0.411813
206.5		0.411813
206.6		0.411813
206.7		0.411813
206.8		0.411813
206.9		0.411813
207		0.411813
207.1		0.412774
207.2		0.412774
207.3		0.412774
207.4		0.412774
207.5		0.412774
207.6		0.412774
207.7		0.412774
207.8		0.412774
207.9		0.412774
208		0.412774
208.1		0.414718
208.2		0.414718
208.3		0.414718
208.4		0.414718
208.5		0.414718
208.6		0.414718
208.7		0.414718
208.8		0.414718
208.9		0.414718
209		0.414718
209.1		0.415839
209.2		0.415839
209.3		0.415839
209.4		0.415839
209.5		0.415839
209.6		0.415839
209.7		0.415839
209.8		0.415839
209.9		0.415839
210		0.415839
210.1		0.421238
210.2		0.421238
210.3		0.421238
210.4		0.421238
210.5		0.421238
210.6		0.421238
210.7		0.421238
210.8		0.421238
210.9		0.421238
211		0.421238
211.1		0.421375
211.2		0.421375
211.3		0.421375
211.4		0.421375
211.5		0.421375
211.6		0.421375
211.7		0.421375
211.8		0.421375
211.9		0.421375
212		0.421375
212.1		0.424464
212.2		0.424464
212.3		0.424464
212.4		0.424464
212.5		0.424464
212.6		0.424464
212.7		0.424464
212.8		0.424464
212.9		0.424464
213		0.424464
213.1		0.425401
213.2		0.425401
213.3		0.425401
213.4		0.425401
213.5		0.425401
213.6		0.425401
213.7		0.425401
213.8		0.425401
213.9		0.425401
214		0.425401
214.1		0.428398
214.2		0.428398
214.3		0.428398
214.4		0.428398
214.5		0.428398
214.6		0.428398
214.7		0.428398
214.8		0.428398
214.9		0.428398
215		0.428398
215.1		0.429451
215.2		0.429451
215.3		0.429451
215.4		0.429451
215.5		0.429451
215.6		0.429451
215.7		0.429451
215.8		0.429451
215.9		0.429451
216		0.429451
216.1		0.430297
216.2		0.430297
216.3		0.430297
216.4		0.430297
216.5		0.430297
216.6		0.430297
216.7		0.430297
216.8		0.430297
216.9		0.430297
217		0.430297
217.1		0.435101
217.2		0.435101
217.3		0.435101
217.4		0.435101
217.5		0.435101
217.6		0.435101
217.7		0.435101
217.8		0.435101
217.9		0.435101
218		0.435101
218.1		0.437137
218.2		0.437137
218.3		0.437137
218.4		0.437137
218.5		0.437137
218.6		0.437137
218.7		0.437137
218.8		0.437137
218.9		0.437137
219		0.437137
219.1		0.437183
219.2		0.437183
219.3		0.437183
219.4		0.437183
219.5		0.437183
219.6		0.437183
219.7		0.437183
219.8		0.437183
219.9		0.437183
220		0.437183
220.1		0.441643
220.2		0.441643
220.3		0.441643
220.4		0.441643
220.5		0.441643
220.6		0.441643
220.7		0.441643
220.8		0.441643
220.9		0.441643
221		0.441643
221.1		0.441758
221.2		0.441758
221.3		0.441758
221.4		0.441758
221.5		0.441758
221.6		0.441758
221.7		0.441758
221.8		0.441758
221.9		0.441758
222		0.441758
222.1		0.444251
222.2		0.444251
222.3		0.444251
222.4		0.444251
222.5		0.444251
222.6		0.444251
222.7		0.444251
222.8		0.444251
222.9		0.444251
223		0.444251
223.1		0.449375
223.2		0.449375
223.3		0.449375
223.4		0.449375
223.5		0.449375
223.6		0.449375
223.7		0.449375
223.8		0.449375
223.9		0.449375
224		0.449375
224.1		0.450016
224.2		0.450016
224.3		0.450016
224.4		0.450016
224.5		0.450016
224.6		0.450016
224.7		0.450016
224.8		0.450016
224.9		0.450016
225		0.450016
225.1		0.45148
225.2		0.45148
225.3		0.45148
225.4		0.45148
225.5		0.45148
225.6		0.45148
225.7		0.45148
225.8		0.45148
225.9		0.45148
226		0.45148
226.1		0.454042
226.2		0.454042
226.3		0.454042
226.4		0.454042
226.5		0.454042
226.6		0.454042
226.7		0.454042
226.8		0.454042
226.9		0.454042
227		0.454042
227.1		0.45482
227.2		0.45482
227.3		0.45482
227.4		0.45482
227.5		0.45482
227.6		0.45482
227.7		0.45482
227.8		0.45482
227.9		0.45482
228		0.45482
228.1		0.460516
228.2		0.460516
228.3		0.460516
228.4		0.460516
228.5		0.460516
228.6		0.460516
228.7		0.460516
228.8		0.460516
228.9		0.460516
229		0.460516
229.1		0.461843
229.2		0.461843
229.3		0.461843
229.4		0.461843
229.5		0.461843
229.6		0.461843
229.7		0.461843
229.8		0.461843
229.9		0.461843
230		0.461843
230.1		0.462941
230.2		0.462941
230.3		0.462941
230.4		0.462941
230.5		0.462941
230.6		0.462941
230.7		0.462941
230.8		0.462941
230.9		0.462941
231		0.462941
231.1		0.463993
231.2		0.463993
231.3		0.463993
231.4		0.463993
231.5		0.463993
231.6		0.463993
231.7		0.463993
231.8		0.463993
231.9		0.463993
232		0.463993
232.1		0.466693
232.2		0.466693
232.3		0.466693
232.4		0.466693
232.5		0.466693
232.6		0.466693
232.7		0.466693
232.8		0.466693
232.9		0.466693
233		0.466693
233.1		0.469575
233.2		0.469575
233.3		0.469575
233.4		0.469575
233.5		0.469575
233.6		0.469575
233.7		0.469575
233.8		0.469575
233.9		0.469575
234		0.469575
234.1		0.470719
234.2		0.470719
234.3		0.470719
234.4		0.470719
234.5		0.470719
234.6		0.470719
234.7		0.470719
234.8		0.470719
234.9		0.470719
235		0.470719
235.1		0.47216
235.2		0.47216
235.3		0.47216
235.4		0.47216
235.5		0.47216
235.6		0.47216
235.7		0.47216
235.8		0.47216
235.9		0.47216
236		0.47216
236.1		0.475729
236.2		0.475729
236.3		0.475729
236.4		0.475729
236.5		0.475729
236.6		0.475729
236.7		0.475729
236.8		0.475729
236.9		0.475729
237		0.475729
237.1		0.47614
237.2		0.47614
237.3		0.47614
237.4		0.47614
237.5		0.47614
237.6		0.47614
237.7		0.47614
237.8		0.47614
237.9		0.47614
238		0.47614
238.1		0.477513
238.2		0.477513
238.3		0.477513
238.4		0.477513
238.5		0.477513
238.6		0.477513
238.7		0.477513
238.8		0.477513
238.9		0.477513
239		0.477513
239.1		0.479503
239.2		0.479503
239.3		0.479503
239.4		0.479503
239.5		0.479503
239.6		0.479503
239.7		0.479503
239.8		0.479503
239.9		0.479503
240		0.479503
240.1		0.483575
240.2		0.483575
240.3		0.483575
240.4		0.483575
240.5		0.483575
240.6		0.483575
240.7		0.483575
240.8		0.483575
240.9		0.483575
241		0.483575
241.1		0.486069
241.2		0.486069
241.3		0.486069
241.4		0.486069
241.5		0.486069
241.6		0.486069
241.7		0.486069
241.8		0.486069
241.9		0.486069
242		0.486069
242.1		0.486297
242.2		0.486297
242.3		0.486297
242.4		0.486297
242.5		0.486297
242.6		0.486297
242.7		0.486297
242.8		0.486297
242.9		0.486297
243		0.486297
243.1		0.489912
243.2		0.489912
243.3		0.489912
243.4		0.489912
243.5		0.489912
243.6		0.489912
243.7		0.489912
243.8		0.489912
243.9		0.489912
244		0.489912
244.1		0.490667
244.2		0.490667
244.3		0.490667
244.4		0.490667
244.5		0.490667
244.6		0.490667
244.7		0.490667
244.8		0.490667
244.9		0.490667
245		0.490667
245.1		0.493274
245.2		0.493274
245.3		0.493274
245.4		0.493274
245.5		0.493274
245.6		0.493274
245.7		0.493274
245.8		0.493274
245.9		0.493274
246		0.493274
246.1		0.49332
246.2		0.49332
246.3		0.49332
246.4		0.49332
246.5		0.49332
246.6		0.49332
246.7		0.49332
246.8		0.49332
246.9		0.49332
247		0.49332
247.1		0.496454
247.2		0.496454
247.3		0.496454
247.4		0.496454
247.5		0.496454
247.6		0.496454
247.7		0.496454
247.8		0.496454
247.9		0.496454
248		0.496454
248.1		0.498467
248.2		0.498467
248.3		0.498467
248.4		0.498467
248.5		0.498467
248.6		0.498467
248.7		0.498467
248.8		0.498467
248.9		0.498467
249		0.498467
249.1		0.501167
249.2		0.501167
249.3		0.501167
249.4		0.501167
249.5		0.501167
249.6		0.501167
249.7		0.501167
249.8		0.501167
249.9		0.501167
250		0.501167
250.1		0.506657
250.2		0.506657
250.3		0.506657
250.4		0.506657
250.5		0.506657
250.6		0.506657
250.7		0.506657
250.8		0.506657
250.9		0.506657
251		0.506657
251.1		0.506954
251.2		0.506954
251.3		0.506954
251.4		0.506954
251.5		0.506954
251.6		0.506954
251.7		0.506954
251.8		0.506954
251.9		0.506954
252		0.506954
252.1		0.507389
252.2		0.507389
252.3		0.507389
252.4		0.507389
252.5		0.507389
252.6		0.507389
252.7		0.507389
252.8		0.507389
252.9		0.507389
253		0.507389
253.1		0.509677
253.2		0.509677
253.3		0.509677
253.4		0.509677
253.5		0.509677
253.6		0.509677
253.7		0.509677
253.8		0.509677
253.9		0.509677
254		0.509677
254.1		0.516265
254.2		0.516265
254.3		0.516265
254.4		0.516265
254.5		0.516265
254.6		0.516265
254.7		0.516265
254.8		0.516265
254.9		0.516265
255		0.516265
255.1		0.517775
255.2		0.517775
255.3		0.517775
255.4		0.517775
255.5		0.517775
255.6		0.517775
255.7		0.517775
255.8		0.517775
255.9		0.517775
256		0.517775
256.1		0.518896
256.2		0.518896
256.3		0.518896
256.4		0.518896
256.5		0.518896
256.6		0.518896
256.7		0.518896
256.8		0.518896
256.9		0.518896
257		0.518896
257.1		0.520405
257.2		0.520405
257.3		0.520405
257.4		0.520405
257.5		0.520405
257.6		0.520405
257.7		0.520405
257.8		0.520405
257.9		0.520405
258		0.520405
258.1		0.525347
258.2		0.525347
258.3		0.525347
258.4		0.525347
258.5		0.525347
258.6		0.525347
258.7		0.525347
258.8		0.525347
258.9		0.525347
259		0.525347
259.1		0.526262
259.2		0.526262
259.3		0.526262
259.4		0.526262
259.5		0.526262
259.6		0.526262
259.7		0.526262
259.8		0.526262
259.9		0.526262
260		0.526262
260.1		0.527085
260.2		0.527085
260.3		0.527085
260.4		0.527085
260.5		0.527085
260.6		0.527085
260.7		0.527085
260.8		0.527085
260.9		0.527085
261		0.527085
261.1		0.527634
261.2		0.527634
261.3		0.527634
261.4		0.527634
261.5		0.527634
261.6		0.527634
261.7		0.527634
261.8		0.527634
261.9		0.527634
262		0.527634
262.1		0.533696
262.2		0.533696
262.3		0.533696
262.4		0.533696
262.5		0.533696
262.6		0.533696
262.7		0.533696
262.8		0.533696
262.9		0.533696
263		0.533696
263.1		0.535092
263.2		0.535092
263.3		0.535092
263.4		0.535092
263.5		0.535092
263.6		0.535092
263.7		0.535092
263.8		0.535092
263.9		0.535092
264		0.535092
264.1		0.535664
264.2		0.535664
264.3		0.535664
264.4		0.535664
264.5		0.535664
264.6		0.535664
264.7		0.535664
264.8		0.535664
264.9		0.535664
265		0.535664
265.1		0.536007
265.2		0.536007
265.3		0.536007
265.4		0.536007
265.5		0.536007
265.6		0.536007
265.7		0.536007
265.8		0.536007
265.9		0.536007
266		0.536007
266.1		0.54136
266.2		0.54136
266.3		0.54136
266.4		0.54136
266.5		0.54136
266.6		0.54136
266.7		0.54136
266.8		0.54136
266.9		0.54136
267		0.54136
267.1		0.544608
267.2		0.544608
267.3		0.544608
267.4		0.544608
267.5		0.544608
267.6		0.544608
267.7		0.544608
267.8		0.544608
267.9		0.544608
268		0.544608
268.1		0.545889
268.2		0.545889
268.3		0.545889
268.4		0.545889
268.5		0.545889
268.6		0.545889
268.7		0.545889
268.8		0.545889
268.9		0.545889
269		0.545889
269.1		0.548108
269.2		0.548108
269.3		0.548108
269.4		0.548108
269.5		0.548108
269.6		0.548108
269.7		0.548108
269.8		0.548108
269.9		0.548108
270		0.548108
270.1		0.550991
270.2		0.550991
270.3		0.550991
270.4		0.550991
270.5		0.550991
270.6		0.550991
270.7		0.550991
270.8		0.550991
270.9		0.550991
271		0.550991
271.1		0.551379
271.2		0.551379
271.3		0.551379
271.4		0.551379
271.5		0.551379
271.6		0.551379
271.7		0.551379
271.8		0.551379
271.9		0.551379
272		0.551379
272.1		0.552592
272.2		0.552592
272.3		0.552592
272.4		0.552592
272.5		0.552592
272.6		0.552592
272.7		0.552592
272.8		0.552592
272.9		0.552592
273		0.552592
273.1		0.556298
273.2		0.556298
273.3		0.556298
273.4		0.556298
273.5		0.556298
273.6		0.556298
273.7		0.556298
273.8		0.556298
273.9		0.556298
274		0.556298
274.1		0.556961
274.2		0.556961
274.3		0.556961
274.4		0.556961
274.5		0.556961
274.6		0.556961
274.7		0.556961
274.8		0.556961
274.9		0.556961
275		0.556961
275.1		0.561285
275.2		0.561285
275.3		0.561285
275.4		0.561285
275.5		0.561285
275.6		0.561285
275.7		0.561285
275.8		0.561285
275.9		0.561285
276		0.561285
276.1		0.563
276.2		0.563
276.3		0.563
276.4		0.563
276.5		0.563
276.6		0.563
276.7		0.563
276.8		0.563
276.9		0.563
277		0.563
277.1		0.563298
277.2		0.563298
277.3		0.563298
277.4		0.563298
277.5		0.563298
277.6		0.563298
277.7		0.563298
277.8		0.563298
277.9		0.563298
278		0.563298
278.1		0.564053
278.2		0.564053
278.3		0.564053
278.4		0.564053
278.5		0.564053
278.6		0.564053
278.7		0.564053
278.8		0.564053
278.9		0.564053
279		0.564053
279.1		0.567324
279.2		0.567324
279.3		0.567324
279.4		0.567324
279.5		0.567324
279.6		0.567324
279.7		0.567324
279.8		0.567324
279.9		0.567324
280		0.567324
280.1		0.568605
280.2		0.568605
280.3		0.568605
280.4		0.568605
280.5		0.568605
280.6		0.568605
280.7		0.568605
280.8		0.568605
280.9		0.568605
281		0.568605
281.1		0.572517
281.2		0.572517
281.3		0.572517
281.4		0.572517
281.5		0.572517
281.6		0.572517
281.7		0.572517
281.8		0.572517
281.9		0.572517
282		0.572517
282.1		0.575056
282.2		0.575056
282.3		0.575056
282.4		0.575056
282.5		0.575056
282.6		0.575056
282.7		0.575056
282.8		0.575056
282.9		0.575056
283		0.575056
283.1		0.575994
283.2		0.575994
283.3		0.575994
283.4		0.575994
283.5		0.575994
283.6		0.575994
283.7		0.575994
283.8		0.575994
283.9		0.575994
284		0.575994
284.1		0.579746
284.2		0.579746
284.3		0.579746
284.4		0.579746
284.5		0.579746
284.6		0.579746
284.7		0.579746
284.8		0.579746
284.9		0.579746
285		0.579746
285.1		0.582491
285.2		0.582491
285.3		0.582491
285.4		0.582491
285.5		0.582491
285.6		0.582491
285.7		0.582491
285.8		0.582491
285.9		0.582491
286		0.582491
286.1		0.586288
286.2		0.586288
286.3		0.586288
286.4		0.586288
286.5		0.586288
286.6		0.586288
286.7		0.586288
286.8		0.586288
286.9		0.586288
287		0.586288
287.1		0.591252
287.2		0.591252
287.3		0.591252
287.4		0.591252
287.5		0.591252
287.6		0.591252
287.7		0.591252
287.8		0.591252
287.9		0.591252
288		0.591252
288.1		0.592122
288.2		0.592122
288.3		0.592122
288.4		0.592122
288.5		0.592122
288.6		0.592122
288.7		0.592122
288.8		0.592122
288.9		0.592122
289		0.592122
289.1		0.592465
289.2		0.592465
289.3		0.592465
289.4		0.592465
289.5		0.592465
289.6		0.592465
289.7		0.592465
289.8		0.592465
289.9		0.592465
290		0.592465
290.1		0.593608
290.2		0.593608
290.3		0.593608
290.4		0.593608
290.5		0.593608
290.6		0.593608
290.7		0.593608
290.8		0.593608
290.9		0.593608
291		0.593608
291.1		0.598939
291.2		0.598939
291.3		0.598939
291.4		0.598939
291.5		0.598939
291.6		0.598939
291.7		0.598939
291.8		0.598939
291.9		0.598939
292		0.598939
292.1		0.603171
292.2		0.603171
292.3		0.603171
292.4		0.603171
292.5		0.603171
292.6		0.603171
292.7		0.603171
292.8		0.603171
292.9		0.603171
293		0.603171
293.1		0.603445
293.2		0.603445
293.3		0.603445
293.4		0.603445
293.5		0.603445
293.6		0.603445
293.7		0.603445
293.8		0.603445
293.9		0.603445
294		0.603445
294.1		0.604932
294.2		0.604932
294.3		0.604932
294.4		0.604932
294.5		0.604932
294.6		0.604932
294.7		0.604932
294.8		0.604932
294.9		0.604932
295		0.604932
295.1		0.604932
295.2		0.604932
295.3		0.604932
295.4		0.604932
295.5		0.604932
295.6		0.604932
295.7		0.604932
295.8		0.604932
295.9		0.604932
296		0.604932
296.1		0.604932
296.2		0.604932
296.3		0.604932
296.4		0.604932
296.5		0.604932
296.6		0.604932
296.7		0.604932
296.8		0.604932
296.9		0.604932
297		0.604932
297.1		0.60706
297.2		0.60706
297.3		0.60706
297.4		0.60706
297.5		0.60706
297.6		0.60706
297.7		0.60706
297.8		0.60706
297.9		0.60706
298		0.60706
298.1		0.608363
298.2		0.608363
298.3		0.608363
298.4		0.608363
298.5		0.608363
298.6		0.608363
298.7		0.608363
298.8		0.608363
298.9		0.608363
299		0.608363
299.1		0.610948
299.2		0.610948
299.3		0.610948
299.4		0.610948
299.5		0.610948
299.6		0.610948
299.7		0.610948
299.8		0.610948
299.9		0.610948
300		0.610948
300.1		0.613419
300.2		0.613419
300.3		0.613419
300.4		0.613419
300.5		0.613419
300.6		0.613419
300.7		0.613419
300.8		0.613419
300.9		0.613419
301		0.613419
301.1		0.614426
301.2		0.614426
301.3		0.614426
301.4		0.614426
301.5		0.614426
301.6		0.614426
301.7		0.614426
301.8		0.614426
301.9		0.614426
302		0.614426
302.1		0.616965
302.2		0.616965
302.3		0.616965
302.4		0.616965
302.5		0.616965
302.6		0.616965
302.7		0.616965
302.8		0.616965
302.9		0.616965
303		0.616965
303.1		0.618314
303.2		0.618314
303.3		0.618314
303.4		0.618314
303.5		0.618314
303.6		0.618314
303.7		0.618314
303.8		0.618314
303.9		0.618314
304		0.618314
304.1		0.620122
304.2		0.620122
304.3		0.620122
304.4		0.620122
304.5		0.620122
304.6		0.620122
304.7		0.620122
304.8		0.620122
304.9		0.620122
305		0.620122
305.1		0.620259
305.2		0.620259
305.3		0.620259
305.4		0.620259
305.5		0.620259
305.6		0.620259
305.7		0.620259
305.8		0.620259
305.9		0.620259
306		0.620259
306.1		0.625612
306.2		0.625612
306.3		0.625612
306.4		0.625612
306.5		0.625612
306.6		0.625612
306.7		0.625612
306.8		0.625612
306.9		0.625612
307		0.625612
307.1		0.626733
307.2		0.626733
307.3		0.626733
307.4		0.626733
307.5		0.626733
307.6		0.626733
307.7		0.626733
307.8		0.626733
307.9		0.626733
308		0.626733
308.1		0.628311
308.2		0.628311
308.3		0.628311
308.4		0.628311
308.5		0.628311
308.6		0.628311
308.7		0.628311
308.8		0.628311
308.9		0.628311
309		0.628311
309.1		0.629775
309.2		0.629775
309.3		0.629775
309.4		0.629775
309.5		0.629775
309.6		0.629775
309.7		0.629775
309.8		0.629775
309.9		0.629775
310		0.629775
310.1		0.631949
310.2		0.631949
310.3		0.631949
310.4		0.631949
310.5		0.631949
310.6		0.631949
310.7		0.631949
310.8		0.631949
310.9		0.631949
311		0.631949
311.1		0.632475
311.2		0.632475
311.3		0.632475
311.4		0.632475
311.5		0.632475
311.6		0.632475
311.7		0.632475
311.8		0.632475
311.9		0.632475
312		0.632475
312.1		0.634717
312.2		0.634717
312.3		0.634717
312.4		0.634717
312.5		0.634717
312.6		0.634717
312.7		0.634717
312.8		0.634717
312.9		0.634717
313		0.634717
313.1		0.636524
313.2		0.636524
313.3		0.636524
313.4		0.636524
313.5		0.636524
313.6		0.636524
313.7		0.636524
313.8		0.636524
313.9		0.636524
314		0.636524
314.1		0.641396
314.2		0.641396
314.3		0.641396
314.4		0.641396
314.5		0.641396
314.6		0.641396
314.7		0.641396
314.8		0.641396
314.9		0.641396
315		0.641396
315.1		0.641762
315.2		0.641762
315.3		0.641762
315.4		0.641762
315.5		0.641762
315.6		0.641762
315.7		0.641762
315.8		0.641762
315.9		0.641762
316		0.641762
316.1		0.642014
316.2		0.642014
316.3		0.642014
316.4		0.642014
316.5		0.642014
316.6		0.642014
316.7		0.642014
316.8		0.642014
316.9		0.642014
317		0.642014
317.1		0.642426
317.2		0.642426
317.3		0.642426
317.4		0.642426
317.5		0.642426
317.6		0.642426
317.7		0.642426
317.8		0.642426
317.9		0.642426
318		0.642426
318.1		0.648305
318.2		0.648305
318.3		0.648305
318.4		0.648305
318.5		0.648305
318.6		0.648305
318.7		0.648305
318.8		0.648305
318.9		0.648305
319		0.648305
319.1		0.649609
319.2		0.649609
319.3		0.649609
319.4		0.649609
319.5		0.649609
319.6		0.649609
319.7		0.649609
319.8		0.649609
319.9		0.649609
320		0.649609
320.1		0.652217
320.2		0.652217
320.3		0.652217
320.4		0.652217
320.5		0.652217
320.6		0.652217
320.7		0.652217
320.8		0.652217
320.9		0.652217
321		0.652217
321.1		0.652377
321.2		0.652377
321.3		0.652377
321.4		0.652377
321.5		0.652377
321.6		0.652377
321.7		0.652377
321.8		0.652377
321.9		0.652377
322		0.652377
322.1		0.656311
322.2		0.656311
322.3		0.656311
322.4		0.656311
322.5		0.656311
322.6		0.656311
322.7		0.656311
322.8		0.656311
322.9		0.656311
323		0.656311
323.1		0.65789
323.2		0.65789
323.3		0.65789
323.4		0.65789
323.5		0.65789
323.6		0.65789
323.7		0.65789
323.8		0.65789
323.9		0.65789
324		0.65789
324.1		0.658553
324.2		0.658553
324.3		0.658553
324.4		0.658553
324.5		0.658553
324.6		0.658553
324.7		0.658553
324.8		0.658553
324.9		0.658553
325		0.658553
325.1		0.659537
325.2		0.659537
325.3		0.659537
325.4		0.659537
325.5		0.659537
325.6		0.659537
325.7		0.659537
325.8		0.659537
325.9		0.659537
326		0.659537
326.1		0.662763
326.2		0.662763
326.3		0.662763
326.4		0.662763
326.5		0.662763
326.6		0.662763
326.7		0.662763
326.8		0.662763
326.9		0.662763
327		0.662763
327.1		0.667383
327.2		0.667383
327.3		0.667383
327.4		0.667383
327.5		0.667383
327.6		0.667383
327.7		0.667383
327.8		0.667383
327.9		0.667383
328		0.667383
328.1		0.667658
328.2		0.667658
328.3		0.667658
328.4		0.667658
328.5		0.667658
328.6		0.667658
328.7		0.667658
328.8		0.667658
328.9		0.667658
329		0.667658
329.1		0.669534
329.2		0.669534
329.3		0.669534
329.4		0.669534
329.5		0.669534
329.6		0.669534
329.7		0.669534
329.8		0.669534
329.9		0.669534
330		0.669534
330.1		0.670929
330.2		0.670929
330.3		0.670929
330.4		0.670929
330.5		0.670929
330.6		0.670929
330.7		0.670929
330.8		0.670929
330.9		0.670929
331		0.670929
331.1		0.673834
331.2		0.673834
331.3		0.673834
331.4		0.673834
331.5		0.673834
331.6		0.673834
331.7		0.673834
331.8		0.673834
331.9		0.673834
332		0.673834
332.1		0.674178
332.2		0.674178
332.3		0.674178
332.4		0.674178
332.5		0.674178
332.6		0.674178
332.7		0.674178
332.8		0.674178
332.9		0.674178
333		0.674178
333.1		0.677083
333.2		0.677083
333.3		0.677083
333.4		0.677083
333.5		0.677083
333.6		0.677083
333.7		0.677083
333.8		0.677083
333.9		0.677083
334		0.677083
334.1		0.677312
334.2		0.677312
334.3		0.677312
334.4		0.677312
334.5		0.677312
334.6		0.677312
334.7		0.677312
334.8		0.677312
334.9		0.677312
335		0.677312
335.1		0.682024
335.2		0.682024
335.3		0.682024
335.4		0.682024
335.5		0.682024
335.6		0.682024
335.7		0.682024
335.8		0.682024
335.9		0.682024
336		0.682024
336.1		0.684495
336.2		0.684495
336.3		0.684495
336.4		0.684495
336.5		0.684495
336.6		0.684495
336.7		0.684495
336.8		0.684495
336.9		0.684495
337		0.684495
337.1		0.685799
337.2		0.685799
337.3		0.685799
337.4		0.685799
337.5		0.685799
337.6		0.685799
337.7		0.685799
337.8		0.685799
337.9		0.685799
338		0.685799
338.1		0.687171
338.2		0.687171
338.3		0.687171
338.4		0.687171
338.5		0.687171
338.6		0.687171
338.7		0.687171
338.8		0.687171
338.9		0.687171
339		0.687171
339.1		0.690031
339.2		0.690031
339.3		0.690031
339.4		0.690031
339.5		0.690031
339.6		0.690031
339.7		0.690031
339.8		0.690031
339.9		0.690031
340		0.690031
340.1		0.697282
340.2		0.697282
340.3		0.697282
340.4		0.697282
340.5		0.697282
340.6		0.697282
340.7		0.697282
340.8		0.697282
340.9		0.697282
341		0.697282
341.1		0.69758
341.2		0.69758
341.3		0.69758
341.4		0.69758
341.5		0.69758
341.6		0.69758
341.7		0.69758
341.8		0.69758
341.9		0.69758
342		0.69758
342.1		0.6979
342.2		0.6979
342.3		0.6979
342.4		0.6979
342.5		0.6979
342.6		0.6979
342.7		0.6979
342.8		0.6979
342.9		0.6979
343		0.6979
343.1		0.705952
343.2		0.705952
343.3		0.705952
343.4		0.705952
343.5		0.705952
343.6		0.705952
343.7		0.705952
343.8		0.705952
343.9		0.705952
344		0.705952
344.1		0.709041
344.2		0.709041
344.3		0.709041
344.4		0.709041
344.5		0.709041
344.6		0.709041
344.7		0.709041
344.8		0.709041
344.9		0.709041
345		0.709041
345.1		0.709338
345.2		0.709338
345.3		0.709338
345.4		0.709338
345.5		0.709338
345.6		0.709338
345.7		0.709338
345.8		0.709338
345.9		0.709338
346		0.709338
346.1		0.710642
346.2		0.710642
346.3		0.710642
346.4		0.710642
346.5		0.710642
346.6		0.710642
346.7		0.710642
346.8		0.710642
346.9		0.710642
347		0.710642
347.1		0.711054
347.2		0.711054
347.3		0.711054
347.4		0.711054
347.5		0.711054
347.6		0.711054
347.7		0.711054
347.8		0.711054
347.9		0.711054
348		0.711054
348.1		0.714462
348.2		0.714462
348.3		0.714462
348.4		0.714462
348.5		0.714462
348.6		0.714462
348.7		0.714462
348.8		0.714462
348.9		0.714462
349		0.714462
349.1		0.719335
349.2		0.719335
349.3		0.719335
349.4		0.719335
349.5		0.719335
349.6		0.719335
349.7		0.719335
349.8		0.719335
349.9		0.719335
350		0.719335
350.1		0.720433
350.2		0.720433
350.3		0.720433
350.4		0.720433
350.5		0.720433
350.6		0.720433
350.7		0.720433
350.8		0.720433
350.9		0.720433
351		0.720433
351.1		0.720822
351.2		0.720822
351.3		0.720822
351.4		0.720822
351.5		0.720822
351.6		0.720822
351.7		0.720822
351.8		0.720822
351.9		0.720822
352		0.720822
352.1		0.722423
352.2		0.722423
352.3		0.722423
352.4		0.722423
352.5		0.722423
352.6		0.722423
352.7		0.722423
352.8		0.722423
352.9		0.722423
353		0.722423
353.1		0.722743
353.2		0.722743
353.3		0.722743
353.4		0.722743
353.5		0.722743
353.6		0.722743
353.7		0.722743
353.8		0.722743
353.9		0.722743
354		0.722743
354.1		0.723247
354.2		0.723247
354.3		0.723247
354.4		0.723247
354.5		0.723247
354.6		0.723247
354.7		0.723247
354.8		0.723247
354.9		0.723247
355		0.723247
355.1		0.728417
355.2		0.728417
355.3		0.728417
355.4		0.728417
355.5		0.728417
355.6		0.728417
355.7		0.728417
355.8		0.728417
355.9		0.728417
356		0.728417
356.1		0.730887
356.2		0.730887
356.3		0.730887
356.4		0.730887
356.5		0.730887
356.6		0.730887
356.7		0.730887
356.8		0.730887
356.9		0.730887
357		0.730887
357.1		0.731802
357.2		0.731802
357.3		0.731802
357.4		0.731802
357.5		0.731802
357.6		0.731802
357.7		0.731802
357.8		0.731802
357.9		0.731802
358		0.731802
358.1		0.731802
358.2		0.731802
358.3		0.731802
358.4		0.731802
358.5		0.731802
358.6		0.731802
358.7		0.731802
358.8		0.731802
358.9		0.731802
359		0.731802
359.1		0.734616
359.2		0.734616
359.3		0.734616
359.4		0.734616
359.5		0.734616
359.6		0.734616
359.7		0.734616
359.8		0.734616
359.9		0.734616
360		0.734616
360.1		0.737613
360.2		0.737613
360.3		0.737613
360.4		0.737613
360.5		0.737613
360.6		0.737613
360.7		0.737613
360.8		0.737613
360.9		0.737613
361		0.737613
361.1		0.738368
361.2		0.738368
361.3		0.738368
361.4		0.738368
361.5		0.738368
361.6		0.738368
361.7		0.738368
361.8		0.738368
361.9		0.738368
362		0.738368
362.1		0.740998
362.2		0.740998
362.3		0.740998
362.4		0.740998
362.5		0.740998
362.6		0.740998
362.7		0.740998
362.8		0.740998
362.9		0.740998
363		0.740998
363.1		0.742348
363.2		0.742348
363.3		0.742348
363.4		0.742348
363.5		0.742348
363.6		0.742348
363.7		0.742348
363.8		0.742348
363.9		0.742348
364		0.742348
364.1		0.743263
364.2		0.743263
364.3		0.743263
364.4		0.743263
364.5		0.743263
364.6		0.743263
364.7		0.743263
364.8		0.743263
364.9		0.743263
365		0.743263
365.1		0.747495
365.2		0.747495
365.3		0.747495
365.4		0.747495
365.5		0.747495
365.6		0.747495
365.7		0.747495
365.8		0.747495
365.9		0.747495
366		0.747495
366.1		0.749554
366.2		0.749554
366.3		0.749554
366.4		0.749554
366.5		0.749554
366.6		0.749554
366.7		0.749554
366.8		0.749554
366.9		0.749554
367		0.749554
367.1		0.751041
367.2		0.751041
367.3		0.751041
367.4		0.751041
367.5		0.751041
367.6		0.751041
367.7		0.751041
367.8		0.751041
367.9		0.751041
368		0.751041
368.1		0.752734
368.2		0.752734
368.3		0.752734
368.4		0.752734
368.5		0.752734
368.6		0.752734
368.7		0.752734
368.8		0.752734
368.9		0.752734
369		0.752734
369.1		0.754678
369.2		0.754678
369.3		0.754678
369.4		0.754678
369.5		0.754678
369.6		0.754678
369.7		0.754678
369.8		0.754678
369.9		0.754678
370		0.754678
370.1		0.75811
370.2		0.75811
370.3		0.75811
370.4		0.75811
370.5		0.75811
370.6		0.75811
370.7		0.75811
370.8		0.75811
370.9		0.75811
371		0.75811
371.1		0.761404
371.2		0.761404
371.3		0.761404
371.4		0.761404
371.5		0.761404
371.6		0.761404
371.7		0.761404
371.8		0.761404
371.9		0.761404
372		0.761404
372.1		0.761518
372.2		0.761518
372.3		0.761518
372.4		0.761518
372.5		0.761518
372.6		0.761518
372.7		0.761518
372.8		0.761518
372.9		0.761518
373		0.761518
373.1		0.762822
373.2		0.762822
373.3		0.762822
373.4		0.762822
373.5		0.762822
373.6		0.762822
373.7		0.762822
373.8		0.762822
373.9		0.762822
374		0.762822
374.1		0.767146
374.2		0.767146
374.3		0.767146
374.4		0.767146
374.5		0.767146
374.6		0.767146
374.7		0.767146
374.8		0.767146
374.9		0.767146
375		0.767146
375.1		0.767717
375.2		0.767717
375.3		0.767717
375.4		0.767717
375.5		0.767717
375.6		0.767717
375.7		0.767717
375.8		0.767717
375.9		0.767717
376		0.767717
376.1		0.769296
376.2		0.769296
376.3		0.769296
376.4		0.769296
376.5		0.769296
376.6		0.769296
376.7		0.769296
376.8		0.769296
376.9		0.769296
377		0.769296
377.1		0.771446
377.2		0.771446
377.3		0.771446
377.4		0.771446
377.5		0.771446
377.6		0.771446
377.7		0.771446
377.8		0.771446
377.9		0.771446
378		0.771446
378.1		0.774672
378.2		0.774672
378.3		0.774672
378.4		0.774672
378.5		0.774672
378.6		0.774672
378.7		0.774672
378.8		0.774672
378.9		0.774672
379		0.774672
379.1		0.776159
379.2		0.776159
379.3		0.776159
379.4		0.776159
379.5		0.776159
379.6		0.776159
379.7		0.776159
379.8		0.776159
379.9		0.776159
380		0.776159
380.1		0.777874
380.2		0.777874
380.3		0.777874
380.4		0.777874
380.5		0.777874
380.6		0.777874
380.7		0.777874
380.8		0.777874
380.9		0.777874
381		0.777874
381.1		0.780711
381.2		0.780711
381.3		0.780711
381.4		0.780711
381.5		0.780711
381.6		0.780711
381.7		0.780711
381.8		0.780711
381.9		0.780711
382		0.780711
382.1		0.782907
382.2		0.782907
382.3		0.782907
382.4		0.782907
382.5		0.782907
382.6		0.782907
382.7		0.782907
382.8		0.782907
382.9		0.782907
383		0.782907
383.1		0.786659
383.2		0.786659
383.3		0.786659
383.4		0.786659
383.5		0.786659
383.6		0.786659
383.7		0.786659
383.8		0.786659
383.9		0.786659
384		0.786659
384.1		0.787116
384.2		0.787116
384.3		0.787116
384.4		0.787116
384.5		0.787116
384.6		0.787116
384.7		0.787116
384.8		0.787116
384.9		0.787116
385		0.787116
385.1		0.788603
385.2		0.788603
385.3		0.788603
385.4		0.788603
385.5		0.788603
385.6		0.788603
385.7		0.788603
385.8		0.788603
385.9		0.788603
386		0.788603
386.1		0.793247
386.2		0.793247
386.3		0.793247
386.4		0.793247
386.5		0.793247
386.6		0.793247
386.7		0.793247
386.8		0.793247
386.9		0.793247
387		0.793247
387.1		0.793522
387.2		0.793522
387.3		0.793522
387.4		0.793522
387.5		0.793522
387.6		0.793522
387.7		0.793522
387.8		0.793522
387.9		0.793522
388		0.793522
388.1		0.79391
388.2		0.79391
388.3		0.79391
388.4		0.79391
388.5		0.79391
388.6		0.79391
388.7		0.79391
388.8		0.79391
388.9		0.79391
389		0.79391
389.1		0.795031
389.2		0.795031
389.3		0.795031
389.4		0.795031
389.5		0.795031
389.6		0.795031
389.7		0.795031
389.8		0.795031
389.9		0.795031
390		0.795031
390.1		0.802009
390.2		0.802009
390.3		0.802009
390.4		0.802009
390.5		0.802009
390.6		0.802009
390.7		0.802009
390.8		0.802009
390.9		0.802009
391		0.802009
391.1		0.803335
391.2		0.803335
391.3		0.803335
391.4		0.803335
391.5		0.803335
391.6		0.803335
391.7		0.803335
391.8		0.803335
391.9		0.803335
392		0.803335
392.1		0.803381
392.2		0.803381
392.3		0.803381
392.4		0.803381
392.5		0.803381
392.6		0.803381
392.7		0.803381
392.8		0.803381
392.9		0.803381
393		0.803381
393.1		0.805852
393.2		0.805852
393.3		0.805852
393.4		0.805852
393.5		0.805852
393.6		0.805852
393.7		0.805852
393.8		0.805852
393.9		0.805852
394		0.805852
394.1		0.80711
394.2		0.80711
394.3		0.80711
394.4		0.80711
394.5		0.80711
394.6		0.80711
394.7		0.80711
394.8		0.80711
394.9		0.80711
395		0.80711
395.1		0.812577
395.2		0.812577
395.3		0.812577
395.4		0.812577
395.5		0.812577
395.6		0.812577
395.7		0.812577
395.8		0.812577
395.9		0.812577
396		0.812577
396.1		0.812897
396.2		0.812897
396.3		0.812897
396.4		0.812897
396.5		0.812897
396.6		0.812897
396.7		0.812897
396.8		0.812897
396.9		0.812897
397		0.812897
397.1		0.81729
397.2		0.81729
397.3		0.81729
397.4		0.81729
397.5		0.81729
397.6		0.81729
397.7		0.81729
397.8		0.81729
397.9		0.81729
398		0.81729
398.1		0.818342
398.2		0.818342
398.3		0.818342
398.4		0.818342
398.5		0.818342
398.6		0.818342
398.7		0.818342
398.8		0.818342
398.9		0.818342
399		0.818342
399.1		0.818548
399.2		0.818548
399.3		0.818548
399.4		0.818548
399.5		0.818548
399.6		0.818548
399.7		0.818548
399.8		0.818548
399.9		0.818548
400		0.818548
400.1		0.820904
400.2		0.820904
400.3		0.820904
400.4		0.820904
400.5		0.820904
400.6		0.820904
400.7		0.820904
400.8		0.820904
400.9		0.820904
401		0.820904
401.1		0.82278
401.2		0.82278
401.3		0.82278
401.4		0.82278
401.5		0.82278
401.6		0.82278
401.7		0.82278
401.8		0.82278
401.9		0.82278
402		0.82278
402.1		0.823672
402.2		0.823672
402.3		0.823672
402.4		0.823672
402.5		0.823672
402.6		0.823672
402.7		0.823672
402.8		0.823672
402.9		0.823672
403		0.823672
403.1		0.826486
403.2		0.826486
403.3		0.826486
403.4		0.826486
403.5		0.826486
403.6		0.826486
403.7		0.826486
403.8		0.826486
403.9		0.826486
404		0.826486
404.1		0.832456
404.2		0.832456
404.3		0.832456
404.4		0.832456
404.5		0.832456
404.6		0.832456
404.7		0.832456
404.8		0.832456
404.9		0.832456
405		0.832456
405.1		0.832822
405.2		0.832822
405.3		0.832822
405.4		0.832822
405.5		0.832822
405.6		0.832822
405.7		0.832822
405.8		0.832822
405.9		0.832822
406		0.832822
406.1		0.833417
406.2		0.833417
406.3		0.833417
406.4		0.833417
406.5		0.833417
406.6		0.833417
406.7		0.833417
406.8		0.833417
406.9		0.833417
407		0.833417
407.1		0.834195
407.2		0.834195
407.3		0.834195
407.4		0.834195
407.5		0.834195
407.6		0.834195
407.7		0.834195
407.8		0.834195
407.9		0.834195
408		0.834195
408.1		0.839891
408.2		0.839891
408.3		0.839891
408.4		0.839891
408.5		0.839891
408.6		0.839891
408.7		0.839891
408.8		0.839891
408.9		0.839891
409		0.839891
409.1		0.842385
409.2		0.842385
409.3		0.842385
409.4		0.842385
409.5		0.842385
409.6		0.842385
409.7		0.842385
409.8		0.842385
409.9		0.842385
410		0.842385
410.1		0.844123
410.2		0.844123
410.3		0.844123
410.4		0.844123
410.5		0.844123
410.6		0.844123
410.7		0.844123
410.8		0.844123
410.9		0.844123
411		0.844123
411.1		0.845404
411.2		0.845404
411.3		0.845404
411.4		0.845404
411.5		0.845404
411.6		0.845404
411.7		0.845404
411.8		0.845404
411.9		0.845404
412		0.845404
412.1		0.847623
412.2		0.847623
412.3		0.847623
412.4		0.847623
412.5		0.847623
412.6		0.847623
412.7		0.847623
412.8		0.847623
412.9		0.847623
413		0.847623
413.1		0.848172
413.2		0.848172
413.3		0.848172
413.4		0.848172
413.5		0.848172
413.6		0.848172
413.7		0.848172
413.8		0.848172
413.9		0.848172
414		0.848172
414.1		0.850986
414.2		0.850986
414.3		0.850986
414.4		0.850986
414.5		0.850986
414.6		0.850986
414.7		0.850986
414.8		0.850986
414.9		0.850986
415		0.850986
415.1		0.85229
415.2		0.85229
415.3		0.85229
415.4		0.85229
415.5		0.85229
415.6		0.85229
415.7		0.85229
415.8		0.85229
415.9		0.85229
416		0.85229
416.1		0.855149
416.2		0.855149
416.3		0.855149
416.4		0.855149
416.5		0.855149
416.6		0.855149
416.7		0.855149
416.8		0.855149
416.9		0.855149
417		0.855149
417.1		0.858215
417.2		0.858215
417.3		0.858215
417.4		0.858215
417.5		0.858215
417.6		0.858215
417.7		0.858215
417.8		0.858215
417.9		0.858215
418		0.858215
418.1		0.859496
418.2		0.859496
418.3		0.859496
418.4		0.859496
418.5		0.859496
418.6		0.859496
418.7		0.859496
418.8		0.859496
418.9		0.859496
419		0.859496
419.1		0.859816
419.2		0.859816
419.3		0.859816
419.4		0.859816
419.5		0.859816
419.6		0.859816
419.7		0.859816
419.8		0.859816
419.9		0.859816
420		0.859816
420.1		0.864048
420.2		0.864048
420.3		0.864048
420.4		0.864048
420.5		0.864048
420.6		0.864048
420.7		0.864048
420.8		0.864048
420.9		0.864048
421		0.864048
421.1		0.865672
421.2		0.865672
421.3		0.865672
421.4		0.865672
421.5		0.865672
421.6		0.865672
421.7		0.865672
421.8		0.865672
421.9		0.865672
422		0.865672
422.1		0.867205
422.2		0.867205
422.3		0.867205
422.4		0.867205
422.5		0.867205
422.6		0.867205
422.7		0.867205
422.8		0.867205
422.9		0.867205
423		0.867205
423.1		0.868989
423.2		0.868989
423.3		0.868989
423.4		0.868989
423.5		0.868989
423.6		0.868989
423.7		0.868989
423.8		0.868989
423.9		0.868989
424		0.868989
424.1		0.8721
424.2		0.8721
424.3		0.8721
424.4		0.8721
424.5		0.8721
424.6		0.8721
424.7		0.8721
424.8		0.8721
424.9		0.8721
425		0.8721
425.1		0.875417
425.2		0.875417
425.3		0.875417
425.4		0.875417
425.5		0.875417
425.6		0.875417
425.7		0.875417
425.8		0.875417
425.9		0.875417
426		0.875417
426.1		0.876836
426.2		0.876836
426.3		0.876836
426.4		0.876836
426.5		0.876836
426.6		0.876836
426.7		0.876836
426.8		0.876836
426.9		0.876836
427		0.876836
427.1		0.879169
427.2		0.879169
427.3		0.879169
427.4		0.879169
427.5		0.879169
427.6		0.879169
427.7		0.879169
427.8		0.879169
427.9		0.879169
428		0.879169
428.1		0.882143
428.2		0.882143
428.3		0.882143
428.4		0.882143
428.5		0.882143
428.6		0.882143
428.7		0.882143
428.8		0.882143
428.9		0.882143
429		0.882143
429.1		0.882646
429.2		0.882646
429.3		0.882646
429.4		0.882646
429.5		0.882646
429.6		0.882646
429.7		0.882646
429.8		0.882646
429.9		0.882646
430		0.882646
430.1		0.884248
430.2		0.884248
430.3		0.884248
430.4		0.884248
430.5		0.884248
430.6		0.884248
430.7		0.884248
430.8		0.884248
430.9		0.884248
431		0.884248
431.1		0.887702
431.2		0.887702
431.3		0.887702
431.4		0.887702
431.5		0.887702
431.6		0.887702
431.7		0.887702
431.8		0.887702
431.9		0.887702
432		0.887702
432.1		0.890264
432.2		0.890264
432.3		0.890264
432.4		0.890264
432.5		0.890264
432.6		0.890264
432.7		0.890264
432.8		0.890264
432.9		0.890264
433		0.890264
433.1		0.89294
433.2		0.89294
433.3		0.89294
433.4		0.89294
433.5		0.89294
433.6		0.89294
433.7		0.89294
433.8		0.89294
433.9		0.89294
434		0.89294
434.1		0.893398
434.2		0.893398
434.3		0.893398
434.4		0.893398
434.5		0.893398
434.6		0.893398
434.7		0.893398
434.8		0.893398
434.9		0.893398
435		0.893398
435.1		0.897539
435.2		0.897539
435.3		0.897539
435.4		0.897539
435.5		0.897539
435.6		0.897539
435.7		0.897539
435.8		0.897539
435.9		0.897539
436		0.897539
436.1		0.897859
436.2		0.897859
436.3		0.897859
436.4		0.897859
436.5		0.897859
436.6		0.897859
436.7		0.897859
436.8		0.897859
436.9		0.897859
437		0.897859
437.1		0.900261
437.2		0.900261
437.3		0.900261
437.4		0.900261
437.5		0.900261
437.6		0.900261
437.7		0.900261
437.8		0.900261
437.9		0.900261
438		0.900261
438.1		0.904859
438.2		0.904859
438.3		0.904859
438.4		0.904859
438.5		0.904859
438.6		0.904859
438.7		0.904859
438.8		0.904859
438.9		0.904859
439		0.904859
439.1		0.905225
439.2		0.905225
439.3		0.905225
439.4		0.905225
439.5		0.905225
439.6		0.905225
439.7		0.905225
439.8		0.905225
439.9		0.905225
440		0.905225
440.1		0.905522
440.2		0.905522
440.3		0.905522
440.4		0.905522
440.5		0.905522
440.6		0.905522
440.7		0.905522
440.8		0.905522
440.9		0.905522
441		0.905522
441.1		0.909777
441.2		0.909777
441.3		0.909777
441.4		0.909777
441.5		0.909777
441.6		0.909777
441.7		0.909777
441.8		0.909777
441.9		0.909777
442		0.909777
442.1		0.913758
442.2		0.913758
442.3		0.913758
442.4		0.913758
442.5		0.913758
442.6		0.913758
442.7		0.913758
442.8		0.913758
442.9		0.913758
443		0.913758
443.1		0.914535
443.2		0.914535
443.3		0.914535
443.4		0.914535
443.5		0.914535
443.6		0.914535
443.7		0.914535
443.8		0.914535
443.9		0.914535
444		0.914535
444.1		0.916411
444.2		0.916411
444.3		0.916411
444.4		0.916411
444.5		0.916411
444.6		0.916411
444.7		0.916411
444.8		0.916411
444.9		0.916411
445		0.916411
445.1		0.916594
445.2		0.916594
445.3		0.916594
445.4		0.916594
445.5		0.916594
445.6		0.916594
445.7		0.916594
445.8		0.916594
445.9		0.916594
446		0.916594
446.1		0.920209
446.2		0.920209
446.3		0.920209
446.4		0.920209
446.5		0.920209
446.6		0.920209
446.7		0.920209
446.8		0.920209
446.9		0.920209
447		0.920209
447.1		0.921673
447.2		0.921673
447.3		0.921673
447.4		0.921673
447.5		0.921673
447.6		0.921673
447.7		0.921673
447.8		0.921673
447.9		0.921673
448		0.921673
448.1		0.924281
448.2		0.924281
448.3		0.924281
448.4		0.924281
448.5		0.924281
448.6		0.924281
448.7		0.924281
448.8		0.924281
448.9		0.924281
449		0.924281
449.1		0.926843
449.2		0.926843
449.3		0.926843
449.4		0.926843
449.5		0.926843
449.6		0.926843
449.7		0.926843
449.8		0.926843
449.9		0.926843
450		0.926843
450.1		0.930457
450.2		0.930457
450.3		0.930457
450.4		0.930457
450.5		0.930457
450.6		0.930457
450.7		0.930457
450.8		0.930457
450.9		0.930457
451		0.930457
451.1		0.93064
451.2		0.93064
451.3		0.93064
451.4		0.93064
451.5		0.93064
451.6		0.93064
451.7		0.93064
451.8		0.93064
451.9		0.93064
452		0.93064
452.1		0.931258
452.2		0.931258
452.3		0.931258
452.4		0.931258
452.5		0.931258
452.6		0.931258
452.7		0.931258
452.8		0.931258
452.9		0.931258
453		0.931258
453.1		0.933774
453.2		0.933774
453.3		0.933774
453.4		0.933774
453.5		0.933774
453.6		0.933774
453.7		0.933774
453.8		0.933774
453.9		0.933774
454		0.933774
454.1		0.938235
454.2		0.938235
454.3		0.938235
454.4		0.938235
454.5		0.938235
454.6		0.938235
454.7		0.938235
454.8		0.938235
454.9		0.938235
455		0.938235
455.1		0.940019
455.2		0.940019
455.3		0.940019
455.4		0.940019
455.5		0.940019
455.6		0.940019
455.7		0.940019
455.8		0.940019
455.9		0.940019
456		0.940019
456.1		0.940637
456.2		0.940637
456.3		0.940637
456.4		0.940637
456.5		0.940637
456.6		0.940637
456.7		0.940637
456.8		0.940637
456.9		0.940637
457		0.940637
457.1		0.942238
457.2		0.942238
457.3		0.942238
457.4		0.942238
457.5		0.942238
457.6		0.942238
457.7		0.942238
457.8		0.942238
457.9		0.942238
458		0.942238
458.1		0.942604
458.2		0.942604
458.3		0.942604
458.4		0.942604
458.5		0.942604
458.6		0.942604
458.7		0.942604
458.8		0.942604
458.9		0.942604
459		0.942604
459.1		0.947408
459.2		0.947408
459.3		0.947408
459.4		0.947408
459.5		0.947408
459.6		0.947408
459.7		0.947408
459.8		0.947408
459.9		0.947408
460		0.947408
460.1		0.949353
460.2		0.949353
460.3		0.949353
460.4		0.949353
460.5		0.949353
460.6		0.949353
460.7		0.949353
460.8		0.949353
460.9		0.949353
461		0.949353
461.1		0.951915
461.2		0.951915
461.3		0.951915
461.4		0.951915
461.5		0.951915
461.6		0.951915
461.7		0.951915
461.8		0.951915
461.9		0.951915
462		0.951915
462.1		0.952189
462.2		0.952189
462.3		0.952189
462.4		0.952189
462.5		0.952189
462.6		0.952189
462.7		0.952189
462.8		0.952189
462.9		0.952189
463		0.952189
463.1		0.952898
463.2		0.952898
463.3		0.952898
463.4		0.952898
463.5		0.952898
463.6		0.952898
463.7		0.952898
463.8		0.952898
463.9		0.952898
464		0.952898
464.1		0.956147
464.2		0.956147
464.3		0.956147
464.4		0.956147
464.5		0.956147
464.6		0.956147
464.7		0.956147
464.8		0.956147
464.9		0.956147
465		0.956147
465.1		0.957359
465.2		0.957359
465.3		0.957359
465.4		0.957359
465.5		0.957359
465.6		0.957359
465.7		0.957359
465.8		0.957359
465.9		0.957359
466		0.957359
466.1		0.958297
466.2		0.958297
466.3		0.958297
466.4		0.958297
466.5		0.958297
466.6		0.958297
466.7		0.958297
466.8		0.958297
466.9		0.958297
467		0.958297
467.1		0.960905
467.2		0.960905
467.3		0.960905
467.4		0.960905
467.5		0.960905
467.6		0.960905
467.7		0.960905
467.8		0.960905
467.9		0.960905
468		0.960905
468.1		0.965412
468.2		0.965412
468.3		0.965412
468.4		0.965412
468.5		0.965412
468.6		0.965412
468.7		0.965412
468.8		0.965412
468.9		0.965412
469		0.965412
469.1		0.96651
469.2		0.96651
469.3		0.96651
469.4		0.96651
469.5		0.96651
469.6		0.96651
469.7		0.96651
469.8		0.96651
469.9		0.96651
470		0.96651
470.1		0.96683
470.2		0.96683
470.3		0.96683
470.4		0.96683
470.5		0.96683
470.6		0.96683
470.7		0.96683
470.8		0.96683
470.9		0.96683
471		0.96683
471.1		0.968797
471.2		0.968797
471.3		0.968797
471.4		0.968797
471.5		0.968797
471.6		0.968797
471.7		0.968797
471.8		0.968797
471.9		0.968797
472		0.968797
472.1		0.973281
472.2		0.973281
472.3		0.973281
472.4		0.973281
472.5		0.973281
472.6		0.973281
472.7		0.973281
472.8		0.973281
472.9		0.973281
473		0.973281
473.1		0.974036
473.2		0.974036
473.3		0.974036
473.4		0.974036
473.5		0.974036
473.6		0.974036
473.7		0.974036
473.8		0.974036
473.9		0.974036
474		0.974036
474.1		0.976598
474.2		0.976598
474.3		0.976598
474.4		0.976598
474.5		0.976598
474.6		0.976598
474.7		0.976598
474.8		0.976598
474.9		0.976598
475		0.976598
475.1		0.976895
475.2		0.976895
475.3		0.976895
475.4		0.976895
475.5		0.976895
475.6		0.976895
475.7		0.976895
475.8		0.976895
475.9		0.976895
476		0.976895
476.1		0.980098
476.2		0.980098
476.3		0.980098
476.4		0.980098
476.5		0.980098
476.6		0.980098
476.7		0.980098
476.8		0.980098
476.9		0.980098
477		0.980098
477.1		0.983255
477.2		0.983255
477.3		0.983255
477.4		0.983255
477.5		0.983255
477.6		0.983255
477.7		0.983255
477.8		0.983255
477.9		0.983255
478		0.983255
478.1		0.983667
478.2		0.983667
478.3		0.983667
478.4		0.983667
478.5		0.983667
478.6		0.983667
478.7		0.983667
478.8		0.983667
478.9		0.983667
479		0.983667
479.1		0.985657
479.2		0.985657
479.3		0.985657
479.4		0.985657
479.5		0.985657
479.6		0.985657
479.7		0.985657
479.8		0.985657
479.9		0.985657
480		0.985657
480.1		0.989683
480.2		0.989683
480.3		0.989683
480.4		0.989683
480.5		0.989683
480.6		0.989683
480.7		0.989683
480.8		0.989683
480.9		0.989683
481		0.989683
481.1		0.991765
481.2		0.991765
481.3		0.991765
481.4		0.991765
481.5		0.991765
481.6		0.991765
481.7		0.991765
481.8		0.991765
481.9		0.991765
482		0.991765
482.1		0.992062
482.2		0.992062
482.3		0.992062
482.4		0.992062
482.5		0.992062
482.6		0.992062
482.7		0.992062
482.8		0.992062
482.9		0.992062
483		0.992062
483.1		0.995425
483.2		0.995425
483.3		0.995425
483.4		0.995425
483.5		0.995425
483.6		0.995425
483.7		0.995425
483.8		0.995425
483.9		0.995425
484		0.995425
484.1		0.99698
484.2		0.99698
484.3		0.99698
484.4		0.99698
484.5		0.99698
484.6		0.99698
484.7		0.99698
484.8		0.99698
484.9		0.99698
485		0.99698
485.1		0.999931
485.2		0.999931
485.3		0.999931
485.4		0.999931
485.5		0.999931
485.6		0.999931
485.7		0.999931
485.8		0.999931
485.9		0.999931
486		0.999931
486.1		0.999954
486.2		0.999954
486.3		0.999954
486.4		0.999954
486.5		0.999954
486.6		0.999954
486.7		0.999954
486.8		0.999954
486.9		0.999954
487		0.999954
487.1		1
487.2		1
487.3		1
487.4		1
487.5		1
487.6		1
487.7		1
487.8		1
487.9		1
488		1
488.1		1
488.2		1
488.3		1
488.4		1
488.5		1
488.6		1
488.7		1
488.8		1
488.9		1
489		1
489.1		1
489.2		1
489.3		1
489.4		1
489.5		1
489.6		1
489.7		1
489.8		1
489.9		1
490		1
490.1		1
490.2		1
490.3		1
490.4		1
490.5		1
490.6		1
490.7		1
490.8		1
490.9		1
491		1
491.1		1
491.2		1
491.3		1
491.4		1
491.5		1
491.6		1
491.7		1
491.8		1
491.9		1
492		1
492.1		1
492.2		1
492.3		1
492.4		1
492.5		1
492.6		1
492.7		1
492.8		1
492.9		1
493		1
493.1		1
493.2		1
493.3		1
493.4		1
493.5		1
493.6		1
493.7		1
493.8		1
493.9		1
494		1
494.1		1
494.2		1
494.3		1
494.4		1
494.5		1
494.6		1
494.7		1
494.8		1
494.9		1
495		1
495.1		1
495.2		1
495.3		1
495.4		1
495.5		1
495.6		1
495.7		1
495.8		1
495.9		1
496		1
496.1		1
496.2		1
496.3		1
496.4		1
496.5		1
496.6		1
496.7		1
496.8		1
496.9		1
497		1
497.1		1
497.2		1
497.3		1
497.4		1
497.5		1
497.6		1
497.7		1
497.8		1
497.9		1
498		1
498.1		1
498.2		1
498.3		1
498.4		1
498.5		1
498.6		1
498.7		1
498.8		1
498.9		1
499		1
499.1		1
499.2		1
499.3		1
499.4		1
499.5		1
499.6		1
499.7		1
499.8		1
499.9		1
500		1
500.1		1
500.2		1
500.3		1
500.4		1
500.5		1
500.6		1
500.7		1
500.8		1
500.9		1
501		1
501.1		1
501.2		1
501.3		1
501.4		1
501.5		1
501.6		1
501.7		1
501.8		1
501.9		1
502		1
502.1		1
502.2		1
502.3		1
502.4		1
502.5		1
502.6		1
502.7		1
502.8		1
502.9		1
503		1
503.1		1
503.2		1
503.3		1
503.4		1
503.5		1
503.6		1
503.7		1
503.8		1
503.9		1
504		1
504.1		1
504.2		1
504.3		1
504.4		1
504.5		1
504.6		1
504.7		1
504.8		1
504.9		1
505		1
505.1		1
505.2		1
505.3		1
505.4		1
505.5		1
505.6		1
505.7		1
505.8		1
505.9		1
506		1
506.1		1
506.2		1
506.3		1
506.4		1
506.5		1
506.6		1
506.7		1
506.8		1
506.9		1
507		1
507.1		1
507.2		1
507.3		1
507.4		1
507.5		1
507.6		1
507.7		1
507.8		1
507.9		1
508		1
508.1		1
508.2		1
508.3		1
508.4		1
508.5		1
508.6		1
508.7		1
508.8		1
508.9		1
509		1
509.1		1
509.2		1
509.3		1
509.4		1
509.5		1
509.6		1
509.7		1
509.8		1
509.9		1
510		1
510.1		1
510.2		1
510.3		1
510.4		1
510.5		1
510.6		1
510.7		1
510.8		1
510.9		1
511		1
511.1		1
511.2		1
511.3		1
511.4		1
511.5		1
511.6		1
511.7		1
511.8		1
511.9		1
512		1
512.1		1
512.2		1
512.3		1
512.4		1
512.5		1
512.6		1
512.7		1
512.8		1
512.9		1
513		1
513.1		1
513.2		1
513.3		1
513.4		1
513.5		1
513.6		1
513.7		1
513.8		1
513.9		1
514		1
514.1		1
514.2		1
514.3		1
514.4		1
514.5		1
514.6		1
514.7		1
514.8		1
514.9		1
515		1
515.1		1
515.2		1
515.3		1
515.4		1
515.5		1
515.6		1
515.7		1
515.8		1
515.9		1
516		1
516.1		1
516.2		1
516.3		1
516.4		1
516.5		1
516.6		1
516.7		1
516.8		1
516.9		1
517		1
517.1		1
517.2		1
517.3		1
517.4		1
517.5		1
517.6		1
517.7		1
517.8		1
517.9		1
518		1
518.1		1
518.2		1
518.3		1
518.4		1
518.5		1
518.6		1
518.7		1
518.8		1
518.9		1
519		1
519.1		1
519.2		1
519.3		1
519.4		1
519.5		1
519.6		1
519.7		1
519.8		1
519.9		1
520		1
520.1		1
520.2		1
520.3		1
520.4		1
520.5		1
520.6		1
520.7		1
520.8		1
520.9		1
521		1
521.1		1
521.2		1
521.3		1
521.4		1
521.5		1
521.6		1
521.7		1
521.8		1
521.9		1
522		1
522.1		1
522.2		1
522.3		1
522.4		1
522.5		1
522.6		1
522.7		1
522.8		1
522.9		1
523		1
523.1		1
523.2		1
523.3		1
523.4		1
523.5		1
523.6		1
523.7		1
523.8		1
523.9		1
524		1
524.1		1
524.2		1
524.3		1
524.4		1
524.5		1
524.6		1
524.7		1
524.8		1
524.9		1
525		1
525.1		1
525.2		1
525.3		1
525.4		1
525.5		1
525.6		1
525.7		1
525.8		1
525.9		1
526		1
526.1		1
526.2		1
526.3		1
526.4		1
526.5		1
526.6		1
526.7		1
526.8		1
526.9		1
527		1
527.1		1
527.2		1
527.3		1
527.4		1
527.5		1
527.6		1
527.7		1
527.8		1
527.9		1
528		1
528.1		1
528.2		1
528.3		1
528.4		1
528.5		1
528.6		1
528.7		1
528.8		1
528.9		1
529		1
529.1		1
529.2		1
529.3		1
529.4		1
529.5		1
529.6		1
529.7		1
529.8		1
529.9		1
530		1
530.1		1
530.2		1
530.3		1
530.4		1
530.5		1
530.6		1
530.7		1
530.8		1
530.9		1
531		1
531.1		1
531.2		1
531.3		1
531.4		1
531.5		1
531.6		1
531.7		1
531.8		1
531.9		1
532		1
532.1		1
532.2		1
532.3		1
532.4		1
532.5		1
532.6		1
532.7		1
532.8		1
532.9		1
533		1
533.1		1
533.2		1
533.3		1
533.4		1
533.5		1
533.6		1
533.7		1
533.8		1
533.9		1
534		1
534.1		1
534.2		1
534.3		1
534.4		1
534.5		1
534.6		1
534.7		1
534.8		1
534.9		1
535		1
535.1		1
535.2		1
535.3		1
535.4		1
535.5		1
535.6		1
535.7		1
535.8		1
535.9		1
536		1
536.1		1
536.2		1
536.3		1
536.4		1
536.5		1
536.6		1
536.7		1
536.8		1
536.9		1
537		1
537.1		1
537.2		1
537.3		1
537.4		1
537.5		1
537.6		1
537.7		1
537.8		1
537.9		1
538		1
538.1		1
538.2		1
538.3		1
538.4		1
538.5		1
538.6		1
538.7		1
538.8		1
538.9		1
539		1
539.1		1
539.2		1
539.3		1
539.4		1
539.5		1
539.6		1
539.7		1
539.8		1
539.9		1
540		1
540.1		1
540.2		1
540.3		1
540.4		1
540.5		1
540.6		1
540.7		1
540.8		1
540.9		1
541		1
541.1		1
541.2		1
541.3		1
541.4		1
541.5		1
541.6		1
541.7		1
541.8		1
541.9		1
542		1
542.1		1
542.2		1
542.3		1
542.4		1
542.5		1
542.6		1
542.7		1
542.8		1
542.9		1
543		1
543.1		1
543.2		1
543.3		1
543.4		1
543.5		1
543.6		1
543.7		1
543.8		1
543.9		1
544		1
544.1		1
544.2		1
544.3		1
544.4		1
544.5		1
544.6		1
544.7		1
544.8		1
544.9		1
545		1
545.1		1
545.2		1
545.3		1
545.4		1
545.5		1
545.6		1
545.7		1
545.8		1
545.9		1
546		1
546.1		1
546.2		1
546.3		1
546.4		1
546.5		1
546.6		1
546.7		1
546.8		1
546.9		1
547		1
547.1		1
547.2		1
547.3		1
547.4		1
547.5		1
547.6		1
547.7		1
547.8		1
547.9		1
548		1
548.1		1
548.2		1
548.3		1
548.4		1
548.5		1
548.6		1
548.7		1
548.8		1
548.9		1
549		1
549.1		1
549.2		1
549.3		1
549.4		1
549.5		1
549.6		1
549.7		1
549.8		1
549.9		1
550		1
550.1		1
550.2		1
550.3		1
550.4		1
550.5		1
550.6		1
550.7		1
550.8		1
550.9		1
551		1
551.1		1
551.2		1
551.3		1
551.4		1
551.5		1
551.6		1
551.7		1
551.8		1
551.9		1
552		1
552.1		1
552.2		1
552.3		1
552.4		1
552.5		1
552.6		1
552.7		1
552.8		1
552.9		1
553		1
553.1		1
553.2		1
553.3		1
553.4		1
553.5		1
553.6		1
553.7		1
553.8		1
553.9		1
554		1
554.1		1
554.2		1
554.3		1
554.4		1
554.5		1
554.6		1
554.7		1
554.8		1
554.9		1
555		1
555.1		1
555.2		1
555.3		1
555.4		1
555.5		1
555.6		1
555.7		1
555.8		1
555.9		1
556		1
556.1		1
556.2		1
556.3		1
556.4		1
556.5		1
556.6		1
556.7		1
556.8		1
556.9		1
557		1
557.1		1
557.2		1
557.3		1
557.4		1
557.5		1
557.6		1
557.7		1
557.8		1
557.9		1
558		1
558.1		1
558.2		1
558.3		1
558.4		1
558.5		1
558.6		1
558.7		1
558.8		1
558.9		1
559		1
559.1		1
559.2		1
559.3		1
559.4		1
559.5		1
559.6		1
559.7		1
559.8		1
559.9		1
560		1
560.1		1
560.2		1
560.3		1
560.4		1
560.5		1
560.6		1
560.7		1
560.8		1
560.9		1
561		1
561.1		1
561.2		1
561.3		1
561.4		1
561.5		1
561.6		1
561.7		1
561.8		1
561.9		1
562		1
562.1		1
562.2		1
562.3		1
562.4		1
562.5		1
562.6		1
562.7		1
562.8		1
562.9		1
563		1
563.1		1
563.2		1
563.3		1
563.4		1
563.5		1
563.6		1
563.7		1
563.8		1
563.9		1
564		1
564.1		1
564.2		1
564.3		1
564.4		1
564.5		1
564.6		1
564.7		1
564.8		1
564.9		1
565		1
565.1		1
565.2		1
565.3		1
565.4		1
565.5		1
565.6		1
565.7		1
565.8		1
565.9		1
566		1
566.1		1
566.2		1
566.3		1
566.4		1
566.5		1
566.6		1
566.7		1
566.8		1
566.9		1
567		1
567.1		1
567.2		1
567.3		1
567.4		1
567.5		1
567.6		1
567.7		1
567.8		1
567.9		1
568		1
568.1		1
568.2		1
568.3		1
568.4		1
568.5		1
568.6		1
568.7		1
568.8		1
568.9		1
569		1
569.1		1
569.2		1
569.3		1
569.4		1
569.5		1
569.6		1
569.7		1
569.8		1
569.9		1
570		1
570.1		1
570.2		1
570.3		1
570.4		1
570.5		1
570.6		1
570.7		1
570.8		1
570.9		1
571		1
571.1		1
571.2		1
571.3		1
571.4		1
571.5		1
571.6		1
571.7		1
571.8		1
571.9		1
572		1
572.1		1
572.2		1
572.3		1
572.4		1
572.5		1
572.6		1
572.7		1
572.8		1
572.9		1
573		1
573.1		1
573.2		1
573.3		1
573.4		1
573.5		1
573.6		1
573.7		1
573.8		1
573.9		1
574		1
574.1		1
574.2		1
574.3		1
574.4		1
574.5		1
574.6		1
574.7		1
574.8		1
574.9		1
575		1
575.1		1
575.2		1
575.3		1
575.4		1
575.5		1
575.6		1
575.7		1
575.8		1
575.9		1
576		1
576.1		1
576.2		1
576.3		1
576.4		1
576.5		1
576.6		1
576.7		1
576.8		1
576.9		1
577		1
577.1		1
577.2		1
577.3		1
577.4		1
577.5		1
577.6		1
577.7		1
577.8		1
577.9		1
578		1
578.1		1
578.2		1
578.3		1
578.4		1
578.5		1
578.6		1
578.7		1
578.8		1
578.9		1
579		1
579.1		1
579.2		1
579.3		1
579.4		1
579.5		1
579.6		1
579.7		1
579.8		1
579.9		1
580		1
580.1		1
580.2		1
580.3		1
580.4		1
580.5		1
580.6		1
580.7		1
580.8		1
580.9		1
581		1
581.1		1
581.2		1
581.3		1
581.4		1
581.5		1
581.6		1
581.7		1
581.8		1
581.9		1
582		1
582.1		1
582.2		1
582.3		1
582.4		1
582.5		1
582.6		1
582.7		1
582.8		1
582.9		1
583		1
583.1		1
583.2		1
583.3		1
583.4		1
583.5		1
583.6		1
583.7		1
583.8		1
583.9		1
584		1
584.1		1
584.2		1
584.3		1
584.4		1
584.5		1
584.6		1
584.7		1
584.8		1
584.9		1
585		1
585.1		1
585.2		1
585.3		1
585.4		1
585.5		1
585.6		1
585.7		1
585.8		1
585.9		1
586		1
586.1		1
586.2		1
586.3		1
586.4		1
586.5		1
586.6		1
586.7		1
586.8		1
586.9		1
587		1
587.1		1
587.2		1
587.3		1
587.4		1
587.5		1
587.6		1
587.7		1
587.8		1
587.9		1
588		1
588.1		1
588.2		1
588.3		1
588.4		1
588.5		1
588.6		1
588.7		1
588.8		1
588.9		1
589		1
589.1		1
589.2		1
589.3		1
589.4		1
589.5		1
589.6		1
589.7		1
589.8		1
589.9		1
590		1
590.1		1
590.2		1
590.3		1
590.4		1
590.5		1
590.6		1
590.7		1
590.8		1
590.9		1
591		1
591.1		1
591.2		1
591.3		1
591.4		1
591.5		1
591.6		1
591.7		1
591.8		1
591.9		1
592		1
592.1		1
592.2		1
592.3		1
592.4		1
592.5		1
592.6		1
592.7		1
592.8		1
592.9		1
593		1
593.1		1
593.2		1
593.3		1
593.4		1
593.5		1
593.6		1
593.7		1
593.8		1
593.9		1
594		1
594.1		1
594.2		1
594.3		1
594.4		1
594.5		1
594.6		1
594.7		1
594.8		1
594.9		1
595		1
595.1		1
595.2		1
595.3		1
595.4		1
595.5		1
595.6		1
595.7		1
595.8		1
595.9		1
596		1
596.1		1
596.2		1
596.3		1
596.4		1
596.5		1
596.6		1
596.7		1
596.8		1
596.9		1
597		1
597.1		1
597.2		1
597.3		1
597.4		1
597.5		1
597.6		1
597.7		1
597.8		1
597.9		1
598		1
598.1		1
598.2		1
598.3		1
598.4		1
598.5		1
598.6		1
598.7		1
598.8		1
598.9		1
599		1
599.1		1
599.2		1
599.3		1
599.4		1
599.5		1
599.6		1
599.7		1
599.8		1
599.9		1
600		1
