# Calibration file of tamex_id 2 @ channel 4
# fine_T bin		 Calibration value
0.1		0
0.2		0
0.3		0
0.4		0
0.5		0
0.6		0
0.7		0
0.8		0
0.9		0
1		0
1.1		0
1.2		0
1.3		0
1.4		0
1.5		0
1.6		0
1.7		0
1.8		0
1.9		0
2		0
2.1		0
2.2		0
2.3		0
2.4		0
2.5		0
2.6		0
2.7		0
2.8		0
2.9		0
3		0
3.1		0
3.2		0
3.3		0
3.4		0
3.5		0
3.6		0
3.7		0
3.8		0
3.9		0
4		0
4.1		0
4.2		0
4.3		0
4.4		0
4.5		0
4.6		0
4.7		0
4.8		0
4.9		0
5		0
5.1		0
5.2		0
5.3		0
5.4		0
5.5		0
5.6		0
5.7		0
5.8		0
5.9		0
6		0
6.1		0
6.2		0
6.3		0
6.4		0
6.5		0
6.6		0
6.7		0
6.8		0
6.9		0
7		0
7.1		0
7.2		0
7.3		0
7.4		0
7.5		0
7.6		0
7.7		0
7.8		0
7.9		0
8		0
8.1		0
8.2		0
8.3		0
8.4		0
8.5		0
8.6		0
8.7		0
8.8		0
8.9		0
9		0
9.1		0
9.2		0
9.3		0
9.4		0
9.5		0
9.6		0
9.7		0
9.8		0
9.9		0
10		0
10.1		0
10.2		0
10.3		0
10.4		0
10.5		0
10.6		0
10.7		0
10.8		0
10.9		0
11		0
11.1		0
11.2		0
11.3		0
11.4		0
11.5		0
11.6		0
11.7		0
11.8		0
11.9		0
12		0
12.1		0
12.2		0
12.3		0
12.4		0
12.5		0
12.6		0
12.7		0
12.8		0
12.9		0
13		0
13.1		0
13.2		0
13.3		0
13.4		0
13.5		0
13.6		0
13.7		0
13.8		0
13.9		0
14		0
14.1		0
14.2		0
14.3		0
14.4		0
14.5		0
14.6		0
14.7		0
14.8		0
14.9		0
15		0
15.1		0
15.2		0
15.3		0
15.4		0
15.5		0
15.6		0
15.7		0
15.8		0
15.9		0
16		0
16.1		0.00342027
16.2		0.00342027
16.3		0.00342027
16.4		0.00342027
16.5		0.00342027
16.6		0.00342027
16.7		0.00342027
16.8		0.00342027
16.9		0.00342027
17		0.00342027
17.1		0.00983326
17.2		0.00983326
17.3		0.00983326
17.4		0.00983326
17.5		0.00983326
17.6		0.00983326
17.7		0.00983326
17.8		0.00983326
17.9		0.00983326
18		0.00983326
18.1		0.0102608
18.2		0.0102608
18.3		0.0102608
18.4		0.0102608
18.5		0.0102608
18.6		0.0102608
18.7		0.0102608
18.8		0.0102608
18.9		0.0102608
19		0.0102608
19.1		0.0106883
19.2		0.0106883
19.3		0.0106883
19.4		0.0106883
19.5		0.0106883
19.6		0.0106883
19.7		0.0106883
19.8		0.0106883
19.9		0.0106883
20		0.0106883
20.1		0.0158187
20.2		0.0158187
20.3		0.0158187
20.4		0.0158187
20.5		0.0158187
20.6		0.0158187
20.7		0.0158187
20.8		0.0158187
20.9		0.0158187
21		0.0158187
21.1		0.0205216
21.2		0.0205216
21.3		0.0205216
21.4		0.0205216
21.5		0.0205216
21.6		0.0205216
21.7		0.0205216
21.8		0.0205216
21.9		0.0205216
22		0.0205216
22.1		0.0209491
22.2		0.0209491
22.3		0.0209491
22.4		0.0209491
22.5		0.0209491
22.6		0.0209491
22.7		0.0209491
22.8		0.0209491
22.9		0.0209491
23		0.0209491
23.1		0.0222317
23.2		0.0222317
23.3		0.0222317
23.4		0.0222317
23.5		0.0222317
23.6		0.0222317
23.7		0.0222317
23.8		0.0222317
23.9		0.0222317
24		0.0222317
24.1		0.0239419
24.2		0.0239419
24.3		0.0239419
24.4		0.0239419
24.5		0.0239419
24.6		0.0239419
24.7		0.0239419
24.8		0.0239419
24.9		0.0239419
25		0.0239419
25.1		0.0286447
25.2		0.0286447
25.3		0.0286447
25.4		0.0286447
25.5		0.0286447
25.6		0.0286447
25.7		0.0286447
25.8		0.0286447
25.9		0.0286447
26		0.0286447
26.1		0.0303549
26.2		0.0303549
26.3		0.0303549
26.4		0.0303549
26.5		0.0303549
26.6		0.0303549
26.7		0.0303549
26.8		0.0303549
26.9		0.0303549
27		0.0303549
27.1		0.0324925
27.2		0.0324925
27.3		0.0324925
27.4		0.0324925
27.5		0.0324925
27.6		0.0324925
27.7		0.0324925
27.8		0.0324925
27.9		0.0324925
28		0.0324925
28.1		0.0342027
28.2		0.0342027
28.3		0.0342027
28.4		0.0342027
28.5		0.0342027
28.6		0.0342027
28.7		0.0342027
28.8		0.0342027
28.9		0.0342027
29		0.0342027
29.1		0.0363403
29.2		0.0363403
29.3		0.0363403
29.4		0.0363403
29.5		0.0363403
29.6		0.0363403
29.7		0.0363403
29.8		0.0363403
29.9		0.0363403
30		0.0363403
30.1		0.0380504
30.2		0.0380504
30.3		0.0380504
30.4		0.0380504
30.5		0.0380504
30.6		0.0380504
30.7		0.0380504
30.8		0.0380504
30.9		0.0380504
31		0.0380504
31.1		0.0427533
31.2		0.0427533
31.3		0.0427533
31.4		0.0427533
31.5		0.0427533
31.6		0.0427533
31.7		0.0427533
31.8		0.0427533
31.9		0.0427533
32		0.0427533
32.1		0.0427533
32.2		0.0427533
32.3		0.0427533
32.4		0.0427533
32.5		0.0427533
32.6		0.0427533
32.7		0.0427533
32.8		0.0427533
32.9		0.0427533
33		0.0427533
33.1		0.044891
33.2		0.044891
33.3		0.044891
33.4		0.044891
33.5		0.044891
33.6		0.044891
33.7		0.044891
33.8		0.044891
33.9		0.044891
34		0.044891
34.1		0.0495938
34.2		0.0495938
34.3		0.0495938
34.4		0.0495938
34.5		0.0495938
34.6		0.0495938
34.7		0.0495938
34.8		0.0495938
34.9		0.0495938
35		0.0495938
35.1		0.0500214
35.2		0.0500214
35.3		0.0500214
35.4		0.0500214
35.5		0.0500214
35.6		0.0500214
35.7		0.0500214
35.8		0.0500214
35.9		0.0500214
36		0.0500214
36.1		0.0542967
36.2		0.0542967
36.3		0.0542967
36.4		0.0542967
36.5		0.0542967
36.6		0.0542967
36.7		0.0542967
36.8		0.0542967
36.9		0.0542967
37		0.0542967
37.1		0.0560068
37.2		0.0560068
37.3		0.0560068
37.4		0.0560068
37.5		0.0560068
37.6		0.0560068
37.7		0.0560068
37.8		0.0560068
37.9		0.0560068
38		0.0560068
38.1		0.0607097
38.2		0.0607097
38.3		0.0607097
38.4		0.0607097
38.5		0.0607097
38.6		0.0607097
38.7		0.0607097
38.8		0.0607097
38.9		0.0607097
39		0.0607097
39.1		0.0611372
39.2		0.0611372
39.3		0.0611372
39.4		0.0611372
39.5		0.0611372
39.6		0.0611372
39.7		0.0611372
39.8		0.0611372
39.9		0.0611372
40		0.0611372
40.1		0.0628474
40.2		0.0628474
40.3		0.0628474
40.4		0.0628474
40.5		0.0628474
40.6		0.0628474
40.7		0.0628474
40.8		0.0628474
40.9		0.0628474
41		0.0628474
41.1		0.0632749
41.2		0.0632749
41.3		0.0632749
41.4		0.0632749
41.5		0.0632749
41.6		0.0632749
41.7		0.0632749
41.8		0.0632749
41.9		0.0632749
42		0.0632749
42.1		0.0654126
42.2		0.0654126
42.3		0.0654126
42.4		0.0654126
42.5		0.0654126
42.6		0.0654126
42.7		0.0654126
42.8		0.0654126
42.9		0.0654126
43		0.0654126
43.1		0.0658401
43.2		0.0658401
43.3		0.0658401
43.4		0.0658401
43.5		0.0658401
43.6		0.0658401
43.7		0.0658401
43.8		0.0658401
43.9		0.0658401
44		0.0658401
44.1		0.0675502
44.2		0.0675502
44.3		0.0675502
44.4		0.0675502
44.5		0.0675502
44.6		0.0675502
44.7		0.0675502
44.8		0.0675502
44.9		0.0675502
45		0.0675502
45.1		0.0692604
45.2		0.0692604
45.3		0.0692604
45.4		0.0692604
45.5		0.0692604
45.6		0.0692604
45.7		0.0692604
45.8		0.0692604
45.9		0.0692604
46		0.0692604
46.1		0.0726806
46.2		0.0726806
46.3		0.0726806
46.4		0.0726806
46.5		0.0726806
46.6		0.0726806
46.7		0.0726806
46.8		0.0726806
46.9		0.0726806
47		0.0726806
47.1		0.0739632
47.2		0.0739632
47.3		0.0739632
47.4		0.0739632
47.5		0.0739632
47.6		0.0739632
47.7		0.0739632
47.8		0.0739632
47.9		0.0739632
48		0.0739632
48.1		0.0743908
48.2		0.0743908
48.3		0.0743908
48.4		0.0743908
48.5		0.0743908
48.6		0.0743908
48.7		0.0743908
48.8		0.0743908
48.9		0.0743908
49		0.0743908
49.1		0.0743908
49.2		0.0743908
49.3		0.0743908
49.4		0.0743908
49.5		0.0743908
49.6		0.0743908
49.7		0.0743908
49.8		0.0743908
49.9		0.0743908
50		0.0743908
50.1		0.0756734
50.2		0.0756734
50.3		0.0756734
50.4		0.0756734
50.5		0.0756734
50.6		0.0756734
50.7		0.0756734
50.8		0.0756734
50.9		0.0756734
51		0.0756734
51.1		0.0773835
51.2		0.0773835
51.3		0.0773835
51.4		0.0773835
51.5		0.0773835
51.6		0.0773835
51.7		0.0773835
51.8		0.0773835
51.9		0.0773835
52		0.0773835
52.1		0.0816588
52.2		0.0816588
52.3		0.0816588
52.4		0.0816588
52.5		0.0816588
52.6		0.0816588
52.7		0.0816588
52.8		0.0816588
52.9		0.0816588
53		0.0816588
53.1		0.0820864
53.2		0.0820864
53.3		0.0820864
53.4		0.0820864
53.5		0.0820864
53.6		0.0820864
53.7		0.0820864
53.8		0.0820864
53.9		0.0820864
54		0.0820864
54.1		0.0872168
54.2		0.0872168
54.3		0.0872168
54.4		0.0872168
54.5		0.0872168
54.6		0.0872168
54.7		0.0872168
54.8		0.0872168
54.9		0.0872168
55		0.0872168
55.1		0.0872168
55.2		0.0872168
55.3		0.0872168
55.4		0.0872168
55.5		0.0872168
55.6		0.0872168
55.7		0.0872168
55.8		0.0872168
55.9		0.0872168
56		0.0872168
56.1		0.0872168
56.2		0.0872168
56.3		0.0872168
56.4		0.0872168
56.5		0.0872168
56.6		0.0872168
56.7		0.0872168
56.8		0.0872168
56.9		0.0872168
57		0.0872168
57.1		0.0884994
57.2		0.0884994
57.3		0.0884994
57.4		0.0884994
57.5		0.0884994
57.6		0.0884994
57.7		0.0884994
57.8		0.0884994
57.9		0.0884994
58		0.0884994
58.1		0.0940573
58.2		0.0940573
58.3		0.0940573
58.4		0.0940573
58.5		0.0940573
58.6		0.0940573
58.7		0.0940573
58.8		0.0940573
58.9		0.0940573
59		0.0940573
59.1		0.0940573
59.2		0.0940573
59.3		0.0940573
59.4		0.0940573
59.5		0.0940573
59.6		0.0940573
59.7		0.0940573
59.8		0.0940573
59.9		0.0940573
60		0.0940573
60.1		0.0949124
60.2		0.0949124
60.3		0.0949124
60.4		0.0949124
60.5		0.0949124
60.6		0.0949124
60.7		0.0949124
60.8		0.0949124
60.9		0.0949124
61		0.0949124
61.1		0.0957674
61.2		0.0957674
61.3		0.0957674
61.4		0.0957674
61.5		0.0957674
61.6		0.0957674
61.7		0.0957674
61.8		0.0957674
61.9		0.0957674
62		0.0957674
62.1		0.101325
62.2		0.101325
62.3		0.101325
62.4		0.101325
62.5		0.101325
62.6		0.101325
62.7		0.101325
62.8		0.101325
62.9		0.101325
63		0.101325
63.1		0.101325
63.2		0.101325
63.3		0.101325
63.4		0.101325
63.5		0.101325
63.6		0.101325
63.7		0.101325
63.8		0.101325
63.9		0.101325
64		0.101325
64.1		0.105601
64.2		0.105601
64.3		0.105601
64.4		0.105601
64.5		0.105601
64.6		0.105601
64.7		0.105601
64.8		0.105601
64.9		0.105601
65		0.105601
65.1		0.106883
65.2		0.106883
65.3		0.106883
65.4		0.106883
65.5		0.106883
65.6		0.106883
65.7		0.106883
65.8		0.106883
65.9		0.106883
66		0.106883
66.1		0.108166
66.2		0.108166
66.3		0.108166
66.4		0.108166
66.5		0.108166
66.6		0.108166
66.7		0.108166
66.8		0.108166
66.9		0.108166
67		0.108166
67.1		0.109876
67.2		0.109876
67.3		0.109876
67.4		0.109876
67.5		0.109876
67.6		0.109876
67.7		0.109876
67.8		0.109876
67.9		0.109876
68		0.109876
68.1		0.111586
68.2		0.111586
68.3		0.111586
68.4		0.111586
68.5		0.111586
68.6		0.111586
68.7		0.111586
68.8		0.111586
68.9		0.111586
69		0.111586
69.1		0.114151
69.2		0.114151
69.3		0.114151
69.4		0.114151
69.5		0.114151
69.6		0.114151
69.7		0.114151
69.8		0.114151
69.9		0.114151
70		0.114151
70.1		0.114579
70.2		0.114579
70.3		0.114579
70.4		0.114579
70.5		0.114579
70.6		0.114579
70.7		0.114579
70.8		0.114579
70.9		0.114579
71		0.114579
71.1		0.121419
71.2		0.121419
71.3		0.121419
71.4		0.121419
71.5		0.121419
71.6		0.121419
71.7		0.121419
71.8		0.121419
71.9		0.121419
72		0.121419
72.1		0.12313
72.2		0.12313
72.3		0.12313
72.4		0.12313
72.5		0.12313
72.6		0.12313
72.7		0.12313
72.8		0.12313
72.9		0.12313
73		0.12313
73.1		0.123985
73.2		0.123985
73.3		0.123985
73.4		0.123985
73.5		0.123985
73.6		0.123985
73.7		0.123985
73.8		0.123985
73.9		0.123985
74		0.123985
74.1		0.123985
74.2		0.123985
74.3		0.123985
74.4		0.123985
74.5		0.123985
74.6		0.123985
74.7		0.123985
74.8		0.123985
74.9		0.123985
75		0.123985
75.1		0.12655
75.2		0.12655
75.3		0.12655
75.4		0.12655
75.5		0.12655
75.6		0.12655
75.7		0.12655
75.8		0.12655
75.9		0.12655
76		0.12655
76.1		0.132963
76.2		0.132963
76.3		0.132963
76.4		0.132963
76.5		0.132963
76.6		0.132963
76.7		0.132963
76.8		0.132963
76.9		0.132963
77		0.132963
77.1		0.135956
77.2		0.135956
77.3		0.135956
77.4		0.135956
77.5		0.135956
77.6		0.135956
77.7		0.135956
77.8		0.135956
77.9		0.135956
78		0.135956
78.1		0.136383
78.2		0.136383
78.3		0.136383
78.4		0.136383
78.5		0.136383
78.6		0.136383
78.7		0.136383
78.8		0.136383
78.9		0.136383
79		0.136383
79.1		0.136811
79.2		0.136811
79.3		0.136811
79.4		0.136811
79.5		0.136811
79.6		0.136811
79.7		0.136811
79.8		0.136811
79.9		0.136811
80		0.136811
80.1		0.141941
80.2		0.141941
80.3		0.141941
80.4		0.141941
80.5		0.141941
80.6		0.141941
80.7		0.141941
80.8		0.141941
80.9		0.141941
81		0.141941
81.1		0.141941
81.2		0.141941
81.3		0.141941
81.4		0.141941
81.5		0.141941
81.6		0.141941
81.7		0.141941
81.8		0.141941
81.9		0.141941
82		0.141941
82.1		0.142796
82.2		0.142796
82.3		0.142796
82.4		0.142796
82.5		0.142796
82.6		0.142796
82.7		0.142796
82.8		0.142796
82.9		0.142796
83		0.142796
83.1		0.144079
83.2		0.144079
83.3		0.144079
83.4		0.144079
83.5		0.144079
83.6		0.144079
83.7		0.144079
83.8		0.144079
83.9		0.144079
84		0.144079
84.1		0.144506
84.2		0.144506
84.3		0.144506
84.4		0.144506
84.5		0.144506
84.6		0.144506
84.7		0.144506
84.8		0.144506
84.9		0.144506
85		0.144506
85.1		0.144934
85.2		0.144934
85.3		0.144934
85.4		0.144934
85.5		0.144934
85.6		0.144934
85.7		0.144934
85.8		0.144934
85.9		0.144934
86		0.144934
86.1		0.145361
86.2		0.145361
86.3		0.145361
86.4		0.145361
86.5		0.145361
86.6		0.145361
86.7		0.145361
86.8		0.145361
86.9		0.145361
87		0.145361
87.1		0.145789
87.2		0.145789
87.3		0.145789
87.4		0.145789
87.5		0.145789
87.6		0.145789
87.7		0.145789
87.8		0.145789
87.9		0.145789
88		0.145789
88.1		0.148354
88.2		0.148354
88.3		0.148354
88.4		0.148354
88.5		0.148354
88.6		0.148354
88.7		0.148354
88.8		0.148354
88.9		0.148354
89		0.148354
89.1		0.149637
89.2		0.149637
89.3		0.149637
89.4		0.149637
89.5		0.149637
89.6		0.149637
89.7		0.149637
89.8		0.149637
89.9		0.149637
90		0.149637
90.1		0.150064
90.2		0.150064
90.3		0.150064
90.4		0.150064
90.5		0.150064
90.6		0.150064
90.7		0.150064
90.8		0.150064
90.9		0.150064
91		0.150064
91.1		0.15605
91.2		0.15605
91.3		0.15605
91.4		0.15605
91.5		0.15605
91.6		0.15605
91.7		0.15605
91.8		0.15605
91.9		0.15605
92		0.15605
92.1		0.15605
92.2		0.15605
92.3		0.15605
92.4		0.15605
92.5		0.15605
92.6		0.15605
92.7		0.15605
92.8		0.15605
92.9		0.15605
93		0.15605
93.1		0.159042
93.2		0.159042
93.3		0.159042
93.4		0.159042
93.5		0.159042
93.6		0.159042
93.7		0.159042
93.8		0.159042
93.9		0.159042
94		0.159042
94.1		0.159042
94.2		0.159042
94.3		0.159042
94.4		0.159042
94.5		0.159042
94.6		0.159042
94.7		0.159042
94.8		0.159042
94.9		0.159042
95		0.159042
95.1		0.15947
95.2		0.15947
95.3		0.15947
95.4		0.15947
95.5		0.15947
95.6		0.15947
95.7		0.15947
95.8		0.15947
95.9		0.15947
96		0.15947
96.1		0.1646
96.2		0.1646
96.3		0.1646
96.4		0.1646
96.5		0.1646
96.6		0.1646
96.7		0.1646
96.8		0.1646
96.9		0.1646
97		0.1646
97.1		0.165883
97.2		0.165883
97.3		0.165883
97.4		0.165883
97.5		0.165883
97.6		0.165883
97.7		0.165883
97.8		0.165883
97.9		0.165883
98		0.165883
98.1		0.165883
98.2		0.165883
98.3		0.165883
98.4		0.165883
98.5		0.165883
98.6		0.165883
98.7		0.165883
98.8		0.165883
98.9		0.165883
99		0.165883
99.1		0.167165
99.2		0.167165
99.3		0.167165
99.4		0.167165
99.5		0.167165
99.6		0.167165
99.7		0.167165
99.8		0.167165
99.9		0.167165
100		0.167165
100.1		0.169303
100.2		0.169303
100.3		0.169303
100.4		0.169303
100.5		0.169303
100.6		0.169303
100.7		0.169303
100.8		0.169303
100.9		0.169303
101		0.169303
101.1		0.171441
101.2		0.171441
101.3		0.171441
101.4		0.171441
101.5		0.171441
101.6		0.171441
101.7		0.171441
101.8		0.171441
101.9		0.171441
102		0.171441
102.1		0.171868
102.2		0.171868
102.3		0.171868
102.4		0.171868
102.5		0.171868
102.6		0.171868
102.7		0.171868
102.8		0.171868
102.9		0.171868
103		0.171868
103.1		0.174006
103.2		0.174006
103.3		0.174006
103.4		0.174006
103.5		0.174006
103.6		0.174006
103.7		0.174006
103.8		0.174006
103.9		0.174006
104		0.174006
104.1		0.174434
104.2		0.174434
104.3		0.174434
104.4		0.174434
104.5		0.174434
104.6		0.174434
104.7		0.174434
104.8		0.174434
104.9		0.174434
105		0.174434
105.1		0.177854
105.2		0.177854
105.3		0.177854
105.4		0.177854
105.5		0.177854
105.6		0.177854
105.7		0.177854
105.8		0.177854
105.9		0.177854
106		0.177854
106.1		0.178709
106.2		0.178709
106.3		0.178709
106.4		0.178709
106.5		0.178709
106.6		0.178709
106.7		0.178709
106.8		0.178709
106.9		0.178709
107		0.178709
107.1		0.179136
107.2		0.179136
107.3		0.179136
107.4		0.179136
107.5		0.179136
107.6		0.179136
107.7		0.179136
107.8		0.179136
107.9		0.179136
108		0.179136
108.1		0.179564
108.2		0.179564
108.3		0.179564
108.4		0.179564
108.5		0.179564
108.6		0.179564
108.7		0.179564
108.8		0.179564
108.9		0.179564
109		0.179564
109.1		0.183839
109.2		0.183839
109.3		0.183839
109.4		0.183839
109.5		0.183839
109.6		0.183839
109.7		0.183839
109.8		0.183839
109.9		0.183839
110		0.183839
110.1		0.183839
110.2		0.183839
110.3		0.183839
110.4		0.183839
110.5		0.183839
110.6		0.183839
110.7		0.183839
110.8		0.183839
110.9		0.183839
111		0.183839
111.1		0.189397
111.2		0.189397
111.3		0.189397
111.4		0.189397
111.5		0.189397
111.6		0.189397
111.7		0.189397
111.8		0.189397
111.9		0.189397
112		0.189397
112.1		0.189397
112.2		0.189397
112.3		0.189397
112.4		0.189397
112.5		0.189397
112.6		0.189397
112.7		0.189397
112.8		0.189397
112.9		0.189397
113		0.189397
113.1		0.189825
113.2		0.189825
113.3		0.189825
113.4		0.189825
113.5		0.189825
113.6		0.189825
113.7		0.189825
113.8		0.189825
113.9		0.189825
114		0.189825
114.1		0.195383
114.2		0.195383
114.3		0.195383
114.4		0.195383
114.5		0.195383
114.6		0.195383
114.7		0.195383
114.8		0.195383
114.9		0.195383
115		0.195383
115.1		0.198803
115.2		0.198803
115.3		0.198803
115.4		0.198803
115.5		0.198803
115.6		0.198803
115.7		0.198803
115.8		0.198803
115.9		0.198803
116		0.198803
116.1		0.198803
116.2		0.198803
116.3		0.198803
116.4		0.198803
116.5		0.198803
116.6		0.198803
116.7		0.198803
116.8		0.198803
116.9		0.198803
117		0.198803
117.1		0.200941
117.2		0.200941
117.3		0.200941
117.4		0.200941
117.5		0.200941
117.6		0.200941
117.7		0.200941
117.8		0.200941
117.9		0.200941
118		0.200941
118.1		0.202223
118.2		0.202223
118.3		0.202223
118.4		0.202223
118.5		0.202223
118.6		0.202223
118.7		0.202223
118.8		0.202223
118.9		0.202223
119		0.202223
119.1		0.204788
119.2		0.204788
119.3		0.204788
119.4		0.204788
119.5		0.204788
119.6		0.204788
119.7		0.204788
119.8		0.204788
119.9		0.204788
120		0.204788
120.1		0.206926
120.2		0.206926
120.3		0.206926
120.4		0.206926
120.5		0.206926
120.6		0.206926
120.7		0.206926
120.8		0.206926
120.9		0.206926
121		0.206926
121.1		0.209919
121.2		0.209919
121.3		0.209919
121.4		0.209919
121.5		0.209919
121.6		0.209919
121.7		0.209919
121.8		0.209919
121.9		0.209919
122		0.209919
122.1		0.212056
122.2		0.212056
122.3		0.212056
122.4		0.212056
122.5		0.212056
122.6		0.212056
122.7		0.212056
122.8		0.212056
122.9		0.212056
123		0.212056
123.1		0.215477
123.2		0.215477
123.3		0.215477
123.4		0.215477
123.5		0.215477
123.6		0.215477
123.7		0.215477
123.8		0.215477
123.9		0.215477
124		0.215477
124.1		0.218042
124.2		0.218042
124.3		0.218042
124.4		0.218042
124.5		0.218042
124.6		0.218042
124.7		0.218042
124.8		0.218042
124.9		0.218042
125		0.218042
125.1		0.219752
125.2		0.219752
125.3		0.219752
125.4		0.219752
125.5		0.219752
125.6		0.219752
125.7		0.219752
125.8		0.219752
125.9		0.219752
126		0.219752
126.1		0.224455
126.2		0.224455
126.3		0.224455
126.4		0.224455
126.5		0.224455
126.6		0.224455
126.7		0.224455
126.8		0.224455
126.9		0.224455
127		0.224455
127.1		0.22873
127.2		0.22873
127.3		0.22873
127.4		0.22873
127.5		0.22873
127.6		0.22873
127.7		0.22873
127.8		0.22873
127.9		0.22873
128		0.22873
128.1		0.229585
128.2		0.229585
128.3		0.229585
128.4		0.229585
128.5		0.229585
128.6		0.229585
128.7		0.229585
128.8		0.229585
128.9		0.229585
129		0.229585
129.1		0.230013
129.2		0.230013
129.3		0.230013
129.4		0.230013
129.5		0.230013
129.6		0.230013
129.7		0.230013
129.8		0.230013
129.9		0.230013
130		0.230013
130.1		0.232578
130.2		0.232578
130.3		0.232578
130.4		0.232578
130.5		0.232578
130.6		0.232578
130.7		0.232578
130.8		0.232578
130.9		0.232578
131		0.232578
131.1		0.233861
131.2		0.233861
131.3		0.233861
131.4		0.233861
131.5		0.233861
131.6		0.233861
131.7		0.233861
131.8		0.233861
131.9		0.233861
132		0.233861
132.1		0.237281
132.2		0.237281
132.3		0.237281
132.4		0.237281
132.5		0.237281
132.6		0.237281
132.7		0.237281
132.8		0.237281
132.9		0.237281
133		0.237281
133.1		0.238136
133.2		0.238136
133.3		0.238136
133.4		0.238136
133.5		0.238136
133.6		0.238136
133.7		0.238136
133.8		0.238136
133.9		0.238136
134		0.238136
134.1		0.238991
134.2		0.238991
134.3		0.238991
134.4		0.238991
134.5		0.238991
134.6		0.238991
134.7		0.238991
134.8		0.238991
134.9		0.238991
135		0.238991
135.1		0.238991
135.2		0.238991
135.3		0.238991
135.4		0.238991
135.5		0.238991
135.6		0.238991
135.7		0.238991
135.8		0.238991
135.9		0.238991
136		0.238991
136.1		0.243266
136.2		0.243266
136.3		0.243266
136.4		0.243266
136.5		0.243266
136.6		0.243266
136.7		0.243266
136.8		0.243266
136.9		0.243266
137		0.243266
137.1		0.244549
137.2		0.244549
137.3		0.244549
137.4		0.244549
137.5		0.244549
137.6		0.244549
137.7		0.244549
137.8		0.244549
137.9		0.244549
138		0.244549
138.1		0.246687
138.2		0.246687
138.3		0.246687
138.4		0.246687
138.5		0.246687
138.6		0.246687
138.7		0.246687
138.8		0.246687
138.9		0.246687
139		0.246687
139.1		0.246687
139.2		0.246687
139.3		0.246687
139.4		0.246687
139.5		0.246687
139.6		0.246687
139.7		0.246687
139.8		0.246687
139.9		0.246687
140		0.246687
140.1		0.248397
140.2		0.248397
140.3		0.248397
140.4		0.248397
140.5		0.248397
140.6		0.248397
140.7		0.248397
140.8		0.248397
140.9		0.248397
141		0.248397
141.1		0.249252
141.2		0.249252
141.3		0.249252
141.4		0.249252
141.5		0.249252
141.6		0.249252
141.7		0.249252
141.8		0.249252
141.9		0.249252
142		0.249252
142.1		0.250107
142.2		0.250107
142.3		0.250107
142.4		0.250107
142.5		0.250107
142.6		0.250107
142.7		0.250107
142.8		0.250107
142.9		0.250107
143		0.250107
143.1		0.250962
143.2		0.250962
143.3		0.250962
143.4		0.250962
143.5		0.250962
143.6		0.250962
143.7		0.250962
143.8		0.250962
143.9		0.250962
144		0.250962
144.1		0.255665
144.2		0.255665
144.3		0.255665
144.4		0.255665
144.5		0.255665
144.6		0.255665
144.7		0.255665
144.8		0.255665
144.9		0.255665
145		0.255665
145.1		0.257802
145.2		0.257802
145.3		0.257802
145.4		0.257802
145.5		0.257802
145.6		0.257802
145.7		0.257802
145.8		0.257802
145.9		0.257802
146		0.257802
146.1		0.25823
146.2		0.25823
146.3		0.25823
146.4		0.25823
146.5		0.25823
146.6		0.25823
146.7		0.25823
146.8		0.25823
146.9		0.25823
147		0.25823
147.1		0.261223
147.2		0.261223
147.3		0.261223
147.4		0.261223
147.5		0.261223
147.6		0.261223
147.7		0.261223
147.8		0.261223
147.9		0.261223
148		0.261223
148.1		0.266781
148.2		0.266781
148.3		0.266781
148.4		0.266781
148.5		0.266781
148.6		0.266781
148.7		0.266781
148.8		0.266781
148.9		0.266781
149		0.266781
149.1		0.267636
149.2		0.267636
149.3		0.267636
149.4		0.267636
149.5		0.267636
149.6		0.267636
149.7		0.267636
149.8		0.267636
149.9		0.267636
150		0.267636
150.1		0.268491
150.2		0.268491
150.3		0.268491
150.4		0.268491
150.5		0.268491
150.6		0.268491
150.7		0.268491
150.8		0.268491
150.9		0.268491
151		0.268491
151.1		0.270201
151.2		0.270201
151.3		0.270201
151.4		0.270201
151.5		0.270201
151.6		0.270201
151.7		0.270201
151.8		0.270201
151.9		0.270201
152		0.270201
152.1		0.270201
152.2		0.270201
152.3		0.270201
152.4		0.270201
152.5		0.270201
152.6		0.270201
152.7		0.270201
152.8		0.270201
152.9		0.270201
153		0.270201
153.1		0.279179
153.2		0.279179
153.3		0.279179
153.4		0.279179
153.5		0.279179
153.6		0.279179
153.7		0.279179
153.8		0.279179
153.9		0.279179
154		0.279179
154.1		0.280889
154.2		0.280889
154.3		0.280889
154.4		0.280889
154.5		0.280889
154.6		0.280889
154.7		0.280889
154.8		0.280889
154.9		0.280889
155		0.280889
155.1		0.283027
155.2		0.283027
155.3		0.283027
155.4		0.283027
155.5		0.283027
155.6		0.283027
155.7		0.283027
155.8		0.283027
155.9		0.283027
156		0.283027
156.1		0.283882
156.2		0.283882
156.3		0.283882
156.4		0.283882
156.5		0.283882
156.6		0.283882
156.7		0.283882
156.8		0.283882
156.9		0.283882
157		0.283882
157.1		0.28431
157.2		0.28431
157.3		0.28431
157.4		0.28431
157.5		0.28431
157.6		0.28431
157.7		0.28431
157.8		0.28431
157.9		0.28431
158		0.28431
158.1		0.288157
158.2		0.288157
158.3		0.288157
158.4		0.288157
158.5		0.288157
158.6		0.288157
158.7		0.288157
158.8		0.288157
158.9		0.288157
159		0.288157
159.1		0.290295
159.2		0.290295
159.3		0.290295
159.4		0.290295
159.5		0.290295
159.6		0.290295
159.7		0.290295
159.8		0.290295
159.9		0.290295
160		0.290295
160.1		0.292433
160.2		0.292433
160.3		0.292433
160.4		0.292433
160.5		0.292433
160.6		0.292433
160.7		0.292433
160.8		0.292433
160.9		0.292433
161		0.292433
161.1		0.29457
161.2		0.29457
161.3		0.29457
161.4		0.29457
161.5		0.29457
161.6		0.29457
161.7		0.29457
161.8		0.29457
161.9		0.29457
162		0.29457
162.1		0.298846
162.2		0.298846
162.3		0.298846
162.4		0.298846
162.5		0.298846
162.6		0.298846
162.7		0.298846
162.8		0.298846
162.9		0.298846
163		0.298846
163.1		0.298846
163.2		0.298846
163.3		0.298846
163.4		0.298846
163.5		0.298846
163.6		0.298846
163.7		0.298846
163.8		0.298846
163.9		0.298846
164		0.298846
164.1		0.299701
164.2		0.299701
164.3		0.299701
164.4		0.299701
164.5		0.299701
164.6		0.299701
164.7		0.299701
164.8		0.299701
164.9		0.299701
165		0.299701
165.1		0.303549
165.2		0.303549
165.3		0.303549
165.4		0.303549
165.5		0.303549
165.6		0.303549
165.7		0.303549
165.8		0.303549
165.9		0.303549
166		0.303549
166.1		0.306969
166.2		0.306969
166.3		0.306969
166.4		0.306969
166.5		0.306969
166.6		0.306969
166.7		0.306969
166.8		0.306969
166.9		0.306969
167		0.306969
167.1		0.308251
167.2		0.308251
167.3		0.308251
167.4		0.308251
167.5		0.308251
167.6		0.308251
167.7		0.308251
167.8		0.308251
167.9		0.308251
168		0.308251
168.1		0.308679
168.2		0.308679
168.3		0.308679
168.4		0.308679
168.5		0.308679
168.6		0.308679
168.7		0.308679
168.8		0.308679
168.9		0.308679
169		0.308679
169.1		0.309106
169.2		0.309106
169.3		0.309106
169.4		0.309106
169.5		0.309106
169.6		0.309106
169.7		0.309106
169.8		0.309106
169.9		0.309106
170		0.309106
170.1		0.313809
170.2		0.313809
170.3		0.313809
170.4		0.313809
170.5		0.313809
170.6		0.313809
170.7		0.313809
170.8		0.313809
170.9		0.313809
171		0.313809
171.1		0.314237
171.2		0.314237
171.3		0.314237
171.4		0.314237
171.5		0.314237
171.6		0.314237
171.7		0.314237
171.8		0.314237
171.9		0.314237
172		0.314237
172.1		0.315947
172.2		0.315947
172.3		0.315947
172.4		0.315947
172.5		0.315947
172.6		0.315947
172.7		0.315947
172.8		0.315947
172.9		0.315947
173		0.315947
173.1		0.315947
173.2		0.315947
173.3		0.315947
173.4		0.315947
173.5		0.315947
173.6		0.315947
173.7		0.315947
173.8		0.315947
173.9		0.315947
174		0.315947
174.1		0.321077
174.2		0.321077
174.3		0.321077
174.4		0.321077
174.5		0.321077
174.6		0.321077
174.7		0.321077
174.8		0.321077
174.9		0.321077
175		0.321077
175.1		0.321077
175.2		0.321077
175.3		0.321077
175.4		0.321077
175.5		0.321077
175.6		0.321077
175.7		0.321077
175.8		0.321077
175.9		0.321077
176		0.321077
176.1		0.322788
176.2		0.322788
176.3		0.322788
176.4		0.322788
176.5		0.322788
176.6		0.322788
176.7		0.322788
176.8		0.322788
176.9		0.322788
177		0.322788
177.1		0.324498
177.2		0.324498
177.3		0.324498
177.4		0.324498
177.5		0.324498
177.6		0.324498
177.7		0.324498
177.8		0.324498
177.9		0.324498
178		0.324498
178.1		0.326635
178.2		0.326635
178.3		0.326635
178.4		0.326635
178.5		0.326635
178.6		0.326635
178.7		0.326635
178.8		0.326635
178.9		0.326635
179		0.326635
179.1		0.327063
179.2		0.327063
179.3		0.327063
179.4		0.327063
179.5		0.327063
179.6		0.327063
179.7		0.327063
179.8		0.327063
179.9		0.327063
180		0.327063
180.1		0.328345
180.2		0.328345
180.3		0.328345
180.4		0.328345
180.5		0.328345
180.6		0.328345
180.7		0.328345
180.8		0.328345
180.9		0.328345
181		0.328345
181.1		0.328345
181.2		0.328345
181.3		0.328345
181.4		0.328345
181.5		0.328345
181.6		0.328345
181.7		0.328345
181.8		0.328345
181.9		0.328345
182		0.328345
182.1		0.334331
182.2		0.334331
182.3		0.334331
182.4		0.334331
182.5		0.334331
182.6		0.334331
182.7		0.334331
182.8		0.334331
182.9		0.334331
183		0.334331
183.1		0.335614
183.2		0.335614
183.3		0.335614
183.4		0.335614
183.5		0.335614
183.6		0.335614
183.7		0.335614
183.8		0.335614
183.9		0.335614
184		0.335614
184.1		0.336896
184.2		0.336896
184.3		0.336896
184.4		0.336896
184.5		0.336896
184.6		0.336896
184.7		0.336896
184.8		0.336896
184.9		0.336896
185		0.336896
185.1		0.336896
185.2		0.336896
185.3		0.336896
185.4		0.336896
185.5		0.336896
185.6		0.336896
185.7		0.336896
185.8		0.336896
185.9		0.336896
186		0.336896
186.1		0.339034
186.2		0.339034
186.3		0.339034
186.4		0.339034
186.5		0.339034
186.6		0.339034
186.7		0.339034
186.8		0.339034
186.9		0.339034
187		0.339034
187.1		0.344592
187.2		0.344592
187.3		0.344592
187.4		0.344592
187.5		0.344592
187.6		0.344592
187.7		0.344592
187.8		0.344592
187.9		0.344592
188		0.344592
188.1		0.344592
188.2		0.344592
188.3		0.344592
188.4		0.344592
188.5		0.344592
188.6		0.344592
188.7		0.344592
188.8		0.344592
188.9		0.344592
189		0.344592
189.1		0.345019
189.2		0.345019
189.3		0.345019
189.4		0.345019
189.5		0.345019
189.6		0.345019
189.7		0.345019
189.8		0.345019
189.9		0.345019
190		0.345019
190.1		0.345447
190.2		0.345447
190.3		0.345447
190.4		0.345447
190.5		0.345447
190.6		0.345447
190.7		0.345447
190.8		0.345447
190.9		0.345447
191		0.345447
191.1		0.346302
191.2		0.346302
191.3		0.346302
191.4		0.346302
191.5		0.346302
191.6		0.346302
191.7		0.346302
191.8		0.346302
191.9		0.346302
192		0.346302
192.1		0.348012
192.2		0.348012
192.3		0.348012
192.4		0.348012
192.5		0.348012
192.6		0.348012
192.7		0.348012
192.8		0.348012
192.9		0.348012
193		0.348012
193.1		0.351005
193.2		0.351005
193.3		0.351005
193.4		0.351005
193.5		0.351005
193.6		0.351005
193.7		0.351005
193.8		0.351005
193.9		0.351005
194		0.351005
194.1		0.354853
194.2		0.354853
194.3		0.354853
194.4		0.354853
194.5		0.354853
194.6		0.354853
194.7		0.354853
194.8		0.354853
194.9		0.354853
195		0.354853
195.1		0.354853
195.2		0.354853
195.3		0.354853
195.4		0.354853
195.5		0.354853
195.6		0.354853
195.7		0.354853
195.8		0.354853
195.9		0.354853
196		0.354853
196.1		0.356135
196.2		0.356135
196.3		0.356135
196.4		0.356135
196.5		0.356135
196.6		0.356135
196.7		0.356135
196.8		0.356135
196.9		0.356135
197		0.356135
197.1		0.35699
197.2		0.35699
197.3		0.35699
197.4		0.35699
197.5		0.35699
197.6		0.35699
197.7		0.35699
197.8		0.35699
197.9		0.35699
198		0.35699
198.1		0.358273
198.2		0.358273
198.3		0.358273
198.4		0.358273
198.5		0.358273
198.6		0.358273
198.7		0.358273
198.8		0.358273
198.9		0.358273
199		0.358273
199.1		0.359128
199.2		0.359128
199.3		0.359128
199.4		0.359128
199.5		0.359128
199.6		0.359128
199.7		0.359128
199.8		0.359128
199.9		0.359128
200		0.359128
200.1		0.363831
200.2		0.363831
200.3		0.363831
200.4		0.363831
200.5		0.363831
200.6		0.363831
200.7		0.363831
200.8		0.363831
200.9		0.363831
201		0.363831
201.1		0.365968
201.2		0.365968
201.3		0.365968
201.4		0.365968
201.5		0.365968
201.6		0.365968
201.7		0.365968
201.8		0.365968
201.9		0.365968
202		0.365968
202.1		0.367678
202.2		0.367678
202.3		0.367678
202.4		0.367678
202.5		0.367678
202.6		0.367678
202.7		0.367678
202.8		0.367678
202.9		0.367678
203		0.367678
203.1		0.367678
203.2		0.367678
203.3		0.367678
203.4		0.367678
203.5		0.367678
203.6		0.367678
203.7		0.367678
203.8		0.367678
203.9		0.367678
204		0.367678
204.1		0.371099
204.2		0.371099
204.3		0.371099
204.4		0.371099
204.5		0.371099
204.6		0.371099
204.7		0.371099
204.8		0.371099
204.9		0.371099
205		0.371099
205.1		0.374519
205.2		0.374519
205.3		0.374519
205.4		0.374519
205.5		0.374519
205.6		0.374519
205.7		0.374519
205.8		0.374519
205.9		0.374519
206		0.374519
206.1		0.375374
206.2		0.375374
206.3		0.375374
206.4		0.375374
206.5		0.375374
206.6		0.375374
206.7		0.375374
206.8		0.375374
206.9		0.375374
207		0.375374
207.1		0.377512
207.2		0.377512
207.3		0.377512
207.4		0.377512
207.5		0.377512
207.6		0.377512
207.7		0.377512
207.8		0.377512
207.9		0.377512
208		0.377512
208.1		0.380077
208.2		0.380077
208.3		0.380077
208.4		0.380077
208.5		0.380077
208.6		0.380077
208.7		0.380077
208.8		0.380077
208.9		0.380077
209		0.380077
209.1		0.382215
209.2		0.382215
209.3		0.382215
209.4		0.382215
209.5		0.382215
209.6		0.382215
209.7		0.382215
209.8		0.382215
209.9		0.382215
210		0.382215
210.1		0.385207
210.2		0.385207
210.3		0.385207
210.4		0.385207
210.5		0.385207
210.6		0.385207
210.7		0.385207
210.8		0.385207
210.9		0.385207
211		0.385207
211.1		0.386917
211.2		0.386917
211.3		0.386917
211.4		0.386917
211.5		0.386917
211.6		0.386917
211.7		0.386917
211.8		0.386917
211.9		0.386917
212		0.386917
212.1		0.389055
212.2		0.389055
212.3		0.389055
212.4		0.389055
212.5		0.389055
212.6		0.389055
212.7		0.389055
212.8		0.389055
212.9		0.389055
213		0.389055
213.1		0.39162
213.2		0.39162
213.3		0.39162
213.4		0.39162
213.5		0.39162
213.6		0.39162
213.7		0.39162
213.8		0.39162
213.9		0.39162
214		0.39162
214.1		0.392903
214.2		0.392903
214.3		0.392903
214.4		0.392903
214.5		0.392903
214.6		0.392903
214.7		0.392903
214.8		0.392903
214.9		0.392903
215		0.392903
215.1		0.392903
215.2		0.392903
215.3		0.392903
215.4		0.392903
215.5		0.392903
215.6		0.392903
215.7		0.392903
215.8		0.392903
215.9		0.392903
216		0.392903
216.1		0.397606
216.2		0.397606
216.3		0.397606
216.4		0.397606
216.5		0.397606
216.6		0.397606
216.7		0.397606
216.8		0.397606
216.9		0.397606
217		0.397606
217.1		0.398461
217.2		0.398461
217.3		0.398461
217.4		0.398461
217.5		0.398461
217.6		0.398461
217.7		0.398461
217.8		0.398461
217.9		0.398461
218		0.398461
218.1		0.399743
218.2		0.399743
218.3		0.399743
218.4		0.399743
218.5		0.399743
218.6		0.399743
218.7		0.399743
218.8		0.399743
218.9		0.399743
219		0.399743
219.1		0.403164
219.2		0.403164
219.3		0.403164
219.4		0.403164
219.5		0.403164
219.6		0.403164
219.7		0.403164
219.8		0.403164
219.9		0.403164
220		0.403164
220.1		0.404446
220.2		0.404446
220.3		0.404446
220.4		0.404446
220.5		0.404446
220.6		0.404446
220.7		0.404446
220.8		0.404446
220.9		0.404446
221		0.404446
221.1		0.406156
221.2		0.406156
221.3		0.406156
221.4		0.406156
221.5		0.406156
221.6		0.406156
221.7		0.406156
221.8		0.406156
221.9		0.406156
222		0.406156
222.1		0.407012
222.2		0.407012
222.3		0.407012
222.4		0.407012
222.5		0.407012
222.6		0.407012
222.7		0.407012
222.8		0.407012
222.9		0.407012
223		0.407012
223.1		0.407867
223.2		0.407867
223.3		0.407867
223.4		0.407867
223.5		0.407867
223.6		0.407867
223.7		0.407867
223.8		0.407867
223.9		0.407867
224		0.407867
224.1		0.409149
224.2		0.409149
224.3		0.409149
224.4		0.409149
224.5		0.409149
224.6		0.409149
224.7		0.409149
224.8		0.409149
224.9		0.409149
225		0.409149
225.1		0.410004
225.2		0.410004
225.3		0.410004
225.4		0.410004
225.5		0.410004
225.6		0.410004
225.7		0.410004
225.8		0.410004
225.9		0.410004
226		0.410004
226.1		0.413425
226.2		0.413425
226.3		0.413425
226.4		0.413425
226.5		0.413425
226.6		0.413425
226.7		0.413425
226.8		0.413425
226.9		0.413425
227		0.413425
227.1		0.414707
227.2		0.414707
227.3		0.414707
227.4		0.414707
227.5		0.414707
227.6		0.414707
227.7		0.414707
227.8		0.414707
227.9		0.414707
228		0.414707
228.1		0.41599
228.2		0.41599
228.3		0.41599
228.4		0.41599
228.5		0.41599
228.6		0.41599
228.7		0.41599
228.8		0.41599
228.9		0.41599
229		0.41599
229.1		0.416845
229.2		0.416845
229.3		0.416845
229.4		0.416845
229.5		0.416845
229.6		0.416845
229.7		0.416845
229.8		0.416845
229.9		0.416845
230		0.416845
230.1		0.418982
230.2		0.418982
230.3		0.418982
230.4		0.418982
230.5		0.418982
230.6		0.418982
230.7		0.418982
230.8		0.418982
230.9		0.418982
231		0.418982
231.1		0.420693
231.2		0.420693
231.3		0.420693
231.4		0.420693
231.5		0.420693
231.6		0.420693
231.7		0.420693
231.8		0.420693
231.9		0.420693
232		0.420693
232.1		0.423685
232.2		0.423685
232.3		0.423685
232.4		0.423685
232.5		0.423685
232.6		0.423685
232.7		0.423685
232.8		0.423685
232.9		0.423685
233		0.423685
233.1		0.425395
233.2		0.425395
233.3		0.425395
233.4		0.425395
233.5		0.425395
233.6		0.425395
233.7		0.425395
233.8		0.425395
233.9		0.425395
234		0.425395
234.1		0.429243
234.2		0.429243
234.3		0.429243
234.4		0.429243
234.5		0.429243
234.6		0.429243
234.7		0.429243
234.8		0.429243
234.9		0.429243
235		0.429243
235.1		0.429671
235.2		0.429671
235.3		0.429671
235.4		0.429671
235.5		0.429671
235.6		0.429671
235.7		0.429671
235.8		0.429671
235.9		0.429671
236		0.429671
236.1		0.429671
236.2		0.429671
236.3		0.429671
236.4		0.429671
236.5		0.429671
236.6		0.429671
236.7		0.429671
236.8		0.429671
236.9		0.429671
237		0.429671
237.1		0.432664
237.2		0.432664
237.3		0.432664
237.4		0.432664
237.5		0.432664
237.6		0.432664
237.7		0.432664
237.8		0.432664
237.9		0.432664
238		0.432664
238.1		0.436939
238.2		0.436939
238.3		0.436939
238.4		0.436939
238.5		0.436939
238.6		0.436939
238.7		0.436939
238.8		0.436939
238.9		0.436939
239		0.436939
239.1		0.442924
239.2		0.442924
239.3		0.442924
239.4		0.442924
239.5		0.442924
239.6		0.442924
239.7		0.442924
239.8		0.442924
239.9		0.442924
240		0.442924
240.1		0.442924
240.2		0.442924
240.3		0.442924
240.4		0.442924
240.5		0.442924
240.6		0.442924
240.7		0.442924
240.8		0.442924
240.9		0.442924
241		0.442924
241.1		0.442924
241.2		0.442924
241.3		0.442924
241.4		0.442924
241.5		0.442924
241.6		0.442924
241.7		0.442924
241.8		0.442924
241.9		0.442924
242		0.442924
242.1		0.443352
242.2		0.443352
242.3		0.443352
242.4		0.443352
242.5		0.443352
242.6		0.443352
242.7		0.443352
242.8		0.443352
242.9		0.443352
243		0.443352
243.1		0.448055
243.2		0.448055
243.3		0.448055
243.4		0.448055
243.5		0.448055
243.6		0.448055
243.7		0.448055
243.8		0.448055
243.9		0.448055
244		0.448055
244.1		0.449765
244.2		0.449765
244.3		0.449765
244.4		0.449765
244.5		0.449765
244.6		0.449765
244.7		0.449765
244.8		0.449765
244.9		0.449765
245		0.449765
245.1		0.45062
245.2		0.45062
245.3		0.45062
245.4		0.45062
245.5		0.45062
245.6		0.45062
245.7		0.45062
245.8		0.45062
245.9		0.45062
246		0.45062
246.1		0.451047
246.2		0.451047
246.3		0.451047
246.4		0.451047
246.5		0.451047
246.6		0.451047
246.7		0.451047
246.8		0.451047
246.9		0.451047
247		0.451047
247.1		0.452758
247.2		0.452758
247.3		0.452758
247.4		0.452758
247.5		0.452758
247.6		0.452758
247.7		0.452758
247.8		0.452758
247.9		0.452758
248		0.452758
248.1		0.45746
248.2		0.45746
248.3		0.45746
248.4		0.45746
248.5		0.45746
248.6		0.45746
248.7		0.45746
248.8		0.45746
248.9		0.45746
249		0.45746
249.1		0.45746
249.2		0.45746
249.3		0.45746
249.4		0.45746
249.5		0.45746
249.6		0.45746
249.7		0.45746
249.8		0.45746
249.9		0.45746
250		0.45746
250.1		0.457888
250.2		0.457888
250.3		0.457888
250.4		0.457888
250.5		0.457888
250.6		0.457888
250.7		0.457888
250.8		0.457888
250.9		0.457888
251		0.457888
251.1		0.459171
251.2		0.459171
251.3		0.459171
251.4		0.459171
251.5		0.459171
251.6		0.459171
251.7		0.459171
251.8		0.459171
251.9		0.459171
252		0.459171
252.1		0.467294
252.2		0.467294
252.3		0.467294
252.4		0.467294
252.5		0.467294
252.6		0.467294
252.7		0.467294
252.8		0.467294
252.9		0.467294
253		0.467294
253.1		0.468576
253.2		0.468576
253.3		0.468576
253.4		0.468576
253.5		0.468576
253.6		0.468576
253.7		0.468576
253.8		0.468576
253.9		0.468576
254		0.468576
254.1		0.468576
254.2		0.468576
254.3		0.468576
254.4		0.468576
254.5		0.468576
254.6		0.468576
254.7		0.468576
254.8		0.468576
254.9		0.468576
255		0.468576
255.1		0.470286
255.2		0.470286
255.3		0.470286
255.4		0.470286
255.5		0.470286
255.6		0.470286
255.7		0.470286
255.8		0.470286
255.9		0.470286
256		0.470286
256.1		0.471997
256.2		0.471997
256.3		0.471997
256.4		0.471997
256.5		0.471997
256.6		0.471997
256.7		0.471997
256.8		0.471997
256.9		0.471997
257		0.471997
257.1		0.473279
257.2		0.473279
257.3		0.473279
257.4		0.473279
257.5		0.473279
257.6		0.473279
257.7		0.473279
257.8		0.473279
257.9		0.473279
258		0.473279
258.1		0.474562
258.2		0.474562
258.3		0.474562
258.4		0.474562
258.5		0.474562
258.6		0.474562
258.7		0.474562
258.8		0.474562
258.9		0.474562
259		0.474562
259.1		0.476699
259.2		0.476699
259.3		0.476699
259.4		0.476699
259.5		0.476699
259.6		0.476699
259.7		0.476699
259.8		0.476699
259.9		0.476699
260		0.476699
260.1		0.48354
260.2		0.48354
260.3		0.48354
260.4		0.48354
260.5		0.48354
260.6		0.48354
260.7		0.48354
260.8		0.48354
260.9		0.48354
261		0.48354
261.1		0.48354
261.2		0.48354
261.3		0.48354
261.4		0.48354
261.5		0.48354
261.6		0.48354
261.7		0.48354
261.8		0.48354
261.9		0.48354
262		0.48354
262.1		0.483968
262.2		0.483968
262.3		0.483968
262.4		0.483968
262.5		0.483968
262.6		0.483968
262.7		0.483968
262.8		0.483968
262.9		0.483968
263		0.483968
263.1		0.48696
263.2		0.48696
263.3		0.48696
263.4		0.48696
263.5		0.48696
263.6		0.48696
263.7		0.48696
263.8		0.48696
263.9		0.48696
264		0.48696
264.1		0.487388
264.2		0.487388
264.3		0.487388
264.4		0.487388
264.5		0.487388
264.6		0.487388
264.7		0.487388
264.8		0.487388
264.9		0.487388
265		0.487388
265.1		0.493801
265.2		0.493801
265.3		0.493801
265.4		0.493801
265.5		0.493801
265.6		0.493801
265.7		0.493801
265.8		0.493801
265.9		0.493801
266		0.493801
266.1		0.494228
266.2		0.494228
266.3		0.494228
266.4		0.494228
266.5		0.494228
266.6		0.494228
266.7		0.494228
266.8		0.494228
266.9		0.494228
267		0.494228
267.1		0.495938
267.2		0.495938
267.3		0.495938
267.4		0.495938
267.5		0.495938
267.6		0.495938
267.7		0.495938
267.8		0.495938
267.9		0.495938
268		0.495938
268.1		0.500641
268.2		0.500641
268.3		0.500641
268.4		0.500641
268.5		0.500641
268.6		0.500641
268.7		0.500641
268.8		0.500641
268.9		0.500641
269		0.500641
269.1		0.502351
269.2		0.502351
269.3		0.502351
269.4		0.502351
269.5		0.502351
269.6		0.502351
269.7		0.502351
269.8		0.502351
269.9		0.502351
270		0.502351
270.1		0.504489
270.2		0.504489
270.3		0.504489
270.4		0.504489
270.5		0.504489
270.6		0.504489
270.7		0.504489
270.8		0.504489
270.9		0.504489
271		0.504489
271.1		0.507909
271.2		0.507909
271.3		0.507909
271.4		0.507909
271.5		0.507909
271.6		0.507909
271.7		0.507909
271.8		0.507909
271.9		0.507909
272		0.507909
272.1		0.511757
272.2		0.511757
272.3		0.511757
272.4		0.511757
272.5		0.511757
272.6		0.511757
272.7		0.511757
272.8		0.511757
272.9		0.511757
273		0.511757
273.1		0.513467
273.2		0.513467
273.3		0.513467
273.4		0.513467
273.5		0.513467
273.6		0.513467
273.7		0.513467
273.8		0.513467
273.9		0.513467
274		0.513467
274.1		0.513467
274.2		0.513467
274.3		0.513467
274.4		0.513467
274.5		0.513467
274.6		0.513467
274.7		0.513467
274.8		0.513467
274.9		0.513467
275		0.513467
275.1		0.516888
275.2		0.516888
275.3		0.516888
275.4		0.516888
275.5		0.516888
275.6		0.516888
275.7		0.516888
275.8		0.516888
275.9		0.516888
276		0.516888
276.1		0.517743
276.2		0.517743
276.3		0.517743
276.4		0.517743
276.5		0.517743
276.6		0.517743
276.7		0.517743
276.8		0.517743
276.9		0.517743
277		0.517743
277.1		0.522445
277.2		0.522445
277.3		0.522445
277.4		0.522445
277.5		0.522445
277.6		0.522445
277.7		0.522445
277.8		0.522445
277.9		0.522445
278		0.522445
278.1		0.522873
278.2		0.522873
278.3		0.522873
278.4		0.522873
278.5		0.522873
278.6		0.522873
278.7		0.522873
278.8		0.522873
278.9		0.522873
279		0.522873
279.1		0.525011
279.2		0.525011
279.3		0.525011
279.4		0.525011
279.5		0.525011
279.6		0.525011
279.7		0.525011
279.8		0.525011
279.9		0.525011
280		0.525011
280.1		0.525438
280.2		0.525438
280.3		0.525438
280.4		0.525438
280.5		0.525438
280.6		0.525438
280.7		0.525438
280.8		0.525438
280.9		0.525438
281		0.525438
281.1		0.528003
281.2		0.528003
281.3		0.528003
281.4		0.528003
281.5		0.528003
281.6		0.528003
281.7		0.528003
281.8		0.528003
281.9		0.528003
282		0.528003
282.1		0.529286
282.2		0.529286
282.3		0.529286
282.4		0.529286
282.5		0.529286
282.6		0.529286
282.7		0.529286
282.8		0.529286
282.9		0.529286
283		0.529286
283.1		0.533989
283.2		0.533989
283.3		0.533989
283.4		0.533989
283.5		0.533989
283.6		0.533989
283.7		0.533989
283.8		0.533989
283.9		0.533989
284		0.533989
284.1		0.534416
284.2		0.534416
284.3		0.534416
284.4		0.534416
284.5		0.534416
284.6		0.534416
284.7		0.534416
284.8		0.534416
284.9		0.534416
285		0.534416
285.1		0.54254
285.2		0.54254
285.3		0.54254
285.4		0.54254
285.5		0.54254
285.6		0.54254
285.7		0.54254
285.8		0.54254
285.9		0.54254
286		0.54254
286.1		0.546387
286.2		0.546387
286.3		0.546387
286.4		0.546387
286.5		0.546387
286.6		0.546387
286.7		0.546387
286.8		0.546387
286.9		0.546387
287		0.546387
287.1		0.546387
287.2		0.546387
287.3		0.546387
287.4		0.546387
287.5		0.546387
287.6		0.546387
287.7		0.546387
287.8		0.546387
287.9		0.546387
288		0.546387
288.1		0.548525
288.2		0.548525
288.3		0.548525
288.4		0.548525
288.5		0.548525
288.6		0.548525
288.7		0.548525
288.8		0.548525
288.9		0.548525
289		0.548525
289.1		0.551945
289.2		0.551945
289.3		0.551945
289.4		0.551945
289.5		0.551945
289.6		0.551945
289.7		0.551945
289.8		0.551945
289.9		0.551945
290		0.551945
290.1		0.555366
290.2		0.555366
290.3		0.555366
290.4		0.555366
290.5		0.555366
290.6		0.555366
290.7		0.555366
290.8		0.555366
290.9		0.555366
291		0.555366
291.1		0.556221
291.2		0.556221
291.3		0.556221
291.4		0.556221
291.5		0.556221
291.6		0.556221
291.7		0.556221
291.8		0.556221
291.9		0.556221
292		0.556221
292.1		0.556221
292.2		0.556221
292.3		0.556221
292.4		0.556221
292.5		0.556221
292.6		0.556221
292.7		0.556221
292.8		0.556221
292.9		0.556221
293		0.556221
293.1		0.557931
293.2		0.557931
293.3		0.557931
293.4		0.557931
293.5		0.557931
293.6		0.557931
293.7		0.557931
293.8		0.557931
293.9		0.557931
294		0.557931
294.1		0.557931
294.2		0.557931
294.3		0.557931
294.4		0.557931
294.5		0.557931
294.6		0.557931
294.7		0.557931
294.8		0.557931
294.9		0.557931
295		0.557931
295.1		0.558786
295.2		0.558786
295.3		0.558786
295.4		0.558786
295.5		0.558786
295.6		0.558786
295.7		0.558786
295.8		0.558786
295.9		0.558786
296		0.558786
296.1		0.564344
296.2		0.564344
296.3		0.564344
296.4		0.564344
296.5		0.564344
296.6		0.564344
296.7		0.564344
296.8		0.564344
296.9		0.564344
297		0.564344
297.1		0.566054
297.2		0.566054
297.3		0.566054
297.4		0.566054
297.5		0.566054
297.6		0.566054
297.7		0.566054
297.8		0.566054
297.9		0.566054
298		0.566054
298.1		0.566909
298.2		0.566909
298.3		0.566909
298.4		0.566909
298.5		0.566909
298.6		0.566909
298.7		0.566909
298.8		0.566909
298.9		0.566909
299		0.566909
299.1		0.572467
299.2		0.572467
299.3		0.572467
299.4		0.572467
299.5		0.572467
299.6		0.572467
299.7		0.572467
299.8		0.572467
299.9		0.572467
300		0.572467
300.1		0.574177
300.2		0.574177
300.3		0.574177
300.4		0.574177
300.5		0.574177
300.6		0.574177
300.7		0.574177
300.8		0.574177
300.9		0.574177
301		0.574177
301.1		0.57888
301.2		0.57888
301.3		0.57888
301.4		0.57888
301.5		0.57888
301.6		0.57888
301.7		0.57888
301.8		0.57888
301.9		0.57888
302		0.57888
302.1		0.581445
302.2		0.581445
302.3		0.581445
302.4		0.581445
302.5		0.581445
302.6		0.581445
302.7		0.581445
302.8		0.581445
302.9		0.581445
303		0.581445
303.1		0.5823
303.2		0.5823
303.3		0.5823
303.4		0.5823
303.5		0.5823
303.6		0.5823
303.7		0.5823
303.8		0.5823
303.9		0.5823
304		0.5823
304.1		0.587858
304.2		0.587858
304.3		0.587858
304.4		0.587858
304.5		0.587858
304.6		0.587858
304.7		0.587858
304.8		0.587858
304.9		0.587858
305		0.587858
305.1		0.588286
305.2		0.588286
305.3		0.588286
305.4		0.588286
305.5		0.588286
305.6		0.588286
305.7		0.588286
305.8		0.588286
305.9		0.588286
306		0.588286
306.1		0.594271
306.2		0.594271
306.3		0.594271
306.4		0.594271
306.5		0.594271
306.6		0.594271
306.7		0.594271
306.8		0.594271
306.9		0.594271
307		0.594271
307.1		0.595126
307.2		0.595126
307.3		0.595126
307.4		0.595126
307.5		0.595126
307.6		0.595126
307.7		0.595126
307.8		0.595126
307.9		0.595126
308		0.595126
308.1		0.596409
308.2		0.596409
308.3		0.596409
308.4		0.596409
308.5		0.596409
308.6		0.596409
308.7		0.596409
308.8		0.596409
308.9		0.596409
309		0.596409
309.1		0.596836
309.2		0.596836
309.3		0.596836
309.4		0.596836
309.5		0.596836
309.6		0.596836
309.7		0.596836
309.8		0.596836
309.9		0.596836
310		0.596836
310.1		0.602822
310.2		0.602822
310.3		0.602822
310.4		0.602822
310.5		0.602822
310.6		0.602822
310.7		0.602822
310.8		0.602822
310.9		0.602822
311		0.602822
311.1		0.605387
311.2		0.605387
311.3		0.605387
311.4		0.605387
311.5		0.605387
311.6		0.605387
311.7		0.605387
311.8		0.605387
311.9		0.605387
312		0.605387
312.1		0.606242
312.2		0.606242
312.3		0.606242
312.4		0.606242
312.5		0.606242
312.6		0.606242
312.7		0.606242
312.8		0.606242
312.9		0.606242
313		0.606242
313.1		0.607097
313.2		0.607097
313.3		0.607097
313.4		0.607097
313.5		0.607097
313.6		0.607097
313.7		0.607097
313.8		0.607097
313.9		0.607097
314		0.607097
314.1		0.610517
314.2		0.610517
314.3		0.610517
314.4		0.610517
314.5		0.610517
314.6		0.610517
314.7		0.610517
314.8		0.610517
314.9		0.610517
315		0.610517
315.1		0.61351
315.2		0.61351
315.3		0.61351
315.4		0.61351
315.5		0.61351
315.6		0.61351
315.7		0.61351
315.8		0.61351
315.9		0.61351
316		0.61351
316.1		0.61522
316.2		0.61522
316.3		0.61522
316.4		0.61522
316.5		0.61522
316.6		0.61522
316.7		0.61522
316.8		0.61522
316.9		0.61522
317		0.61522
317.1		0.618213
317.2		0.618213
317.3		0.618213
317.4		0.618213
317.5		0.618213
317.6		0.618213
317.7		0.618213
317.8		0.618213
317.9		0.618213
318		0.618213
318.1		0.61864
318.2		0.61864
318.3		0.61864
318.4		0.61864
318.5		0.61864
318.6		0.61864
318.7		0.61864
318.8		0.61864
318.9		0.61864
319		0.61864
319.1		0.61864
319.2		0.61864
319.3		0.61864
319.4		0.61864
319.5		0.61864
319.6		0.61864
319.7		0.61864
319.8		0.61864
319.9		0.61864
320		0.61864
320.1		0.619923
320.2		0.619923
320.3		0.619923
320.4		0.619923
320.5		0.619923
320.6		0.619923
320.7		0.619923
320.8		0.619923
320.9		0.619923
321		0.619923
321.1		0.619923
321.2		0.619923
321.3		0.619923
321.4		0.619923
321.5		0.619923
321.6		0.619923
321.7		0.619923
321.8		0.619923
321.9		0.619923
322		0.619923
322.1		0.622061
322.2		0.622061
322.3		0.622061
322.4		0.622061
322.5		0.622061
322.6		0.622061
322.7		0.622061
322.8		0.622061
322.9		0.622061
323		0.622061
323.1		0.624626
323.2		0.624626
323.3		0.624626
323.4		0.624626
323.5		0.624626
323.6		0.624626
323.7		0.624626
323.8		0.624626
323.9		0.624626
324		0.624626
324.1		0.628046
324.2		0.628046
324.3		0.628046
324.4		0.628046
324.5		0.628046
324.6		0.628046
324.7		0.628046
324.8		0.628046
324.9		0.628046
325		0.628046
325.1		0.628046
325.2		0.628046
325.3		0.628046
325.4		0.628046
325.5		0.628046
325.6		0.628046
325.7		0.628046
325.8		0.628046
325.9		0.628046
326		0.628046
326.1		0.628046
326.2		0.628046
326.3		0.628046
326.4		0.628046
326.5		0.628046
326.6		0.628046
326.7		0.628046
326.8		0.628046
326.9		0.628046
327		0.628046
327.1		0.632322
327.2		0.632322
327.3		0.632322
327.4		0.632322
327.5		0.632322
327.6		0.632322
327.7		0.632322
327.8		0.632322
327.9		0.632322
328		0.632322
328.1		0.635314
328.2		0.635314
328.3		0.635314
328.4		0.635314
328.5		0.635314
328.6		0.635314
328.7		0.635314
328.8		0.635314
328.9		0.635314
329		0.635314
329.1		0.636169
329.2		0.636169
329.3		0.636169
329.4		0.636169
329.5		0.636169
329.6		0.636169
329.7		0.636169
329.8		0.636169
329.9		0.636169
330		0.636169
330.1		0.63959
330.2		0.63959
330.3		0.63959
330.4		0.63959
330.5		0.63959
330.6		0.63959
330.7		0.63959
330.8		0.63959
330.9		0.63959
331		0.63959
331.1		0.640872
331.2		0.640872
331.3		0.640872
331.4		0.640872
331.5		0.640872
331.6		0.640872
331.7		0.640872
331.8		0.640872
331.9		0.640872
332		0.640872
332.1		0.643437
332.2		0.643437
332.3		0.643437
332.4		0.643437
332.5		0.643437
332.6		0.643437
332.7		0.643437
332.8		0.643437
332.9		0.643437
333		0.643437
333.1		0.645147
333.2		0.645147
333.3		0.645147
333.4		0.645147
333.5		0.645147
333.6		0.645147
333.7		0.645147
333.8		0.645147
333.9		0.645147
334		0.645147
334.1		0.645575
334.2		0.645575
334.3		0.645575
334.4		0.645575
334.5		0.645575
334.6		0.645575
334.7		0.645575
334.8		0.645575
334.9		0.645575
335		0.645575
335.1		0.646003
335.2		0.646003
335.3		0.646003
335.4		0.646003
335.5		0.646003
335.6		0.646003
335.7		0.646003
335.8		0.646003
335.9		0.646003
336		0.646003
336.1		0.64985
336.2		0.64985
336.3		0.64985
336.4		0.64985
336.5		0.64985
336.6		0.64985
336.7		0.64985
336.8		0.64985
336.9		0.64985
337		0.64985
337.1		0.652416
337.2		0.652416
337.3		0.652416
337.4		0.652416
337.5		0.652416
337.6		0.652416
337.7		0.652416
337.8		0.652416
337.9		0.652416
338		0.652416
338.1		0.653698
338.2		0.653698
338.3		0.653698
338.4		0.653698
338.5		0.653698
338.6		0.653698
338.7		0.653698
338.8		0.653698
338.9		0.653698
339		0.653698
339.1		0.658401
339.2		0.658401
339.3		0.658401
339.4		0.658401
339.5		0.658401
339.6		0.658401
339.7		0.658401
339.8		0.658401
339.9		0.658401
340		0.658401
340.1		0.658829
340.2		0.658829
340.3		0.658829
340.4		0.658829
340.5		0.658829
340.6		0.658829
340.7		0.658829
340.8		0.658829
340.9		0.658829
341		0.658829
341.1		0.663531
341.2		0.663531
341.3		0.663531
341.4		0.663531
341.5		0.663531
341.6		0.663531
341.7		0.663531
341.8		0.663531
341.9		0.663531
342		0.663531
342.1		0.663959
342.2		0.663959
342.3		0.663959
342.4		0.663959
342.5		0.663959
342.6		0.663959
342.7		0.663959
342.8		0.663959
342.9		0.663959
343		0.663959
343.1		0.663959
343.2		0.663959
343.3		0.663959
343.4		0.663959
343.5		0.663959
343.6		0.663959
343.7		0.663959
343.8		0.663959
343.9		0.663959
344		0.663959
344.1		0.666524
344.2		0.666524
344.3		0.666524
344.4		0.666524
344.5		0.666524
344.6		0.666524
344.7		0.666524
344.8		0.666524
344.9		0.666524
345		0.666524
345.1		0.670372
345.2		0.670372
345.3		0.670372
345.4		0.670372
345.5		0.670372
345.6		0.670372
345.7		0.670372
345.8		0.670372
345.9		0.670372
346		0.670372
346.1		0.670799
346.2		0.670799
346.3		0.670799
346.4		0.670799
346.5		0.670799
346.6		0.670799
346.7		0.670799
346.8		0.670799
346.9		0.670799
347		0.670799
347.1		0.670799
347.2		0.670799
347.3		0.670799
347.4		0.670799
347.5		0.670799
347.6		0.670799
347.7		0.670799
347.8		0.670799
347.9		0.670799
348		0.670799
348.1		0.673365
348.2		0.673365
348.3		0.673365
348.4		0.673365
348.5		0.673365
348.6		0.673365
348.7		0.673365
348.8		0.673365
348.9		0.673365
349		0.673365
349.1		0.674647
349.2		0.674647
349.3		0.674647
349.4		0.674647
349.5		0.674647
349.6		0.674647
349.7		0.674647
349.8		0.674647
349.9		0.674647
350		0.674647
350.1		0.67764
350.2		0.67764
350.3		0.67764
350.4		0.67764
350.5		0.67764
350.6		0.67764
350.7		0.67764
350.8		0.67764
350.9		0.67764
351		0.67764
351.1		0.680633
351.2		0.680633
351.3		0.680633
351.4		0.680633
351.5		0.680633
351.6		0.680633
351.7		0.680633
351.8		0.680633
351.9		0.680633
352		0.680633
352.1		0.681488
352.2		0.681488
352.3		0.681488
352.4		0.681488
352.5		0.681488
352.6		0.681488
352.7		0.681488
352.8		0.681488
352.9		0.681488
353		0.681488
353.1		0.684053
353.2		0.684053
353.3		0.684053
353.4		0.684053
353.5		0.684053
353.6		0.684053
353.7		0.684053
353.8		0.684053
353.9		0.684053
354		0.684053
354.1		0.685763
354.2		0.685763
354.3		0.685763
354.4		0.685763
354.5		0.685763
354.6		0.685763
354.7		0.685763
354.8		0.685763
354.9		0.685763
355		0.685763
355.1		0.691749
355.2		0.691749
355.3		0.691749
355.4		0.691749
355.5		0.691749
355.6		0.691749
355.7		0.691749
355.8		0.691749
355.9		0.691749
356		0.691749
356.1		0.694741
356.2		0.694741
356.3		0.694741
356.4		0.694741
356.5		0.694741
356.6		0.694741
356.7		0.694741
356.8		0.694741
356.9		0.694741
357		0.694741
357.1		0.696451
357.2		0.696451
357.3		0.696451
357.4		0.696451
357.5		0.696451
357.6		0.696451
357.7		0.696451
357.8		0.696451
357.9		0.696451
358		0.696451
358.1		0.697307
358.2		0.697307
358.3		0.697307
358.4		0.697307
358.5		0.697307
358.6		0.697307
358.7		0.697307
358.8		0.697307
358.9		0.697307
359		0.697307
359.1		0.698589
359.2		0.698589
359.3		0.698589
359.4		0.698589
359.5		0.698589
359.6		0.698589
359.7		0.698589
359.8		0.698589
359.9		0.698589
360		0.698589
360.1		0.701154
360.2		0.701154
360.3		0.701154
360.4		0.701154
360.5		0.701154
360.6		0.701154
360.7		0.701154
360.8		0.701154
360.9		0.701154
361		0.701154
361.1		0.705002
361.2		0.705002
361.3		0.705002
361.4		0.705002
361.5		0.705002
361.6		0.705002
361.7		0.705002
361.8		0.705002
361.9		0.705002
362		0.705002
362.1		0.705857
362.2		0.705857
362.3		0.705857
362.4		0.705857
362.5		0.705857
362.6		0.705857
362.7		0.705857
362.8		0.705857
362.9		0.705857
363		0.705857
363.1		0.707567
363.2		0.707567
363.3		0.707567
363.4		0.707567
363.5		0.707567
363.6		0.707567
363.7		0.707567
363.8		0.707567
363.9		0.707567
364		0.707567
364.1		0.709277
364.2		0.709277
364.3		0.709277
364.4		0.709277
364.5		0.709277
364.6		0.709277
364.7		0.709277
364.8		0.709277
364.9		0.709277
365		0.709277
365.1		0.710988
365.2		0.710988
365.3		0.710988
365.4		0.710988
365.5		0.710988
365.6		0.710988
365.7		0.710988
365.8		0.710988
365.9		0.710988
366		0.710988
366.1		0.713553
366.2		0.713553
366.3		0.713553
366.4		0.713553
366.5		0.713553
366.6		0.713553
366.7		0.713553
366.8		0.713553
366.9		0.713553
367		0.713553
367.1		0.716973
367.2		0.716973
367.3		0.716973
367.4		0.716973
367.5		0.716973
367.6		0.716973
367.7		0.716973
367.8		0.716973
367.9		0.716973
368		0.716973
368.1		0.722531
368.2		0.722531
368.3		0.722531
368.4		0.722531
368.5		0.722531
368.6		0.722531
368.7		0.722531
368.8		0.722531
368.9		0.722531
369		0.722531
369.1		0.722959
369.2		0.722959
369.3		0.722959
369.4		0.722959
369.5		0.722959
369.6		0.722959
369.7		0.722959
369.8		0.722959
369.9		0.722959
370		0.722959
370.1		0.722959
370.2		0.722959
370.3		0.722959
370.4		0.722959
370.5		0.722959
370.6		0.722959
370.7		0.722959
370.8		0.722959
370.9		0.722959
371		0.722959
371.1		0.722959
371.2		0.722959
371.3		0.722959
371.4		0.722959
371.5		0.722959
371.6		0.722959
371.7		0.722959
371.8		0.722959
371.9		0.722959
372		0.722959
372.1		0.725096
372.2		0.725096
372.3		0.725096
372.4		0.725096
372.5		0.725096
372.6		0.725096
372.7		0.725096
372.8		0.725096
372.9		0.725096
373		0.725096
373.1		0.725524
373.2		0.725524
373.3		0.725524
373.4		0.725524
373.5		0.725524
373.6		0.725524
373.7		0.725524
373.8		0.725524
373.9		0.725524
374		0.725524
374.1		0.731509
374.2		0.731509
374.3		0.731509
374.4		0.731509
374.5		0.731509
374.6		0.731509
374.7		0.731509
374.8		0.731509
374.9		0.731509
375		0.731509
375.1		0.731509
375.2		0.731509
375.3		0.731509
375.4		0.731509
375.5		0.731509
375.6		0.731509
375.7		0.731509
375.8		0.731509
375.9		0.731509
376		0.731509
376.1		0.734929
376.2		0.734929
376.3		0.734929
376.4		0.734929
376.5		0.734929
376.6		0.734929
376.7		0.734929
376.8		0.734929
376.9		0.734929
377		0.734929
377.1		0.736212
377.2		0.736212
377.3		0.736212
377.4		0.736212
377.5		0.736212
377.6		0.736212
377.7		0.736212
377.8		0.736212
377.9		0.736212
378		0.736212
378.1		0.74006
378.2		0.74006
378.3		0.74006
378.4		0.74006
378.5		0.74006
378.6		0.74006
378.7		0.74006
378.8		0.74006
378.9		0.74006
379		0.74006
379.1		0.740915
379.2		0.740915
379.3		0.740915
379.4		0.740915
379.5		0.740915
379.6		0.740915
379.7		0.740915
379.8		0.740915
379.9		0.740915
380		0.740915
380.1		0.746473
380.2		0.746473
380.3		0.746473
380.4		0.746473
380.5		0.746473
380.6		0.746473
380.7		0.746473
380.8		0.746473
380.9		0.746473
381		0.746473
381.1		0.749466
381.2		0.749466
381.3		0.749466
381.4		0.749466
381.5		0.749466
381.6		0.749466
381.7		0.749466
381.8		0.749466
381.9		0.749466
382		0.749466
382.1		0.751176
382.2		0.751176
382.3		0.751176
382.4		0.751176
382.5		0.751176
382.6		0.751176
382.7		0.751176
382.8		0.751176
382.9		0.751176
383		0.751176
383.1		0.752458
383.2		0.752458
383.3		0.752458
383.4		0.752458
383.5		0.752458
383.6		0.752458
383.7		0.752458
383.8		0.752458
383.9		0.752458
384		0.752458
384.1		0.755879
384.2		0.755879
384.3		0.755879
384.4		0.755879
384.5		0.755879
384.6		0.755879
384.7		0.755879
384.8		0.755879
384.9		0.755879
385		0.755879
385.1		0.757161
385.2		0.757161
385.3		0.757161
385.4		0.757161
385.5		0.757161
385.6		0.757161
385.7		0.757161
385.8		0.757161
385.9		0.757161
386		0.757161
386.1		0.760581
386.2		0.760581
386.3		0.760581
386.4		0.760581
386.5		0.760581
386.6		0.760581
386.7		0.760581
386.8		0.760581
386.9		0.760581
387		0.760581
387.1		0.761864
387.2		0.761864
387.3		0.761864
387.4		0.761864
387.5		0.761864
387.6		0.761864
387.7		0.761864
387.8		0.761864
387.9		0.761864
388		0.761864
388.1		0.764002
388.2		0.764002
388.3		0.764002
388.4		0.764002
388.5		0.764002
388.6		0.764002
388.7		0.764002
388.8		0.764002
388.9		0.764002
389		0.764002
389.1		0.765284
389.2		0.765284
389.3		0.765284
389.4		0.765284
389.5		0.765284
389.6		0.765284
389.7		0.765284
389.8		0.765284
389.9		0.765284
390		0.765284
390.1		0.768277
390.2		0.768277
390.3		0.768277
390.4		0.768277
390.5		0.768277
390.6		0.768277
390.7		0.768277
390.8		0.768277
390.9		0.768277
391		0.768277
391.1		0.77298
391.2		0.77298
391.3		0.77298
391.4		0.77298
391.5		0.77298
391.6		0.77298
391.7		0.77298
391.8		0.77298
391.9		0.77298
392		0.77298
392.1		0.773407
392.2		0.773407
392.3		0.773407
392.4		0.773407
392.5		0.773407
392.6		0.773407
392.7		0.773407
392.8		0.773407
392.9		0.773407
393		0.773407
393.1		0.773407
393.2		0.773407
393.3		0.773407
393.4		0.773407
393.5		0.773407
393.6		0.773407
393.7		0.773407
393.8		0.773407
393.9		0.773407
394		0.773407
394.1		0.778965
394.2		0.778965
394.3		0.778965
394.4		0.778965
394.5		0.778965
394.6		0.778965
394.7		0.778965
394.8		0.778965
394.9		0.778965
395		0.778965
395.1		0.778965
395.2		0.778965
395.3		0.778965
395.4		0.778965
395.5		0.778965
395.6		0.778965
395.7		0.778965
395.8		0.778965
395.9		0.778965
396		0.778965
396.1		0.77982
396.2		0.77982
396.3		0.77982
396.4		0.77982
396.5		0.77982
396.6		0.77982
396.7		0.77982
396.8		0.77982
396.9		0.77982
397		0.77982
397.1		0.783668
397.2		0.783668
397.3		0.783668
397.4		0.783668
397.5		0.783668
397.6		0.783668
397.7		0.783668
397.8		0.783668
397.9		0.783668
398		0.783668
398.1		0.787944
398.2		0.787944
398.3		0.787944
398.4		0.787944
398.5		0.787944
398.6		0.787944
398.7		0.787944
398.8		0.787944
398.9		0.787944
399		0.787944
399.1		0.789654
399.2		0.789654
399.3		0.789654
399.4		0.789654
399.5		0.789654
399.6		0.789654
399.7		0.789654
399.8		0.789654
399.9		0.789654
400		0.789654
400.1		0.790509
400.2		0.790509
400.3		0.790509
400.4		0.790509
400.5		0.790509
400.6		0.790509
400.7		0.790509
400.8		0.790509
400.9		0.790509
401		0.790509
401.1		0.791364
401.2		0.791364
401.3		0.791364
401.4		0.791364
401.5		0.791364
401.6		0.791364
401.7		0.791364
401.8		0.791364
401.9		0.791364
402		0.791364
402.1		0.794357
402.2		0.794357
402.3		0.794357
402.4		0.794357
402.5		0.794357
402.6		0.794357
402.7		0.794357
402.8		0.794357
402.9		0.794357
403		0.794357
403.1		0.796922
403.2		0.796922
403.3		0.796922
403.4		0.796922
403.5		0.796922
403.6		0.796922
403.7		0.796922
403.8		0.796922
403.9		0.796922
404		0.796922
404.1		0.797777
404.2		0.797777
404.3		0.797777
404.4		0.797777
404.5		0.797777
404.6		0.797777
404.7		0.797777
404.8		0.797777
404.9		0.797777
405		0.797777
405.1		0.800342
405.2		0.800342
405.3		0.800342
405.4		0.800342
405.5		0.800342
405.6		0.800342
405.7		0.800342
405.8		0.800342
405.9		0.800342
406		0.800342
406.1		0.804617
406.2		0.804617
406.3		0.804617
406.4		0.804617
406.5		0.804617
406.6		0.804617
406.7		0.804617
406.8		0.804617
406.9		0.804617
407		0.804617
407.1		0.806327
407.2		0.806327
407.3		0.806327
407.4		0.806327
407.5		0.806327
407.6		0.806327
407.7		0.806327
407.8		0.806327
407.9		0.806327
408		0.806327
408.1		0.806755
408.2		0.806755
408.3		0.806755
408.4		0.806755
408.5		0.806755
408.6		0.806755
408.7		0.806755
408.8		0.806755
408.9		0.806755
409		0.806755
409.1		0.808465
409.2		0.808465
409.3		0.808465
409.4		0.808465
409.5		0.808465
409.6		0.808465
409.7		0.808465
409.8		0.808465
409.9		0.808465
410		0.808465
410.1		0.812313
410.2		0.812313
410.3		0.812313
410.4		0.812313
410.5		0.812313
410.6		0.812313
410.7		0.812313
410.8		0.812313
410.9		0.812313
411		0.812313
411.1		0.815733
411.2		0.815733
411.3		0.815733
411.4		0.815733
411.5		0.815733
411.6		0.815733
411.7		0.815733
411.8		0.815733
411.9		0.815733
412		0.815733
412.1		0.816161
412.2		0.816161
412.3		0.816161
412.4		0.816161
412.5		0.816161
412.6		0.816161
412.7		0.816161
412.8		0.816161
412.9		0.816161
413		0.816161
413.1		0.817443
413.2		0.817443
413.3		0.817443
413.4		0.817443
413.5		0.817443
413.6		0.817443
413.7		0.817443
413.8		0.817443
413.9		0.817443
414		0.817443
414.1		0.821291
414.2		0.821291
414.3		0.821291
414.4		0.821291
414.5		0.821291
414.6		0.821291
414.7		0.821291
414.8		0.821291
414.9		0.821291
415		0.821291
415.1		0.822574
415.2		0.822574
415.3		0.822574
415.4		0.822574
415.5		0.822574
415.6		0.822574
415.7		0.822574
415.8		0.822574
415.9		0.822574
416		0.822574
416.1		0.826422
416.2		0.826422
416.3		0.826422
416.4		0.826422
416.5		0.826422
416.6		0.826422
416.7		0.826422
416.8		0.826422
416.9		0.826422
417		0.826422
417.1		0.826422
417.2		0.826422
417.3		0.826422
417.4		0.826422
417.5		0.826422
417.6		0.826422
417.7		0.826422
417.8		0.826422
417.9		0.826422
418		0.826422
418.1		0.827704
418.2		0.827704
418.3		0.827704
418.4		0.827704
418.5		0.827704
418.6		0.827704
418.7		0.827704
418.8		0.827704
418.9		0.827704
419		0.827704
419.1		0.831552
419.2		0.831552
419.3		0.831552
419.4		0.831552
419.5		0.831552
419.6		0.831552
419.7		0.831552
419.8		0.831552
419.9		0.831552
420		0.831552
420.1		0.834117
420.2		0.834117
420.3		0.834117
420.4		0.834117
420.5		0.834117
420.6		0.834117
420.7		0.834117
420.8		0.834117
420.9		0.834117
421		0.834117
421.1		0.8354
421.2		0.8354
421.3		0.8354
421.4		0.8354
421.5		0.8354
421.6		0.8354
421.7		0.8354
421.8		0.8354
421.9		0.8354
422		0.8354
422.1		0.83711
422.2		0.83711
422.3		0.83711
422.4		0.83711
422.5		0.83711
422.6		0.83711
422.7		0.83711
422.8		0.83711
422.9		0.83711
423		0.83711
423.1		0.843523
423.2		0.843523
423.3		0.843523
423.4		0.843523
423.5		0.843523
423.6		0.843523
423.7		0.843523
423.8		0.843523
423.9		0.843523
424		0.843523
424.1		0.84395
424.2		0.84395
424.3		0.84395
424.4		0.84395
424.5		0.84395
424.6		0.84395
424.7		0.84395
424.8		0.84395
424.9		0.84395
425		0.84395
425.1		0.848653
425.2		0.848653
425.3		0.848653
425.4		0.848653
425.5		0.848653
425.6		0.848653
425.7		0.848653
425.8		0.848653
425.9		0.848653
426		0.848653
426.1		0.848653
426.2		0.848653
426.3		0.848653
426.4		0.848653
426.5		0.848653
426.6		0.848653
426.7		0.848653
426.8		0.848653
426.9		0.848653
427		0.848653
427.1		0.850791
427.2		0.850791
427.3		0.850791
427.4		0.850791
427.5		0.850791
427.6		0.850791
427.7		0.850791
427.8		0.850791
427.9		0.850791
428		0.850791
428.1		0.855066
428.2		0.855066
428.3		0.855066
428.4		0.855066
428.5		0.855066
428.6		0.855066
428.7		0.855066
428.8		0.855066
428.9		0.855066
429		0.855066
429.1		0.855494
429.2		0.855494
429.3		0.855494
429.4		0.855494
429.5		0.855494
429.6		0.855494
429.7		0.855494
429.8		0.855494
429.9		0.855494
430		0.855494
430.1		0.855494
430.2		0.855494
430.3		0.855494
430.4		0.855494
430.5		0.855494
430.6		0.855494
430.7		0.855494
430.8		0.855494
430.9		0.855494
431		0.855494
431.1		0.860197
431.2		0.860197
431.3		0.860197
431.4		0.860197
431.5		0.860197
431.6		0.860197
431.7		0.860197
431.8		0.860197
431.9		0.860197
432		0.860197
432.1		0.861479
432.2		0.861479
432.3		0.861479
432.4		0.861479
432.5		0.861479
432.6		0.861479
432.7		0.861479
432.8		0.861479
432.9		0.861479
433		0.861479
433.1		0.8649
433.2		0.8649
433.3		0.8649
433.4		0.8649
433.5		0.8649
433.6		0.8649
433.7		0.8649
433.8		0.8649
433.9		0.8649
434		0.8649
434.1		0.8649
434.2		0.8649
434.3		0.8649
434.4		0.8649
434.5		0.8649
434.6		0.8649
434.7		0.8649
434.8		0.8649
434.9		0.8649
435		0.8649
435.1		0.865755
435.2		0.865755
435.3		0.865755
435.4		0.865755
435.5		0.865755
435.6		0.865755
435.7		0.865755
435.8		0.865755
435.9		0.865755
436		0.865755
436.1		0.872168
436.2		0.872168
436.3		0.872168
436.4		0.872168
436.5		0.872168
436.6		0.872168
436.7		0.872168
436.8		0.872168
436.9		0.872168
437		0.872168
437.1		0.872168
437.2		0.872168
437.3		0.872168
437.4		0.872168
437.5		0.872168
437.6		0.872168
437.7		0.872168
437.8		0.872168
437.9		0.872168
438		0.872168
438.1		0.872168
438.2		0.872168
438.3		0.872168
438.4		0.872168
438.5		0.872168
438.6		0.872168
438.7		0.872168
438.8		0.872168
438.9		0.872168
439		0.872168
439.1		0.877298
439.2		0.877298
439.3		0.877298
439.4		0.877298
439.5		0.877298
439.6		0.877298
439.7		0.877298
439.8		0.877298
439.9		0.877298
440		0.877298
440.1		0.881146
440.2		0.881146
440.3		0.881146
440.4		0.881146
440.5		0.881146
440.6		0.881146
440.7		0.881146
440.8		0.881146
440.9		0.881146
441		0.881146
441.1		0.882856
441.2		0.882856
441.3		0.882856
441.4		0.882856
441.5		0.882856
441.6		0.882856
441.7		0.882856
441.8		0.882856
441.9		0.882856
442		0.882856
442.1		0.883711
442.2		0.883711
442.3		0.883711
442.4		0.883711
442.5		0.883711
442.6		0.883711
442.7		0.883711
442.8		0.883711
442.9		0.883711
443		0.883711
443.1		0.883711
443.2		0.883711
443.3		0.883711
443.4		0.883711
443.5		0.883711
443.6		0.883711
443.7		0.883711
443.8		0.883711
443.9		0.883711
444		0.883711
444.1		0.886276
444.2		0.886276
444.3		0.886276
444.4		0.886276
444.5		0.886276
444.6		0.886276
444.7		0.886276
444.8		0.886276
444.9		0.886276
445		0.886276
445.1		0.887986
445.2		0.887986
445.3		0.887986
445.4		0.887986
445.5		0.887986
445.6		0.887986
445.7		0.887986
445.8		0.887986
445.9		0.887986
446		0.887986
446.1		0.888414
446.2		0.888414
446.3		0.888414
446.4		0.888414
446.5		0.888414
446.6		0.888414
446.7		0.888414
446.8		0.888414
446.9		0.888414
447		0.888414
447.1		0.890124
447.2		0.890124
447.3		0.890124
447.4		0.890124
447.5		0.890124
447.6		0.890124
447.7		0.890124
447.8		0.890124
447.9		0.890124
448		0.890124
448.1		0.891407
448.2		0.891407
448.3		0.891407
448.4		0.891407
448.5		0.891407
448.6		0.891407
448.7		0.891407
448.8		0.891407
448.9		0.891407
449		0.891407
449.1		0.891407
449.2		0.891407
449.3		0.891407
449.4		0.891407
449.5		0.891407
449.6		0.891407
449.7		0.891407
449.8		0.891407
449.9		0.891407
450		0.891407
450.1		0.896537
450.2		0.896537
450.3		0.896537
450.4		0.896537
450.5		0.896537
450.6		0.896537
450.7		0.896537
450.8		0.896537
450.9		0.896537
451		0.896537
451.1		0.898675
451.2		0.898675
451.3		0.898675
451.4		0.898675
451.5		0.898675
451.6		0.898675
451.7		0.898675
451.8		0.898675
451.9		0.898675
452		0.898675
452.1		0.89953
452.2		0.89953
452.3		0.89953
452.4		0.89953
452.5		0.89953
452.6		0.89953
452.7		0.89953
452.8		0.89953
452.9		0.89953
453		0.89953
453.1		0.900812
453.2		0.900812
453.3		0.900812
453.4		0.900812
453.5		0.900812
453.6		0.900812
453.7		0.900812
453.8		0.900812
453.9		0.900812
454		0.900812
454.1		0.90466
454.2		0.90466
454.3		0.90466
454.4		0.90466
454.5		0.90466
454.6		0.90466
454.7		0.90466
454.8		0.90466
454.9		0.90466
455		0.90466
455.1		0.908508
455.2		0.908508
455.3		0.908508
455.4		0.908508
455.5		0.908508
455.6		0.908508
455.7		0.908508
455.8		0.908508
455.9		0.908508
456		0.908508
456.1		0.909363
456.2		0.909363
456.3		0.909363
456.4		0.909363
456.5		0.909363
456.6		0.909363
456.7		0.909363
456.8		0.909363
456.9		0.909363
457		0.909363
457.1		0.910218
457.2		0.910218
457.3		0.910218
457.4		0.910218
457.5		0.910218
457.6		0.910218
457.7		0.910218
457.8		0.910218
457.9		0.910218
458		0.910218
458.1		0.915776
458.2		0.915776
458.3		0.915776
458.4		0.915776
458.5		0.915776
458.6		0.915776
458.7		0.915776
458.8		0.915776
458.9		0.915776
459		0.915776
459.1		0.918769
459.2		0.918769
459.3		0.918769
459.4		0.918769
459.5		0.918769
459.6		0.918769
459.7		0.918769
459.8		0.918769
459.9		0.918769
460		0.918769
460.1		0.920051
460.2		0.920051
460.3		0.920051
460.4		0.920051
460.5		0.920051
460.6		0.920051
460.7		0.920051
460.8		0.920051
460.9		0.920051
461		0.920051
461.1		0.920051
461.2		0.920051
461.3		0.920051
461.4		0.920051
461.5		0.920051
461.6		0.920051
461.7		0.920051
461.8		0.920051
461.9		0.920051
462		0.920051
462.1		0.923044
462.2		0.923044
462.3		0.923044
462.4		0.923044
462.5		0.923044
462.6		0.923044
462.7		0.923044
462.8		0.923044
462.9		0.923044
463		0.923044
463.1		0.924327
463.2		0.924327
463.3		0.924327
463.4		0.924327
463.5		0.924327
463.6		0.924327
463.7		0.924327
463.8		0.924327
463.9		0.924327
464		0.924327
464.1		0.925182
464.2		0.925182
464.3		0.925182
464.4		0.925182
464.5		0.925182
464.6		0.925182
464.7		0.925182
464.8		0.925182
464.9		0.925182
465		0.925182
465.1		0.928602
465.2		0.928602
465.3		0.928602
465.4		0.928602
465.5		0.928602
465.6		0.928602
465.7		0.928602
465.8		0.928602
465.9		0.928602
466		0.928602
466.1		0.931595
466.2		0.931595
466.3		0.931595
466.4		0.931595
466.5		0.931595
466.6		0.931595
466.7		0.931595
466.8		0.931595
466.9		0.931595
467		0.931595
467.1		0.931595
467.2		0.931595
467.3		0.931595
467.4		0.931595
467.5		0.931595
467.6		0.931595
467.7		0.931595
467.8		0.931595
467.9		0.931595
468		0.931595
468.1		0.931595
468.2		0.931595
468.3		0.931595
468.4		0.931595
468.5		0.931595
468.6		0.931595
468.7		0.931595
468.8		0.931595
468.9		0.931595
469		0.931595
469.1		0.93245
469.2		0.93245
469.3		0.93245
469.4		0.93245
469.5		0.93245
469.6		0.93245
469.7		0.93245
469.8		0.93245
469.9		0.93245
470		0.93245
470.1		0.936298
470.2		0.936298
470.3		0.936298
470.4		0.936298
470.5		0.936298
470.6		0.936298
470.7		0.936298
470.8		0.936298
470.9		0.936298
471		0.936298
471.1		0.93758
471.2		0.93758
471.3		0.93758
471.4		0.93758
471.5		0.93758
471.6		0.93758
471.7		0.93758
471.8		0.93758
471.9		0.93758
472		0.93758
472.1		0.93758
472.2		0.93758
472.3		0.93758
472.4		0.93758
472.5		0.93758
472.6		0.93758
472.7		0.93758
472.8		0.93758
472.9		0.93758
473		0.93758
473.1		0.940145
473.2		0.940145
473.3		0.940145
473.4		0.940145
473.5		0.940145
473.6		0.940145
473.7		0.940145
473.8		0.940145
473.9		0.940145
474		0.940145
474.1		0.940145
474.2		0.940145
474.3		0.940145
474.4		0.940145
474.5		0.940145
474.6		0.940145
474.7		0.940145
474.8		0.940145
474.9		0.940145
475		0.940145
475.1		0.941855
475.2		0.941855
475.3		0.941855
475.4		0.941855
475.5		0.941855
475.6		0.941855
475.7		0.941855
475.8		0.941855
475.9		0.941855
476		0.941855
476.1		0.942283
476.2		0.942283
476.3		0.942283
476.4		0.942283
476.5		0.942283
476.6		0.942283
476.7		0.942283
476.8		0.942283
476.9		0.942283
477		0.942283
477.1		0.943566
477.2		0.943566
477.3		0.943566
477.4		0.943566
477.5		0.943566
477.6		0.943566
477.7		0.943566
477.8		0.943566
477.9		0.943566
478		0.943566
478.1		0.945276
478.2		0.945276
478.3		0.945276
478.4		0.945276
478.5		0.945276
478.6		0.945276
478.7		0.945276
478.8		0.945276
478.9		0.945276
479		0.945276
479.1		0.945703
479.2		0.945703
479.3		0.945703
479.4		0.945703
479.5		0.945703
479.6		0.945703
479.7		0.945703
479.8		0.945703
479.9		0.945703
480		0.945703
480.1		0.946986
480.2		0.946986
480.3		0.946986
480.4		0.946986
480.5		0.946986
480.6		0.946986
480.7		0.946986
480.8		0.946986
480.9		0.946986
481		0.946986
481.1		0.948696
481.2		0.948696
481.3		0.948696
481.4		0.948696
481.5		0.948696
481.6		0.948696
481.7		0.948696
481.8		0.948696
481.9		0.948696
482		0.948696
482.1		0.949124
482.2		0.949124
482.3		0.949124
482.4		0.949124
482.5		0.949124
482.6		0.949124
482.7		0.949124
482.8		0.949124
482.9		0.949124
483		0.949124
483.1		0.952544
483.2		0.952544
483.3		0.952544
483.4		0.952544
483.5		0.952544
483.6		0.952544
483.7		0.952544
483.8		0.952544
483.9		0.952544
484		0.952544
484.1		0.954681
484.2		0.954681
484.3		0.954681
484.4		0.954681
484.5		0.954681
484.6		0.954681
484.7		0.954681
484.8		0.954681
484.9		0.954681
485		0.954681
485.1		0.955964
485.2		0.955964
485.3		0.955964
485.4		0.955964
485.5		0.955964
485.6		0.955964
485.7		0.955964
485.8		0.955964
485.9		0.955964
486		0.955964
486.1		0.957674
486.2		0.957674
486.3		0.957674
486.4		0.957674
486.5		0.957674
486.6		0.957674
486.7		0.957674
486.8		0.957674
486.9		0.957674
487		0.957674
487.1		0.957674
487.2		0.957674
487.3		0.957674
487.4		0.957674
487.5		0.957674
487.6		0.957674
487.7		0.957674
487.8		0.957674
487.9		0.957674
488		0.957674
488.1		0.96366
488.2		0.96366
488.3		0.96366
488.4		0.96366
488.5		0.96366
488.6		0.96366
488.7		0.96366
488.8		0.96366
488.9		0.96366
489		0.96366
489.1		0.964515
489.2		0.964515
489.3		0.964515
489.4		0.964515
489.5		0.964515
489.6		0.964515
489.7		0.964515
489.8		0.964515
489.9		0.964515
490		0.964515
490.1		0.965797
490.2		0.965797
490.3		0.965797
490.4		0.965797
490.5		0.965797
490.6		0.965797
490.7		0.965797
490.8		0.965797
490.9		0.965797
491		0.965797
491.1		0.969645
491.2		0.969645
491.3		0.969645
491.4		0.969645
491.5		0.969645
491.6		0.969645
491.7		0.969645
491.8		0.969645
491.9		0.969645
492		0.969645
492.1		0.973493
492.2		0.973493
492.3		0.973493
492.4		0.973493
492.5		0.973493
492.6		0.973493
492.7		0.973493
492.8		0.973493
492.9		0.973493
493		0.973493
493.1		0.974776
493.2		0.974776
493.3		0.974776
493.4		0.974776
493.5		0.974776
493.6		0.974776
493.7		0.974776
493.8		0.974776
493.9		0.974776
494		0.974776
494.1		0.974776
494.2		0.974776
494.3		0.974776
494.4		0.974776
494.5		0.974776
494.6		0.974776
494.7		0.974776
494.8		0.974776
494.9		0.974776
495		0.974776
495.1		0.976486
495.2		0.976486
495.3		0.976486
495.4		0.976486
495.5		0.976486
495.6		0.976486
495.7		0.976486
495.8		0.976486
495.9		0.976486
496		0.976486
496.1		0.981616
496.2		0.981616
496.3		0.981616
496.4		0.981616
496.5		0.981616
496.6		0.981616
496.7		0.981616
496.8		0.981616
496.9		0.981616
497		0.981616
497.1		0.985464
497.2		0.985464
497.3		0.985464
497.4		0.985464
497.5		0.985464
497.6		0.985464
497.7		0.985464
497.8		0.985464
497.9		0.985464
498		0.985464
498.1		0.985891
498.2		0.985891
498.3		0.985891
498.4		0.985891
498.5		0.985891
498.6		0.985891
498.7		0.985891
498.8		0.985891
498.9		0.985891
499		0.985891
499.1		0.987602
499.2		0.987602
499.3		0.987602
499.4		0.987602
499.5		0.987602
499.6		0.987602
499.7		0.987602
499.8		0.987602
499.9		0.987602
500		0.987602
500.1		0.991449
500.2		0.991449
500.3		0.991449
500.4		0.991449
500.5		0.991449
500.6		0.991449
500.7		0.991449
500.8		0.991449
500.9		0.991449
501		0.991449
501.1		0.993587
501.2		0.993587
501.3		0.993587
501.4		0.993587
501.5		0.993587
501.6		0.993587
501.7		0.993587
501.8		0.993587
501.9		0.993587
502		0.993587
502.1		0.99487
502.2		0.99487
502.3		0.99487
502.4		0.99487
502.5		0.99487
502.6		0.99487
502.7		0.99487
502.8		0.99487
502.9		0.99487
503		0.99487
503.1		1
503.2		1
503.3		1
503.4		1
503.5		1
503.6		1
503.7		1
503.8		1
503.9		1
504		1
504.1		1
504.2		1
504.3		1
504.4		1
504.5		1
504.6		1
504.7		1
504.8		1
504.9		1
505		1
505.1		1
505.2		1
505.3		1
505.4		1
505.5		1
505.6		1
505.7		1
505.8		1
505.9		1
506		1
506.1		1
506.2		1
506.3		1
506.4		1
506.5		1
506.6		1
506.7		1
506.8		1
506.9		1
507		1
507.1		1
507.2		1
507.3		1
507.4		1
507.5		1
507.6		1
507.7		1
507.8		1
507.9		1
508		1
508.1		1
508.2		1
508.3		1
508.4		1
508.5		1
508.6		1
508.7		1
508.8		1
508.9		1
509		1
509.1		1
509.2		1
509.3		1
509.4		1
509.5		1
509.6		1
509.7		1
509.8		1
509.9		1
510		1
510.1		1
510.2		1
510.3		1
510.4		1
510.5		1
510.6		1
510.7		1
510.8		1
510.9		1
511		1
511.1		1
511.2		1
511.3		1
511.4		1
511.5		1
511.6		1
511.7		1
511.8		1
511.9		1
512		1
512.1		1
512.2		1
512.3		1
512.4		1
512.5		1
512.6		1
512.7		1
512.8		1
512.9		1
513		1
513.1		1
513.2		1
513.3		1
513.4		1
513.5		1
513.6		1
513.7		1
513.8		1
513.9		1
514		1
514.1		1
514.2		1
514.3		1
514.4		1
514.5		1
514.6		1
514.7		1
514.8		1
514.9		1
515		1
515.1		1
515.2		1
515.3		1
515.4		1
515.5		1
515.6		1
515.7		1
515.8		1
515.9		1
516		1
516.1		1
516.2		1
516.3		1
516.4		1
516.5		1
516.6		1
516.7		1
516.8		1
516.9		1
517		1
517.1		1
517.2		1
517.3		1
517.4		1
517.5		1
517.6		1
517.7		1
517.8		1
517.9		1
518		1
518.1		1
518.2		1
518.3		1
518.4		1
518.5		1
518.6		1
518.7		1
518.8		1
518.9		1
519		1
519.1		1
519.2		1
519.3		1
519.4		1
519.5		1
519.6		1
519.7		1
519.8		1
519.9		1
520		1
520.1		1
520.2		1
520.3		1
520.4		1
520.5		1
520.6		1
520.7		1
520.8		1
520.9		1
521		1
521.1		1
521.2		1
521.3		1
521.4		1
521.5		1
521.6		1
521.7		1
521.8		1
521.9		1
522		1
522.1		1
522.2		1
522.3		1
522.4		1
522.5		1
522.6		1
522.7		1
522.8		1
522.9		1
523		1
523.1		1
523.2		1
523.3		1
523.4		1
523.5		1
523.6		1
523.7		1
523.8		1
523.9		1
524		1
524.1		1
524.2		1
524.3		1
524.4		1
524.5		1
524.6		1
524.7		1
524.8		1
524.9		1
525		1
525.1		1
525.2		1
525.3		1
525.4		1
525.5		1
525.6		1
525.7		1
525.8		1
525.9		1
526		1
526.1		1
526.2		1
526.3		1
526.4		1
526.5		1
526.6		1
526.7		1
526.8		1
526.9		1
527		1
527.1		1
527.2		1
527.3		1
527.4		1
527.5		1
527.6		1
527.7		1
527.8		1
527.9		1
528		1
528.1		1
528.2		1
528.3		1
528.4		1
528.5		1
528.6		1
528.7		1
528.8		1
528.9		1
529		1
529.1		1
529.2		1
529.3		1
529.4		1
529.5		1
529.6		1
529.7		1
529.8		1
529.9		1
530		1
530.1		1
530.2		1
530.3		1
530.4		1
530.5		1
530.6		1
530.7		1
530.8		1
530.9		1
531		1
531.1		1
531.2		1
531.3		1
531.4		1
531.5		1
531.6		1
531.7		1
531.8		1
531.9		1
532		1
532.1		1
532.2		1
532.3		1
532.4		1
532.5		1
532.6		1
532.7		1
532.8		1
532.9		1
533		1
533.1		1
533.2		1
533.3		1
533.4		1
533.5		1
533.6		1
533.7		1
533.8		1
533.9		1
534		1
534.1		1
534.2		1
534.3		1
534.4		1
534.5		1
534.6		1
534.7		1
534.8		1
534.9		1
535		1
535.1		1
535.2		1
535.3		1
535.4		1
535.5		1
535.6		1
535.7		1
535.8		1
535.9		1
536		1
536.1		1
536.2		1
536.3		1
536.4		1
536.5		1
536.6		1
536.7		1
536.8		1
536.9		1
537		1
537.1		1
537.2		1
537.3		1
537.4		1
537.5		1
537.6		1
537.7		1
537.8		1
537.9		1
538		1
538.1		1
538.2		1
538.3		1
538.4		1
538.5		1
538.6		1
538.7		1
538.8		1
538.9		1
539		1
539.1		1
539.2		1
539.3		1
539.4		1
539.5		1
539.6		1
539.7		1
539.8		1
539.9		1
540		1
540.1		1
540.2		1
540.3		1
540.4		1
540.5		1
540.6		1
540.7		1
540.8		1
540.9		1
541		1
541.1		1
541.2		1
541.3		1
541.4		1
541.5		1
541.6		1
541.7		1
541.8		1
541.9		1
542		1
542.1		1
542.2		1
542.3		1
542.4		1
542.5		1
542.6		1
542.7		1
542.8		1
542.9		1
543		1
543.1		1
543.2		1
543.3		1
543.4		1
543.5		1
543.6		1
543.7		1
543.8		1
543.9		1
544		1
544.1		1
544.2		1
544.3		1
544.4		1
544.5		1
544.6		1
544.7		1
544.8		1
544.9		1
545		1
545.1		1
545.2		1
545.3		1
545.4		1
545.5		1
545.6		1
545.7		1
545.8		1
545.9		1
546		1
546.1		1
546.2		1
546.3		1
546.4		1
546.5		1
546.6		1
546.7		1
546.8		1
546.9		1
547		1
547.1		1
547.2		1
547.3		1
547.4		1
547.5		1
547.6		1
547.7		1
547.8		1
547.9		1
548		1
548.1		1
548.2		1
548.3		1
548.4		1
548.5		1
548.6		1
548.7		1
548.8		1
548.9		1
549		1
549.1		1
549.2		1
549.3		1
549.4		1
549.5		1
549.6		1
549.7		1
549.8		1
549.9		1
550		1
550.1		1
550.2		1
550.3		1
550.4		1
550.5		1
550.6		1
550.7		1
550.8		1
550.9		1
551		1
551.1		1
551.2		1
551.3		1
551.4		1
551.5		1
551.6		1
551.7		1
551.8		1
551.9		1
552		1
552.1		1
552.2		1
552.3		1
552.4		1
552.5		1
552.6		1
552.7		1
552.8		1
552.9		1
553		1
553.1		1
553.2		1
553.3		1
553.4		1
553.5		1
553.6		1
553.7		1
553.8		1
553.9		1
554		1
554.1		1
554.2		1
554.3		1
554.4		1
554.5		1
554.6		1
554.7		1
554.8		1
554.9		1
555		1
555.1		1
555.2		1
555.3		1
555.4		1
555.5		1
555.6		1
555.7		1
555.8		1
555.9		1
556		1
556.1		1
556.2		1
556.3		1
556.4		1
556.5		1
556.6		1
556.7		1
556.8		1
556.9		1
557		1
557.1		1
557.2		1
557.3		1
557.4		1
557.5		1
557.6		1
557.7		1
557.8		1
557.9		1
558		1
558.1		1
558.2		1
558.3		1
558.4		1
558.5		1
558.6		1
558.7		1
558.8		1
558.9		1
559		1
559.1		1
559.2		1
559.3		1
559.4		1
559.5		1
559.6		1
559.7		1
559.8		1
559.9		1
560		1
560.1		1
560.2		1
560.3		1
560.4		1
560.5		1
560.6		1
560.7		1
560.8		1
560.9		1
561		1
561.1		1
561.2		1
561.3		1
561.4		1
561.5		1
561.6		1
561.7		1
561.8		1
561.9		1
562		1
562.1		1
562.2		1
562.3		1
562.4		1
562.5		1
562.6		1
562.7		1
562.8		1
562.9		1
563		1
563.1		1
563.2		1
563.3		1
563.4		1
563.5		1
563.6		1
563.7		1
563.8		1
563.9		1
564		1
564.1		1
564.2		1
564.3		1
564.4		1
564.5		1
564.6		1
564.7		1
564.8		1
564.9		1
565		1
565.1		1
565.2		1
565.3		1
565.4		1
565.5		1
565.6		1
565.7		1
565.8		1
565.9		1
566		1
566.1		1
566.2		1
566.3		1
566.4		1
566.5		1
566.6		1
566.7		1
566.8		1
566.9		1
567		1
567.1		1
567.2		1
567.3		1
567.4		1
567.5		1
567.6		1
567.7		1
567.8		1
567.9		1
568		1
568.1		1
568.2		1
568.3		1
568.4		1
568.5		1
568.6		1
568.7		1
568.8		1
568.9		1
569		1
569.1		1
569.2		1
569.3		1
569.4		1
569.5		1
569.6		1
569.7		1
569.8		1
569.9		1
570		1
570.1		1
570.2		1
570.3		1
570.4		1
570.5		1
570.6		1
570.7		1
570.8		1
570.9		1
571		1
571.1		1
571.2		1
571.3		1
571.4		1
571.5		1
571.6		1
571.7		1
571.8		1
571.9		1
572		1
572.1		1
572.2		1
572.3		1
572.4		1
572.5		1
572.6		1
572.7		1
572.8		1
572.9		1
573		1
573.1		1
573.2		1
573.3		1
573.4		1
573.5		1
573.6		1
573.7		1
573.8		1
573.9		1
574		1
574.1		1
574.2		1
574.3		1
574.4		1
574.5		1
574.6		1
574.7		1
574.8		1
574.9		1
575		1
575.1		1
575.2		1
575.3		1
575.4		1
575.5		1
575.6		1
575.7		1
575.8		1
575.9		1
576		1
576.1		1
576.2		1
576.3		1
576.4		1
576.5		1
576.6		1
576.7		1
576.8		1
576.9		1
577		1
577.1		1
577.2		1
577.3		1
577.4		1
577.5		1
577.6		1
577.7		1
577.8		1
577.9		1
578		1
578.1		1
578.2		1
578.3		1
578.4		1
578.5		1
578.6		1
578.7		1
578.8		1
578.9		1
579		1
579.1		1
579.2		1
579.3		1
579.4		1
579.5		1
579.6		1
579.7		1
579.8		1
579.9		1
580		1
580.1		1
580.2		1
580.3		1
580.4		1
580.5		1
580.6		1
580.7		1
580.8		1
580.9		1
581		1
581.1		1
581.2		1
581.3		1
581.4		1
581.5		1
581.6		1
581.7		1
581.8		1
581.9		1
582		1
582.1		1
582.2		1
582.3		1
582.4		1
582.5		1
582.6		1
582.7		1
582.8		1
582.9		1
583		1
583.1		1
583.2		1
583.3		1
583.4		1
583.5		1
583.6		1
583.7		1
583.8		1
583.9		1
584		1
584.1		1
584.2		1
584.3		1
584.4		1
584.5		1
584.6		1
584.7		1
584.8		1
584.9		1
585		1
585.1		1
585.2		1
585.3		1
585.4		1
585.5		1
585.6		1
585.7		1
585.8		1
585.9		1
586		1
586.1		1
586.2		1
586.3		1
586.4		1
586.5		1
586.6		1
586.7		1
586.8		1
586.9		1
587		1
587.1		1
587.2		1
587.3		1
587.4		1
587.5		1
587.6		1
587.7		1
587.8		1
587.9		1
588		1
588.1		1
588.2		1
588.3		1
588.4		1
588.5		1
588.6		1
588.7		1
588.8		1
588.9		1
589		1
589.1		1
589.2		1
589.3		1
589.4		1
589.5		1
589.6		1
589.7		1
589.8		1
589.9		1
590		1
590.1		1
590.2		1
590.3		1
590.4		1
590.5		1
590.6		1
590.7		1
590.8		1
590.9		1
591		1
591.1		1
591.2		1
591.3		1
591.4		1
591.5		1
591.6		1
591.7		1
591.8		1
591.9		1
592		1
592.1		1
592.2		1
592.3		1
592.4		1
592.5		1
592.6		1
592.7		1
592.8		1
592.9		1
593		1
593.1		1
593.2		1
593.3		1
593.4		1
593.5		1
593.6		1
593.7		1
593.8		1
593.9		1
594		1
594.1		1
594.2		1
594.3		1
594.4		1
594.5		1
594.6		1
594.7		1
594.8		1
594.9		1
595		1
595.1		1
595.2		1
595.3		1
595.4		1
595.5		1
595.6		1
595.7		1
595.8		1
595.9		1
596		1
596.1		1
596.2		1
596.3		1
596.4		1
596.5		1
596.6		1
596.7		1
596.8		1
596.9		1
597		1
597.1		1
597.2		1
597.3		1
597.4		1
597.5		1
597.6		1
597.7		1
597.8		1
597.9		1
598		1
598.1		1
598.2		1
598.3		1
598.4		1
598.5		1
598.6		1
598.7		1
598.8		1
598.9		1
599		1
599.1		1
599.2		1
599.3		1
599.4		1
599.5		1
599.6		1
599.7		1
599.8		1
599.9		1
600		1
