# Calibration file of tamex_id 0 @ channel 44
# fine_T bin		 Calibration value
0.1		0
0.2		0
0.3		0
0.4		0
0.5		0
0.6		0
0.7		0
0.8		0
0.9		0
1		0
1.1		0
1.2		0
1.3		0
1.4		0
1.5		0
1.6		0
1.7		0
1.8		0
1.9		0
2		0
2.1		0
2.2		0
2.3		0
2.4		0
2.5		0
2.6		0
2.7		0
2.8		0
2.9		0
3		0
3.1		0
3.2		0
3.3		0
3.4		0
3.5		0
3.6		0
3.7		0
3.8		0
3.9		0
4		0
4.1		0
4.2		0
4.3		0
4.4		0
4.5		0
4.6		0
4.7		0
4.8		0
4.9		0
5		0
5.1		0
5.2		0
5.3		0
5.4		0
5.5		0
5.6		0
5.7		0
5.8		0
5.9		0
6		0
6.1		0
6.2		0
6.3		0
6.4		0
6.5		0
6.6		0
6.7		0
6.8		0
6.9		0
7		0
7.1		0
7.2		0
7.3		0
7.4		0
7.5		0
7.6		0
7.7		0
7.8		0
7.9		0
8		0
8.1		0
8.2		0
8.3		0
8.4		0
8.5		0
8.6		0
8.7		0
8.8		0
8.9		0
9		0
9.1		0
9.2		0
9.3		0
9.4		0
9.5		0
9.6		0
9.7		0
9.8		0
9.9		0
10		0
10.1		0
10.2		0
10.3		0
10.4		0
10.5		0
10.6		0
10.7		0
10.8		0
10.9		0
11		0
11.1		0
11.2		0
11.3		0
11.4		0
11.5		0
11.6		0
11.7		0
11.8		0
11.9		0
12		0
12.1		0
12.2		0
12.3		0
12.4		0
12.5		0
12.6		0
12.7		0
12.8		0
12.9		0
13		0
13.1		0
13.2		0
13.3		0
13.4		0
13.5		0
13.6		0
13.7		0
13.8		0
13.9		0
14		0
14.1		0
14.2		0
14.3		0
14.4		0
14.5		0
14.6		0
14.7		0
14.8		0
14.9		0
15		0
15.1		0
15.2		0
15.3		0
15.4		0
15.5		0
15.6		0
15.7		0
15.8		0
15.9		0
16		0
16.1		0
16.2		0
16.3		0
16.4		0
16.5		0
16.6		0
16.7		0
16.8		0
16.9		0
17		0
17.1		0.00555621
17.2		0.00555621
17.3		0.00555621
17.4		0.00555621
17.5		0.00555621
17.6		0.00555621
17.7		0.00555621
17.8		0.00555621
17.9		0.00555621
18		0.00555621
18.1		0.00912243
18.2		0.00912243
18.3		0.00912243
18.4		0.00912243
18.5		0.00912243
18.6		0.00912243
18.7		0.00912243
18.8		0.00912243
18.9		0.00912243
19		0.00912243
19.1		0.0103637
19.2		0.0103637
19.3		0.0103637
19.4		0.0103637
19.5		0.0103637
19.6		0.0103637
19.7		0.0103637
19.8		0.0103637
19.9		0.0103637
20		0.0103637
20.1		0.0162549
20.2		0.0162549
20.3		0.0162549
20.4		0.0162549
20.5		0.0162549
20.6		0.0162549
20.7		0.0162549
20.8		0.0162549
20.9		0.0162549
21		0.0162549
21.1		0.0167672
21.2		0.0167672
21.3		0.0167672
21.4		0.0167672
21.5		0.0167672
21.6		0.0167672
21.7		0.0167672
21.8		0.0167672
21.9		0.0167672
22		0.0167672
22.1		0.0185798
22.2		0.0185798
22.3		0.0185798
22.4		0.0185798
22.5		0.0185798
22.6		0.0185798
22.7		0.0185798
22.8		0.0185798
22.9		0.0185798
23		0.0185798
23.1		0.0206683
23.2		0.0206683
23.3		0.0206683
23.4		0.0206683
23.5		0.0206683
23.6		0.0206683
23.7		0.0206683
23.8		0.0206683
23.9		0.0206683
24		0.0206683
24.1		0.0209442
24.2		0.0209442
24.3		0.0209442
24.4		0.0209442
24.5		0.0209442
24.6		0.0209442
24.7		0.0209442
24.8		0.0209442
24.9		0.0209442
25		0.0209442
25.1		0.0259881
25.2		0.0259881
25.3		0.0259881
25.4		0.0259881
25.5		0.0259881
25.6		0.0259881
25.7		0.0259881
25.8		0.0259881
25.9		0.0259881
26		0.0259881
26.1		0.0281554
26.2		0.0281554
26.3		0.0281554
26.4		0.0281554
26.5		0.0281554
26.6		0.0281554
26.7		0.0281554
26.8		0.0281554
26.9		0.0281554
27		0.0281554
27.1		0.0283919
27.2		0.0283919
27.3		0.0283919
27.4		0.0283919
27.5		0.0283919
27.6		0.0283919
27.7		0.0283919
27.8		0.0283919
27.9		0.0283919
28		0.0283919
28.1		0.0291406
28.2		0.0291406
28.3		0.0291406
28.4		0.0291406
28.5		0.0291406
28.6		0.0291406
28.7		0.0291406
28.8		0.0291406
28.9		0.0291406
29		0.0291406
29.1		0.0298696
29.2		0.0298696
29.3		0.0298696
29.4		0.0298696
29.5		0.0298696
29.6		0.0298696
29.7		0.0298696
29.8		0.0298696
29.9		0.0298696
30		0.0298696
30.1		0.0361351
30.2		0.0361351
30.3		0.0361351
30.4		0.0361351
30.5		0.0361351
30.6		0.0361351
30.7		0.0361351
30.8		0.0361351
30.9		0.0361351
31		0.0361351
31.1		0.0371596
31.2		0.0371596
31.3		0.0371596
31.4		0.0371596
31.5		0.0371596
31.6		0.0371596
31.7		0.0371596
31.8		0.0371596
31.9		0.0371596
32		0.0371596
32.1		0.0386176
32.2		0.0386176
32.3		0.0386176
32.4		0.0386176
32.5		0.0386176
32.6		0.0386176
32.7		0.0386176
32.8		0.0386176
32.9		0.0386176
33		0.0386176
33.1		0.0408835
33.2		0.0408835
33.3		0.0408835
33.4		0.0408835
33.5		0.0408835
33.6		0.0408835
33.7		0.0408835
33.8		0.0408835
33.9		0.0408835
34		0.0408835
34.1		0.0449423
34.2		0.0449423
34.3		0.0449423
34.4		0.0449423
34.5		0.0449423
34.6		0.0449423
34.7		0.0449423
34.8		0.0449423
34.9		0.0449423
35		0.0449423
35.1		0.0456122
35.2		0.0456122
35.3		0.0456122
35.4		0.0456122
35.5		0.0456122
35.6		0.0456122
35.7		0.0456122
35.8		0.0456122
35.9		0.0456122
36		0.0456122
36.1		0.0462821
36.2		0.0462821
36.3		0.0462821
36.4		0.0462821
36.5		0.0462821
36.6		0.0462821
36.7		0.0462821
36.8		0.0462821
36.9		0.0462821
37		0.0462821
37.1		0.0480553
37.2		0.0480553
37.3		0.0480553
37.4		0.0480553
37.5		0.0480553
37.6		0.0480553
37.7		0.0480553
37.8		0.0480553
37.9		0.0480553
38		0.0480553
38.1		0.0523111
38.2		0.0523111
38.3		0.0523111
38.4		0.0523111
38.5		0.0523111
38.6		0.0523111
38.7		0.0523111
38.8		0.0523111
38.9		0.0523111
39		0.0523111
39.1		0.0540253
39.2		0.0540253
39.3		0.0540253
39.4		0.0540253
39.5		0.0540253
39.6		0.0540253
39.7		0.0540253
39.8		0.0540253
39.9		0.0540253
40		0.0540253
40.1		0.0552075
40.2		0.0552075
40.3		0.0552075
40.4		0.0552075
40.5		0.0552075
40.6		0.0552075
40.7		0.0552075
40.8		0.0552075
40.9		0.0552075
41		0.0552075
41.1		0.0582023
41.2		0.0582023
41.3		0.0582023
41.4		0.0582023
41.5		0.0582023
41.6		0.0582023
41.7		0.0582023
41.8		0.0582023
41.9		0.0582023
42		0.0582023
42.1		0.0604878
42.2		0.0604878
42.3		0.0604878
42.4		0.0604878
42.5		0.0604878
42.6		0.0604878
42.7		0.0604878
42.8		0.0604878
42.9		0.0604878
43		0.0604878
43.1		0.0620247
43.2		0.0620247
43.3		0.0620247
43.4		0.0620247
43.5		0.0620247
43.6		0.0620247
43.7		0.0620247
43.8		0.0620247
43.9		0.0620247
44		0.0620247
44.1		0.0639753
44.2		0.0639753
44.3		0.0639753
44.4		0.0639753
44.5		0.0639753
44.6		0.0639753
44.7		0.0639753
44.8		0.0639753
44.9		0.0639753
45		0.0639753
45.1		0.0648028
45.2		0.0648028
45.3		0.0648028
45.4		0.0648028
45.5		0.0648028
45.6		0.0648028
45.7		0.0648028
45.8		0.0648028
45.9		0.0648028
46		0.0648028
46.1		0.0699452
46.2		0.0699452
46.3		0.0699452
46.4		0.0699452
46.5		0.0699452
46.6		0.0699452
46.7		0.0699452
46.8		0.0699452
46.9		0.0699452
47		0.0699452
47.1		0.070753
47.2		0.070753
47.3		0.070753
47.4		0.070753
47.5		0.070753
47.6		0.070753
47.7		0.070753
47.8		0.070753
47.9		0.070753
48		0.070753
48.1		0.0709698
48.2		0.0709698
48.3		0.0709698
48.4		0.0709698
48.5		0.0709698
48.6		0.0709698
48.7		0.0709698
48.8		0.0709698
48.9		0.0709698
49		0.0709698
49.1		0.0754029
49.2		0.0754029
49.3		0.0754029
49.4		0.0754029
49.5		0.0754029
49.6		0.0754029
49.7		0.0754029
49.8		0.0754029
49.9		0.0754029
50		0.0754029
50.1		0.0764275
50.2		0.0764275
50.3		0.0764275
50.4		0.0764275
50.5		0.0764275
50.6		0.0764275
50.7		0.0764275
50.8		0.0764275
50.9		0.0764275
51		0.0764275
51.1		0.0782992
51.2		0.0782992
51.3		0.0782992
51.4		0.0782992
51.5		0.0782992
51.6		0.0782992
51.7		0.0782992
51.8		0.0782992
51.9		0.0782992
52		0.0782992
52.1		0.0815502
52.2		0.0815502
52.3		0.0815502
52.4		0.0815502
52.5		0.0815502
52.6		0.0815502
52.7		0.0815502
52.8		0.0815502
52.9		0.0815502
53		0.0815502
53.1		0.0823186
53.2		0.0823186
53.3		0.0823186
53.4		0.0823186
53.5		0.0823186
53.6		0.0823186
53.7		0.0823186
53.8		0.0823186
53.9		0.0823186
54		0.0823186
54.1		0.0847027
54.2		0.0847027
54.3		0.0847027
54.4		0.0847027
54.5		0.0847027
54.6		0.0847027
54.7		0.0847027
54.8		0.0847027
54.9		0.0847027
55		0.0847027
55.1		0.0876975
55.2		0.0876975
55.3		0.0876975
55.4		0.0876975
55.5		0.0876975
55.6		0.0876975
55.7		0.0876975
55.8		0.0876975
55.9		0.0876975
56		0.0876975
56.1		0.088328
56.2		0.088328
56.3		0.088328
56.4		0.088328
56.5		0.088328
56.6		0.088328
56.7		0.088328
56.8		0.088328
56.9		0.088328
57		0.088328
57.1		0.0886827
57.2		0.0886827
57.3		0.0886827
57.4		0.0886827
57.5		0.0886827
57.6		0.0886827
57.7		0.0886827
57.8		0.0886827
57.9		0.0886827
58		0.0886827
58.1		0.0942783
58.2		0.0942783
58.3		0.0942783
58.4		0.0942783
58.5		0.0942783
58.6		0.0942783
58.7		0.0942783
58.8		0.0942783
58.9		0.0942783
59		0.0942783
59.1		0.0956378
59.2		0.0956378
59.3		0.0956378
59.4		0.0956378
59.5		0.0956378
59.6		0.0956378
59.7		0.0956378
59.8		0.0956378
59.9		0.0956378
60		0.0956378
60.1		0.0977854
60.2		0.0977854
60.3		0.0977854
60.4		0.0977854
60.5		0.0977854
60.6		0.0977854
60.7		0.0977854
60.8		0.0977854
60.9		0.0977854
61		0.0977854
61.1		0.099539
61.2		0.099539
61.3		0.099539
61.4		0.099539
61.5		0.099539
61.6		0.099539
61.7		0.099539
61.8		0.099539
61.9		0.099539
62		0.099539
62.1		0.105174
62.2		0.105174
62.3		0.105174
62.4		0.105174
62.5		0.105174
62.6		0.105174
62.7		0.105174
62.8		0.105174
62.9		0.105174
63		0.105174
63.1		0.105647
63.2		0.105647
63.3		0.105647
63.4		0.105647
63.5		0.105647
63.6		0.105647
63.7		0.105647
63.8		0.105647
63.9		0.105647
64		0.105647
64.1		0.106868
64.2		0.106868
64.3		0.106868
64.4		0.106868
64.5		0.106868
64.6		0.106868
64.7		0.106868
64.8		0.106868
64.9		0.106868
65		0.106868
65.1		0.110415
65.2		0.110415
65.3		0.110415
65.4		0.110415
65.5		0.110415
65.6		0.110415
65.7		0.110415
65.8		0.110415
65.9		0.110415
66		0.110415
66.1		0.110592
66.2		0.110592
66.3		0.110592
66.4		0.110592
66.5		0.110592
66.6		0.110592
66.7		0.110592
66.8		0.110592
66.9		0.110592
67		0.110592
67.1		0.113686
67.2		0.113686
67.3		0.113686
67.4		0.113686
67.5		0.113686
67.6		0.113686
67.7		0.113686
67.8		0.113686
67.9		0.113686
68		0.113686
68.1		0.116011
68.2		0.116011
68.3		0.116011
68.4		0.116011
68.5		0.116011
68.6		0.116011
68.7		0.116011
68.8		0.116011
68.9		0.116011
69		0.116011
69.1		0.117981
69.2		0.117981
69.3		0.117981
69.4		0.117981
69.5		0.117981
69.6		0.117981
69.7		0.117981
69.8		0.117981
69.9		0.117981
70		0.117981
70.1		0.118769
70.2		0.118769
70.3		0.118769
70.4		0.118769
70.5		0.118769
70.6		0.118769
70.7		0.118769
70.8		0.118769
70.9		0.118769
71		0.118769
71.1		0.12133
71.2		0.12133
71.3		0.12133
71.4		0.12133
71.5		0.12133
71.6		0.12133
71.7		0.12133
71.8		0.12133
71.9		0.12133
72		0.12133
72.1		0.123084
72.2		0.123084
72.3		0.123084
72.4		0.123084
72.5		0.123084
72.6		0.123084
72.7		0.123084
72.8		0.123084
72.9		0.123084
73		0.123084
73.1		0.125448
73.2		0.125448
73.3		0.125448
73.4		0.125448
73.5		0.125448
73.6		0.125448
73.7		0.125448
73.8		0.125448
73.9		0.125448
74		0.125448
74.1		0.126729
74.2		0.126729
74.3		0.126729
74.4		0.126729
74.5		0.126729
74.6		0.126729
74.7		0.126729
74.8		0.126729
74.9		0.126729
75		0.126729
75.1		0.127359
75.2		0.127359
75.3		0.127359
75.4		0.127359
75.5		0.127359
75.6		0.127359
75.7		0.127359
75.8		0.127359
75.9		0.127359
76		0.127359
76.1		0.133467
76.2		0.133467
76.3		0.133467
76.4		0.133467
76.5		0.133467
76.6		0.133467
76.7		0.133467
76.8		0.133467
76.9		0.133467
77		0.133467
77.1		0.133723
77.2		0.133723
77.3		0.133723
77.4		0.133723
77.5		0.133723
77.6		0.133723
77.7		0.133723
77.8		0.133723
77.9		0.133723
78		0.133723
78.1		0.134275
78.2		0.134275
78.3		0.134275
78.4		0.134275
78.5		0.134275
78.6		0.134275
78.7		0.134275
78.8		0.134275
78.9		0.134275
79		0.134275
79.1		0.13662
79.2		0.13662
79.3		0.13662
79.4		0.13662
79.5		0.13662
79.6		0.13662
79.7		0.13662
79.8		0.13662
79.9		0.13662
80		0.13662
80.1		0.140422
80.2		0.140422
80.3		0.140422
80.4		0.140422
80.5		0.140422
80.6		0.140422
80.7		0.140422
80.8		0.140422
80.9		0.140422
81		0.140422
81.1		0.142669
81.2		0.142669
81.3		0.142669
81.4		0.142669
81.5		0.142669
81.6		0.142669
81.7		0.142669
81.8		0.142669
81.9		0.142669
82		0.142669
82.1		0.14456
82.2		0.14456
82.3		0.14456
82.4		0.14456
82.5		0.14456
82.6		0.14456
82.7		0.14456
82.8		0.14456
82.9		0.14456
83		0.14456
83.1		0.146333
83.2		0.146333
83.3		0.146333
83.4		0.146333
83.5		0.146333
83.6		0.146333
83.7		0.146333
83.8		0.146333
83.9		0.146333
84		0.146333
84.1		0.149308
84.2		0.149308
84.3		0.149308
84.4		0.149308
84.5		0.149308
84.6		0.149308
84.7		0.149308
84.8		0.149308
84.9		0.149308
85		0.149308
85.1		0.15116
85.2		0.15116
85.3		0.15116
85.4		0.15116
85.5		0.15116
85.6		0.15116
85.7		0.15116
85.8		0.15116
85.9		0.15116
86		0.15116
86.1		0.153229
86.2		0.153229
86.3		0.153229
86.4		0.153229
86.5		0.153229
86.6		0.153229
86.7		0.153229
86.8		0.153229
86.9		0.153229
87		0.153229
87.1		0.155101
87.2		0.155101
87.3		0.155101
87.4		0.155101
87.5		0.155101
87.6		0.155101
87.7		0.155101
87.8		0.155101
87.9		0.155101
88		0.155101
88.1		0.155968
88.2		0.155968
88.3		0.155968
88.4		0.155968
88.5		0.155968
88.6		0.155968
88.7		0.155968
88.8		0.155968
88.9		0.155968
89		0.155968
89.1		0.157643
89.2		0.157643
89.3		0.157643
89.4		0.157643
89.5		0.157643
89.6		0.157643
89.7		0.157643
89.8		0.157643
89.9		0.157643
90		0.157643
90.1		0.162805
90.2		0.162805
90.3		0.162805
90.4		0.162805
90.5		0.162805
90.6		0.162805
90.7		0.162805
90.8		0.162805
90.9		0.162805
91		0.162805
91.1		0.1631
91.2		0.1631
91.3		0.1631
91.4		0.1631
91.5		0.1631
91.6		0.1631
91.7		0.1631
91.8		0.1631
91.9		0.1631
92		0.1631
92.1		0.164401
92.2		0.164401
92.3		0.164401
92.4		0.164401
92.5		0.164401
92.6		0.164401
92.7		0.164401
92.8		0.164401
92.9		0.164401
93		0.164401
93.1		0.166391
93.2		0.166391
93.3		0.166391
93.4		0.166391
93.5		0.166391
93.6		0.166391
93.7		0.166391
93.8		0.166391
93.9		0.166391
94		0.166391
94.1		0.171041
94.2		0.171041
94.3		0.171041
94.4		0.171041
94.5		0.171041
94.6		0.171041
94.7		0.171041
94.8		0.171041
94.9		0.171041
95		0.171041
95.1		0.172262
95.2		0.172262
95.3		0.172262
95.4		0.172262
95.5		0.172262
95.6		0.172262
95.7		0.172262
95.8		0.172262
95.9		0.172262
96		0.172262
96.1		0.173681
96.2		0.173681
96.3		0.173681
96.4		0.173681
96.5		0.173681
96.6		0.173681
96.7		0.173681
96.8		0.173681
96.9		0.173681
97		0.173681
97.1		0.175513
97.2		0.175513
97.3		0.175513
97.4		0.175513
97.5		0.175513
97.6		0.175513
97.7		0.175513
97.8		0.175513
97.9		0.175513
98		0.175513
98.1		0.175829
98.2		0.175829
98.3		0.175829
98.4		0.175829
98.5		0.175829
98.6		0.175829
98.7		0.175829
98.8		0.175829
98.9		0.175829
99		0.175829
99.1		0.180754
99.2		0.180754
99.3		0.180754
99.4		0.180754
99.5		0.180754
99.6		0.180754
99.7		0.180754
99.8		0.180754
99.9		0.180754
100		0.180754
100.1		0.180872
100.2		0.180872
100.3		0.180872
100.4		0.180872
100.5		0.180872
100.6		0.180872
100.7		0.180872
100.8		0.180872
100.9		0.180872
101		0.180872
101.1		0.181562
101.2		0.181562
101.3		0.181562
101.4		0.181562
101.5		0.181562
101.6		0.181562
101.7		0.181562
101.8		0.181562
101.9		0.181562
102		0.181562
102.1		0.184892
102.2		0.184892
102.3		0.184892
102.4		0.184892
102.5		0.184892
102.6		0.184892
102.7		0.184892
102.8		0.184892
102.9		0.184892
103		0.184892
103.1		0.186961
103.2		0.186961
103.3		0.186961
103.4		0.186961
103.5		0.186961
103.6		0.186961
103.7		0.186961
103.8		0.186961
103.9		0.186961
104		0.186961
104.1		0.187749
104.2		0.187749
104.3		0.187749
104.4		0.187749
104.5		0.187749
104.6		0.187749
104.7		0.187749
104.8		0.187749
104.9		0.187749
105		0.187749
105.1		0.193187
105.2		0.193187
105.3		0.193187
105.4		0.193187
105.5		0.193187
105.6		0.193187
105.7		0.193187
105.8		0.193187
105.9		0.193187
106		0.193187
106.1		0.195453
106.2		0.195453
106.3		0.195453
106.4		0.195453
106.5		0.195453
106.6		0.195453
106.7		0.195453
106.8		0.195453
106.9		0.195453
107		0.195453
107.1		0.197462
107.2		0.197462
107.3		0.197462
107.4		0.197462
107.5		0.197462
107.6		0.197462
107.7		0.197462
107.8		0.197462
107.9		0.197462
108		0.197462
108.1		0.19764
108.2		0.19764
108.3		0.19764
108.4		0.19764
108.5		0.19764
108.6		0.19764
108.7		0.19764
108.8		0.19764
108.9		0.19764
109		0.19764
109.1		0.199236
109.2		0.199236
109.3		0.199236
109.4		0.199236
109.5		0.199236
109.6		0.199236
109.7		0.199236
109.8		0.199236
109.9		0.199236
110		0.199236
110.1		0.203393
110.2		0.203393
110.3		0.203393
110.4		0.203393
110.5		0.203393
110.6		0.203393
110.7		0.203393
110.8		0.203393
110.9		0.203393
111		0.203393
111.1		0.206112
111.2		0.206112
111.3		0.206112
111.4		0.206112
111.5		0.206112
111.6		0.206112
111.7		0.206112
111.8		0.206112
111.9		0.206112
112		0.206112
112.1		0.208476
112.2		0.208476
112.3		0.208476
112.4		0.208476
112.5		0.208476
112.6		0.208476
112.7		0.208476
112.8		0.208476
112.9		0.208476
113		0.208476
113.1		0.208594
113.2		0.208594
113.3		0.208594
113.4		0.208594
113.5		0.208594
113.6		0.208594
113.7		0.208594
113.8		0.208594
113.9		0.208594
114		0.208594
114.1		0.215431
114.2		0.215431
114.3		0.215431
114.4		0.215431
114.5		0.215431
114.6		0.215431
114.7		0.215431
114.8		0.215431
114.9		0.215431
115		0.215431
115.1		0.21551
115.2		0.21551
115.3		0.21551
115.4		0.21551
115.5		0.21551
115.6		0.21551
115.7		0.21551
115.8		0.21551
115.9		0.21551
116		0.21551
116.1		0.215687
116.2		0.215687
116.3		0.215687
116.4		0.215687
116.5		0.215687
116.6		0.215687
116.7		0.215687
116.8		0.215687
116.9		0.215687
117		0.215687
117.1		0.217106
117.2		0.217106
117.3		0.217106
117.4		0.217106
117.5		0.217106
117.6		0.217106
117.7		0.217106
117.8		0.217106
117.9		0.217106
118		0.217106
118.1		0.221086
118.2		0.221086
118.3		0.221086
118.4		0.221086
118.5		0.221086
118.6		0.221086
118.7		0.221086
118.8		0.221086
118.9		0.221086
119		0.221086
119.1		0.22345
119.2		0.22345
119.3		0.22345
119.4		0.22345
119.5		0.22345
119.6		0.22345
119.7		0.22345
119.8		0.22345
119.9		0.22345
120		0.22345
120.1		0.225716
120.2		0.225716
120.3		0.225716
120.4		0.225716
120.5		0.225716
120.6		0.225716
120.7		0.225716
120.8		0.225716
120.9		0.225716
121		0.225716
121.1		0.227686
121.2		0.227686
121.3		0.227686
121.4		0.227686
121.5		0.227686
121.6		0.227686
121.7		0.227686
121.8		0.227686
121.9		0.227686
122		0.227686
122.1		0.229499
122.2		0.229499
122.3		0.229499
122.4		0.229499
122.5		0.229499
122.6		0.229499
122.7		0.229499
122.8		0.229499
122.9		0.229499
123		0.229499
123.1		0.231982
123.2		0.231982
123.3		0.231982
123.4		0.231982
123.5		0.231982
123.6		0.231982
123.7		0.231982
123.8		0.231982
123.9		0.231982
124		0.231982
124.1		0.233558
124.2		0.233558
124.3		0.233558
124.4		0.233558
124.5		0.233558
124.6		0.233558
124.7		0.233558
124.8		0.233558
124.9		0.233558
125		0.233558
125.1		0.233932
125.2		0.233932
125.3		0.233932
125.4		0.233932
125.5		0.233932
125.6		0.233932
125.7		0.233932
125.8		0.233932
125.9		0.233932
126		0.233932
126.1		0.238957
126.2		0.238957
126.3		0.238957
126.4		0.238957
126.5		0.238957
126.6		0.238957
126.7		0.238957
126.8		0.238957
126.9		0.238957
127		0.238957
127.1		0.239646
127.2		0.239646
127.3		0.239646
127.4		0.239646
127.5		0.239646
127.6		0.239646
127.7		0.239646
127.8		0.239646
127.9		0.239646
128		0.239646
128.1		0.241183
128.2		0.241183
128.3		0.241183
128.4		0.241183
128.5		0.241183
128.6		0.241183
128.7		0.241183
128.8		0.241183
128.9		0.241183
129		0.241183
129.1		0.245793
129.2		0.245793
129.3		0.245793
129.4		0.245793
129.5		0.245793
129.6		0.245793
129.7		0.245793
129.8		0.245793
129.9		0.245793
130		0.245793
130.1		0.246641
130.2		0.246641
130.3		0.246641
130.4		0.246641
130.5		0.246641
130.6		0.246641
130.7		0.246641
130.8		0.246641
130.9		0.246641
131		0.246641
131.1		0.250699
131.2		0.250699
131.3		0.250699
131.4		0.250699
131.5		0.250699
131.6		0.250699
131.7		0.250699
131.8		0.250699
131.9		0.250699
132		0.250699
132.1		0.252433
132.2		0.252433
132.3		0.252433
132.4		0.252433
132.5		0.252433
132.6		0.252433
132.7		0.252433
132.8		0.252433
132.9		0.252433
133		0.252433
133.1		0.252729
133.2		0.252729
133.3		0.252729
133.4		0.252729
133.5		0.252729
133.6		0.252729
133.7		0.252729
133.8		0.252729
133.9		0.252729
134		0.252729
134.1		0.253044
134.2		0.253044
134.3		0.253044
134.4		0.253044
134.5		0.253044
134.6		0.253044
134.7		0.253044
134.8		0.253044
134.9		0.253044
135		0.253044
135.1		0.255724
135.2		0.255724
135.3		0.255724
135.4		0.255724
135.5		0.255724
135.6		0.255724
135.7		0.255724
135.8		0.255724
135.9		0.255724
136		0.255724
136.1		0.25992
136.2		0.25992
136.3		0.25992
136.4		0.25992
136.5		0.25992
136.6		0.25992
136.7		0.25992
136.8		0.25992
136.9		0.25992
137		0.25992
137.1		0.262994
137.2		0.262994
137.3		0.262994
137.4		0.262994
137.5		0.262994
137.6		0.262994
137.7		0.262994
137.8		0.262994
137.9		0.262994
138		0.262994
138.1		0.264078
138.2		0.264078
138.3		0.264078
138.4		0.264078
138.5		0.264078
138.6		0.264078
138.7		0.264078
138.8		0.264078
138.9		0.264078
139		0.264078
139.1		0.265004
139.2		0.265004
139.3		0.265004
139.4		0.265004
139.5		0.265004
139.6		0.265004
139.7		0.265004
139.8		0.265004
139.9		0.265004
140		0.265004
140.1		0.269319
140.2		0.269319
140.3		0.269319
140.4		0.269319
140.5		0.269319
140.6		0.269319
140.7		0.269319
140.8		0.269319
140.9		0.269319
141		0.269319
141.1		0.27119
141.2		0.27119
141.3		0.27119
141.4		0.27119
141.5		0.27119
141.6		0.27119
141.7		0.27119
141.8		0.27119
141.9		0.27119
142		0.27119
142.1		0.272924
142.2		0.272924
142.3		0.272924
142.4		0.272924
142.5		0.272924
142.6		0.272924
142.7		0.272924
142.8		0.272924
142.9		0.272924
143		0.272924
143.1		0.273594
143.2		0.273594
143.3		0.273594
143.4		0.273594
143.5		0.273594
143.6		0.273594
143.7		0.273594
143.8		0.273594
143.9		0.273594
144		0.273594
144.1		0.27718
144.2		0.27718
144.3		0.27718
144.4		0.27718
144.5		0.27718
144.6		0.27718
144.7		0.27718
144.8		0.27718
144.9		0.27718
145		0.27718
145.1		0.277614
145.2		0.277614
145.3		0.277614
145.4		0.277614
145.5		0.277614
145.6		0.277614
145.7		0.277614
145.8		0.277614
145.9		0.277614
146		0.277614
146.1		0.280727
146.2		0.280727
146.3		0.280727
146.4		0.280727
146.5		0.280727
146.6		0.280727
146.7		0.280727
146.8		0.280727
146.9		0.280727
147		0.280727
147.1		0.281101
147.2		0.281101
147.3		0.281101
147.4		0.281101
147.5		0.281101
147.6		0.281101
147.7		0.281101
147.8		0.281101
147.9		0.281101
148		0.281101
148.1		0.288036
148.2		0.288036
148.3		0.288036
148.4		0.288036
148.5		0.288036
148.6		0.288036
148.7		0.288036
148.8		0.288036
148.9		0.288036
149		0.288036
149.1		0.2891
149.2		0.2891
149.3		0.2891
149.4		0.2891
149.5		0.2891
149.6		0.2891
149.7		0.2891
149.8		0.2891
149.9		0.2891
150		0.2891
150.1		0.291366
150.2		0.291366
150.3		0.291366
150.4		0.291366
150.5		0.291366
150.6		0.291366
150.7		0.291366
150.8		0.291366
150.9		0.291366
151		0.291366
151.1		0.291544
151.2		0.291544
151.3		0.291544
151.4		0.291544
151.5		0.291544
151.6		0.291544
151.7		0.291544
151.8		0.291544
151.9		0.291544
152		0.291544
152.1		0.29576
152.2		0.29576
152.3		0.29576
152.4		0.29576
152.5		0.29576
152.6		0.29576
152.7		0.29576
152.8		0.29576
152.9		0.29576
153		0.29576
153.1		0.297435
153.2		0.297435
153.3		0.297435
153.4		0.297435
153.5		0.297435
153.6		0.297435
153.7		0.297435
153.8		0.297435
153.9		0.297435
154		0.297435
154.1		0.300567
154.2		0.300567
154.3		0.300567
154.4		0.300567
154.5		0.300567
154.6		0.300567
154.7		0.300567
154.8		0.300567
154.9		0.300567
155		0.300567
155.1		0.302597
155.2		0.302597
155.3		0.302597
155.4		0.302597
155.5		0.302597
155.6		0.302597
155.7		0.302597
155.8		0.302597
155.9		0.302597
156		0.302597
156.1		0.304075
156.2		0.304075
156.3		0.304075
156.4		0.304075
156.5		0.304075
156.6		0.304075
156.7		0.304075
156.8		0.304075
156.9		0.304075
157		0.304075
157.1		0.305375
157.2		0.305375
157.3		0.305375
157.4		0.305375
157.5		0.305375
157.6		0.305375
157.7		0.305375
157.8		0.305375
157.9		0.305375
158		0.305375
158.1		0.307739
158.2		0.307739
158.3		0.307739
158.4		0.307739
158.5		0.307739
158.6		0.307739
158.7		0.307739
158.8		0.307739
158.9		0.307739
159		0.307739
159.1		0.30902
159.2		0.30902
159.3		0.30902
159.4		0.30902
159.5		0.30902
159.6		0.30902
159.7		0.30902
159.8		0.30902
159.9		0.30902
160		0.30902
160.1		0.312271
160.2		0.312271
160.3		0.312271
160.4		0.312271
160.5		0.312271
160.6		0.312271
160.7		0.312271
160.8		0.312271
160.9		0.312271
161		0.312271
161.1		0.314261
161.2		0.314261
161.3		0.314261
161.4		0.314261
161.5		0.314261
161.6		0.314261
161.7		0.314261
161.8		0.314261
161.9		0.314261
162		0.314261
162.1		0.317689
162.2		0.317689
162.3		0.317689
162.4		0.317689
162.5		0.317689
162.6		0.317689
162.7		0.317689
162.8		0.317689
162.9		0.317689
163		0.317689
163.1		0.318517
163.2		0.318517
163.3		0.318517
163.4		0.318517
163.5		0.318517
163.6		0.318517
163.7		0.318517
163.8		0.318517
163.9		0.318517
164		0.318517
164.1		0.319502
164.2		0.319502
164.3		0.319502
164.4		0.319502
164.5		0.319502
164.6		0.319502
164.7		0.319502
164.8		0.319502
164.9		0.319502
165		0.319502
165.1		0.322142
165.2		0.322142
165.3		0.322142
165.4		0.322142
165.5		0.322142
165.6		0.322142
165.7		0.322142
165.8		0.322142
165.9		0.322142
166		0.322142
166.1		0.325452
166.2		0.325452
166.3		0.325452
166.4		0.325452
166.5		0.325452
166.6		0.325452
166.7		0.325452
166.8		0.325452
166.9		0.325452
167		0.325452
167.1		0.328053
167.2		0.328053
167.3		0.328053
167.4		0.328053
167.5		0.328053
167.6		0.328053
167.7		0.328053
167.8		0.328053
167.9		0.328053
168		0.328053
168.1		0.328191
168.2		0.328191
168.3		0.328191
168.4		0.328191
168.5		0.328191
168.6		0.328191
168.7		0.328191
168.8		0.328191
168.9		0.328191
169		0.328191
169.1		0.329826
169.2		0.329826
169.3		0.329826
169.4		0.329826
169.5		0.329826
169.6		0.329826
169.7		0.329826
169.8		0.329826
169.9		0.329826
170		0.329826
170.1		0.333452
170.2		0.333452
170.3		0.333452
170.4		0.333452
170.5		0.333452
170.6		0.333452
170.7		0.333452
170.8		0.333452
170.9		0.333452
171		0.333452
171.1		0.335304
171.2		0.335304
171.3		0.335304
171.4		0.335304
171.5		0.335304
171.6		0.335304
171.7		0.335304
171.8		0.335304
171.9		0.335304
172		0.335304
172.1		0.336821
172.2		0.336821
172.3		0.336821
172.4		0.336821
172.5		0.336821
172.6		0.336821
172.7		0.336821
172.8		0.336821
172.9		0.336821
173		0.336821
173.1		0.338239
173.2		0.338239
173.3		0.338239
173.4		0.338239
173.5		0.338239
173.6		0.338239
173.7		0.338239
173.8		0.338239
173.9		0.338239
174		0.338239
174.1		0.341451
174.2		0.341451
174.3		0.341451
174.4		0.341451
174.5		0.341451
174.6		0.341451
174.7		0.341451
174.8		0.341451
174.9		0.341451
175		0.341451
175.1		0.343204
175.2		0.343204
175.3		0.343204
175.4		0.343204
175.5		0.343204
175.6		0.343204
175.7		0.343204
175.8		0.343204
175.9		0.343204
176		0.343204
176.1		0.346022
176.2		0.346022
176.3		0.346022
176.4		0.346022
176.5		0.346022
176.6		0.346022
176.7		0.346022
176.8		0.346022
176.9		0.346022
177		0.346022
177.1		0.346574
177.2		0.346574
177.3		0.346574
177.4		0.346574
177.5		0.346574
177.6		0.346574
177.7		0.346574
177.8		0.346574
177.9		0.346574
178		0.346574
178.1		0.349844
178.2		0.349844
178.3		0.349844
178.4		0.349844
178.5		0.349844
178.6		0.349844
178.7		0.349844
178.8		0.349844
178.9		0.349844
179		0.349844
179.1		0.353489
179.2		0.353489
179.3		0.353489
179.4		0.353489
179.5		0.353489
179.6		0.353489
179.7		0.353489
179.8		0.353489
179.9		0.353489
180		0.353489
180.1		0.354021
180.2		0.354021
180.3		0.354021
180.4		0.354021
180.5		0.354021
180.6		0.354021
180.7		0.354021
180.8		0.354021
180.9		0.354021
181		0.354021
181.1		0.354928
181.2		0.354928
181.3		0.354928
181.4		0.354928
181.5		0.354928
181.6		0.354928
181.7		0.354928
181.8		0.354928
181.9		0.354928
182		0.354928
182.1		0.359794
182.2		0.359794
182.3		0.359794
182.4		0.359794
182.5		0.359794
182.6		0.359794
182.7		0.359794
182.8		0.359794
182.9		0.359794
183		0.359794
183.1		0.360169
183.2		0.360169
183.3		0.360169
183.4		0.360169
183.5		0.360169
183.6		0.360169
183.7		0.360169
183.8		0.360169
183.9		0.360169
184		0.360169
184.1		0.360799
184.2		0.360799
184.3		0.360799
184.4		0.360799
184.5		0.360799
184.6		0.360799
184.7		0.360799
184.8		0.360799
184.9		0.360799
185		0.360799
185.1		0.364641
185.2		0.364641
185.3		0.364641
185.4		0.364641
185.5		0.364641
185.6		0.364641
185.7		0.364641
185.8		0.364641
185.9		0.364641
186		0.364641
186.1		0.368936
186.2		0.368936
186.3		0.368936
186.4		0.368936
186.5		0.368936
186.6		0.368936
186.7		0.368936
186.8		0.368936
186.9		0.368936
187		0.368936
187.1		0.370887
187.2		0.370887
187.3		0.370887
187.4		0.370887
187.5		0.370887
187.6		0.370887
187.7		0.370887
187.8		0.370887
187.9		0.370887
188		0.370887
188.1		0.371439
188.2		0.371439
188.3		0.371439
188.4		0.371439
188.5		0.371439
188.6		0.371439
188.7		0.371439
188.8		0.371439
188.9		0.371439
189		0.371439
189.1		0.372936
189.2		0.372936
189.3		0.372936
189.4		0.372936
189.5		0.372936
189.6		0.372936
189.7		0.372936
189.8		0.372936
189.9		0.372936
190		0.372936
190.1		0.373054
190.2		0.373054
190.3		0.373054
190.4		0.373054
190.5		0.373054
190.6		0.373054
190.7		0.373054
190.8		0.373054
190.9		0.373054
191		0.373054
191.1		0.379655
191.2		0.379655
191.3		0.379655
191.4		0.379655
191.5		0.379655
191.6		0.379655
191.7		0.379655
191.8		0.379655
191.9		0.379655
192		0.379655
192.1		0.38131
192.2		0.38131
192.3		0.38131
192.4		0.38131
192.5		0.38131
192.6		0.38131
192.7		0.38131
192.8		0.38131
192.9		0.38131
193		0.38131
193.1		0.381507
193.2		0.381507
193.3		0.381507
193.4		0.381507
193.5		0.381507
193.6		0.381507
193.7		0.381507
193.8		0.381507
193.9		0.381507
194		0.381507
194.1		0.382433
194.2		0.382433
194.3		0.382433
194.4		0.382433
194.5		0.382433
194.6		0.382433
194.7		0.382433
194.8		0.382433
194.9		0.382433
195		0.382433
195.1		0.383438
195.2		0.383438
195.3		0.383438
195.4		0.383438
195.5		0.383438
195.6		0.383438
195.7		0.383438
195.8		0.383438
195.9		0.383438
196		0.383438
196.1		0.38858
196.2		0.38858
196.3		0.38858
196.4		0.38858
196.5		0.38858
196.6		0.38858
196.7		0.38858
196.8		0.38858
196.9		0.38858
197		0.38858
197.1		0.390117
197.2		0.390117
197.3		0.390117
197.4		0.390117
197.5		0.390117
197.6		0.390117
197.7		0.390117
197.8		0.390117
197.9		0.390117
198		0.390117
198.1		0.390826
198.2		0.390826
198.3		0.390826
198.4		0.390826
198.5		0.390826
198.6		0.390826
198.7		0.390826
198.8		0.390826
198.9		0.390826
199		0.390826
199.1		0.391023
199.2		0.391023
199.3		0.391023
199.4		0.391023
199.5		0.391023
199.6		0.391023
199.7		0.391023
199.8		0.391023
199.9		0.391023
200		0.391023
200.1		0.398747
200.2		0.398747
200.3		0.398747
200.4		0.398747
200.5		0.398747
200.6		0.398747
200.7		0.398747
200.8		0.398747
200.9		0.398747
201		0.398747
201.1		0.399909
201.2		0.399909
201.3		0.399909
201.4		0.399909
201.5		0.399909
201.6		0.399909
201.7		0.399909
201.8		0.399909
201.9		0.399909
202		0.399909
202.1		0.400697
202.2		0.400697
202.3		0.400697
202.4		0.400697
202.5		0.400697
202.6		0.400697
202.7		0.400697
202.8		0.400697
202.9		0.400697
203		0.400697
203.1		0.400954
203.2		0.400954
203.3		0.400954
203.4		0.400954
203.5		0.400954
203.6		0.400954
203.7		0.400954
203.8		0.400954
203.9		0.400954
204		0.400954
204.1		0.407416
204.2		0.407416
204.3		0.407416
204.4		0.407416
204.5		0.407416
204.6		0.407416
204.7		0.407416
204.8		0.407416
204.9		0.407416
205		0.407416
205.1		0.408303
205.2		0.408303
205.3		0.408303
205.4		0.408303
205.5		0.408303
205.6		0.408303
205.7		0.408303
205.8		0.408303
205.9		0.408303
206		0.408303
206.1		0.408992
206.2		0.408992
206.3		0.408992
206.4		0.408992
206.5		0.408992
206.6		0.408992
206.7		0.408992
206.8		0.408992
206.9		0.408992
207		0.408992
207.1		0.410056
207.2		0.410056
207.3		0.410056
207.4		0.410056
207.5		0.410056
207.6		0.410056
207.7		0.410056
207.8		0.410056
207.9		0.410056
208		0.410056
208.1		0.416322
208.2		0.416322
208.3		0.416322
208.4		0.416322
208.5		0.416322
208.6		0.416322
208.7		0.416322
208.8		0.416322
208.9		0.416322
209		0.416322
209.1		0.417465
209.2		0.417465
209.3		0.417465
209.4		0.417465
209.5		0.417465
209.6		0.417465
209.7		0.417465
209.8		0.417465
209.9		0.417465
210		0.417465
210.1		0.417622
210.2		0.417622
210.3		0.417622
210.4		0.417622
210.5		0.417622
210.6		0.417622
210.7		0.417622
210.8		0.417622
210.9		0.417622
211		0.417622
211.1		0.418726
211.2		0.418726
211.3		0.418726
211.4		0.418726
211.5		0.418726
211.6		0.418726
211.7		0.418726
211.8		0.418726
211.9		0.418726
212		0.418726
212.1		0.423375
212.2		0.423375
212.3		0.423375
212.4		0.423375
212.5		0.423375
212.6		0.423375
212.7		0.423375
212.8		0.423375
212.9		0.423375
213		0.423375
213.1		0.425464
213.2		0.425464
213.3		0.425464
213.4		0.425464
213.5		0.425464
213.6		0.425464
213.7		0.425464
213.8		0.425464
213.9		0.425464
214		0.425464
214.1		0.426311
214.2		0.426311
214.3		0.426311
214.4		0.426311
214.5		0.426311
214.6		0.426311
214.7		0.426311
214.8		0.426311
214.9		0.426311
215		0.426311
215.1		0.426567
215.2		0.426567
215.3		0.426567
215.4		0.426567
215.5		0.426567
215.6		0.426567
215.7		0.426567
215.8		0.426567
215.9		0.426567
216		0.426567
216.1		0.431907
216.2		0.431907
216.3		0.431907
216.4		0.431907
216.5		0.431907
216.6		0.431907
216.7		0.431907
216.8		0.431907
216.9		0.431907
217		0.431907
217.1		0.432951
217.2		0.432951
217.3		0.432951
217.4		0.432951
217.5		0.432951
217.6		0.432951
217.7		0.432951
217.8		0.432951
217.9		0.432951
218		0.432951
218.1		0.434251
218.2		0.434251
218.3		0.434251
218.4		0.434251
218.5		0.434251
218.6		0.434251
218.7		0.434251
218.8		0.434251
218.9		0.434251
219		0.434251
219.1		0.436636
219.2		0.436636
219.3		0.436636
219.4		0.436636
219.5		0.436636
219.6		0.436636
219.7		0.436636
219.8		0.436636
219.9		0.436636
220		0.436636
220.1		0.438744
220.2		0.438744
220.3		0.438744
220.4		0.438744
220.5		0.438744
220.6		0.438744
220.7		0.438744
220.8		0.438744
220.9		0.438744
221		0.438744
221.1		0.440872
221.2		0.440872
221.3		0.440872
221.4		0.440872
221.5		0.440872
221.6		0.440872
221.7		0.440872
221.8		0.440872
221.9		0.440872
222		0.440872
222.1		0.442408
222.2		0.442408
222.3		0.442408
222.4		0.442408
222.5		0.442408
222.6		0.442408
222.7		0.442408
222.8		0.442408
222.9		0.442408
223		0.442408
223.1		0.445384
223.2		0.445384
223.3		0.445384
223.4		0.445384
223.5		0.445384
223.6		0.445384
223.7		0.445384
223.8		0.445384
223.9		0.445384
224		0.445384
224.1		0.446861
224.2		0.446861
224.3		0.446861
224.4		0.446861
224.5		0.446861
224.6		0.446861
224.7		0.446861
224.8		0.446861
224.9		0.446861
225		0.446861
225.1		0.449167
225.2		0.449167
225.3		0.449167
225.4		0.449167
225.5		0.449167
225.6		0.449167
225.7		0.449167
225.8		0.449167
225.9		0.449167
226		0.449167
226.1		0.452634
226.2		0.452634
226.3		0.452634
226.4		0.452634
226.5		0.452634
226.6		0.452634
226.7		0.452634
226.8		0.452634
226.9		0.452634
227		0.452634
227.1		0.453009
227.2		0.453009
227.3		0.453009
227.4		0.453009
227.5		0.453009
227.6		0.453009
227.7		0.453009
227.8		0.453009
227.9		0.453009
228		0.453009
228.1		0.455747
228.2		0.455747
228.3		0.455747
228.4		0.455747
228.5		0.455747
228.6		0.455747
228.7		0.455747
228.8		0.455747
228.9		0.455747
229		0.455747
229.1		0.456949
229.2		0.456949
229.3		0.456949
229.4		0.456949
229.5		0.456949
229.6		0.456949
229.7		0.456949
229.8		0.456949
229.9		0.456949
230		0.456949
230.1		0.460397
230.2		0.460397
230.3		0.460397
230.4		0.460397
230.5		0.460397
230.6		0.460397
230.7		0.460397
230.8		0.460397
230.9		0.460397
231		0.460397
231.1		0.461067
231.2		0.461067
231.3		0.461067
231.4		0.461067
231.5		0.461067
231.6		0.461067
231.7		0.461067
231.8		0.461067
231.9		0.461067
232		0.461067
232.1		0.463431
232.2		0.463431
232.3		0.463431
232.4		0.463431
232.5		0.463431
232.6		0.463431
232.7		0.463431
232.8		0.463431
232.9		0.463431
233		0.463431
233.1		0.465323
233.2		0.465323
233.3		0.465323
233.4		0.465323
233.5		0.465323
233.6		0.465323
233.7		0.465323
233.8		0.465323
233.9		0.465323
234		0.465323
234.1		0.46552
234.2		0.46552
234.3		0.46552
234.4		0.46552
234.5		0.46552
234.6		0.46552
234.7		0.46552
234.8		0.46552
234.9		0.46552
235		0.46552
235.1		0.469323
235.2		0.469323
235.3		0.469323
235.4		0.469323
235.5		0.469323
235.6		0.469323
235.7		0.469323
235.8		0.469323
235.9		0.469323
236		0.469323
236.1		0.469598
236.2		0.469598
236.3		0.469598
236.4		0.469598
236.5		0.469598
236.6		0.469598
236.7		0.469598
236.8		0.469598
236.9		0.469598
237		0.469598
237.1		0.473421
237.2		0.473421
237.3		0.473421
237.4		0.473421
237.5		0.473421
237.6		0.473421
237.7		0.473421
237.8		0.473421
237.9		0.473421
238		0.473421
238.1		0.475726
238.2		0.475726
238.3		0.475726
238.4		0.475726
238.5		0.475726
238.6		0.475726
238.7		0.475726
238.8		0.475726
238.9		0.475726
239		0.475726
239.1		0.476593
239.2		0.476593
239.3		0.476593
239.4		0.476593
239.5		0.476593
239.6		0.476593
239.7		0.476593
239.8		0.476593
239.9		0.476593
240		0.476593
240.1		0.477322
240.2		0.477322
240.3		0.477322
240.4		0.477322
240.5		0.477322
240.6		0.477322
240.7		0.477322
240.8		0.477322
240.9		0.477322
241		0.477322
241.1		0.479883
241.2		0.479883
241.3		0.479883
241.4		0.479883
241.5		0.479883
241.6		0.479883
241.7		0.479883
241.8		0.479883
241.9		0.479883
242		0.479883
242.1		0.484651
242.2		0.484651
242.3		0.484651
242.4		0.484651
242.5		0.484651
242.6		0.484651
242.7		0.484651
242.8		0.484651
242.9		0.484651
243		0.484651
243.1		0.487292
243.2		0.487292
243.3		0.487292
243.4		0.487292
243.5		0.487292
243.6		0.487292
243.7		0.487292
243.8		0.487292
243.9		0.487292
244		0.487292
244.1		0.487567
244.2		0.487567
244.3		0.487567
244.4		0.487567
244.5		0.487567
244.6		0.487567
244.7		0.487567
244.8		0.487567
244.9		0.487567
245		0.487567
245.1		0.487863
245.2		0.487863
245.3		0.487863
245.4		0.487863
245.5		0.487863
245.6		0.487863
245.7		0.487863
245.8		0.487863
245.9		0.487863
246		0.487863
246.1		0.492355
246.2		0.492355
246.3		0.492355
246.4		0.492355
246.5		0.492355
246.6		0.492355
246.7		0.492355
246.8		0.492355
246.9		0.492355
247		0.492355
247.1		0.49269
247.2		0.49269
247.3		0.49269
247.4		0.49269
247.5		0.49269
247.6		0.49269
247.7		0.49269
247.8		0.49269
247.9		0.49269
248		0.49269
248.1		0.49604
248.2		0.49604
248.3		0.49604
248.4		0.49604
248.5		0.49604
248.6		0.49604
248.7		0.49604
248.8		0.49604
248.9		0.49604
249		0.49604
249.1		0.497793
249.2		0.497793
249.3		0.497793
249.4		0.497793
249.5		0.497793
249.6		0.497793
249.7		0.497793
249.8		0.497793
249.9		0.497793
250		0.497793
250.1		0.49933
250.2		0.49933
250.3		0.49933
250.4		0.49933
250.5		0.49933
250.6		0.49933
250.7		0.49933
250.8		0.49933
250.9		0.49933
251		0.49933
251.1		0.503369
251.2		0.503369
251.3		0.503369
251.4		0.503369
251.5		0.503369
251.6		0.503369
251.7		0.503369
251.8		0.503369
251.9		0.503369
252		0.503369
252.1		0.505871
252.2		0.505871
252.3		0.505871
252.4		0.505871
252.5		0.505871
252.6		0.505871
252.7		0.505871
252.8		0.505871
252.9		0.505871
253		0.505871
253.1		0.505911
253.2		0.505911
253.3		0.505911
253.4		0.505911
253.5		0.505911
253.6		0.505911
253.7		0.505911
253.8		0.505911
253.9		0.505911
254		0.505911
254.1		0.50662
254.2		0.50662
254.3		0.50662
254.4		0.50662
254.5		0.50662
254.6		0.50662
254.7		0.50662
254.8		0.50662
254.9		0.50662
255		0.50662
255.1		0.509201
255.2		0.509201
255.3		0.509201
255.4		0.509201
255.5		0.509201
255.6		0.509201
255.7		0.509201
255.8		0.509201
255.9		0.509201
256		0.509201
256.1		0.515132
256.2		0.515132
256.3		0.515132
256.4		0.515132
256.5		0.515132
256.6		0.515132
256.7		0.515132
256.8		0.515132
256.9		0.515132
257		0.515132
257.1		0.516491
257.2		0.516491
257.3		0.516491
257.4		0.516491
257.5		0.516491
257.6		0.516491
257.7		0.516491
257.8		0.516491
257.9		0.516491
258		0.516491
258.1		0.516866
258.2		0.516866
258.3		0.516866
258.4		0.516866
258.5		0.516866
258.6		0.516866
258.7		0.516866
258.8		0.516866
258.9		0.516866
259		0.516866
259.1		0.517871
259.2		0.517871
259.3		0.517871
259.4		0.517871
259.5		0.517871
259.6		0.517871
259.7		0.517871
259.8		0.517871
259.9		0.517871
260		0.517871
260.1		0.522422
260.2		0.522422
260.3		0.522422
260.4		0.522422
260.5		0.522422
260.6		0.522422
260.7		0.522422
260.8		0.522422
260.9		0.522422
261		0.522422
261.1		0.525456
261.2		0.525456
261.3		0.525456
261.4		0.525456
261.5		0.525456
261.6		0.525456
261.7		0.525456
261.8		0.525456
261.9		0.525456
262		0.525456
262.1		0.525614
262.2		0.525614
262.3		0.525614
262.4		0.525614
262.5		0.525614
262.6		0.525614
262.7		0.525614
262.8		0.525614
262.9		0.525614
263		0.525614
263.1		0.527643
263.2		0.527643
263.3		0.527643
263.4		0.527643
263.5		0.527643
263.6		0.527643
263.7		0.527643
263.8		0.527643
263.9		0.527643
264		0.527643
264.1		0.5318
264.2		0.5318
264.3		0.5318
264.4		0.5318
264.5		0.5318
264.6		0.5318
264.7		0.5318
264.8		0.5318
264.9		0.5318
265		0.5318
265.1		0.532707
265.2		0.532707
265.3		0.532707
265.4		0.532707
265.5		0.532707
265.6		0.532707
265.7		0.532707
265.8		0.532707
265.9		0.532707
266		0.532707
266.1		0.534382
266.2		0.534382
266.3		0.534382
266.4		0.534382
266.5		0.534382
266.6		0.534382
266.7		0.534382
266.8		0.534382
266.9		0.534382
267		0.534382
267.1		0.536549
267.2		0.536549
267.3		0.536549
267.4		0.536549
267.5		0.536549
267.6		0.536549
267.7		0.536549
267.8		0.536549
267.9		0.536549
268		0.536549
268.1		0.539485
268.2		0.539485
268.3		0.539485
268.4		0.539485
268.5		0.539485
268.6		0.539485
268.7		0.539485
268.8		0.539485
268.9		0.539485
269		0.539485
269.1		0.541494
269.2		0.541494
269.3		0.541494
269.4		0.541494
269.5		0.541494
269.6		0.541494
269.7		0.541494
269.8		0.541494
269.9		0.541494
270		0.541494
270.1		0.541849
270.2		0.541849
270.3		0.541849
270.4		0.541849
270.5		0.541849
270.6		0.541849
270.7		0.541849
270.8		0.541849
270.9		0.541849
271		0.541849
271.1		0.545001
271.2		0.545001
271.3		0.545001
271.4		0.545001
271.5		0.545001
271.6		0.545001
271.7		0.545001
271.8		0.545001
271.9		0.545001
272		0.545001
272.1		0.548449
272.2		0.548449
272.3		0.548449
272.4		0.548449
272.5		0.548449
272.6		0.548449
272.7		0.548449
272.8		0.548449
272.9		0.548449
273		0.548449
273.1		0.549356
273.2		0.549356
273.3		0.549356
273.4		0.549356
273.5		0.549356
273.6		0.549356
273.7		0.549356
273.8		0.549356
273.9		0.549356
274		0.549356
274.1		0.550065
274.2		0.550065
274.3		0.550065
274.4		0.550065
274.5		0.550065
274.6		0.550065
274.7		0.550065
274.8		0.550065
274.9		0.550065
275		0.550065
275.1		0.551129
275.2		0.551129
275.3		0.551129
275.4		0.551129
275.5		0.551129
275.6		0.551129
275.7		0.551129
275.8		0.551129
275.9		0.551129
276		0.551129
276.1		0.554971
276.2		0.554971
276.3		0.554971
276.4		0.554971
276.5		0.554971
276.6		0.554971
276.7		0.554971
276.8		0.554971
276.9		0.554971
277		0.554971
277.1		0.556193
277.2		0.556193
277.3		0.556193
277.4		0.556193
277.5		0.556193
277.6		0.556193
277.7		0.556193
277.8		0.556193
277.9		0.556193
278		0.556193
278.1		0.55834
278.2		0.55834
278.3		0.55834
278.4		0.55834
278.5		0.55834
278.6		0.55834
278.7		0.55834
278.8		0.55834
278.9		0.55834
279		0.55834
279.1		0.559621
279.2		0.559621
279.3		0.559621
279.4		0.559621
279.5		0.559621
279.6		0.559621
279.7		0.559621
279.8		0.559621
279.9		0.559621
280		0.559621
280.1		0.560685
280.2		0.560685
280.3		0.560685
280.4		0.560685
280.5		0.560685
280.6		0.560685
280.7		0.560685
280.8		0.560685
280.9		0.560685
281		0.560685
281.1		0.56565
281.2		0.56565
281.3		0.56565
281.4		0.56565
281.5		0.56565
281.6		0.56565
281.7		0.56565
281.8		0.56565
281.9		0.56565
282		0.56565
282.1		0.566635
282.2		0.566635
282.3		0.566635
282.4		0.566635
282.5		0.566635
282.6		0.566635
282.7		0.566635
282.8		0.566635
282.9		0.566635
283		0.566635
283.1		0.569827
283.2		0.569827
283.3		0.569827
283.4		0.569827
283.5		0.569827
283.6		0.569827
283.7		0.569827
283.8		0.569827
283.9		0.569827
284		0.569827
284.1		0.570221
284.2		0.570221
284.3		0.570221
284.4		0.570221
284.5		0.570221
284.6		0.570221
284.7		0.570221
284.8		0.570221
284.9		0.570221
285		0.570221
285.1		0.575777
285.2		0.575777
285.3		0.575777
285.4		0.575777
285.5		0.575777
285.6		0.575777
285.7		0.575777
285.8		0.575777
285.9		0.575777
286		0.575777
286.1		0.578772
286.2		0.578772
286.3		0.578772
286.4		0.578772
286.5		0.578772
286.6		0.578772
286.7		0.578772
286.8		0.578772
286.9		0.578772
287		0.578772
287.1		0.579107
287.2		0.579107
287.3		0.579107
287.4		0.579107
287.5		0.579107
287.6		0.579107
287.7		0.579107
287.8		0.579107
287.9		0.579107
288		0.579107
288.1		0.580939
288.2		0.580939
288.3		0.580939
288.4		0.580939
288.5		0.580939
288.6		0.580939
288.7		0.580939
288.8		0.580939
288.9		0.580939
289		0.580939
289.1		0.584703
289.2		0.584703
289.3		0.584703
289.4		0.584703
289.5		0.584703
289.6		0.584703
289.7		0.584703
289.8		0.584703
289.9		0.584703
290		0.584703
290.1		0.588505
290.2		0.588505
290.3		0.588505
290.4		0.588505
290.5		0.588505
290.6		0.588505
290.7		0.588505
290.8		0.588505
290.9		0.588505
291		0.588505
291.1		0.590594
291.2		0.590594
291.3		0.590594
291.4		0.590594
291.5		0.590594
291.6		0.590594
291.7		0.590594
291.8		0.590594
291.9		0.590594
292		0.590594
292.1		0.590594
292.2		0.590594
292.3		0.590594
292.4		0.590594
292.5		0.590594
292.6		0.590594
292.7		0.590594
292.8		0.590594
292.9		0.590594
293		0.590594
293.1		0.592012
293.2		0.592012
293.3		0.592012
293.4		0.592012
293.5		0.592012
293.6		0.592012
293.7		0.592012
293.8		0.592012
293.9		0.592012
294		0.592012
294.1		0.592466
294.2		0.592466
294.3		0.592466
294.4		0.592466
294.5		0.592466
294.6		0.592466
294.7		0.592466
294.8		0.592466
294.9		0.592466
295		0.592466
295.1		0.597313
295.2		0.597313
295.3		0.597313
295.4		0.597313
295.5		0.597313
295.6		0.597313
295.7		0.597313
295.8		0.597313
295.9		0.597313
296		0.597313
296.1		0.601233
296.2		0.601233
296.3		0.601233
296.4		0.601233
296.5		0.601233
296.6		0.601233
296.7		0.601233
296.8		0.601233
296.9		0.601233
297		0.601233
297.1		0.601588
297.2		0.601588
297.3		0.601588
297.4		0.601588
297.5		0.601588
297.6		0.601588
297.7		0.601588
297.8		0.601588
297.9		0.601588
298		0.601588
298.1		0.603499
298.2		0.603499
298.3		0.603499
298.4		0.603499
298.5		0.603499
298.6		0.603499
298.7		0.603499
298.8		0.603499
298.9		0.603499
299		0.603499
299.1		0.608858
299.2		0.608858
299.3		0.608858
299.4		0.608858
299.5		0.608858
299.6		0.608858
299.7		0.608858
299.8		0.608858
299.9		0.608858
300		0.608858
300.1		0.613942
300.2		0.613942
300.3		0.613942
300.4		0.613942
300.5		0.613942
300.6		0.613942
300.7		0.613942
300.8		0.613942
300.9		0.613942
301		0.613942
301.1		0.614907
301.2		0.614907
301.3		0.614907
301.4		0.614907
301.5		0.614907
301.6		0.614907
301.7		0.614907
301.8		0.614907
301.9		0.614907
302		0.614907
302.1		0.61672
302.2		0.61672
302.3		0.61672
302.4		0.61672
302.5		0.61672
302.6		0.61672
302.7		0.61672
302.8		0.61672
302.9		0.61672
303		0.61672
303.1		0.620286
303.2		0.620286
303.3		0.620286
303.4		0.620286
303.5		0.620286
303.6		0.620286
303.7		0.620286
303.8		0.620286
303.9		0.620286
304		0.620286
304.1		0.620582
304.2		0.620582
304.3		0.620582
304.4		0.620582
304.5		0.620582
304.6		0.620582
304.7		0.620582
304.8		0.620582
304.9		0.620582
305		0.620582
305.1		0.624621
305.2		0.624621
305.3		0.624621
305.4		0.624621
305.5		0.624621
305.6		0.624621
305.7		0.624621
305.8		0.624621
305.9		0.624621
306		0.624621
306.1		0.627241
306.2		0.627241
306.3		0.627241
306.4		0.627241
306.5		0.627241
306.6		0.627241
306.7		0.627241
306.8		0.627241
306.9		0.627241
307		0.627241
307.1		0.629034
307.2		0.629034
307.3		0.629034
307.4		0.629034
307.5		0.629034
307.6		0.629034
307.7		0.629034
307.8		0.629034
307.9		0.629034
308		0.629034
308.1		0.629448
308.2		0.629448
308.3		0.629448
308.4		0.629448
308.5		0.629448
308.6		0.629448
308.7		0.629448
308.8		0.629448
308.9		0.629448
309		0.629448
309.1		0.629803
309.2		0.629803
309.3		0.629803
309.4		0.629803
309.5		0.629803
309.6		0.629803
309.7		0.629803
309.8		0.629803
309.9		0.629803
310		0.629803
310.1		0.63658
310.2		0.63658
310.3		0.63658
310.4		0.63658
310.5		0.63658
310.6		0.63658
310.7		0.63658
310.8		0.63658
310.9		0.63658
311		0.63658
311.1		0.638432
311.2		0.638432
311.3		0.638432
311.4		0.638432
311.5		0.638432
311.6		0.638432
311.7		0.638432
311.8		0.638432
311.9		0.638432
312		0.638432
312.1		0.640265
312.2		0.640265
312.3		0.640265
312.4		0.640265
312.5		0.640265
312.6		0.640265
312.7		0.640265
312.8		0.640265
312.9		0.640265
313		0.640265
313.1		0.640383
313.2		0.640383
313.3		0.640383
313.4		0.640383
313.5		0.640383
313.6		0.640383
313.7		0.640383
313.8		0.640383
313.9		0.640383
314		0.640383
314.1		0.642531
314.2		0.642531
314.3		0.642531
314.4		0.642531
314.5		0.642531
314.6		0.642531
314.7		0.642531
314.8		0.642531
314.9		0.642531
315		0.642531
315.1		0.6459
315.2		0.6459
315.3		0.6459
315.4		0.6459
315.5		0.6459
315.6		0.6459
315.7		0.6459
315.8		0.6459
315.9		0.6459
316		0.6459
316.1		0.646176
316.2		0.646176
316.3		0.646176
316.4		0.646176
316.5		0.646176
316.6		0.646176
316.7		0.646176
316.8		0.646176
316.9		0.646176
317		0.646176
317.1		0.651082
317.2		0.651082
317.3		0.651082
317.4		0.651082
317.5		0.651082
317.6		0.651082
317.7		0.651082
317.8		0.651082
317.9		0.651082
318		0.651082
318.1		0.652008
318.2		0.652008
318.3		0.652008
318.4		0.652008
318.5		0.652008
318.6		0.652008
318.7		0.652008
318.8		0.652008
318.9		0.652008
319		0.652008
319.1		0.65252
319.2		0.65252
319.3		0.65252
319.4		0.65252
319.5		0.65252
319.6		0.65252
319.7		0.65252
319.8		0.65252
319.9		0.65252
320		0.65252
320.1		0.655475
320.2		0.655475
320.3		0.655475
320.4		0.655475
320.5		0.655475
320.6		0.655475
320.7		0.655475
320.8		0.655475
320.9		0.655475
321		0.655475
321.1		0.65581
321.2		0.65581
321.3		0.65581
321.4		0.65581
321.5		0.65581
321.6		0.65581
321.7		0.65581
321.8		0.65581
321.9		0.65581
322		0.65581
322.1		0.660303
322.2		0.660303
322.3		0.660303
322.4		0.660303
322.5		0.660303
322.6		0.660303
322.7		0.660303
322.8		0.660303
322.9		0.660303
323		0.660303
323.1		0.662371
323.2		0.662371
323.3		0.662371
323.4		0.662371
323.5		0.662371
323.6		0.662371
323.7		0.662371
323.8		0.662371
323.9		0.662371
324		0.662371
324.1		0.663455
324.2		0.663455
324.3		0.663455
324.4		0.663455
324.5		0.663455
324.6		0.663455
324.7		0.663455
324.8		0.663455
324.9		0.663455
325		0.663455
325.1		0.66444
325.2		0.66444
325.3		0.66444
325.4		0.66444
325.5		0.66444
325.6		0.66444
325.7		0.66444
325.8		0.66444
325.9		0.66444
326		0.66444
326.1		0.6658
326.2		0.6658
326.3		0.6658
326.4		0.6658
326.5		0.6658
326.6		0.6658
326.7		0.6658
326.8		0.6658
326.9		0.6658
327		0.6658
327.1		0.670115
327.2		0.670115
327.3		0.670115
327.4		0.670115
327.5		0.670115
327.6		0.670115
327.7		0.670115
327.8		0.670115
327.9		0.670115
328		0.670115
328.1		0.67175
328.2		0.67175
328.3		0.67175
328.4		0.67175
328.5		0.67175
328.6		0.67175
328.7		0.67175
328.8		0.67175
328.9		0.67175
329		0.67175
329.1		0.673385
329.2		0.673385
329.3		0.673385
329.4		0.673385
329.5		0.673385
329.6		0.673385
329.7		0.673385
329.8		0.673385
329.9		0.673385
330		0.673385
330.1		0.674508
330.2		0.674508
330.3		0.674508
330.4		0.674508
330.5		0.674508
330.6		0.674508
330.7		0.674508
330.8		0.674508
330.9		0.674508
331		0.674508
331.1		0.674784
331.2		0.674784
331.3		0.674784
331.4		0.674784
331.5		0.674784
331.6		0.674784
331.7		0.674784
331.8		0.674784
331.9		0.674784
332		0.674784
332.1		0.679395
332.2		0.679395
332.3		0.679395
332.4		0.679395
332.5		0.679395
332.6		0.679395
332.7		0.679395
332.8		0.679395
332.9		0.679395
333		0.679395
333.1		0.682015
333.2		0.682015
333.3		0.682015
333.4		0.682015
333.5		0.682015
333.6		0.682015
333.7		0.682015
333.8		0.682015
333.9		0.682015
334		0.682015
334.1		0.682784
334.2		0.682784
334.3		0.682784
334.4		0.682784
334.5		0.682784
334.6		0.682784
334.7		0.682784
334.8		0.682784
334.9		0.682784
335		0.682784
335.1		0.685601
335.2		0.685601
335.3		0.685601
335.4		0.685601
335.5		0.685601
335.6		0.685601
335.7		0.685601
335.8		0.685601
335.9		0.685601
336		0.685601
336.1		0.691236
336.2		0.691236
336.3		0.691236
336.4		0.691236
336.5		0.691236
336.6		0.691236
336.7		0.691236
336.8		0.691236
336.9		0.691236
337		0.691236
337.1		0.691867
337.2		0.691867
337.3		0.691867
337.4		0.691867
337.5		0.691867
337.6		0.691867
337.7		0.691867
337.8		0.691867
337.9		0.691867
338		0.691867
338.1		0.692911
338.2		0.692911
338.3		0.692911
338.4		0.692911
338.5		0.692911
338.6		0.692911
338.7		0.692911
338.8		0.692911
338.9		0.692911
339		0.692911
339.1		0.699866
339.2		0.699866
339.3		0.699866
339.4		0.699866
339.5		0.699866
339.6		0.699866
339.7		0.699866
339.8		0.699866
339.9		0.699866
340		0.699866
340.1		0.703117
340.2		0.703117
340.3		0.703117
340.4		0.703117
340.5		0.703117
340.6		0.703117
340.7		0.703117
340.8		0.703117
340.9		0.703117
341		0.703117
341.1		0.704161
341.2		0.704161
341.3		0.704161
341.4		0.704161
341.5		0.704161
341.6		0.704161
341.7		0.704161
341.8		0.704161
341.9		0.704161
342		0.704161
342.1		0.70623
342.2		0.70623
342.3		0.70623
342.4		0.70623
342.5		0.70623
342.6		0.70623
342.7		0.70623
342.8		0.70623
342.9		0.70623
343		0.70623
343.1		0.706821
343.2		0.706821
343.3		0.706821
343.4		0.706821
343.5		0.706821
343.6		0.706821
343.7		0.706821
343.8		0.706821
343.9		0.706821
344		0.706821
344.1		0.709225
344.2		0.709225
344.3		0.709225
344.4		0.709225
344.5		0.709225
344.6		0.709225
344.7		0.709225
344.8		0.709225
344.9		0.709225
345		0.709225
345.1		0.712417
345.2		0.712417
345.3		0.712417
345.4		0.712417
345.5		0.712417
345.6		0.712417
345.7		0.712417
345.8		0.712417
345.9		0.712417
346		0.712417
346.1		0.715904
346.2		0.715904
346.3		0.715904
346.4		0.715904
346.5		0.715904
346.6		0.715904
346.7		0.715904
346.8		0.715904
346.9		0.715904
347		0.715904
347.1		0.715904
347.2		0.715904
347.3		0.715904
347.4		0.715904
347.5		0.715904
347.6		0.715904
347.7		0.715904
347.8		0.715904
347.9		0.715904
348		0.715904
348.1		0.71685
348.2		0.71685
348.3		0.71685
348.4		0.71685
348.5		0.71685
348.6		0.71685
348.7		0.71685
348.8		0.71685
348.9		0.71685
349		0.71685
349.1		0.717185
349.2		0.717185
349.3		0.717185
349.4		0.717185
349.5		0.717185
349.6		0.717185
349.7		0.717185
349.8		0.717185
349.9		0.717185
350		0.717185
350.1		0.720515
350.2		0.720515
350.3		0.720515
350.4		0.720515
350.5		0.720515
350.6		0.720515
350.7		0.720515
350.8		0.720515
350.9		0.720515
351		0.720515
351.1		0.722859
351.2		0.722859
351.3		0.722859
351.4		0.722859
351.5		0.722859
351.6		0.722859
351.7		0.722859
351.8		0.722859
351.9		0.722859
352		0.722859
352.1		0.727056
352.2		0.727056
352.3		0.727056
352.4		0.727056
352.5		0.727056
352.6		0.727056
352.7		0.727056
352.8		0.727056
352.9		0.727056
353		0.727056
353.1		0.72877
353.2		0.72877
353.3		0.72877
353.4		0.72877
353.5		0.72877
353.6		0.72877
353.7		0.72877
353.8		0.72877
353.9		0.72877
354		0.72877
354.1		0.729558
354.2		0.729558
354.3		0.729558
354.4		0.729558
354.5		0.729558
354.6		0.729558
354.7		0.729558
354.8		0.729558
354.9		0.729558
355		0.729558
355.1		0.736435
355.2		0.736435
355.3		0.736435
355.4		0.736435
355.5		0.736435
355.6		0.736435
355.7		0.736435
355.8		0.736435
355.9		0.736435
356		0.736435
356.1		0.737439
356.2		0.737439
356.3		0.737439
356.4		0.737439
356.5		0.737439
356.6		0.737439
356.7		0.737439
356.8		0.737439
356.9		0.737439
357		0.737439
357.1		0.740375
357.2		0.740375
357.3		0.740375
357.4		0.740375
357.5		0.740375
357.6		0.740375
357.7		0.740375
357.8		0.740375
357.9		0.740375
358		0.740375
358.1		0.742562
358.2		0.742562
358.3		0.742562
358.4		0.742562
358.5		0.742562
358.6		0.742562
358.7		0.742562
358.8		0.742562
358.9		0.742562
359		0.742562
359.1		0.745045
359.2		0.745045
359.3		0.745045
359.4		0.745045
359.5		0.745045
359.6		0.745045
359.7		0.745045
359.8		0.745045
359.9		0.745045
360		0.745045
360.1		0.745281
360.2		0.745281
360.3		0.745281
360.4		0.745281
360.5		0.745281
360.6		0.745281
360.7		0.745281
360.8		0.745281
360.9		0.745281
361		0.745281
361.1		0.749576
361.2		0.749576
361.3		0.749576
361.4		0.749576
361.5		0.749576
361.6		0.749576
361.7		0.749576
361.8		0.749576
361.9		0.749576
362		0.749576
362.1		0.750621
362.2		0.750621
362.3		0.750621
362.4		0.750621
362.5		0.750621
362.6		0.750621
362.7		0.750621
362.8		0.750621
362.9		0.750621
363		0.750621
363.1		0.751645
363.2		0.751645
363.3		0.751645
363.4		0.751645
363.5		0.751645
363.6		0.751645
363.7		0.751645
363.8		0.751645
363.9		0.751645
364		0.751645
364.1		0.75533
364.2		0.75533
364.3		0.75533
364.4		0.75533
364.5		0.75533
364.6		0.75533
364.7		0.75533
364.8		0.75533
364.9		0.75533
365		0.75533
365.1		0.756059
365.2		0.756059
365.3		0.756059
365.4		0.756059
365.5		0.756059
365.6		0.756059
365.7		0.756059
365.8		0.756059
365.9		0.756059
366		0.756059
366.1		0.757832
366.2		0.757832
366.3		0.757832
366.4		0.757832
366.5		0.757832
366.6		0.757832
366.7		0.757832
366.8		0.757832
366.9		0.757832
367		0.757832
367.1		0.760039
367.2		0.760039
367.3		0.760039
367.4		0.760039
367.5		0.760039
367.6		0.760039
367.7		0.760039
367.8		0.760039
367.9		0.760039
368		0.760039
368.1		0.765142
368.2		0.765142
368.3		0.765142
368.4		0.765142
368.5		0.765142
368.6		0.765142
368.7		0.765142
368.8		0.765142
368.9		0.765142
369		0.765142
369.1		0.766422
369.2		0.766422
369.3		0.766422
369.4		0.766422
369.5		0.766422
369.6		0.766422
369.7		0.766422
369.8		0.766422
369.9		0.766422
370		0.766422
370.1		0.767467
370.2		0.767467
370.3		0.767467
370.4		0.767467
370.5		0.767467
370.6		0.767467
370.7		0.767467
370.8		0.767467
370.9		0.767467
371		0.767467
371.1		0.76926
371.2		0.76926
371.3		0.76926
371.4		0.76926
371.5		0.76926
371.6		0.76926
371.7		0.76926
371.8		0.76926
371.9		0.76926
372		0.76926
372.1		0.774087
372.2		0.774087
372.3		0.774087
372.4		0.774087
372.5		0.774087
372.6		0.774087
372.7		0.774087
372.8		0.774087
372.9		0.774087
373		0.774087
373.1		0.775111
373.2		0.775111
373.3		0.775111
373.4		0.775111
373.5		0.775111
373.6		0.775111
373.7		0.775111
373.8		0.775111
373.9		0.775111
374		0.775111
374.1		0.775643
374.2		0.775643
374.3		0.775643
374.4		0.775643
374.5		0.775643
374.6		0.775643
374.7		0.775643
374.8		0.775643
374.9		0.775643
375		0.775643
375.1		0.776136
375.2		0.776136
375.3		0.776136
375.4		0.776136
375.5		0.776136
375.6		0.776136
375.7		0.776136
375.8		0.776136
375.9		0.776136
376		0.776136
376.1		0.782756
376.2		0.782756
376.3		0.782756
376.4		0.782756
376.5		0.782756
376.6		0.782756
376.7		0.782756
376.8		0.782756
376.9		0.782756
377		0.782756
377.1		0.784096
377.2		0.784096
377.3		0.784096
377.4		0.784096
377.5		0.784096
377.6		0.784096
377.7		0.784096
377.8		0.784096
377.9		0.784096
378		0.784096
378.1		0.784588
378.2		0.784588
378.3		0.784588
378.4		0.784588
378.5		0.784588
378.6		0.784588
378.7		0.784588
378.8		0.784588
378.9		0.784588
379		0.784588
379.1		0.785889
379.2		0.785889
379.3		0.785889
379.4		0.785889
379.5		0.785889
379.6		0.785889
379.7		0.785889
379.8		0.785889
379.9		0.785889
380		0.785889
380.1		0.791051
380.2		0.791051
380.3		0.791051
380.4		0.791051
380.5		0.791051
380.6		0.791051
380.7		0.791051
380.8		0.791051
380.9		0.791051
381		0.791051
381.1		0.791346
381.2		0.791346
381.3		0.791346
381.4		0.791346
381.5		0.791346
381.6		0.791346
381.7		0.791346
381.8		0.791346
381.9		0.791346
382		0.791346
382.1		0.793199
382.2		0.793199
382.3		0.793199
382.4		0.793199
382.5		0.793199
382.6		0.793199
382.7		0.793199
382.8		0.793199
382.9		0.793199
383		0.793199
383.1		0.796312
383.2		0.796312
383.3		0.796312
383.4		0.796312
383.5		0.796312
383.6		0.796312
383.7		0.796312
383.8		0.796312
383.9		0.796312
384		0.796312
384.1		0.798026
384.2		0.798026
384.3		0.798026
384.4		0.798026
384.5		0.798026
384.6		0.798026
384.7		0.798026
384.8		0.798026
384.9		0.798026
385		0.798026
385.1		0.800942
385.2		0.800942
385.3		0.800942
385.4		0.800942
385.5		0.800942
385.6		0.800942
385.7		0.800942
385.8		0.800942
385.9		0.800942
386		0.800942
386.1		0.803858
386.2		0.803858
386.3		0.803858
386.4		0.803858
386.5		0.803858
386.6		0.803858
386.7		0.803858
386.8		0.803858
386.9		0.803858
387		0.803858
387.1		0.804666
387.2		0.804666
387.3		0.804666
387.4		0.804666
387.5		0.804666
387.6		0.804666
387.7		0.804666
387.8		0.804666
387.9		0.804666
388		0.804666
388.1		0.806281
388.2		0.806281
388.3		0.806281
388.4		0.806281
388.5		0.806281
388.6		0.806281
388.7		0.806281
388.8		0.806281
388.9		0.806281
389		0.806281
389.1		0.808291
389.2		0.808291
389.3		0.808291
389.4		0.808291
389.5		0.808291
389.6		0.808291
389.7		0.808291
389.8		0.808291
389.9		0.808291
390		0.808291
390.1		0.809217
390.2		0.809217
390.3		0.809217
390.4		0.809217
390.5		0.809217
390.6		0.809217
390.7		0.809217
390.8		0.809217
390.9		0.809217
391		0.809217
391.1		0.812271
391.2		0.812271
391.3		0.812271
391.4		0.812271
391.5		0.812271
391.6		0.812271
391.7		0.812271
391.8		0.812271
391.9		0.812271
392		0.812271
392.1		0.81501
392.2		0.81501
392.3		0.81501
392.4		0.81501
392.5		0.81501
392.6		0.81501
392.7		0.81501
392.8		0.81501
392.9		0.81501
393		0.81501
393.1		0.815285
393.2		0.815285
393.3		0.815285
393.4		0.815285
393.5		0.815285
393.6		0.815285
393.7		0.815285
393.8		0.815285
393.9		0.815285
394		0.815285
394.1		0.820034
394.2		0.820034
394.3		0.820034
394.4		0.820034
394.5		0.820034
394.6		0.820034
394.7		0.820034
394.8		0.820034
394.9		0.820034
395		0.820034
395.1		0.820408
395.2		0.820408
395.3		0.820408
395.4		0.820408
395.5		0.820408
395.6		0.820408
395.7		0.820408
395.8		0.820408
395.9		0.820408
396		0.820408
396.1		0.821531
396.2		0.821531
396.3		0.821531
396.4		0.821531
396.5		0.821531
396.6		0.821531
396.7		0.821531
396.8		0.821531
396.9		0.821531
397		0.821531
397.1		0.825235
397.2		0.825235
397.3		0.825235
397.4		0.825235
397.5		0.825235
397.6		0.825235
397.7		0.825235
397.8		0.825235
397.9		0.825235
398		0.825235
398.1		0.829314
398.2		0.829314
398.3		0.829314
398.4		0.829314
398.5		0.829314
398.6		0.829314
398.7		0.829314
398.8		0.829314
398.9		0.829314
399		0.829314
399.1		0.829905
399.2		0.829905
399.3		0.829905
399.4		0.829905
399.5		0.829905
399.6		0.829905
399.7		0.829905
399.8		0.829905
399.9		0.829905
400		0.829905
400.1		0.830122
400.2		0.830122
400.3		0.830122
400.4		0.830122
400.5		0.830122
400.6		0.830122
400.7		0.830122
400.8		0.830122
400.9		0.830122
401		0.830122
401.1		0.832112
401.2		0.832112
401.3		0.832112
401.4		0.832112
401.5		0.832112
401.6		0.832112
401.7		0.832112
401.8		0.832112
401.9		0.832112
402		0.832112
402.1		0.837116
402.2		0.837116
402.3		0.837116
402.4		0.837116
402.5		0.837116
402.6		0.837116
402.7		0.837116
402.8		0.837116
402.9		0.837116
403		0.837116
403.1		0.837924
403.2		0.837924
403.3		0.837924
403.4		0.837924
403.5		0.837924
403.6		0.837924
403.7		0.837924
403.8		0.837924
403.9		0.837924
404		0.837924
404.1		0.839914
404.2		0.839914
404.3		0.839914
404.4		0.839914
404.5		0.839914
404.6		0.839914
404.7		0.839914
404.8		0.839914
404.9		0.839914
405		0.839914
405.1		0.840269
405.2		0.840269
405.3		0.840269
405.4		0.840269
405.5		0.840269
405.6		0.840269
405.7		0.840269
405.8		0.840269
405.9		0.840269
406		0.840269
406.1		0.844367
406.2		0.844367
406.3		0.844367
406.4		0.844367
406.5		0.844367
406.6		0.844367
406.7		0.844367
406.8		0.844367
406.9		0.844367
407		0.844367
407.1		0.844643
407.2		0.844643
407.3		0.844643
407.4		0.844643
407.5		0.844643
407.6		0.844643
407.7		0.844643
407.8		0.844643
407.9		0.844643
408		0.844643
408.1		0.847224
408.2		0.847224
408.3		0.847224
408.4		0.847224
408.5		0.847224
408.6		0.847224
408.7		0.847224
408.8		0.847224
408.9		0.847224
409		0.847224
409.1		0.848071
409.2		0.848071
409.3		0.848071
409.4		0.848071
409.5		0.848071
409.6		0.848071
409.7		0.848071
409.8		0.848071
409.9		0.848071
410		0.848071
410.1		0.85014
410.2		0.85014
410.3		0.85014
410.4		0.85014
410.5		0.85014
410.6		0.85014
410.7		0.85014
410.8		0.85014
410.9		0.85014
411		0.85014
411.1		0.852248
411.2		0.852248
411.3		0.852248
411.4		0.852248
411.5		0.852248
411.6		0.852248
411.7		0.852248
411.8		0.852248
411.9		0.852248
412		0.852248
412.1		0.853667
412.2		0.853667
412.3		0.853667
412.4		0.853667
412.5		0.853667
412.6		0.853667
412.7		0.853667
412.8		0.853667
412.9		0.853667
413		0.853667
413.1		0.85546
413.2		0.85546
413.3		0.85546
413.4		0.85546
413.5		0.85546
413.6		0.85546
413.7		0.85546
413.8		0.85546
413.9		0.85546
414		0.85546
414.1		0.859203
414.2		0.859203
414.3		0.859203
414.4		0.859203
414.5		0.859203
414.6		0.859203
414.7		0.859203
414.8		0.859203
414.9		0.859203
415		0.859203
415.1		0.859637
415.2		0.859637
415.3		0.859637
415.4		0.859637
415.5		0.859637
415.6		0.859637
415.7		0.859637
415.8		0.859637
415.9		0.859637
416		0.859637
416.1		0.861508
416.2		0.861508
416.3		0.861508
416.4		0.861508
416.5		0.861508
416.6		0.861508
416.7		0.861508
416.8		0.861508
416.9		0.861508
417		0.861508
417.1		0.862868
417.2		0.862868
417.3		0.862868
417.4		0.862868
417.5		0.862868
417.6		0.862868
417.7		0.862868
417.8		0.862868
417.9		0.862868
418		0.862868
418.1		0.867341
418.2		0.867341
418.3		0.867341
418.4		0.867341
418.5		0.867341
418.6		0.867341
418.7		0.867341
418.8		0.867341
418.9		0.867341
419		0.867341
419.1		0.868799
419.2		0.868799
419.3		0.868799
419.4		0.868799
419.5		0.868799
419.6		0.868799
419.7		0.868799
419.8		0.868799
419.9		0.868799
420		0.868799
420.1		0.869153
420.2		0.869153
420.3		0.869153
420.4		0.869153
420.5		0.869153
420.6		0.869153
420.7		0.869153
420.8		0.869153
420.9		0.869153
421		0.869153
421.1		0.871557
421.2		0.871557
421.3		0.871557
421.4		0.871557
421.5		0.871557
421.6		0.871557
421.7		0.871557
421.8		0.871557
421.9		0.871557
422		0.871557
422.1		0.876404
422.2		0.876404
422.3		0.876404
422.4		0.876404
422.5		0.876404
422.6		0.876404
422.7		0.876404
422.8		0.876404
422.9		0.876404
423		0.876404
423.1		0.876739
423.2		0.876739
423.3		0.876739
423.4		0.876739
423.5		0.876739
423.6		0.876739
423.7		0.876739
423.8		0.876739
423.9		0.876739
424		0.876739
424.1		0.878965
424.2		0.878965
424.3		0.878965
424.4		0.878965
424.5		0.878965
424.6		0.878965
424.7		0.878965
424.8		0.878965
424.9		0.878965
425		0.878965
425.1		0.879872
425.2		0.879872
425.3		0.879872
425.4		0.879872
425.5		0.879872
425.6		0.879872
425.7		0.879872
425.8		0.879872
425.9		0.879872
426		0.879872
426.1		0.884521
426.2		0.884521
426.3		0.884521
426.4		0.884521
426.5		0.884521
426.6		0.884521
426.7		0.884521
426.8		0.884521
426.9		0.884521
427		0.884521
427.1		0.886531
427.2		0.886531
427.3		0.886531
427.4		0.886531
427.5		0.886531
427.6		0.886531
427.7		0.886531
427.8		0.886531
427.9		0.886531
428		0.886531
428.1		0.886748
428.2		0.886748
428.3		0.886748
428.4		0.886748
428.5		0.886748
428.6		0.886748
428.7		0.886748
428.8		0.886748
428.9		0.886748
429		0.886748
429.1		0.88728
429.2		0.88728
429.3		0.88728
429.4		0.88728
429.5		0.88728
429.6		0.88728
429.7		0.88728
429.8		0.88728
429.9		0.88728
430		0.88728
430.1		0.889368
430.2		0.889368
430.3		0.889368
430.4		0.889368
430.5		0.889368
430.6		0.889368
430.7		0.889368
430.8		0.889368
430.9		0.889368
431		0.889368
431.1		0.893072
431.2		0.893072
431.3		0.893072
431.4		0.893072
431.5		0.893072
431.6		0.893072
431.7		0.893072
431.8		0.893072
431.9		0.893072
432		0.893072
432.1		0.894038
432.2		0.894038
432.3		0.894038
432.4		0.894038
432.5		0.894038
432.6		0.894038
432.7		0.894038
432.8		0.894038
432.9		0.894038
433		0.894038
433.1		0.895949
433.2		0.895949
433.3		0.895949
433.4		0.895949
433.5		0.895949
433.6		0.895949
433.7		0.895949
433.8		0.895949
433.9		0.895949
434		0.895949
434.1		0.897072
434.2		0.897072
434.3		0.897072
434.4		0.897072
434.5		0.897072
434.6		0.897072
434.7		0.897072
434.8		0.897072
434.9		0.897072
435		0.897072
435.1		0.899791
435.2		0.899791
435.3		0.899791
435.4		0.899791
435.5		0.899791
435.6		0.899791
435.7		0.899791
435.8		0.899791
435.9		0.899791
436		0.899791
436.1		0.90186
436.2		0.90186
436.3		0.90186
436.4		0.90186
436.5		0.90186
436.6		0.90186
436.7		0.90186
436.8		0.90186
436.9		0.90186
437		0.90186
437.1		0.905998
437.2		0.905998
437.3		0.905998
437.4		0.905998
437.5		0.905998
437.6		0.905998
437.7		0.905998
437.8		0.905998
437.9		0.905998
438		0.905998
438.1		0.906451
438.2		0.906451
438.3		0.906451
438.4		0.906451
438.5		0.906451
438.6		0.906451
438.7		0.906451
438.8		0.906451
438.9		0.906451
439		0.906451
439.1		0.90781
439.2		0.90781
439.3		0.90781
439.4		0.90781
439.5		0.90781
439.6		0.90781
439.7		0.90781
439.8		0.90781
439.9		0.90781
440		0.90781
440.1		0.912834
440.2		0.912834
440.3		0.912834
440.4		0.912834
440.5		0.912834
440.6		0.912834
440.7		0.912834
440.8		0.912834
440.9		0.912834
441		0.912834
441.1		0.913366
441.2		0.913366
441.3		0.913366
441.4		0.913366
441.5		0.913366
441.6		0.913366
441.7		0.913366
441.8		0.913366
441.9		0.913366
442		0.913366
442.1		0.914095
442.2		0.914095
442.3		0.914095
442.4		0.914095
442.5		0.914095
442.6		0.914095
442.7		0.914095
442.8		0.914095
442.9		0.914095
443		0.914095
443.1		0.915573
443.2		0.915573
443.3		0.915573
443.4		0.915573
443.5		0.915573
443.6		0.915573
443.7		0.915573
443.8		0.915573
443.9		0.915573
444		0.915573
444.1		0.918706
444.2		0.918706
444.3		0.918706
444.4		0.918706
444.5		0.918706
444.6		0.918706
444.7		0.918706
444.8		0.918706
444.9		0.918706
445		0.918706
445.1		0.922213
445.2		0.922213
445.3		0.922213
445.4		0.922213
445.5		0.922213
445.6		0.922213
445.7		0.922213
445.8		0.922213
445.9		0.922213
446		0.922213
446.1		0.922883
446.2		0.922883
446.3		0.922883
446.4		0.922883
446.5		0.922883
446.6		0.922883
446.7		0.922883
446.8		0.922883
446.9		0.922883
447		0.922883
447.1		0.923238
447.2		0.923238
447.3		0.923238
447.4		0.923238
447.5		0.923238
447.6		0.923238
447.7		0.923238
447.8		0.923238
447.9		0.923238
448		0.923238
448.1		0.925365
448.2		0.925365
448.3		0.925365
448.4		0.925365
448.5		0.925365
448.6		0.925365
448.7		0.925365
448.8		0.925365
448.9		0.925365
449		0.925365
449.1		0.928321
449.2		0.928321
449.3		0.928321
449.4		0.928321
449.5		0.928321
449.6		0.928321
449.7		0.928321
449.8		0.928321
449.9		0.928321
450		0.928321
450.1		0.931099
450.2		0.931099
450.3		0.931099
450.4		0.931099
450.5		0.931099
450.6		0.931099
450.7		0.931099
450.8		0.931099
450.9		0.931099
451		0.931099
451.1		0.933857
451.2		0.933857
451.3		0.933857
451.4		0.933857
451.5		0.933857
451.6		0.933857
451.7		0.933857
451.8		0.933857
451.9		0.933857
452		0.933857
452.1		0.934153
452.2		0.934153
452.3		0.934153
452.4		0.934153
452.5		0.934153
452.6		0.934153
452.7		0.934153
452.8		0.934153
452.9		0.934153
453		0.934153
453.1		0.937621
453.2		0.937621
453.3		0.937621
453.4		0.937621
453.5		0.937621
453.6		0.937621
453.7		0.937621
453.8		0.937621
453.9		0.937621
454		0.937621
454.1		0.940162
454.2		0.940162
454.3		0.940162
454.4		0.940162
454.5		0.940162
454.6		0.940162
454.7		0.940162
454.8		0.940162
454.9		0.940162
455		0.940162
455.1		0.941936
455.2		0.941936
455.3		0.941936
455.4		0.941936
455.5		0.941936
455.6		0.941936
455.7		0.941936
455.8		0.941936
455.9		0.941936
456		0.941936
456.1		0.942684
456.2		0.942684
456.3		0.942684
456.4		0.942684
456.5		0.942684
456.6		0.942684
456.7		0.942684
456.8		0.942684
456.9		0.942684
457		0.942684
457.1		0.945325
457.2		0.945325
457.3		0.945325
457.4		0.945325
457.5		0.945325
457.6		0.945325
457.7		0.945325
457.8		0.945325
457.9		0.945325
458		0.945325
458.1		0.947295
458.2		0.947295
458.3		0.947295
458.4		0.947295
458.5		0.947295
458.6		0.947295
458.7		0.947295
458.8		0.947295
458.9		0.947295
459		0.947295
459.1		0.949856
459.2		0.949856
459.3		0.949856
459.4		0.949856
459.5		0.949856
459.6		0.949856
459.7		0.949856
459.8		0.949856
459.9		0.949856
460		0.949856
460.1		0.950743
460.2		0.950743
460.3		0.950743
460.4		0.950743
460.5		0.950743
460.6		0.950743
460.7		0.950743
460.8		0.950743
460.9		0.950743
461		0.950743
461.1		0.952969
461.2		0.952969
461.3		0.952969
461.4		0.952969
461.5		0.952969
461.6		0.952969
461.7		0.952969
461.8		0.952969
461.9		0.952969
462		0.952969
462.1		0.95559
462.2		0.95559
462.3		0.95559
462.4		0.95559
462.5		0.95559
462.6		0.95559
462.7		0.95559
462.8		0.95559
462.9		0.95559
463		0.95559
463.1		0.95622
463.2		0.95622
463.3		0.95622
463.4		0.95622
463.5		0.95622
463.6		0.95622
463.7		0.95622
463.8		0.95622
463.9		0.95622
464		0.95622
464.1		0.956831
464.2		0.956831
464.3		0.956831
464.4		0.956831
464.5		0.956831
464.6		0.956831
464.7		0.956831
464.8		0.956831
464.9		0.956831
465		0.956831
465.1		0.959747
465.2		0.959747
465.3		0.959747
465.4		0.959747
465.5		0.959747
465.6		0.959747
465.7		0.959747
465.8		0.959747
465.9		0.959747
466		0.959747
466.1		0.966131
466.2		0.966131
466.3		0.966131
466.4		0.966131
466.5		0.966131
466.6		0.966131
466.7		0.966131
466.8		0.966131
466.9		0.966131
467		0.966131
467.1		0.966328
467.2		0.966328
467.3		0.966328
467.4		0.966328
467.5		0.966328
467.6		0.966328
467.7		0.966328
467.8		0.966328
467.9		0.966328
468		0.966328
468.1		0.966761
468.2		0.966761
468.3		0.966761
468.4		0.966761
468.5		0.966761
468.6		0.966761
468.7		0.966761
468.8		0.966761
468.9		0.966761
469		0.966761
469.1		0.969086
469.2		0.969086
469.3		0.969086
469.4		0.969086
469.5		0.969086
469.6		0.969086
469.7		0.969086
469.8		0.969086
469.9		0.969086
470		0.969086
470.1		0.97283
470.2		0.97283
470.3		0.97283
470.4		0.97283
470.5		0.97283
470.6		0.97283
470.7		0.97283
470.8		0.97283
470.9		0.97283
471		0.97283
471.1		0.974248
471.2		0.974248
471.3		0.974248
471.4		0.974248
471.5		0.974248
471.6		0.974248
471.7		0.974248
471.8		0.974248
471.9		0.974248
472		0.974248
472.1		0.97681
472.2		0.97681
472.3		0.97681
472.4		0.97681
472.5		0.97681
472.6		0.97681
472.7		0.97681
472.8		0.97681
472.9		0.97681
473		0.97681
473.1		0.977302
473.2		0.977302
473.3		0.977302
473.4		0.977302
473.5		0.977302
473.6		0.977302
473.7		0.977302
473.8		0.977302
473.9		0.977302
474		0.977302
474.1		0.981617
474.2		0.981617
474.3		0.981617
474.4		0.981617
474.5		0.981617
474.6		0.981617
474.7		0.981617
474.8		0.981617
474.9		0.981617
475		0.981617
475.1		0.983863
475.2		0.983863
475.3		0.983863
475.4		0.983863
475.5		0.983863
475.6		0.983863
475.7		0.983863
475.8		0.983863
475.9		0.983863
476		0.983863
476.1		0.985538
476.2		0.985538
476.3		0.985538
476.4		0.985538
476.5		0.985538
476.6		0.985538
476.7		0.985538
476.8		0.985538
476.9		0.985538
477		0.985538
477.1		0.986464
477.2		0.986464
477.3		0.986464
477.4		0.986464
477.5		0.986464
477.6		0.986464
477.7		0.986464
477.8		0.986464
477.9		0.986464
478		0.986464
478.1		0.988966
478.2		0.988966
478.3		0.988966
478.4		0.988966
478.5		0.988966
478.6		0.988966
478.7		0.988966
478.8		0.988966
478.9		0.988966
479		0.988966
479.1		0.99204
479.2		0.99204
479.3		0.99204
479.4		0.99204
479.5		0.99204
479.6		0.99204
479.7		0.99204
479.8		0.99204
479.9		0.99204
480		0.99204
480.1		0.992395
480.2		0.992395
480.3		0.992395
480.4		0.992395
480.5		0.992395
480.6		0.992395
480.7		0.992395
480.8		0.992395
480.9		0.992395
481		0.992395
481.1		0.995094
481.2		0.995094
481.3		0.995094
481.4		0.995094
481.5		0.995094
481.6		0.995094
481.7		0.995094
481.8		0.995094
481.9		0.995094
482		0.995094
482.1		0.995803
482.2		0.995803
482.3		0.995803
482.4		0.995803
482.5		0.995803
482.6		0.995803
482.7		0.995803
482.8		0.995803
482.9		0.995803
483		0.995803
483.1		0.997754
483.2		0.997754
483.3		0.997754
483.4		0.997754
483.5		0.997754
483.6		0.997754
483.7		0.997754
483.8		0.997754
483.9		0.997754
484		0.997754
484.1		0.999901
484.2		0.999901
484.3		0.999901
484.4		0.999901
484.5		0.999901
484.6		0.999901
484.7		0.999901
484.8		0.999901
484.9		0.999901
485		0.999901
485.1		1
485.2		1
485.3		1
485.4		1
485.5		1
485.6		1
485.7		1
485.8		1
485.9		1
486		1
486.1		1
486.2		1
486.3		1
486.4		1
486.5		1
486.6		1
486.7		1
486.8		1
486.9		1
487		1
487.1		1
487.2		1
487.3		1
487.4		1
487.5		1
487.6		1
487.7		1
487.8		1
487.9		1
488		1
488.1		1
488.2		1
488.3		1
488.4		1
488.5		1
488.6		1
488.7		1
488.8		1
488.9		1
489		1
489.1		1
489.2		1
489.3		1
489.4		1
489.5		1
489.6		1
489.7		1
489.8		1
489.9		1
490		1
490.1		1
490.2		1
490.3		1
490.4		1
490.5		1
490.6		1
490.7		1
490.8		1
490.9		1
491		1
491.1		1
491.2		1
491.3		1
491.4		1
491.5		1
491.6		1
491.7		1
491.8		1
491.9		1
492		1
492.1		1
492.2		1
492.3		1
492.4		1
492.5		1
492.6		1
492.7		1
492.8		1
492.9		1
493		1
493.1		1
493.2		1
493.3		1
493.4		1
493.5		1
493.6		1
493.7		1
493.8		1
493.9		1
494		1
494.1		1
494.2		1
494.3		1
494.4		1
494.5		1
494.6		1
494.7		1
494.8		1
494.9		1
495		1
495.1		1
495.2		1
495.3		1
495.4		1
495.5		1
495.6		1
495.7		1
495.8		1
495.9		1
496		1
496.1		1
496.2		1
496.3		1
496.4		1
496.5		1
496.6		1
496.7		1
496.8		1
496.9		1
497		1
497.1		1
497.2		1
497.3		1
497.4		1
497.5		1
497.6		1
497.7		1
497.8		1
497.9		1
498		1
498.1		1
498.2		1
498.3		1
498.4		1
498.5		1
498.6		1
498.7		1
498.8		1
498.9		1
499		1
499.1		1
499.2		1
499.3		1
499.4		1
499.5		1
499.6		1
499.7		1
499.8		1
499.9		1
500		1
500.1		1
500.2		1
500.3		1
500.4		1
500.5		1
500.6		1
500.7		1
500.8		1
500.9		1
501		1
501.1		1
501.2		1
501.3		1
501.4		1
501.5		1
501.6		1
501.7		1
501.8		1
501.9		1
502		1
502.1		1
502.2		1
502.3		1
502.4		1
502.5		1
502.6		1
502.7		1
502.8		1
502.9		1
503		1
503.1		1
503.2		1
503.3		1
503.4		1
503.5		1
503.6		1
503.7		1
503.8		1
503.9		1
504		1
504.1		1
504.2		1
504.3		1
504.4		1
504.5		1
504.6		1
504.7		1
504.8		1
504.9		1
505		1
505.1		1
505.2		1
505.3		1
505.4		1
505.5		1
505.6		1
505.7		1
505.8		1
505.9		1
506		1
506.1		1
506.2		1
506.3		1
506.4		1
506.5		1
506.6		1
506.7		1
506.8		1
506.9		1
507		1
507.1		1
507.2		1
507.3		1
507.4		1
507.5		1
507.6		1
507.7		1
507.8		1
507.9		1
508		1
508.1		1
508.2		1
508.3		1
508.4		1
508.5		1
508.6		1
508.7		1
508.8		1
508.9		1
509		1
509.1		1
509.2		1
509.3		1
509.4		1
509.5		1
509.6		1
509.7		1
509.8		1
509.9		1
510		1
510.1		1
510.2		1
510.3		1
510.4		1
510.5		1
510.6		1
510.7		1
510.8		1
510.9		1
511		1
511.1		1
511.2		1
511.3		1
511.4		1
511.5		1
511.6		1
511.7		1
511.8		1
511.9		1
512		1
512.1		1
512.2		1
512.3		1
512.4		1
512.5		1
512.6		1
512.7		1
512.8		1
512.9		1
513		1
513.1		1
513.2		1
513.3		1
513.4		1
513.5		1
513.6		1
513.7		1
513.8		1
513.9		1
514		1
514.1		1
514.2		1
514.3		1
514.4		1
514.5		1
514.6		1
514.7		1
514.8		1
514.9		1
515		1
515.1		1
515.2		1
515.3		1
515.4		1
515.5		1
515.6		1
515.7		1
515.8		1
515.9		1
516		1
516.1		1
516.2		1
516.3		1
516.4		1
516.5		1
516.6		1
516.7		1
516.8		1
516.9		1
517		1
517.1		1
517.2		1
517.3		1
517.4		1
517.5		1
517.6		1
517.7		1
517.8		1
517.9		1
518		1
518.1		1
518.2		1
518.3		1
518.4		1
518.5		1
518.6		1
518.7		1
518.8		1
518.9		1
519		1
519.1		1
519.2		1
519.3		1
519.4		1
519.5		1
519.6		1
519.7		1
519.8		1
519.9		1
520		1
520.1		1
520.2		1
520.3		1
520.4		1
520.5		1
520.6		1
520.7		1
520.8		1
520.9		1
521		1
521.1		1
521.2		1
521.3		1
521.4		1
521.5		1
521.6		1
521.7		1
521.8		1
521.9		1
522		1
522.1		1
522.2		1
522.3		1
522.4		1
522.5		1
522.6		1
522.7		1
522.8		1
522.9		1
523		1
523.1		1
523.2		1
523.3		1
523.4		1
523.5		1
523.6		1
523.7		1
523.8		1
523.9		1
524		1
524.1		1
524.2		1
524.3		1
524.4		1
524.5		1
524.6		1
524.7		1
524.8		1
524.9		1
525		1
525.1		1
525.2		1
525.3		1
525.4		1
525.5		1
525.6		1
525.7		1
525.8		1
525.9		1
526		1
526.1		1
526.2		1
526.3		1
526.4		1
526.5		1
526.6		1
526.7		1
526.8		1
526.9		1
527		1
527.1		1
527.2		1
527.3		1
527.4		1
527.5		1
527.6		1
527.7		1
527.8		1
527.9		1
528		1
528.1		1
528.2		1
528.3		1
528.4		1
528.5		1
528.6		1
528.7		1
528.8		1
528.9		1
529		1
529.1		1
529.2		1
529.3		1
529.4		1
529.5		1
529.6		1
529.7		1
529.8		1
529.9		1
530		1
530.1		1
530.2		1
530.3		1
530.4		1
530.5		1
530.6		1
530.7		1
530.8		1
530.9		1
531		1
531.1		1
531.2		1
531.3		1
531.4		1
531.5		1
531.6		1
531.7		1
531.8		1
531.9		1
532		1
532.1		1
532.2		1
532.3		1
532.4		1
532.5		1
532.6		1
532.7		1
532.8		1
532.9		1
533		1
533.1		1
533.2		1
533.3		1
533.4		1
533.5		1
533.6		1
533.7		1
533.8		1
533.9		1
534		1
534.1		1
534.2		1
534.3		1
534.4		1
534.5		1
534.6		1
534.7		1
534.8		1
534.9		1
535		1
535.1		1
535.2		1
535.3		1
535.4		1
535.5		1
535.6		1
535.7		1
535.8		1
535.9		1
536		1
536.1		1
536.2		1
536.3		1
536.4		1
536.5		1
536.6		1
536.7		1
536.8		1
536.9		1
537		1
537.1		1
537.2		1
537.3		1
537.4		1
537.5		1
537.6		1
537.7		1
537.8		1
537.9		1
538		1
538.1		1
538.2		1
538.3		1
538.4		1
538.5		1
538.6		1
538.7		1
538.8		1
538.9		1
539		1
539.1		1
539.2		1
539.3		1
539.4		1
539.5		1
539.6		1
539.7		1
539.8		1
539.9		1
540		1
540.1		1
540.2		1
540.3		1
540.4		1
540.5		1
540.6		1
540.7		1
540.8		1
540.9		1
541		1
541.1		1
541.2		1
541.3		1
541.4		1
541.5		1
541.6		1
541.7		1
541.8		1
541.9		1
542		1
542.1		1
542.2		1
542.3		1
542.4		1
542.5		1
542.6		1
542.7		1
542.8		1
542.9		1
543		1
543.1		1
543.2		1
543.3		1
543.4		1
543.5		1
543.6		1
543.7		1
543.8		1
543.9		1
544		1
544.1		1
544.2		1
544.3		1
544.4		1
544.5		1
544.6		1
544.7		1
544.8		1
544.9		1
545		1
545.1		1
545.2		1
545.3		1
545.4		1
545.5		1
545.6		1
545.7		1
545.8		1
545.9		1
546		1
546.1		1
546.2		1
546.3		1
546.4		1
546.5		1
546.6		1
546.7		1
546.8		1
546.9		1
547		1
547.1		1
547.2		1
547.3		1
547.4		1
547.5		1
547.6		1
547.7		1
547.8		1
547.9		1
548		1
548.1		1
548.2		1
548.3		1
548.4		1
548.5		1
548.6		1
548.7		1
548.8		1
548.9		1
549		1
549.1		1
549.2		1
549.3		1
549.4		1
549.5		1
549.6		1
549.7		1
549.8		1
549.9		1
550		1
550.1		1
550.2		1
550.3		1
550.4		1
550.5		1
550.6		1
550.7		1
550.8		1
550.9		1
551		1
551.1		1
551.2		1
551.3		1
551.4		1
551.5		1
551.6		1
551.7		1
551.8		1
551.9		1
552		1
552.1		1
552.2		1
552.3		1
552.4		1
552.5		1
552.6		1
552.7		1
552.8		1
552.9		1
553		1
553.1		1
553.2		1
553.3		1
553.4		1
553.5		1
553.6		1
553.7		1
553.8		1
553.9		1
554		1
554.1		1
554.2		1
554.3		1
554.4		1
554.5		1
554.6		1
554.7		1
554.8		1
554.9		1
555		1
555.1		1
555.2		1
555.3		1
555.4		1
555.5		1
555.6		1
555.7		1
555.8		1
555.9		1
556		1
556.1		1
556.2		1
556.3		1
556.4		1
556.5		1
556.6		1
556.7		1
556.8		1
556.9		1
557		1
557.1		1
557.2		1
557.3		1
557.4		1
557.5		1
557.6		1
557.7		1
557.8		1
557.9		1
558		1
558.1		1
558.2		1
558.3		1
558.4		1
558.5		1
558.6		1
558.7		1
558.8		1
558.9		1
559		1
559.1		1
559.2		1
559.3		1
559.4		1
559.5		1
559.6		1
559.7		1
559.8		1
559.9		1
560		1
560.1		1
560.2		1
560.3		1
560.4		1
560.5		1
560.6		1
560.7		1
560.8		1
560.9		1
561		1
561.1		1
561.2		1
561.3		1
561.4		1
561.5		1
561.6		1
561.7		1
561.8		1
561.9		1
562		1
562.1		1
562.2		1
562.3		1
562.4		1
562.5		1
562.6		1
562.7		1
562.8		1
562.9		1
563		1
563.1		1
563.2		1
563.3		1
563.4		1
563.5		1
563.6		1
563.7		1
563.8		1
563.9		1
564		1
564.1		1
564.2		1
564.3		1
564.4		1
564.5		1
564.6		1
564.7		1
564.8		1
564.9		1
565		1
565.1		1
565.2		1
565.3		1
565.4		1
565.5		1
565.6		1
565.7		1
565.8		1
565.9		1
566		1
566.1		1
566.2		1
566.3		1
566.4		1
566.5		1
566.6		1
566.7		1
566.8		1
566.9		1
567		1
567.1		1
567.2		1
567.3		1
567.4		1
567.5		1
567.6		1
567.7		1
567.8		1
567.9		1
568		1
568.1		1
568.2		1
568.3		1
568.4		1
568.5		1
568.6		1
568.7		1
568.8		1
568.9		1
569		1
569.1		1
569.2		1
569.3		1
569.4		1
569.5		1
569.6		1
569.7		1
569.8		1
569.9		1
570		1
570.1		1
570.2		1
570.3		1
570.4		1
570.5		1
570.6		1
570.7		1
570.8		1
570.9		1
571		1
571.1		1
571.2		1
571.3		1
571.4		1
571.5		1
571.6		1
571.7		1
571.8		1
571.9		1
572		1
572.1		1
572.2		1
572.3		1
572.4		1
572.5		1
572.6		1
572.7		1
572.8		1
572.9		1
573		1
573.1		1
573.2		1
573.3		1
573.4		1
573.5		1
573.6		1
573.7		1
573.8		1
573.9		1
574		1
574.1		1
574.2		1
574.3		1
574.4		1
574.5		1
574.6		1
574.7		1
574.8		1
574.9		1
575		1
575.1		1
575.2		1
575.3		1
575.4		1
575.5		1
575.6		1
575.7		1
575.8		1
575.9		1
576		1
576.1		1
576.2		1
576.3		1
576.4		1
576.5		1
576.6		1
576.7		1
576.8		1
576.9		1
577		1
577.1		1
577.2		1
577.3		1
577.4		1
577.5		1
577.6		1
577.7		1
577.8		1
577.9		1
578		1
578.1		1
578.2		1
578.3		1
578.4		1
578.5		1
578.6		1
578.7		1
578.8		1
578.9		1
579		1
579.1		1
579.2		1
579.3		1
579.4		1
579.5		1
579.6		1
579.7		1
579.8		1
579.9		1
580		1
580.1		1
580.2		1
580.3		1
580.4		1
580.5		1
580.6		1
580.7		1
580.8		1
580.9		1
581		1
581.1		1
581.2		1
581.3		1
581.4		1
581.5		1
581.6		1
581.7		1
581.8		1
581.9		1
582		1
582.1		1
582.2		1
582.3		1
582.4		1
582.5		1
582.6		1
582.7		1
582.8		1
582.9		1
583		1
583.1		1
583.2		1
583.3		1
583.4		1
583.5		1
583.6		1
583.7		1
583.8		1
583.9		1
584		1
584.1		1
584.2		1
584.3		1
584.4		1
584.5		1
584.6		1
584.7		1
584.8		1
584.9		1
585		1
585.1		1
585.2		1
585.3		1
585.4		1
585.5		1
585.6		1
585.7		1
585.8		1
585.9		1
586		1
586.1		1
586.2		1
586.3		1
586.4		1
586.5		1
586.6		1
586.7		1
586.8		1
586.9		1
587		1
587.1		1
587.2		1
587.3		1
587.4		1
587.5		1
587.6		1
587.7		1
587.8		1
587.9		1
588		1
588.1		1
588.2		1
588.3		1
588.4		1
588.5		1
588.6		1
588.7		1
588.8		1
588.9		1
589		1
589.1		1
589.2		1
589.3		1
589.4		1
589.5		1
589.6		1
589.7		1
589.8		1
589.9		1
590		1
590.1		1
590.2		1
590.3		1
590.4		1
590.5		1
590.6		1
590.7		1
590.8		1
590.9		1
591		1
591.1		1
591.2		1
591.3		1
591.4		1
591.5		1
591.6		1
591.7		1
591.8		1
591.9		1
592		1
592.1		1
592.2		1
592.3		1
592.4		1
592.5		1
592.6		1
592.7		1
592.8		1
592.9		1
593		1
593.1		1
593.2		1
593.3		1
593.4		1
593.5		1
593.6		1
593.7		1
593.8		1
593.9		1
594		1
594.1		1
594.2		1
594.3		1
594.4		1
594.5		1
594.6		1
594.7		1
594.8		1
594.9		1
595		1
595.1		1
595.2		1
595.3		1
595.4		1
595.5		1
595.6		1
595.7		1
595.8		1
595.9		1
596		1
596.1		1
596.2		1
596.3		1
596.4		1
596.5		1
596.6		1
596.7		1
596.8		1
596.9		1
597		1
597.1		1
597.2		1
597.3		1
597.4		1
597.5		1
597.6		1
597.7		1
597.8		1
597.9		1
598		1
598.1		1
598.2		1
598.3		1
598.4		1
598.5		1
598.6		1
598.7		1
598.8		1
598.9		1
599		1
599.1		1
599.2		1
599.3		1
599.4		1
599.5		1
599.6		1
599.7		1
599.8		1
599.9		1
600		1
