# Calibration file of tamex_id 0 @ channel 55
# fine_T bin		 Calibration value
0.1		0
0.2		0
0.3		0
0.4		0
0.5		0
0.6		0
0.7		0
0.8		0
0.9		0
1		0
1.1		0
1.2		0
1.3		0
1.4		0
1.5		0
1.6		0
1.7		0
1.8		0
1.9		0
2		0
2.1		0
2.2		0
2.3		0
2.4		0
2.5		0
2.6		0
2.7		0
2.8		0
2.9		0
3		0
3.1		0
3.2		0
3.3		0
3.4		0
3.5		0
3.6		0
3.7		0
3.8		0
3.9		0
4		0
4.1		0
4.2		0
4.3		0
4.4		0
4.5		0
4.6		0
4.7		0
4.8		0
4.9		0
5		0
5.1		0
5.2		0
5.3		0
5.4		0
5.5		0
5.6		0
5.7		0
5.8		0
5.9		0
6		0
6.1		0
6.2		0
6.3		0
6.4		0
6.5		0
6.6		0
6.7		0
6.8		0
6.9		0
7		0
7.1		0
7.2		0
7.3		0
7.4		0
7.5		0
7.6		0
7.7		0
7.8		0
7.9		0
8		0
8.1		0
8.2		0
8.3		0
8.4		0
8.5		0
8.6		0
8.7		0
8.8		0
8.9		0
9		0
9.1		0
9.2		0
9.3		0
9.4		0
9.5		0
9.6		0
9.7		0
9.8		0
9.9		0
10		0
10.1		0
10.2		0
10.3		0
10.4		0
10.5		0
10.6		0
10.7		0
10.8		0
10.9		0
11		0
11.1		0
11.2		0
11.3		0
11.4		0
11.5		0
11.6		0
11.7		0
11.8		0
11.9		0
12		0
12.1		0
12.2		0
12.3		0
12.4		0
12.5		0
12.6		0
12.7		0
12.8		0
12.9		0
13		0
13.1		0
13.2		0
13.3		0
13.4		0
13.5		0
13.6		0
13.7		0
13.8		0
13.9		0
14		0
14.1		0
14.2		0
14.3		0
14.4		0
14.5		0
14.6		0
14.7		0
14.8		0
14.9		0
15		0
15.1		0
15.2		0
15.3		0
15.4		0
15.5		0
15.6		0
15.7		0
15.8		0
15.9		0
16		0
16.1		0.00757631
16.2		0.00757631
16.3		0.00757631
16.4		0.00757631
16.5		0.00757631
16.6		0.00757631
16.7		0.00757631
16.8		0.00757631
16.9		0.00757631
17		0.00757631
17.1		0.00954798
17.2		0.00954798
17.3		0.00954798
17.4		0.00954798
17.5		0.00954798
17.6		0.00954798
17.7		0.00954798
17.8		0.00954798
17.9		0.00954798
18		0.00954798
18.1		0.0115927
18.2		0.0115927
18.3		0.0115927
18.4		0.0115927
18.5		0.0115927
18.6		0.0115927
18.7		0.0115927
18.8		0.0115927
18.9		0.0115927
19		0.0115927
19.1		0.0122134
19.2		0.0122134
19.3		0.0122134
19.4		0.0122134
19.5		0.0122134
19.6		0.0122134
19.7		0.0122134
19.8		0.0122134
19.9		0.0122134
20		0.0122134
20.1		0.0159924
20.2		0.0159924
20.3		0.0159924
20.4		0.0159924
20.5		0.0159924
20.6		0.0159924
20.7		0.0159924
20.8		0.0159924
20.9		0.0159924
21		0.0159924
21.1		0.0213597
21.2		0.0213597
21.3		0.0213597
21.4		0.0213597
21.5		0.0213597
21.6		0.0213597
21.7		0.0213597
21.8		0.0213597
21.9		0.0213597
22		0.0213597
22.1		0.021524
22.2		0.021524
22.3		0.021524
22.4		0.021524
22.5		0.021524
22.6		0.021524
22.7		0.021524
22.8		0.021524
22.9		0.021524
23		0.021524
23.1		0.0222908
23.2		0.0222908
23.3		0.0222908
23.4		0.0222908
23.5		0.0222908
23.6		0.0222908
23.7		0.0222908
23.8		0.0222908
23.9		0.0222908
24		0.0222908
24.1		0.0260881
24.2		0.0260881
24.3		0.0260881
24.4		0.0260881
24.5		0.0260881
24.6		0.0260881
24.7		0.0260881
24.8		0.0260881
24.9		0.0260881
25		0.0260881
25.1		0.0282971
25.2		0.0282971
25.3		0.0282971
25.4		0.0282971
25.5		0.0282971
25.6		0.0282971
25.7		0.0282971
25.8		0.0282971
25.9		0.0282971
26		0.0282971
26.1		0.0294289
26.2		0.0294289
26.3		0.0294289
26.4		0.0294289
26.5		0.0294289
26.6		0.0294289
26.7		0.0294289
26.8		0.0294289
26.9		0.0294289
27		0.0294289
27.1		0.0333358
27.2		0.0333358
27.3		0.0333358
27.4		0.0333358
27.5		0.0333358
27.6		0.0333358
27.7		0.0333358
27.8		0.0333358
27.9		0.0333358
28		0.0333358
28.1		0.034851
28.2		0.034851
28.3		0.034851
28.4		0.034851
28.5		0.034851
28.6		0.034851
28.7		0.034851
28.8		0.034851
28.9		0.034851
29		0.034851
29.1		0.0356726
29.2		0.0356726
29.3		0.0356726
29.4		0.0356726
29.5		0.0356726
29.6		0.0356726
29.7		0.0356726
29.8		0.0356726
29.9		0.0356726
30		0.0356726
30.1		0.0359829
30.2		0.0359829
30.3		0.0359829
30.4		0.0359829
30.5		0.0359829
30.6		0.0359829
30.7		0.0359829
30.8		0.0359829
30.9		0.0359829
31		0.0359829
31.1		0.039835
31.2		0.039835
31.3		0.039835
31.4		0.039835
31.5		0.039835
31.6		0.039835
31.7		0.039835
31.8		0.039835
31.9		0.039835
32		0.039835
32.1		0.0404922
32.2		0.0404922
32.3		0.0404922
32.4		0.0404922
32.5		0.0404922
32.6		0.0404922
32.7		0.0404922
32.8		0.0404922
32.9		0.0404922
33		0.0404922
33.1		0.0452753
33.2		0.0452753
33.3		0.0452753
33.4		0.0452753
33.5		0.0452753
33.6		0.0452753
33.7		0.0452753
33.8		0.0452753
33.9		0.0452753
34		0.0452753
34.1		0.0464802
34.2		0.0464802
34.3		0.0464802
34.4		0.0464802
34.5		0.0464802
34.6		0.0464802
34.7		0.0464802
34.8		0.0464802
34.9		0.0464802
35		0.0464802
35.1		0.0475573
35.2		0.0475573
35.3		0.0475573
35.4		0.0475573
35.5		0.0475573
35.6		0.0475573
35.7		0.0475573
35.8		0.0475573
35.9		0.0475573
36		0.0475573
36.1		0.0496933
36.2		0.0496933
36.3		0.0496933
36.4		0.0496933
36.5		0.0496933
36.6		0.0496933
36.7		0.0496933
36.8		0.0496933
36.9		0.0496933
37		0.0496933
37.1		0.050241
37.2		0.050241
37.3		0.050241
37.4		0.050241
37.5		0.050241
37.6		0.050241
37.7		0.050241
37.8		0.050241
37.9		0.050241
38		0.050241
38.1		0.0544764
38.2		0.0544764
38.3		0.0544764
38.4		0.0544764
38.5		0.0544764
38.6		0.0544764
38.7		0.0544764
38.8		0.0544764
38.9		0.0544764
39		0.0544764
39.1		0.055444
39.2		0.055444
39.3		0.055444
39.4		0.055444
39.5		0.055444
39.6		0.055444
39.7		0.055444
39.8		0.055444
39.9		0.055444
40		0.055444
40.1		0.0584197
40.2		0.0584197
40.3		0.0584197
40.4		0.0584197
40.5		0.0584197
40.6		0.0584197
40.7		0.0584197
40.8		0.0584197
40.9		0.0584197
41		0.0584197
41.1		0.0600445
41.2		0.0600445
41.3		0.0600445
41.4		0.0600445
41.5		0.0600445
41.6		0.0600445
41.7		0.0600445
41.8		0.0600445
41.9		0.0600445
42		0.0600445
42.1		0.0615598
42.2		0.0615598
42.3		0.0615598
42.4		0.0615598
42.5		0.0615598
42.6		0.0615598
42.7		0.0615598
42.8		0.0615598
42.9		0.0615598
43		0.0615598
43.1		0.0617241
43.2		0.0617241
43.3		0.0617241
43.4		0.0617241
43.5		0.0617241
43.6		0.0617241
43.7		0.0617241
43.8		0.0617241
43.9		0.0617241
44		0.0617241
44.1		0.0654849
44.2		0.0654849
44.3		0.0654849
44.4		0.0654849
44.5		0.0654849
44.6		0.0654849
44.7		0.0654849
44.8		0.0654849
44.9		0.0654849
45		0.0654849
45.1		0.0662882
45.2		0.0662882
45.3		0.0662882
45.4		0.0662882
45.5		0.0662882
45.6		0.0662882
45.7		0.0662882
45.8		0.0662882
45.9		0.0662882
46		0.0662882
46.1		0.0703775
46.2		0.0703775
46.3		0.0703775
46.4		0.0703775
46.5		0.0703775
46.6		0.0703775
46.7		0.0703775
46.8		0.0703775
46.9		0.0703775
47		0.0703775
47.1		0.0718563
47.2		0.0718563
47.3		0.0718563
47.4		0.0718563
47.5		0.0718563
47.6		0.0718563
47.7		0.0718563
47.8		0.0718563
47.9		0.0718563
48		0.0718563
48.1		0.0728239
48.2		0.0728239
48.3		0.0728239
48.4		0.0728239
48.5		0.0728239
48.6		0.0728239
48.7		0.0728239
48.8		0.0728239
48.9		0.0728239
49		0.0728239
49.1		0.0734811
49.2		0.0734811
49.3		0.0734811
49.4		0.0734811
49.5		0.0734811
49.6		0.0734811
49.7		0.0734811
49.8		0.0734811
49.9		0.0734811
50		0.0734811
50.1		0.0799985
50.2		0.0799985
50.3		0.0799985
50.4		0.0799985
50.5		0.0799985
50.6		0.0799985
50.7		0.0799985
50.8		0.0799985
50.9		0.0799985
51		0.0799985
51.1		0.0804367
51.2		0.0804367
51.3		0.0804367
51.4		0.0804367
51.5		0.0804367
51.6		0.0804367
51.7		0.0804367
51.8		0.0804367
51.9		0.0804367
52		0.0804367
52.1		0.0813312
52.2		0.0813312
52.3		0.0813312
52.4		0.0813312
52.5		0.0813312
52.6		0.0813312
52.7		0.0813312
52.8		0.0813312
52.9		0.0813312
53		0.0813312
53.1		0.082737
53.2		0.082737
53.3		0.082737
53.4		0.082737
53.5		0.082737
53.6		0.082737
53.7		0.082737
53.8		0.082737
53.9		0.082737
54		0.082737
54.1		0.0837411
54.2		0.0837411
54.3		0.0837411
54.4		0.0837411
54.5		0.0837411
54.6		0.0837411
54.7		0.0837411
54.8		0.0837411
54.9		0.0837411
55		0.0837411
55.1		0.0856397
55.2		0.0856397
55.3		0.0856397
55.4		0.0856397
55.5		0.0856397
55.6		0.0856397
55.7		0.0856397
55.8		0.0856397
55.9		0.0856397
56		0.0856397
56.1		0.0906419
56.2		0.0906419
56.3		0.0906419
56.4		0.0906419
56.5		0.0906419
56.6		0.0906419
56.7		0.0906419
56.8		0.0906419
56.9		0.0906419
57		0.0906419
57.1		0.0912991
57.2		0.0912991
57.3		0.0912991
57.4		0.0912991
57.5		0.0912991
57.6		0.0912991
57.7		0.0912991
57.8		0.0912991
57.9		0.0912991
58		0.0912991
58.1		0.095279
58.2		0.095279
58.3		0.095279
58.4		0.095279
58.5		0.095279
58.6		0.095279
58.7		0.095279
58.8		0.095279
58.9		0.095279
59		0.095279
59.1		0.095498
59.2		0.095498
59.3		0.095498
59.4		0.095498
59.5		0.095498
59.6		0.095498
59.7		0.095498
59.8		0.095498
59.9		0.095498
60		0.095498
60.1		0.0971593
60.2		0.0971593
60.3		0.0971593
60.4		0.0971593
60.5		0.0971593
60.6		0.0971593
60.7		0.0971593
60.8		0.0971593
60.9		0.0971593
61		0.0971593
61.1		0.0986016
61.2		0.0986016
61.3		0.0986016
61.4		0.0986016
61.5		0.0986016
61.6		0.0986016
61.7		0.0986016
61.8		0.0986016
61.9		0.0986016
62		0.0986016
62.1		0.101869
62.2		0.101869
62.3		0.101869
62.4		0.101869
62.5		0.101869
62.6		0.101869
62.7		0.101869
62.8		0.101869
62.9		0.101869
63		0.101869
63.1		0.104517
63.2		0.104517
63.3		0.104517
63.4		0.104517
63.5		0.104517
63.6		0.104517
63.7		0.104517
63.8		0.104517
63.9		0.104517
64		0.104517
64.1		0.106999
64.2		0.106999
64.3		0.106999
64.4		0.106999
64.5		0.106999
64.6		0.106999
64.7		0.106999
64.8		0.106999
64.9		0.106999
65		0.106999
65.1		0.108004
65.2		0.108004
65.3		0.108004
65.4		0.108004
65.5		0.108004
65.6		0.108004
65.7		0.108004
65.8		0.108004
65.9		0.108004
66		0.108004
66.1		0.110286
66.2		0.110286
66.3		0.110286
66.4		0.110286
66.5		0.110286
66.6		0.110286
66.7		0.110286
66.8		0.110286
66.9		0.110286
67		0.110286
67.1		0.111929
67.2		0.111929
67.3		0.111929
67.4		0.111929
67.5		0.111929
67.6		0.111929
67.7		0.111929
67.8		0.111929
67.9		0.111929
68		0.111929
68.1		0.113626
68.2		0.113626
68.3		0.113626
68.4		0.113626
68.5		0.113626
68.6		0.113626
68.7		0.113626
68.8		0.113626
68.9		0.113626
69		0.113626
69.1		0.117478
69.2		0.117478
69.3		0.117478
69.4		0.117478
69.5		0.117478
69.6		0.117478
69.7		0.117478
69.8		0.117478
69.9		0.117478
70		0.117478
70.1		0.119596
70.2		0.119596
70.3		0.119596
70.4		0.119596
70.5		0.119596
70.6		0.119596
70.7		0.119596
70.8		0.119596
70.9		0.119596
71		0.119596
71.1		0.120874
71.2		0.120874
71.3		0.120874
71.4		0.120874
71.5		0.120874
71.6		0.120874
71.7		0.120874
71.8		0.120874
71.9		0.120874
72		0.120874
72.1		0.126406
72.2		0.126406
72.3		0.126406
72.4		0.126406
72.5		0.126406
72.6		0.126406
72.7		0.126406
72.8		0.126406
72.9		0.126406
73		0.126406
73.1		0.126625
73.2		0.126625
73.3		0.126625
73.4		0.126625
73.5		0.126625
73.6		0.126625
73.7		0.126625
73.8		0.126625
73.9		0.126625
74		0.126625
74.1		0.126972
74.2		0.126972
74.3		0.126972
74.4		0.126972
74.5		0.126972
74.6		0.126972
74.7		0.126972
74.8		0.126972
74.9		0.126972
75		0.126972
75.1		0.132941
75.2		0.132941
75.3		0.132941
75.4		0.132941
75.5		0.132941
75.6		0.132941
75.7		0.132941
75.8		0.132941
75.9		0.132941
76		0.132941
76.1		0.133763
76.2		0.133763
76.3		0.133763
76.4		0.133763
76.5		0.133763
76.6		0.133763
76.7		0.133763
76.8		0.133763
76.9		0.133763
77		0.133763
77.1		0.133909
77.2		0.133909
77.3		0.133909
77.4		0.133909
77.5		0.133909
77.6		0.133909
77.7		0.133909
77.8		0.133909
77.9		0.133909
78		0.133909
78.1		0.136538
78.2		0.136538
78.3		0.136538
78.4		0.136538
78.5		0.136538
78.6		0.136538
78.7		0.136538
78.8		0.136538
78.9		0.136538
79		0.136538
79.1		0.138035
79.2		0.138035
79.3		0.138035
79.4		0.138035
79.5		0.138035
79.6		0.138035
79.7		0.138035
79.8		0.138035
79.9		0.138035
80		0.138035
80.1		0.140883
80.2		0.140883
80.3		0.140883
80.4		0.140883
80.5		0.140883
80.6		0.140883
80.7		0.140883
80.8		0.140883
80.9		0.140883
81		0.140883
81.1		0.142453
81.2		0.142453
81.3		0.142453
81.4		0.142453
81.5		0.142453
81.6		0.142453
81.7		0.142453
81.8		0.142453
81.9		0.142453
82		0.142453
82.1		0.144461
82.2		0.144461
82.3		0.144461
82.4		0.144461
82.5		0.144461
82.6		0.144461
82.7		0.144461
82.8		0.144461
82.9		0.144461
83		0.144461
83.1		0.145922
83.2		0.145922
83.3		0.145922
83.4		0.145922
83.5		0.145922
83.6		0.145922
83.7		0.145922
83.8		0.145922
83.9		0.145922
84		0.145922
84.1		0.149335
84.2		0.149335
84.3		0.149335
84.4		0.149335
84.5		0.149335
84.6		0.149335
84.7		0.149335
84.8		0.149335
84.9		0.149335
85		0.149335
85.1		0.151015
85.2		0.151015
85.3		0.151015
85.4		0.151015
85.5		0.151015
85.6		0.151015
85.7		0.151015
85.8		0.151015
85.9		0.151015
86		0.151015
86.1		0.153096
86.2		0.153096
86.3		0.153096
86.4		0.153096
86.5		0.153096
86.6		0.153096
86.7		0.153096
86.8		0.153096
86.9		0.153096
87		0.153096
87.1		0.154447
87.2		0.154447
87.3		0.154447
87.4		0.154447
87.5		0.154447
87.6		0.154447
87.7		0.154447
87.8		0.154447
87.9		0.154447
88		0.154447
88.1		0.15567
88.2		0.15567
88.3		0.15567
88.4		0.15567
88.5		0.15567
88.6		0.15567
88.7		0.15567
88.8		0.15567
88.9		0.15567
89		0.15567
89.1		0.159176
89.2		0.159176
89.3		0.159176
89.4		0.159176
89.5		0.159176
89.6		0.159176
89.7		0.159176
89.8		0.159176
89.9		0.159176
90		0.159176
90.1		0.160271
90.2		0.160271
90.3		0.160271
90.4		0.160271
90.5		0.160271
90.6		0.160271
90.7		0.160271
90.8		0.160271
90.9		0.160271
91		0.160271
91.1		0.164086
91.2		0.164086
91.3		0.164086
91.4		0.164086
91.5		0.164086
91.6		0.164086
91.7		0.164086
91.8		0.164086
91.9		0.164086
92		0.164086
92.1		0.164233
92.2		0.164233
92.3		0.164233
92.4		0.164233
92.5		0.164233
92.6		0.164233
92.7		0.164233
92.8		0.164233
92.9		0.164233
93		0.164233
93.1		0.165821
93.2		0.165821
93.3		0.165821
93.4		0.165821
93.5		0.165821
93.6		0.165821
93.7		0.165821
93.8		0.165821
93.9		0.165821
94		0.165821
94.1		0.165912
94.2		0.165912
94.3		0.165912
94.4		0.165912
94.5		0.165912
94.6		0.165912
94.7		0.165912
94.8		0.165912
94.9		0.165912
95		0.165912
95.1		0.170951
95.2		0.170951
95.3		0.170951
95.4		0.170951
95.5		0.170951
95.6		0.170951
95.7		0.170951
95.8		0.170951
95.9		0.170951
96		0.170951
96.1		0.171352
96.2		0.171352
96.3		0.171352
96.4		0.171352
96.5		0.171352
96.6		0.171352
96.7		0.171352
96.8		0.171352
96.9		0.171352
97		0.171352
97.1		0.175259
97.2		0.175259
97.3		0.175259
97.4		0.175259
97.5		0.175259
97.6		0.175259
97.7		0.175259
97.8		0.175259
97.9		0.175259
98		0.175259
98.1		0.178326
98.2		0.178326
98.3		0.178326
98.4		0.178326
98.5		0.178326
98.6		0.178326
98.7		0.178326
98.8		0.178326
98.9		0.178326
99		0.178326
99.1		0.180426
99.2		0.180426
99.3		0.180426
99.4		0.180426
99.5		0.180426
99.6		0.180426
99.7		0.180426
99.8		0.180426
99.9		0.180426
100		0.180426
100.1		0.181156
100.2		0.181156
100.3		0.181156
100.4		0.181156
100.5		0.181156
100.6		0.181156
100.7		0.181156
100.8		0.181156
100.9		0.181156
101		0.181156
101.1		0.183949
101.2		0.183949
101.3		0.183949
101.4		0.183949
101.5		0.183949
101.6		0.183949
101.7		0.183949
101.8		0.183949
101.9		0.183949
102		0.183949
102.1		0.187765
102.2		0.187765
102.3		0.187765
102.4		0.187765
102.5		0.187765
102.6		0.187765
102.7		0.187765
102.8		0.187765
102.9		0.187765
103		0.187765
103.1		0.188531
103.2		0.188531
103.3		0.188531
103.4		0.188531
103.5		0.188531
103.6		0.188531
103.7		0.188531
103.8		0.188531
103.9		0.188531
104		0.188531
104.1		0.188659
104.2		0.188659
104.3		0.188659
104.4		0.188659
104.5		0.188659
104.6		0.188659
104.7		0.188659
104.8		0.188659
104.9		0.188659
105		0.188659
105.1		0.192055
105.2		0.192055
105.3		0.192055
105.4		0.192055
105.5		0.192055
105.6		0.192055
105.7		0.192055
105.8		0.192055
105.9		0.192055
106		0.192055
106.1		0.195213
106.2		0.195213
106.3		0.195213
106.4		0.195213
106.5		0.195213
106.6		0.195213
106.7		0.195213
106.8		0.195213
106.9		0.195213
107		0.195213
107.1		0.196418
107.2		0.196418
107.3		0.196418
107.4		0.196418
107.5		0.196418
107.6		0.196418
107.7		0.196418
107.8		0.196418
107.9		0.196418
108		0.196418
108.1		0.199284
108.2		0.199284
108.3		0.199284
108.4		0.199284
108.5		0.199284
108.6		0.199284
108.7		0.199284
108.8		0.199284
108.9		0.199284
109		0.199284
109.1		0.200197
109.2		0.200197
109.3		0.200197
109.4		0.200197
109.5		0.200197
109.6		0.200197
109.7		0.200197
109.8		0.200197
109.9		0.200197
110		0.200197
110.1		0.202242
110.2		0.202242
110.3		0.202242
110.4		0.202242
110.5		0.202242
110.6		0.202242
110.7		0.202242
110.8		0.202242
110.9		0.202242
111		0.202242
111.1		0.206988
111.2		0.206988
111.3		0.206988
111.4		0.206988
111.5		0.206988
111.6		0.206988
111.7		0.206988
111.8		0.206988
111.9		0.206988
112		0.206988
112.1		0.207609
112.2		0.207609
112.3		0.207609
112.4		0.207609
112.5		0.207609
112.6		0.207609
112.7		0.207609
112.8		0.207609
112.9		0.207609
113		0.207609
113.1		0.209033
113.2		0.209033
113.3		0.209033
113.4		0.209033
113.5		0.209033
113.6		0.209033
113.7		0.209033
113.8		0.209033
113.9		0.209033
114		0.209033
114.1		0.213762
114.2		0.213762
114.3		0.213762
114.4		0.213762
114.5		0.213762
114.6		0.213762
114.7		0.213762
114.8		0.213762
114.9		0.213762
115		0.213762
115.1		0.214291
115.2		0.214291
115.3		0.214291
115.4		0.214291
115.5		0.214291
115.6		0.214291
115.7		0.214291
115.8		0.214291
115.9		0.214291
116		0.214291
116.1		0.21608
116.2		0.21608
116.3		0.21608
116.4		0.21608
116.5		0.21608
116.6		0.21608
116.7		0.21608
116.8		0.21608
116.9		0.21608
117		0.21608
117.1		0.218837
117.2		0.218837
117.3		0.218837
117.4		0.218837
117.5		0.218837
117.6		0.218837
117.7		0.218837
117.8		0.218837
117.9		0.218837
118		0.218837
118.1		0.21975
118.2		0.21975
118.3		0.21975
118.4		0.21975
118.5		0.21975
118.6		0.21975
118.7		0.21975
118.8		0.21975
118.9		0.21975
119		0.21975
119.1		0.221082
119.2		0.221082
119.3		0.221082
119.4		0.221082
119.5		0.221082
119.6		0.221082
119.7		0.221082
119.8		0.221082
119.9		0.221082
120		0.221082
120.1		0.22466
120.2		0.22466
120.3		0.22466
120.4		0.22466
120.5		0.22466
120.6		0.22466
120.7		0.22466
120.8		0.22466
120.9		0.22466
121		0.22466
121.1		0.225792
121.2		0.225792
121.3		0.225792
121.4		0.225792
121.5		0.225792
121.6		0.225792
121.7		0.225792
121.8		0.225792
121.9		0.225792
122		0.225792
122.1		0.226011
122.2		0.226011
122.3		0.226011
122.4		0.226011
122.5		0.226011
122.6		0.226011
122.7		0.226011
122.8		0.226011
122.9		0.226011
123		0.226011
123.1		0.230411
123.2		0.230411
123.3		0.230411
123.4		0.230411
123.5		0.230411
123.6		0.230411
123.7		0.230411
123.8		0.230411
123.9		0.230411
124		0.230411
124.1		0.230685
124.2		0.230685
124.3		0.230685
124.4		0.230685
124.5		0.230685
124.6		0.230685
124.7		0.230685
124.8		0.230685
124.9		0.230685
125		0.230685
125.1		0.231233
125.2		0.231233
125.3		0.231233
125.4		0.231233
125.5		0.231233
125.6		0.231233
125.7		0.231233
125.8		0.231233
125.9		0.231233
126		0.231233
126.1		0.235742
126.2		0.235742
126.3		0.235742
126.4		0.235742
126.5		0.235742
126.6		0.235742
126.7		0.235742
126.8		0.235742
126.9		0.235742
127		0.235742
127.1		0.237823
127.2		0.237823
127.3		0.237823
127.4		0.237823
127.5		0.237823
127.6		0.237823
127.7		0.237823
127.8		0.237823
127.9		0.237823
128		0.237823
128.1		0.239521
128.2		0.239521
128.3		0.239521
128.4		0.239521
128.5		0.239521
128.6		0.239521
128.7		0.239521
128.8		0.239521
128.9		0.239521
129		0.239521
129.1		0.242059
129.2		0.242059
129.3		0.242059
129.4		0.242059
129.5		0.242059
129.6		0.242059
129.7		0.242059
129.8		0.242059
129.9		0.242059
130		0.242059
130.1		0.244614
130.2		0.244614
130.3		0.244614
130.4		0.244614
130.5		0.244614
130.6		0.244614
130.7		0.244614
130.8		0.244614
130.9		0.244614
131		0.244614
131.1		0.247408
131.2		0.247408
131.3		0.247408
131.4		0.247408
131.5		0.247408
131.6		0.247408
131.7		0.247408
131.8		0.247408
131.9		0.247408
132		0.247408
132.1		0.250219
132.2		0.250219
132.3		0.250219
132.4		0.250219
132.5		0.250219
132.6		0.250219
132.7		0.250219
132.8		0.250219
132.9		0.250219
133		0.250219
133.1		0.250493
133.2		0.250493
133.3		0.250493
133.4		0.250493
133.5		0.250493
133.6		0.250493
133.7		0.250493
133.8		0.250493
133.9		0.250493
134		0.250493
134.1		0.251807
134.2		0.251807
134.3		0.251807
134.4		0.251807
134.5		0.251807
134.6		0.251807
134.7		0.251807
134.8		0.251807
134.9		0.251807
135		0.251807
135.1		0.255805
135.2		0.255805
135.3		0.255805
135.4		0.255805
135.5		0.255805
135.6		0.255805
135.7		0.255805
135.8		0.255805
135.9		0.255805
136		0.255805
136.1		0.258507
136.2		0.258507
136.3		0.258507
136.4		0.258507
136.5		0.258507
136.6		0.258507
136.7		0.258507
136.8		0.258507
136.9		0.258507
137		0.258507
137.1		0.258672
137.2		0.258672
137.3		0.258672
137.4		0.258672
137.5		0.258672
137.6		0.258672
137.7		0.258672
137.8		0.258672
137.9		0.258672
138		0.258672
138.1		0.259146
138.2		0.259146
138.3		0.259146
138.4		0.259146
138.5		0.259146
138.6		0.259146
138.7		0.259146
138.8		0.259146
138.9		0.259146
139		0.259146
139.1		0.259584
139.2		0.259584
139.3		0.259584
139.4		0.259584
139.5		0.259584
139.6		0.259584
139.7		0.259584
139.8		0.259584
139.9		0.259584
140		0.259584
140.1		0.265007
140.2		0.265007
140.3		0.265007
140.4		0.265007
140.5		0.265007
140.6		0.265007
140.7		0.265007
140.8		0.265007
140.9		0.265007
141		0.265007
141.1		0.266723
141.2		0.266723
141.3		0.266723
141.4		0.266723
141.5		0.266723
141.6		0.266723
141.7		0.266723
141.8		0.266723
141.9		0.266723
142		0.266723
142.1		0.270922
142.2		0.270922
142.3		0.270922
142.4		0.270922
142.5		0.270922
142.6		0.270922
142.7		0.270922
142.8		0.270922
142.9		0.270922
143		0.270922
143.1		0.271122
143.2		0.271122
143.3		0.271122
143.4		0.271122
143.5		0.271122
143.6		0.271122
143.7		0.271122
143.8		0.271122
143.9		0.271122
144		0.271122
144.1		0.271451
144.2		0.271451
144.3		0.271451
144.4		0.271451
144.5		0.271451
144.6		0.271451
144.7		0.271451
144.8		0.271451
144.9		0.271451
145		0.271451
145.1		0.275175
145.2		0.275175
145.3		0.275175
145.4		0.275175
145.5		0.275175
145.6		0.275175
145.7		0.275175
145.8		0.275175
145.9		0.275175
146		0.275175
146.1		0.277676
146.2		0.277676
146.3		0.277676
146.4		0.277676
146.5		0.277676
146.6		0.277676
146.7		0.277676
146.8		0.277676
146.9		0.277676
147		0.277676
147.1		0.277822
147.2		0.277822
147.3		0.277822
147.4		0.277822
147.5		0.277822
147.6		0.277822
147.7		0.277822
147.8		0.277822
147.9		0.277822
148		0.277822
148.1		0.281729
148.2		0.281729
148.3		0.281729
148.4		0.281729
148.5		0.281729
148.6		0.281729
148.7		0.281729
148.8		0.281729
148.9		0.281729
149		0.281729
149.1		0.283518
149.2		0.283518
149.3		0.283518
149.4		0.283518
149.5		0.283518
149.6		0.283518
149.7		0.283518
149.8		0.283518
149.9		0.283518
150		0.283518
150.1		0.286293
150.2		0.286293
150.3		0.286293
150.4		0.286293
150.5		0.286293
150.6		0.286293
150.7		0.286293
150.8		0.286293
150.9		0.286293
151		0.286293
151.1		0.288612
151.2		0.288612
151.3		0.288612
151.4		0.288612
151.5		0.288612
151.6		0.288612
151.7		0.288612
151.8		0.288612
151.9		0.288612
152		0.288612
152.1		0.289634
152.2		0.289634
152.3		0.289634
152.4		0.289634
152.5		0.289634
152.6		0.289634
152.7		0.289634
152.8		0.289634
152.9		0.289634
153		0.289634
153.1		0.293559
153.2		0.293559
153.3		0.293559
153.4		0.293559
153.5		0.293559
153.6		0.293559
153.7		0.293559
153.8		0.293559
153.9		0.293559
154		0.293559
154.1		0.293742
154.2		0.293742
154.3		0.293742
154.4		0.293742
154.5		0.293742
154.6		0.293742
154.7		0.293742
154.8		0.293742
154.9		0.293742
155		0.293742
155.1		0.293797
155.2		0.293797
155.3		0.293797
155.4		0.293797
155.5		0.293797
155.6		0.293797
155.7		0.293797
155.8		0.293797
155.9		0.293797
156		0.293797
156.1		0.299547
156.2		0.299547
156.3		0.299547
156.4		0.299547
156.5		0.299547
156.6		0.299547
156.7		0.299547
156.8		0.299547
156.9		0.299547
157		0.299547
157.1		0.300953
157.2		0.300953
157.3		0.300953
157.4		0.300953
157.5		0.300953
157.6		0.300953
157.7		0.300953
157.8		0.300953
157.9		0.300953
158		0.300953
158.1		0.301336
158.2		0.301336
158.3		0.301336
158.4		0.301336
158.5		0.301336
158.6		0.301336
158.7		0.301336
158.8		0.301336
158.9		0.301336
159		0.301336
159.1		0.304349
159.2		0.304349
159.3		0.304349
159.4		0.304349
159.5		0.304349
159.6		0.304349
159.7		0.304349
159.8		0.304349
159.9		0.304349
160		0.304349
160.1		0.304823
160.2		0.304823
160.3		0.304823
160.4		0.304823
160.5		0.304823
160.6		0.304823
160.7		0.304823
160.8		0.304823
160.9		0.304823
161		0.304823
161.1		0.30716
161.2		0.30716
161.3		0.30716
161.4		0.30716
161.5		0.30716
161.6		0.30716
161.7		0.30716
161.8		0.30716
161.9		0.30716
162		0.30716
162.1		0.312874
162.2		0.312874
162.3		0.312874
162.4		0.312874
162.5		0.312874
162.6		0.312874
162.7		0.312874
162.8		0.312874
162.9		0.312874
163		0.312874
163.1		0.31439
163.2		0.31439
163.3		0.31439
163.4		0.31439
163.5		0.31439
163.6		0.31439
163.7		0.31439
163.8		0.31439
163.9		0.31439
164		0.31439
164.1		0.315284
164.2		0.315284
164.3		0.315284
164.4		0.315284
164.5		0.315284
164.6		0.315284
164.7		0.315284
164.8		0.315284
164.9		0.315284
165		0.315284
165.1		0.32056
165.2		0.32056
165.3		0.32056
165.4		0.32056
165.5		0.32056
165.6		0.32056
165.7		0.32056
165.8		0.32056
165.9		0.32056
166		0.32056
166.1		0.320743
166.2		0.320743
166.3		0.320743
166.4		0.320743
166.5		0.320743
166.6		0.320743
166.7		0.320743
166.8		0.320743
166.9		0.320743
167		0.320743
167.1		0.322568
167.2		0.322568
167.3		0.322568
167.4		0.322568
167.5		0.322568
167.6		0.322568
167.7		0.322568
167.8		0.322568
167.9		0.322568
168		0.322568
168.1		0.325015
168.2		0.325015
168.3		0.325015
168.4		0.325015
168.5		0.325015
168.6		0.325015
168.7		0.325015
168.8		0.325015
168.9		0.325015
169		0.325015
169.1		0.327351
169.2		0.327351
169.3		0.327351
169.4		0.327351
169.5		0.327351
169.6		0.327351
169.7		0.327351
169.8		0.327351
169.9		0.327351
170		0.327351
170.1		0.327351
170.2		0.327351
170.3		0.327351
170.4		0.327351
170.5		0.327351
170.6		0.327351
170.7		0.327351
170.8		0.327351
170.9		0.327351
171		0.327351
171.1		0.330911
171.2		0.330911
171.3		0.330911
171.4		0.330911
171.5		0.330911
171.6		0.330911
171.7		0.330911
171.8		0.330911
171.9		0.330911
172		0.330911
172.1		0.331769
172.2		0.331769
172.3		0.331769
172.4		0.331769
172.5		0.331769
172.6		0.331769
172.7		0.331769
172.8		0.331769
172.9		0.331769
173		0.331769
173.1		0.333358
173.2		0.333358
173.3		0.333358
173.4		0.333358
173.5		0.333358
173.6		0.333358
173.7		0.333358
173.8		0.333358
173.9		0.333358
174		0.333358
174.1		0.335767
174.2		0.335767
174.3		0.335767
174.4		0.335767
174.5		0.335767
174.6		0.335767
174.7		0.335767
174.8		0.335767
174.9		0.335767
175		0.335767
175.1		0.336662
175.2		0.336662
175.3		0.336662
175.4		0.336662
175.5		0.336662
175.6		0.336662
175.7		0.336662
175.8		0.336662
175.9		0.336662
176		0.336662
176.1		0.339273
176.2		0.339273
176.3		0.339273
176.4		0.339273
176.5		0.339273
176.6		0.339273
176.7		0.339273
176.8		0.339273
176.9		0.339273
177		0.339273
177.1		0.340952
177.2		0.340952
177.3		0.340952
177.4		0.340952
177.5		0.340952
177.6		0.340952
177.7		0.340952
177.8		0.340952
177.9		0.340952
178		0.340952
178.1		0.342559
178.2		0.342559
178.3		0.342559
178.4		0.342559
178.5		0.342559
178.6		0.342559
178.7		0.342559
178.8		0.342559
178.9		0.342559
179		0.342559
179.1		0.345699
179.2		0.345699
179.3		0.345699
179.4		0.345699
179.5		0.345699
179.6		0.345699
179.7		0.345699
179.8		0.345699
179.9		0.345699
180		0.345699
180.1		0.347415
180.2		0.347415
180.3		0.347415
180.4		0.347415
180.5		0.347415
180.6		0.347415
180.7		0.347415
180.8		0.347415
180.9		0.347415
181		0.347415
181.1		0.350865
181.2		0.350865
181.3		0.350865
181.4		0.350865
181.5		0.350865
181.6		0.350865
181.7		0.350865
181.8		0.350865
181.9		0.350865
182		0.350865
182.1		0.35176
182.2		0.35176
182.3		0.35176
182.4		0.35176
182.5		0.35176
182.6		0.35176
182.7		0.35176
182.8		0.35176
182.9		0.35176
183		0.35176
183.1		0.352435
183.2		0.352435
183.3		0.352435
183.4		0.352435
183.5		0.352435
183.6		0.352435
183.7		0.352435
183.8		0.352435
183.9		0.352435
184		0.352435
184.1		0.352563
184.2		0.352563
184.3		0.352563
184.4		0.352563
184.5		0.352563
184.6		0.352563
184.7		0.352563
184.8		0.352563
184.9		0.352563
185		0.352563
185.1		0.358095
185.2		0.358095
185.3		0.358095
185.4		0.358095
185.5		0.358095
185.6		0.358095
185.7		0.358095
185.8		0.358095
185.9		0.358095
186		0.358095
186.1		0.358843
186.2		0.358843
186.3		0.358843
186.4		0.358843
186.5		0.358843
186.6		0.358843
186.7		0.358843
186.8		0.358843
186.9		0.358843
187		0.358843
187.1		0.365069
187.2		0.365069
187.3		0.365069
187.4		0.365069
187.5		0.365069
187.6		0.365069
187.7		0.365069
187.8		0.365069
187.9		0.365069
188		0.365069
188.1		0.365616
188.2		0.365616
188.3		0.365616
188.4		0.365616
188.5		0.365616
188.6		0.365616
188.7		0.365616
188.8		0.365616
188.9		0.365616
189		0.365616
189.1		0.365781
189.2		0.365781
189.3		0.365781
189.4		0.365781
189.5		0.365781
189.6		0.365781
189.7		0.365781
189.8		0.365781
189.9		0.365781
190		0.365781
190.1		0.367862
190.2		0.367862
190.3		0.367862
190.4		0.367862
190.5		0.367862
190.6		0.367862
190.7		0.367862
190.8		0.367862
190.9		0.367862
191		0.367862
191.1		0.36987
191.2		0.36987
191.3		0.36987
191.4		0.36987
191.5		0.36987
191.6		0.36987
191.7		0.36987
191.8		0.36987
191.9		0.36987
192		0.36987
192.1		0.372828
192.2		0.372828
192.3		0.372828
192.4		0.372828
192.5		0.372828
192.6		0.372828
192.7		0.372828
192.8		0.372828
192.9		0.372828
193		0.372828
193.1		0.374124
193.2		0.374124
193.3		0.374124
193.4		0.374124
193.5		0.374124
193.6		0.374124
193.7		0.374124
193.8		0.374124
193.9		0.374124
194		0.374124
194.1		0.376844
194.2		0.376844
194.3		0.376844
194.4		0.376844
194.5		0.376844
194.6		0.376844
194.7		0.376844
194.8		0.376844
194.9		0.376844
195		0.376844
195.1		0.379893
195.2		0.379893
195.3		0.379893
195.4		0.379893
195.5		0.379893
195.6		0.379893
195.7		0.379893
195.8		0.379893
195.9		0.379893
196		0.379893
196.1		0.380568
196.2		0.380568
196.3		0.380568
196.4		0.380568
196.5		0.380568
196.6		0.380568
196.7		0.380568
196.8		0.380568
196.9		0.380568
197		0.380568
197.1		0.381463
197.2		0.381463
197.3		0.381463
197.4		0.381463
197.5		0.381463
197.6		0.381463
197.7		0.381463
197.8		0.381463
197.9		0.381463
198		0.381463
198.1		0.384712
198.2		0.384712
198.3		0.384712
198.4		0.384712
198.5		0.384712
198.6		0.384712
198.7		0.384712
198.8		0.384712
198.9		0.384712
199		0.384712
199.1		0.38526
199.2		0.38526
199.3		0.38526
199.4		0.38526
199.5		0.38526
199.6		0.38526
199.7		0.38526
199.8		0.38526
199.9		0.38526
200		0.38526
200.1		0.386867
200.2		0.386867
200.3		0.386867
200.4		0.386867
200.5		0.386867
200.6		0.386867
200.7		0.386867
200.8		0.386867
200.9		0.386867
201		0.386867
201.1		0.390938
201.2		0.390938
201.3		0.390938
201.4		0.390938
201.5		0.390938
201.6		0.390938
201.7		0.390938
201.8		0.390938
201.9		0.390938
202		0.390938
202.1		0.392855
202.2		0.392855
202.3		0.392855
202.4		0.392855
202.5		0.392855
202.6		0.392855
202.7		0.392855
202.8		0.392855
202.9		0.392855
203		0.392855
203.1		0.395903
203.2		0.395903
203.3		0.395903
203.4		0.395903
203.5		0.395903
203.6		0.395903
203.7		0.395903
203.8		0.395903
203.9		0.395903
204		0.395903
204.1		0.399281
204.2		0.399281
204.3		0.399281
204.4		0.399281
204.5		0.399281
204.6		0.399281
204.7		0.399281
204.8		0.399281
204.9		0.399281
205		0.399281
205.1		0.399737
205.2		0.399737
205.3		0.399737
205.4		0.399737
205.5		0.399737
205.6		0.399737
205.7		0.399737
205.8		0.399737
205.9		0.399737
206		0.399737
206.1		0.404502
206.2		0.404502
206.3		0.404502
206.4		0.404502
206.5		0.404502
206.6		0.404502
206.7		0.404502
206.8		0.404502
206.9		0.404502
207		0.404502
207.1		0.404922
207.2		0.404922
207.3		0.404922
207.4		0.404922
207.5		0.404922
207.6		0.404922
207.7		0.404922
207.8		0.404922
207.9		0.404922
208		0.404922
208.1		0.406802
208.2		0.406802
208.3		0.406802
208.4		0.406802
208.5		0.406802
208.6		0.406802
208.7		0.406802
208.8		0.406802
208.9		0.406802
209		0.406802
209.1		0.409559
209.2		0.409559
209.3		0.409559
209.4		0.409559
209.5		0.409559
209.6		0.409559
209.7		0.409559
209.8		0.409559
209.9		0.409559
210		0.409559
210.1		0.409942
210.2		0.409942
210.3		0.409942
210.4		0.409942
210.5		0.409942
210.6		0.409942
210.7		0.409942
210.8		0.409942
210.9		0.409942
211		0.409942
211.1		0.41279
211.2		0.41279
211.3		0.41279
211.4		0.41279
211.5		0.41279
211.6		0.41279
211.7		0.41279
211.8		0.41279
211.9		0.41279
212		0.41279
212.1		0.413849
212.2		0.413849
212.3		0.413849
212.4		0.413849
212.5		0.413849
212.6		0.413849
212.7		0.413849
212.8		0.413849
212.9		0.413849
213		0.413849
213.1		0.414744
213.2		0.414744
213.3		0.414744
213.4		0.414744
213.5		0.414744
213.6		0.414744
213.7		0.414744
213.8		0.414744
213.9		0.414744
214		0.414744
214.1		0.420713
214.2		0.420713
214.3		0.420713
214.4		0.420713
214.5		0.420713
214.6		0.420713
214.7		0.420713
214.8		0.420713
214.9		0.420713
215		0.420713
215.1		0.421663
215.2		0.421663
215.3		0.421663
215.4		0.421663
215.5		0.421663
215.6		0.421663
215.7		0.421663
215.8		0.421663
215.9		0.421663
216		0.421663
216.1		0.422229
216.2		0.422229
216.3		0.422229
216.4		0.422229
216.5		0.422229
216.6		0.422229
216.7		0.422229
216.8		0.422229
216.9		0.422229
217		0.422229
217.1		0.425296
217.2		0.425296
217.3		0.425296
217.4		0.425296
217.5		0.425296
217.6		0.425296
217.7		0.425296
217.8		0.425296
217.9		0.425296
218		0.425296
218.1		0.426756
218.2		0.426756
218.3		0.426756
218.4		0.426756
218.5		0.426756
218.6		0.426756
218.7		0.426756
218.8		0.426756
218.9		0.426756
219		0.426756
219.1		0.429842
219.2		0.429842
219.3		0.429842
219.4		0.429842
219.5		0.429842
219.6		0.429842
219.7		0.429842
219.8		0.429842
219.9		0.429842
220		0.429842
220.1		0.432489
220.2		0.432489
220.3		0.432489
220.4		0.432489
220.5		0.432489
220.6		0.432489
220.7		0.432489
220.8		0.432489
220.9		0.432489
221		0.432489
221.1		0.433584
221.2		0.433584
221.3		0.433584
221.4		0.433584
221.5		0.433584
221.6		0.433584
221.7		0.433584
221.8		0.433584
221.9		0.433584
222		0.433584
222.1		0.433858
222.2		0.433858
222.3		0.433858
222.4		0.433858
222.5		0.433858
222.6		0.433858
222.7		0.433858
222.8		0.433858
222.9		0.433858
223		0.433858
223.1		0.435738
223.2		0.435738
223.3		0.435738
223.4		0.435738
223.5		0.435738
223.6		0.435738
223.7		0.435738
223.8		0.435738
223.9		0.435738
224		0.435738
224.1		0.439627
224.2		0.439627
224.3		0.439627
224.4		0.439627
224.5		0.439627
224.6		0.439627
224.7		0.439627
224.8		0.439627
224.9		0.439627
225		0.439627
225.1		0.44158
225.2		0.44158
225.3		0.44158
225.4		0.44158
225.5		0.44158
225.6		0.44158
225.7		0.44158
225.8		0.44158
225.9		0.44158
226		0.44158
226.1		0.44567
226.2		0.44567
226.3		0.44567
226.4		0.44567
226.5		0.44567
226.6		0.44567
226.7		0.44567
226.8		0.44567
226.9		0.44567
227		0.44567
227.1		0.445889
227.2		0.445889
227.3		0.445889
227.4		0.445889
227.5		0.445889
227.6		0.445889
227.7		0.445889
227.8		0.445889
227.9		0.445889
228		0.445889
228.1		0.446582
228.2		0.446582
228.3		0.446582
228.4		0.446582
228.5		0.446582
228.6		0.446582
228.7		0.446582
228.8		0.446582
228.9		0.446582
229		0.446582
229.1		0.447367
229.2		0.447367
229.3		0.447367
229.4		0.447367
229.5		0.447367
229.6		0.447367
229.7		0.447367
229.8		0.447367
229.9		0.447367
230		0.447367
230.1		0.451585
230.2		0.451585
230.3		0.451585
230.4		0.451585
230.5		0.451585
230.6		0.451585
230.7		0.451585
230.8		0.451585
230.9		0.451585
231		0.451585
231.1		0.453538
231.2		0.453538
231.3		0.453538
231.4		0.453538
231.5		0.453538
231.6		0.453538
231.7		0.453538
231.8		0.453538
231.9		0.453538
232		0.453538
232.1		0.456112
232.2		0.456112
232.3		0.456112
232.4		0.456112
232.5		0.456112
232.6		0.456112
232.7		0.456112
232.8		0.456112
232.9		0.456112
233		0.456112
233.1		0.45613
233.2		0.45613
233.3		0.45613
233.4		0.45613
233.5		0.45613
233.6		0.45613
233.7		0.45613
233.8		0.45613
233.9		0.45613
234		0.45613
234.1		0.457719
234.2		0.457719
234.3		0.457719
234.4		0.457719
234.5		0.457719
234.6		0.457719
234.7		0.457719
234.8		0.457719
234.9		0.457719
235		0.457719
235.1		0.460512
235.2		0.460512
235.3		0.460512
235.4		0.460512
235.5		0.460512
235.6		0.460512
235.7		0.460512
235.8		0.460512
235.9		0.460512
236		0.460512
236.1		0.462411
236.2		0.462411
236.3		0.462411
236.4		0.462411
236.5		0.462411
236.6		0.462411
236.7		0.462411
236.8		0.462411
236.9		0.462411
237		0.462411
237.1		0.465204
237.2		0.465204
237.3		0.465204
237.4		0.465204
237.5		0.465204
237.6		0.465204
237.7		0.465204
237.8		0.465204
237.9		0.465204
238		0.465204
238.1		0.46723
238.2		0.46723
238.3		0.46723
238.4		0.46723
238.5		0.46723
238.6		0.46723
238.7		0.46723
238.8		0.46723
238.9		0.46723
239		0.46723
239.1		0.468198
239.2		0.468198
239.3		0.468198
239.4		0.468198
239.5		0.468198
239.6		0.468198
239.7		0.468198
239.8		0.468198
239.9		0.468198
240		0.468198
240.1		0.470808
240.2		0.470808
240.3		0.470808
240.4		0.470808
240.5		0.470808
240.6		0.470808
240.7		0.470808
240.8		0.470808
240.9		0.470808
241		0.470808
241.1		0.472744
241.2		0.472744
241.3		0.472744
241.4		0.472744
241.5		0.472744
241.6		0.472744
241.7		0.472744
241.8		0.472744
241.9		0.472744
242		0.472744
242.1		0.473109
242.2		0.473109
242.3		0.473109
242.4		0.473109
242.5		0.473109
242.6		0.473109
242.7		0.473109
242.8		0.473109
242.9		0.473109
243		0.473109
243.1		0.478732
243.2		0.478732
243.3		0.478732
243.4		0.478732
243.5		0.478732
243.6		0.478732
243.7		0.478732
243.8		0.478732
243.9		0.478732
244		0.478732
244.1		0.479663
244.2		0.479663
244.3		0.479663
244.4		0.479663
244.5		0.479663
244.6		0.479663
244.7		0.479663
244.8		0.479663
244.9		0.479663
245		0.479663
245.1		0.480064
245.2		0.480064
245.3		0.480064
245.4		0.480064
245.5		0.480064
245.6		0.480064
245.7		0.480064
245.8		0.480064
245.9		0.480064
246		0.480064
246.1		0.48346
246.2		0.48346
246.3		0.48346
246.4		0.48346
246.5		0.48346
246.6		0.48346
246.7		0.48346
246.8		0.48346
246.9		0.48346
247		0.48346
247.1		0.485742
247.2		0.485742
247.3		0.485742
247.4		0.485742
247.5		0.485742
247.6		0.485742
247.7		0.485742
247.8		0.485742
247.9		0.485742
248		0.485742
248.1		0.486144
248.2		0.486144
248.3		0.486144
248.4		0.486144
248.5		0.486144
248.6		0.486144
248.7		0.486144
248.8		0.486144
248.9		0.486144
249		0.486144
249.1		0.490525
249.2		0.490525
249.3		0.490525
249.4		0.490525
249.5		0.490525
249.6		0.490525
249.7		0.490525
249.8		0.490525
249.9		0.490525
250		0.490525
250.1		0.492679
250.2		0.492679
250.3		0.492679
250.4		0.492679
250.5		0.492679
250.6		0.492679
250.7		0.492679
250.8		0.492679
250.9		0.492679
251		0.492679
251.1		0.492953
251.2		0.492953
251.3		0.492953
251.4		0.492953
251.5		0.492953
251.6		0.492953
251.7		0.492953
251.8		0.492953
251.9		0.492953
252		0.492953
252.1		0.498083
252.2		0.498083
252.3		0.498083
252.4		0.498083
252.5		0.498083
252.6		0.498083
252.7		0.498083
252.8		0.498083
252.9		0.498083
253		0.498083
253.1		0.498466
253.2		0.498466
253.3		0.498466
253.4		0.498466
253.5		0.498466
253.6		0.498466
253.7		0.498466
253.8		0.498466
253.9		0.498466
254		0.498466
254.1		0.498686
254.2		0.498686
254.3		0.498686
254.4		0.498686
254.5		0.498686
254.6		0.498686
254.7		0.498686
254.8		0.498686
254.9		0.498686
255		0.498686
255.1		0.502556
255.2		0.502556
255.3		0.502556
255.4		0.502556
255.5		0.502556
255.6		0.502556
255.7		0.502556
255.8		0.502556
255.9		0.502556
256		0.502556
256.1		0.504674
256.2		0.504674
256.3		0.504674
256.4		0.504674
256.5		0.504674
256.6		0.504674
256.7		0.504674
256.8		0.504674
256.9		0.504674
257		0.504674
257.1		0.505751
257.2		0.505751
257.3		0.505751
257.4		0.505751
257.5		0.505751
257.6		0.505751
257.7		0.505751
257.8		0.505751
257.9		0.505751
258		0.505751
258.1		0.508526
258.2		0.508526
258.3		0.508526
258.4		0.508526
258.5		0.508526
258.6		0.508526
258.7		0.508526
258.8		0.508526
258.9		0.508526
259		0.508526
259.1		0.511629
259.2		0.511629
259.3		0.511629
259.4		0.511629
259.5		0.511629
259.6		0.511629
259.7		0.511629
259.8		0.511629
259.9		0.511629
260		0.511629
260.1		0.515043
260.2		0.515043
260.3		0.515043
260.4		0.515043
260.5		0.515043
260.6		0.515043
260.7		0.515043
260.8		0.515043
260.9		0.515043
261		0.515043
261.1		0.515518
261.2		0.515518
261.3		0.515518
261.4		0.515518
261.5		0.515518
261.6		0.515518
261.7		0.515518
261.8		0.515518
261.9		0.515518
262		0.515518
262.1		0.51623
262.2		0.51623
262.3		0.51623
262.4		0.51623
262.5		0.51623
262.6		0.51623
262.7		0.51623
262.8		0.51623
262.9		0.51623
263		0.51623
263.1		0.516412
263.2		0.516412
263.3		0.516412
263.4		0.516412
263.5		0.516412
263.6		0.516412
263.7		0.516412
263.8		0.516412
263.9		0.516412
264		0.516412
264.1		0.521469
264.2		0.521469
264.3		0.521469
264.4		0.521469
264.5		0.521469
264.6		0.521469
264.7		0.521469
264.8		0.521469
264.9		0.521469
265		0.521469
265.1		0.525321
265.2		0.525321
265.3		0.525321
265.4		0.525321
265.5		0.525321
265.6		0.525321
265.7		0.525321
265.8		0.525321
265.9		0.525321
266		0.525321
266.1		0.525851
266.2		0.525851
266.3		0.525851
266.4		0.525851
266.5		0.525851
266.6		0.525851
266.7		0.525851
266.8		0.525851
266.9		0.525851
267		0.525851
267.1		0.52691
267.2		0.52691
267.3		0.52691
267.4		0.52691
267.5		0.52691
267.6		0.52691
267.7		0.52691
267.8		0.52691
267.9		0.52691
268		0.52691
268.1		0.527804
268.2		0.527804
268.3		0.527804
268.4		0.527804
268.5		0.527804
268.6		0.527804
268.7		0.527804
268.8		0.527804
268.9		0.527804
269		0.527804
269.1		0.534376
269.2		0.534376
269.3		0.534376
269.4		0.534376
269.5		0.534376
269.6		0.534376
269.7		0.534376
269.8		0.534376
269.9		0.534376
270		0.534376
270.1		0.534614
270.2		0.534614
270.3		0.534614
270.4		0.534614
270.5		0.534614
270.6		0.534614
270.7		0.534614
270.8		0.534614
270.9		0.534614
271		0.534614
271.1		0.53832
271.2		0.53832
271.3		0.53832
271.4		0.53832
271.5		0.53832
271.6		0.53832
271.7		0.53832
271.8		0.53832
271.9		0.53832
272		0.53832
272.1		0.539488
272.2		0.539488
272.3		0.539488
272.4		0.539488
272.5		0.539488
272.6		0.539488
272.7		0.539488
272.8		0.539488
272.9		0.539488
273		0.539488
273.1		0.539598
273.2		0.539598
273.3		0.539598
273.4		0.539598
273.5		0.539598
273.6		0.539598
273.7		0.539598
273.8		0.539598
273.9		0.539598
274		0.539598
274.1		0.542573
274.2		0.542573
274.3		0.542573
274.4		0.542573
274.5		0.542573
274.6		0.542573
274.7		0.542573
274.8		0.542573
274.9		0.542573
275		0.542573
275.1		0.543577
275.2		0.543577
275.3		0.543577
275.4		0.543577
275.5		0.543577
275.6		0.543577
275.7		0.543577
275.8		0.543577
275.9		0.543577
276		0.543577
276.1		0.546097
276.2		0.546097
276.3		0.546097
276.4		0.546097
276.5		0.546097
276.6		0.546097
276.7		0.546097
276.8		0.546097
276.9		0.546097
277		0.546097
277.1		0.549602
277.2		0.549602
277.3		0.549602
277.4		0.549602
277.5		0.549602
277.6		0.549602
277.7		0.549602
277.8		0.549602
277.9		0.549602
278		0.549602
278.1		0.549839
278.2		0.549839
278.3		0.549839
278.4		0.549839
278.5		0.549839
278.6		0.549839
278.7		0.549839
278.8		0.549839
278.9		0.549839
279		0.549839
279.1		0.552395
279.2		0.552395
279.3		0.552395
279.4		0.552395
279.5		0.552395
279.6		0.552395
279.7		0.552395
279.8		0.552395
279.9		0.552395
280		0.552395
280.1		0.55371
280.2		0.55371
280.3		0.55371
280.4		0.55371
280.5		0.55371
280.6		0.55371
280.7		0.55371
280.8		0.55371
280.9		0.55371
281		0.55371
281.1		0.553856
281.2		0.553856
281.3		0.553856
281.4		0.553856
281.5		0.553856
281.6		0.553856
281.7		0.553856
281.8		0.553856
281.9		0.553856
282		0.553856
282.1		0.561304
282.2		0.561304
282.3		0.561304
282.4		0.561304
282.5		0.561304
282.6		0.561304
282.7		0.561304
282.8		0.561304
282.9		0.561304
283		0.561304
283.1		0.561724
283.2		0.561724
283.3		0.561724
283.4		0.561724
283.5		0.561724
283.6		0.561724
283.7		0.561724
283.8		0.561724
283.9		0.561724
284		0.561724
284.1		0.564207
284.2		0.564207
284.3		0.564207
284.4		0.564207
284.5		0.564207
284.6		0.564207
284.7		0.564207
284.8		0.564207
284.9		0.564207
285		0.564207
285.1		0.566544
285.2		0.566544
285.3		0.566544
285.4		0.566544
285.5		0.566544
285.6		0.566544
285.7		0.566544
285.8		0.566544
285.9		0.566544
286		0.566544
286.1		0.570031
286.2		0.570031
286.3		0.570031
286.4		0.570031
286.5		0.570031
286.6		0.570031
286.7		0.570031
286.8		0.570031
286.9		0.570031
287		0.570031
287.1		0.570834
287.2		0.570834
287.3		0.570834
287.4		0.570834
287.5		0.570834
287.6		0.570834
287.7		0.570834
287.8		0.570834
287.9		0.570834
288		0.570834
288.1		0.573226
288.2		0.573226
288.3		0.573226
288.4		0.573226
288.5		0.573226
288.6		0.573226
288.7		0.573226
288.8		0.573226
288.9		0.573226
289		0.573226
289.1		0.578228
289.2		0.578228
289.3		0.578228
289.4		0.578228
289.5		0.578228
289.6		0.578228
289.7		0.578228
289.8		0.578228
289.9		0.578228
290		0.578228
290.1		0.579067
290.2		0.579067
290.3		0.579067
290.4		0.579067
290.5		0.579067
290.6		0.579067
290.7		0.579067
290.8		0.579067
290.9		0.579067
291		0.579067
291.1		0.579305
291.2		0.579305
291.3		0.579305
291.4		0.579305
291.5		0.579305
291.6		0.579305
291.7		0.579305
291.8		0.579305
291.9		0.579305
292		0.579305
292.1		0.579323
292.2		0.579323
292.3		0.579323
292.4		0.579323
292.5		0.579323
292.6		0.579323
292.7		0.579323
292.8		0.579323
292.9		0.579323
293		0.579323
293.1		0.579378
293.2		0.579378
293.3		0.579378
293.4		0.579378
293.5		0.579378
293.6		0.579378
293.7		0.579378
293.8		0.579378
293.9		0.579378
294		0.579378
294.1		0.579414
294.2		0.579414
294.3		0.579414
294.4		0.579414
294.5		0.579414
294.6		0.579414
294.7		0.579414
294.8		0.579414
294.9		0.579414
295		0.579414
295.1		0.586352
295.2		0.586352
295.3		0.586352
295.4		0.586352
295.5		0.586352
295.6		0.586352
295.7		0.586352
295.8		0.586352
295.9		0.586352
296		0.586352
296.1		0.587447
296.2		0.587447
296.3		0.587447
296.4		0.587447
296.5		0.587447
296.6		0.587447
296.7		0.587447
296.8		0.587447
296.9		0.587447
297		0.587447
297.1		0.589966
297.2		0.589966
297.3		0.589966
297.4		0.589966
297.5		0.589966
297.6		0.589966
297.7		0.589966
297.8		0.589966
297.9		0.589966
298		0.589966
298.1		0.590039
298.2		0.590039
298.3		0.590039
298.4		0.590039
298.5		0.590039
298.6		0.590039
298.7		0.590039
298.8		0.590039
298.9		0.590039
299		0.590039
299.1		0.590952
299.2		0.590952
299.3		0.590952
299.4		0.590952
299.5		0.590952
299.6		0.590952
299.7		0.590952
299.8		0.590952
299.9		0.590952
300		0.590952
300.1		0.591482
300.2		0.591482
300.3		0.591482
300.4		0.591482
300.5		0.591482
300.6		0.591482
300.7		0.591482
300.8		0.591482
300.9		0.591482
301		0.591482
301.1		0.593106
301.2		0.593106
301.3		0.593106
301.4		0.593106
301.5		0.593106
301.6		0.593106
301.7		0.593106
301.8		0.593106
301.9		0.593106
302		0.593106
302.1		0.594877
302.2		0.594877
302.3		0.594877
302.4		0.594877
302.5		0.594877
302.6		0.594877
302.7		0.594877
302.8		0.594877
302.9		0.594877
303		0.594877
303.1		0.59778
303.2		0.59778
303.3		0.59778
303.4		0.59778
303.5		0.59778
303.6		0.59778
303.7		0.59778
303.8		0.59778
303.9		0.59778
304		0.59778
304.1		0.602399
304.2		0.602399
304.3		0.602399
304.4		0.602399
304.5		0.602399
304.6		0.602399
304.7		0.602399
304.8		0.602399
304.9		0.602399
305		0.602399
305.1		0.602636
305.2		0.602636
305.3		0.602636
305.4		0.602636
305.5		0.602636
305.6		0.602636
305.7		0.602636
305.8		0.602636
305.9		0.602636
306		0.602636
306.1		0.605977
306.2		0.605977
306.3		0.605977
306.4		0.605977
306.5		0.605977
306.6		0.605977
306.7		0.605977
306.8		0.605977
306.9		0.605977
307		0.605977
307.1		0.607492
307.2		0.607492
307.3		0.607492
307.4		0.607492
307.5		0.607492
307.6		0.607492
307.7		0.607492
307.8		0.607492
307.9		0.607492
308		0.607492
308.1		0.610413
308.2		0.610413
308.3		0.610413
308.4		0.610413
308.5		0.610413
308.6		0.610413
308.7		0.610413
308.8		0.610413
308.9		0.610413
309		0.610413
309.1		0.612129
309.2		0.612129
309.3		0.612129
309.4		0.612129
309.5		0.612129
309.6		0.612129
309.7		0.612129
309.8		0.612129
309.9		0.612129
310		0.612129
310.1		0.61286
310.2		0.61286
310.3		0.61286
310.4		0.61286
310.5		0.61286
310.6		0.61286
310.7		0.61286
310.8		0.61286
310.9		0.61286
311		0.61286
311.1		0.614996
311.2		0.614996
311.3		0.614996
311.4		0.614996
311.5		0.614996
311.6		0.614996
311.7		0.614996
311.8		0.614996
311.9		0.614996
312		0.614996
312.1		0.61673
312.2		0.61673
312.3		0.61673
312.4		0.61673
312.5		0.61673
312.6		0.61673
312.7		0.61673
312.8		0.61673
312.9		0.61673
313		0.61673
313.1		0.620965
313.2		0.620965
313.3		0.620965
313.4		0.620965
313.5		0.620965
313.6		0.620965
313.7		0.620965
313.8		0.620965
313.9		0.620965
314		0.620965
314.1		0.621842
314.2		0.621842
314.3		0.621842
314.4		0.621842
314.5		0.621842
314.6		0.621842
314.7		0.621842
314.8		0.621842
314.9		0.621842
315		0.621842
315.1		0.622828
315.2		0.622828
315.3		0.622828
315.4		0.622828
315.5		0.622828
315.6		0.622828
315.7		0.622828
315.8		0.622828
315.9		0.622828
316		0.622828
316.1		0.624617
316.2		0.624617
316.3		0.624617
316.4		0.624617
316.5		0.624617
316.6		0.624617
316.7		0.624617
316.8		0.624617
316.9		0.624617
317		0.624617
317.1		0.625146
317.2		0.625146
317.3		0.625146
317.4		0.625146
317.5		0.625146
317.6		0.625146
317.7		0.625146
317.8		0.625146
317.9		0.625146
318		0.625146
318.1		0.63002
318.2		0.63002
318.3		0.63002
318.4		0.63002
318.5		0.63002
318.6		0.63002
318.7		0.63002
318.8		0.63002
318.9		0.63002
319		0.63002
319.1		0.631664
319.2		0.631664
319.3		0.631664
319.4		0.631664
319.5		0.631664
319.6		0.631664
319.7		0.631664
319.8		0.631664
319.9		0.631664
320		0.631664
320.1		0.634384
320.2		0.634384
320.3		0.634384
320.4		0.634384
320.5		0.634384
320.6		0.634384
320.7		0.634384
320.8		0.634384
320.9		0.634384
321		0.634384
321.1		0.635753
321.2		0.635753
321.3		0.635753
321.4		0.635753
321.5		0.635753
321.6		0.635753
321.7		0.635753
321.8		0.635753
321.9		0.635753
322		0.635753
322.1		0.637013
322.2		0.637013
322.3		0.637013
322.4		0.637013
322.5		0.637013
322.6		0.637013
322.7		0.637013
322.8		0.637013
322.9		0.637013
323		0.637013
323.1		0.641011
323.2		0.641011
323.3		0.641011
323.4		0.641011
323.5		0.641011
323.6		0.641011
323.7		0.641011
323.8		0.641011
323.9		0.641011
324		0.641011
324.1		0.643147
324.2		0.643147
324.3		0.643147
324.4		0.643147
324.5		0.643147
324.6		0.643147
324.7		0.643147
324.8		0.643147
324.9		0.643147
325		0.643147
325.1		0.645301
325.2		0.645301
325.3		0.645301
325.4		0.645301
325.5		0.645301
325.6		0.645301
325.7		0.645301
325.8		0.645301
325.9		0.645301
326		0.645301
326.1		0.646049
326.2		0.646049
326.3		0.646049
326.4		0.646049
326.5		0.646049
326.6		0.646049
326.7		0.646049
326.8		0.646049
326.9		0.646049
327		0.646049
327.1		0.648368
327.2		0.648368
327.3		0.648368
327.4		0.648368
327.5		0.648368
327.6		0.648368
327.7		0.648368
327.8		0.648368
327.9		0.648368
328		0.648368
328.1		0.649189
328.2		0.649189
328.3		0.649189
328.4		0.649189
328.5		0.649189
328.6		0.649189
328.7		0.649189
328.8		0.649189
328.9		0.649189
329		0.649189
329.1		0.653425
329.2		0.653425
329.3		0.653425
329.4		0.653425
329.5		0.653425
329.6		0.653425
329.7		0.653425
329.8		0.653425
329.9		0.653425
330		0.653425
330.1		0.654612
330.2		0.654612
330.3		0.654612
330.4		0.654612
330.5		0.654612
330.6		0.654612
330.7		0.654612
330.8		0.654612
330.9		0.654612
331		0.654612
331.1		0.659705
331.2		0.659705
331.3		0.659705
331.4		0.659705
331.5		0.659705
331.6		0.659705
331.7		0.659705
331.8		0.659705
331.9		0.659705
332		0.659705
332.1		0.659869
332.2		0.659869
332.3		0.659869
332.4		0.659869
332.5		0.659869
332.6		0.659869
332.7		0.659869
332.8		0.659869
332.9		0.659869
333		0.659869
333.1		0.660581
333.2		0.660581
333.3		0.660581
333.4		0.660581
333.5		0.660581
333.6		0.660581
333.7		0.660581
333.8		0.660581
333.9		0.660581
334		0.660581
334.1		0.661512
334.2		0.661512
334.3		0.661512
334.4		0.661512
334.5		0.661512
334.6		0.661512
334.7		0.661512
334.8		0.661512
334.9		0.661512
335		0.661512
335.1		0.6652
335.2		0.6652
335.3		0.6652
335.4		0.6652
335.5		0.6652
335.6		0.6652
335.7		0.6652
335.8		0.6652
335.9		0.6652
336		0.6652
336.1		0.66562
336.2		0.66562
336.3		0.66562
336.4		0.66562
336.5		0.66562
336.6		0.66562
336.7		0.66562
336.8		0.66562
336.9		0.66562
337		0.66562
337.1		0.671553
337.2		0.671553
337.3		0.671553
337.4		0.671553
337.5		0.671553
337.6		0.671553
337.7		0.671553
337.8		0.671553
337.9		0.671553
338		0.671553
338.1		0.672229
338.2		0.672229
338.3		0.672229
338.4		0.672229
338.5		0.672229
338.6		0.672229
338.7		0.672229
338.8		0.672229
338.9		0.672229
339		0.672229
339.1		0.673525
339.2		0.673525
339.3		0.673525
339.4		0.673525
339.5		0.673525
339.6		0.673525
339.7		0.673525
339.8		0.673525
339.9		0.673525
340		0.673525
340.1		0.675168
340.2		0.675168
340.3		0.675168
340.4		0.675168
340.5		0.675168
340.6		0.675168
340.7		0.675168
340.8		0.675168
340.9		0.675168
341		0.675168
341.1		0.676647
341.2		0.676647
341.3		0.676647
341.4		0.676647
341.5		0.676647
341.6		0.676647
341.7		0.676647
341.8		0.676647
341.9		0.676647
342		0.676647
342.1		0.6786
342.2		0.6786
342.3		0.6786
342.4		0.6786
342.5		0.6786
342.6		0.6786
342.7		0.6786
342.8		0.6786
342.9		0.6786
343		0.6786
343.1		0.683548
343.2		0.683548
343.3		0.683548
343.4		0.683548
343.5		0.683548
343.6		0.683548
343.7		0.683548
343.8		0.683548
343.9		0.683548
344		0.683548
344.1		0.684552
344.2		0.684552
344.3		0.684552
344.4		0.684552
344.5		0.684552
344.6		0.684552
344.7		0.684552
344.8		0.684552
344.9		0.684552
345		0.684552
345.1		0.687363
345.2		0.687363
345.3		0.687363
345.4		0.687363
345.5		0.687363
345.6		0.687363
345.7		0.687363
345.8		0.687363
345.9		0.687363
346		0.687363
346.1		0.687564
346.2		0.687564
346.3		0.687564
346.4		0.687564
346.5		0.687564
346.6		0.687564
346.7		0.687564
346.8		0.687564
346.9		0.687564
347		0.687564
347.1		0.694319
347.2		0.694319
347.3		0.694319
347.4		0.694319
347.5		0.694319
347.6		0.694319
347.7		0.694319
347.8		0.694319
347.9		0.694319
348		0.694319
348.1		0.694593
348.2		0.694593
348.3		0.694593
348.4		0.694593
348.5		0.694593
348.6		0.694593
348.7		0.694593
348.8		0.694593
348.9		0.694593
349		0.694593
349.1		0.696418
349.2		0.696418
349.3		0.696418
349.4		0.696418
349.5		0.696418
349.6		0.696418
349.7		0.696418
349.8		0.696418
349.9		0.696418
350		0.696418
350.1		0.697605
350.2		0.697605
350.3		0.697605
350.4		0.697605
350.5		0.697605
350.6		0.697605
350.7		0.697605
350.8		0.697605
350.9		0.697605
351		0.697605
351.1		0.701712
351.2		0.701712
351.3		0.701712
351.4		0.701712
351.5		0.701712
351.6		0.701712
351.7		0.701712
351.8		0.701712
351.9		0.701712
352		0.701712
352.1		0.70268
352.2		0.70268
352.3		0.70268
352.4		0.70268
352.5		0.70268
352.6		0.70268
352.7		0.70268
352.8		0.70268
352.9		0.70268
353		0.70268
353.1		0.705601
353.2		0.705601
353.3		0.705601
353.4		0.705601
353.5		0.705601
353.6		0.705601
353.7		0.705601
353.8		0.705601
353.9		0.705601
354		0.705601
354.1		0.705601
354.2		0.705601
354.3		0.705601
354.4		0.705601
354.5		0.705601
354.6		0.705601
354.7		0.705601
354.8		0.705601
354.9		0.705601
355		0.705601
355.1		0.707536
355.2		0.707536
355.3		0.707536
355.4		0.707536
355.5		0.707536
355.6		0.707536
355.7		0.707536
355.8		0.707536
355.9		0.707536
356		0.707536
356.1		0.708339
356.2		0.708339
356.3		0.708339
356.4		0.708339
356.5		0.708339
356.6		0.708339
356.7		0.708339
356.8		0.708339
356.9		0.708339
357		0.708339
357.1		0.708339
357.2		0.708339
357.3		0.708339
357.4		0.708339
357.5		0.708339
357.6		0.708339
357.7		0.708339
357.8		0.708339
357.9		0.708339
358		0.708339
358.1		0.71367
358.2		0.71367
358.3		0.71367
358.4		0.71367
358.5		0.71367
358.6		0.71367
358.7		0.71367
358.8		0.71367
358.9		0.71367
359		0.71367
359.1		0.71451
359.2		0.71451
359.3		0.71451
359.4		0.71451
359.5		0.71451
359.6		0.71451
359.7		0.71451
359.8		0.71451
359.9		0.71451
360		0.71451
360.1		0.71451
360.2		0.71451
360.3		0.71451
360.4		0.71451
360.5		0.71451
360.6		0.71451
360.7		0.71451
360.8		0.71451
360.9		0.71451
361		0.71451
361.1		0.716956
361.2		0.716956
361.3		0.716956
361.4		0.716956
361.5		0.716956
361.6		0.716956
361.7		0.716956
361.8		0.716956
361.9		0.716956
362		0.716956
362.1		0.717212
362.2		0.717212
362.3		0.717212
362.4		0.717212
362.5		0.717212
362.6		0.717212
362.7		0.717212
362.8		0.717212
362.9		0.717212
363		0.717212
363.1		0.719311
363.2		0.719311
363.3		0.719311
363.4		0.719311
363.5		0.719311
363.6		0.719311
363.7		0.719311
363.8		0.719311
363.9		0.719311
364		0.719311
364.1		0.720169
364.2		0.720169
364.3		0.720169
364.4		0.720169
364.5		0.720169
364.6		0.720169
364.7		0.720169
364.8		0.720169
364.9		0.720169
365		0.720169
365.1		0.72309
365.2		0.72309
365.3		0.72309
365.4		0.72309
365.5		0.72309
365.6		0.72309
365.7		0.72309
365.8		0.72309
365.9		0.72309
366		0.72309
366.1		0.726249
366.2		0.726249
366.3		0.726249
366.4		0.726249
366.5		0.726249
366.6		0.726249
366.7		0.726249
366.8		0.726249
366.9		0.726249
367		0.726249
367.1		0.72676
367.2		0.72676
367.3		0.72676
367.4		0.72676
367.5		0.72676
367.6		0.72676
367.7		0.72676
367.8		0.72676
367.9		0.72676
368		0.72676
368.1		0.728859
368.2		0.728859
368.3		0.728859
368.4		0.728859
368.5		0.728859
368.6		0.728859
368.7		0.728859
368.8		0.728859
368.9		0.728859
369		0.728859
369.1		0.729535
369.2		0.729535
369.3		0.729535
369.4		0.729535
369.5		0.729535
369.6		0.729535
369.7		0.729535
369.8		0.729535
369.9		0.729535
370		0.729535
370.1		0.732857
370.2		0.732857
370.3		0.732857
370.4		0.732857
370.5		0.732857
370.6		0.732857
370.7		0.732857
370.8		0.732857
370.9		0.732857
371		0.732857
371.1		0.734172
371.2		0.734172
371.3		0.734172
371.4		0.734172
371.5		0.734172
371.6		0.734172
371.7		0.734172
371.8		0.734172
371.9		0.734172
372		0.734172
372.1		0.736801
372.2		0.736801
372.3		0.736801
372.4		0.736801
372.5		0.736801
372.6		0.736801
372.7		0.736801
372.8		0.736801
372.9		0.736801
373		0.736801
373.1		0.740653
373.2		0.740653
373.3		0.740653
373.4		0.740653
373.5		0.740653
373.6		0.740653
373.7		0.740653
373.8		0.740653
373.9		0.740653
374		0.740653
374.1		0.741201
374.2		0.741201
374.3		0.741201
374.4		0.741201
374.5		0.741201
374.6		0.741201
374.7		0.741201
374.8		0.741201
374.9		0.741201
375		0.741201
375.1		0.743355
375.2		0.743355
375.3		0.743355
375.4		0.743355
375.5		0.743355
375.6		0.743355
375.7		0.743355
375.8		0.743355
375.9		0.743355
376		0.743355
376.1		0.744103
376.2		0.744103
376.3		0.744103
376.4		0.744103
376.5		0.744103
376.6		0.744103
376.7		0.744103
376.8		0.744103
376.9		0.744103
377		0.744103
377.1		0.747572
377.2		0.747572
377.3		0.747572
377.4		0.747572
377.5		0.747572
377.6		0.747572
377.7		0.747572
377.8		0.747572
377.9		0.747572
378		0.747572
378.1		0.748101
378.2		0.748101
378.3		0.748101
378.4		0.748101
378.5		0.748101
378.6		0.748101
378.7		0.748101
378.8		0.748101
378.9		0.748101
379		0.748101
379.1		0.752848
379.2		0.752848
379.3		0.752848
379.4		0.752848
379.5		0.752848
379.6		0.752848
379.7		0.752848
379.8		0.752848
379.9		0.752848
380		0.752848
380.1		0.753615
380.2		0.753615
380.3		0.753615
380.4		0.753615
380.5		0.753615
380.6		0.753615
380.7		0.753615
380.8		0.753615
380.9		0.753615
381		0.753615
381.1		0.756737
381.2		0.756737
381.3		0.756737
381.4		0.756737
381.5		0.756737
381.6		0.756737
381.7		0.756737
381.8		0.756737
381.9		0.756737
382		0.756737
382.1		0.759858
382.2		0.759858
382.3		0.759858
382.4		0.759858
382.5		0.759858
382.6		0.759858
382.7		0.759858
382.8		0.759858
382.9		0.759858
383		0.759858
383.1		0.761008
383.2		0.761008
383.3		0.761008
383.4		0.761008
383.5		0.761008
383.6		0.761008
383.7		0.761008
383.8		0.761008
383.9		0.761008
384		0.761008
384.1		0.762597
384.2		0.762597
384.3		0.762597
384.4		0.762597
384.5		0.762597
384.6		0.762597
384.7		0.762597
384.8		0.762597
384.9		0.762597
385		0.762597
385.1		0.76298
385.2		0.76298
385.3		0.76298
385.4		0.76298
385.5		0.76298
385.6		0.76298
385.7		0.76298
385.8		0.76298
385.9		0.76298
386		0.76298
386.1		0.766613
386.2		0.766613
386.3		0.766613
386.4		0.766613
386.5		0.766613
386.6		0.766613
386.7		0.766613
386.8		0.766613
386.9		0.766613
387		0.766613
387.1		0.768621
387.2		0.768621
387.3		0.768621
387.4		0.768621
387.5		0.768621
387.6		0.768621
387.7		0.768621
387.8		0.768621
387.9		0.768621
388		0.768621
388.1		0.771579
388.2		0.771579
388.3		0.771579
388.4		0.771579
388.5		0.771579
388.6		0.771579
388.7		0.771579
388.8		0.771579
388.9		0.771579
389		0.771579
389.1		0.775102
389.2		0.775102
389.3		0.775102
389.4		0.775102
389.5		0.775102
389.6		0.775102
389.7		0.775102
389.8		0.775102
389.9		0.775102
390		0.775102
390.1		0.775979
390.2		0.775979
390.3		0.775979
390.4		0.775979
390.5		0.775979
390.6		0.775979
390.7		0.775979
390.8		0.775979
390.9		0.775979
391		0.775979
391.1		0.776252
391.2		0.776252
391.3		0.776252
391.4		0.776252
391.5		0.776252
391.6		0.776252
391.7		0.776252
391.8		0.776252
391.9		0.776252
392		0.776252
392.1		0.777238
392.2		0.777238
392.3		0.777238
392.4		0.777238
392.5		0.777238
392.6		0.777238
392.7		0.777238
392.8		0.777238
392.9		0.777238
393		0.777238
393.1		0.779885
393.2		0.779885
393.3		0.779885
393.4		0.779885
393.5		0.779885
393.6		0.779885
393.7		0.779885
393.8		0.779885
393.9		0.779885
394		0.779885
394.1		0.785764
394.2		0.785764
394.3		0.785764
394.4		0.785764
394.5		0.785764
394.6		0.785764
394.7		0.785764
394.8		0.785764
394.9		0.785764
395		0.785764
395.1		0.786111
395.2		0.786111
395.3		0.786111
395.4		0.786111
395.5		0.786111
395.6		0.786111
395.7		0.786111
395.8		0.786111
395.9		0.786111
396		0.786111
396.1		0.786823
396.2		0.786823
396.3		0.786823
396.4		0.786823
396.5		0.786823
396.6		0.786823
396.7		0.786823
396.8		0.786823
396.9		0.786823
397		0.786823
397.1		0.787955
397.2		0.787955
397.3		0.787955
397.4		0.787955
397.5		0.787955
397.6		0.787955
397.7		0.787955
397.8		0.787955
397.9		0.787955
398		0.787955
398.1		0.793504
398.2		0.793504
398.3		0.793504
398.4		0.793504
398.5		0.793504
398.6		0.793504
398.7		0.793504
398.8		0.793504
398.9		0.793504
399		0.793504
399.1		0.794673
399.2		0.794673
399.3		0.794673
399.4		0.794673
399.5		0.794673
399.6		0.794673
399.7		0.794673
399.8		0.794673
399.9		0.794673
400		0.794673
400.1		0.798488
400.2		0.798488
400.3		0.798488
400.4		0.798488
400.5		0.798488
400.6		0.798488
400.7		0.798488
400.8		0.798488
400.9		0.798488
401		0.798488
401.1		0.799255
401.2		0.799255
401.3		0.799255
401.4		0.799255
401.5		0.799255
401.6		0.799255
401.7		0.799255
401.8		0.799255
401.9		0.799255
402		0.799255
402.1		0.801555
402.2		0.801555
402.3		0.801555
402.4		0.801555
402.5		0.801555
402.6		0.801555
402.7		0.801555
402.8		0.801555
402.9		0.801555
403		0.801555
403.1		0.802377
403.2		0.802377
403.3		0.802377
403.4		0.802377
403.5		0.802377
403.6		0.802377
403.7		0.802377
403.8		0.802377
403.9		0.802377
404		0.802377
404.1		0.80444
404.2		0.80444
404.3		0.80444
404.4		0.80444
404.5		0.80444
404.6		0.80444
404.7		0.80444
404.8		0.80444
404.9		0.80444
405		0.80444
405.1		0.805225
405.2		0.805225
405.3		0.805225
405.4		0.805225
405.5		0.805225
405.6		0.805225
405.7		0.805225
405.8		0.805225
405.9		0.805225
406		0.805225
406.1		0.810209
406.2		0.810209
406.3		0.810209
406.4		0.810209
406.5		0.810209
406.6		0.810209
406.7		0.810209
406.8		0.810209
406.9		0.810209
407		0.810209
407.1		0.811815
407.2		0.811815
407.3		0.811815
407.4		0.811815
407.5		0.811815
407.6		0.811815
407.7		0.811815
407.8		0.811815
407.9		0.811815
408		0.811815
408.1		0.813586
408.2		0.813586
408.3		0.813586
408.4		0.813586
408.5		0.813586
408.6		0.813586
408.7		0.813586
408.8		0.813586
408.9		0.813586
409		0.813586
409.1		0.81428
409.2		0.81428
409.3		0.81428
409.4		0.81428
409.5		0.81428
409.6		0.81428
409.7		0.81428
409.8		0.81428
409.9		0.81428
410		0.81428
410.1		0.816544
410.2		0.816544
410.3		0.816544
410.4		0.816544
410.5		0.816544
410.6		0.816544
410.7		0.816544
410.8		0.816544
410.9		0.816544
411		0.816544
411.1		0.820761
411.2		0.820761
411.3		0.820761
411.4		0.820761
411.5		0.820761
411.6		0.820761
411.7		0.820761
411.8		0.820761
411.9		0.820761
412		0.820761
412.1		0.821327
412.2		0.821327
412.3		0.821327
412.4		0.821327
412.5		0.821327
412.6		0.821327
412.7		0.821327
412.8		0.821327
412.9		0.821327
413		0.821327
413.1		0.823718
413.2		0.823718
413.3		0.823718
413.4		0.823718
413.5		0.823718
413.6		0.823718
413.7		0.823718
413.8		0.823718
413.9		0.823718
414		0.823718
414.1		0.826183
414.2		0.826183
414.3		0.826183
414.4		0.826183
414.5		0.826183
414.6		0.826183
414.7		0.826183
414.8		0.826183
414.9		0.826183
415		0.826183
415.1		0.826804
415.2		0.826804
415.3		0.826804
415.4		0.826804
415.5		0.826804
415.6		0.826804
415.7		0.826804
415.8		0.826804
415.9		0.826804
416		0.826804
416.1		0.827881
416.2		0.827881
416.3		0.827881
416.4		0.827881
416.5		0.827881
416.6		0.827881
416.7		0.827881
416.8		0.827881
416.9		0.827881
417		0.827881
417.1		0.832536
417.2		0.832536
417.3		0.832536
417.4		0.832536
417.5		0.832536
417.6		0.832536
417.7		0.832536
417.8		0.832536
417.9		0.832536
418		0.832536
418.1		0.833102
418.2		0.833102
418.3		0.833102
418.4		0.833102
418.5		0.833102
418.6		0.833102
418.7		0.833102
418.8		0.833102
418.9		0.833102
419		0.833102
419.1		0.834344
419.2		0.834344
419.3		0.834344
419.4		0.834344
419.5		0.834344
419.6		0.834344
419.7		0.834344
419.8		0.834344
419.9		0.834344
420		0.834344
420.1		0.838853
420.2		0.838853
420.3		0.838853
420.4		0.838853
420.5		0.838853
420.6		0.838853
420.7		0.838853
420.8		0.838853
420.9		0.838853
421		0.838853
421.1		0.840167
421.2		0.840167
421.3		0.840167
421.4		0.840167
421.5		0.840167
421.6		0.840167
421.7		0.840167
421.8		0.840167
421.9		0.840167
422		0.840167
422.1		0.842358
422.2		0.842358
422.3		0.842358
422.4		0.842358
422.5		0.842358
422.6		0.842358
422.7		0.842358
422.8		0.842358
422.9		0.842358
423		0.842358
423.1		0.844804
423.2		0.844804
423.3		0.844804
423.4		0.844804
423.5		0.844804
423.6		0.844804
423.7		0.844804
423.8		0.844804
423.9		0.844804
424		0.844804
424.1		0.845096
424.2		0.845096
424.3		0.845096
424.4		0.845096
424.5		0.845096
424.6		0.845096
424.7		0.845096
424.8		0.845096
424.9		0.845096
425		0.845096
425.1		0.849149
425.2		0.849149
425.3		0.849149
425.4		0.849149
425.5		0.849149
425.6		0.849149
425.7		0.849149
425.8		0.849149
425.9		0.849149
426		0.849149
426.1		0.84966
426.2		0.84966
426.3		0.84966
426.4		0.84966
426.5		0.84966
426.6		0.84966
426.7		0.84966
426.8		0.84966
426.9		0.84966
427		0.84966
427.1		0.852399
427.2		0.852399
427.3		0.852399
427.4		0.852399
427.5		0.852399
427.6		0.852399
427.7		0.852399
427.8		0.852399
427.9		0.852399
428		0.852399
428.1		0.855283
428.2		0.855283
428.3		0.855283
428.4		0.855283
428.5		0.855283
428.6		0.855283
428.7		0.855283
428.8		0.855283
428.9		0.855283
429		0.855283
429.1		0.855758
429.2		0.855758
429.3		0.855758
429.4		0.855758
429.5		0.855758
429.6		0.855758
429.7		0.855758
429.8		0.855758
429.9		0.855758
430		0.855758
430.1		0.858004
430.2		0.858004
430.3		0.858004
430.4		0.858004
430.5		0.858004
430.6		0.858004
430.7		0.858004
430.8		0.858004
430.9		0.858004
431		0.858004
431.1		0.862549
431.2		0.862549
431.3		0.862549
431.4		0.862549
431.5		0.862549
431.6		0.862549
431.7		0.862549
431.8		0.862549
431.9		0.862549
432		0.862549
432.1		0.862841
432.2		0.862841
432.3		0.862841
432.4		0.862841
432.5		0.862841
432.6		0.862841
432.7		0.862841
432.8		0.862841
432.9		0.862841
433		0.862841
433.1		0.867807
433.2		0.867807
433.3		0.867807
433.4		0.867807
433.5		0.867807
433.6		0.867807
433.7		0.867807
433.8		0.867807
433.9		0.867807
434		0.867807
434.1		0.868994
434.2		0.868994
434.3		0.868994
434.4		0.868994
434.5		0.868994
434.6		0.868994
434.7		0.868994
434.8		0.868994
434.9		0.868994
435		0.868994
435.1		0.869304
435.2		0.869304
435.3		0.869304
435.4		0.869304
435.5		0.869304
435.6		0.869304
435.7		0.869304
435.8		0.869304
435.9		0.869304
436		0.869304
436.1		0.870491
436.2		0.870491
436.3		0.870491
436.4		0.870491
436.5		0.870491
436.6		0.870491
436.7		0.870491
436.8		0.870491
436.9		0.870491
437		0.870491
437.1		0.870892
437.2		0.870892
437.3		0.870892
437.4		0.870892
437.5		0.870892
437.6		0.870892
437.7		0.870892
437.8		0.870892
437.9		0.870892
438		0.870892
438.1		0.874325
438.2		0.874325
438.3		0.874325
438.4		0.874325
438.5		0.874325
438.6		0.874325
438.7		0.874325
438.8		0.874325
438.9		0.874325
439		0.874325
439.1		0.879016
439.2		0.879016
439.3		0.879016
439.4		0.879016
439.5		0.879016
439.6		0.879016
439.7		0.879016
439.8		0.879016
439.9		0.879016
440		0.879016
440.1		0.880495
440.2		0.880495
440.3		0.880495
440.4		0.880495
440.5		0.880495
440.6		0.880495
440.7		0.880495
440.8		0.880495
440.9		0.880495
441		0.880495
441.1		0.880714
441.2		0.880714
441.3		0.880714
441.4		0.880714
441.5		0.880714
441.6		0.880714
441.7		0.880714
441.8		0.880714
441.9		0.880714
442		0.880714
442.1		0.882868
442.2		0.882868
442.3		0.882868
442.4		0.882868
442.5		0.882868
442.6		0.882868
442.7		0.882868
442.8		0.882868
442.9		0.882868
443		0.882868
443.1		0.884037
443.2		0.884037
443.3		0.884037
443.4		0.884037
443.5		0.884037
443.6		0.884037
443.7		0.884037
443.8		0.884037
443.9		0.884037
444		0.884037
444.1		0.88829
444.2		0.88829
444.3		0.88829
444.4		0.88829
444.5		0.88829
444.6		0.88829
444.7		0.88829
444.8		0.88829
444.9		0.88829
445		0.88829
445.1		0.890463
445.2		0.890463
445.3		0.890463
445.4		0.890463
445.5		0.890463
445.6		0.890463
445.7		0.890463
445.8		0.890463
445.9		0.890463
446		0.890463
446.1		0.89227
446.2		0.89227
446.3		0.89227
446.4		0.89227
446.5		0.89227
446.6		0.89227
446.7		0.89227
446.8		0.89227
446.9		0.89227
447		0.89227
447.1		0.894571
447.2		0.894571
447.3		0.894571
447.4		0.894571
447.5		0.894571
447.6		0.894571
447.7		0.894571
447.8		0.894571
447.9		0.894571
448		0.894571
448.1		0.894991
448.2		0.894991
448.3		0.894991
448.4		0.894991
448.5		0.894991
448.6		0.894991
448.7		0.894991
448.8		0.894991
448.9		0.894991
449		0.894991
449.1		0.897473
449.2		0.897473
449.3		0.897473
449.4		0.897473
449.5		0.897473
449.6		0.897473
449.7		0.897473
449.8		0.897473
449.9		0.897473
450		0.897473
450.1		0.900942
450.2		0.900942
450.3		0.900942
450.4		0.900942
450.5		0.900942
450.6		0.900942
450.7		0.900942
450.8		0.900942
450.9		0.900942
451		0.900942
451.1		0.903516
451.2		0.903516
451.3		0.903516
451.4		0.903516
451.5		0.903516
451.6		0.903516
451.7		0.903516
451.8		0.903516
451.9		0.903516
452		0.903516
452.1		0.904009
452.2		0.904009
452.3		0.904009
452.4		0.904009
452.5		0.904009
452.6		0.904009
452.7		0.904009
452.8		0.904009
452.9		0.904009
453		0.904009
453.1		0.905451
453.2		0.905451
453.3		0.905451
453.4		0.905451
453.5		0.905451
453.6		0.905451
453.7		0.905451
453.8		0.905451
453.9		0.905451
454		0.905451
454.1		0.908719
454.2		0.908719
454.3		0.908719
454.4		0.908719
454.5		0.908719
454.6		0.908719
454.7		0.908719
454.8		0.908719
454.9		0.908719
455		0.908719
455.1		0.909194
455.2		0.909194
455.3		0.909194
455.4		0.909194
455.5		0.909194
455.6		0.909194
455.7		0.909194
455.8		0.909194
455.9		0.909194
456		0.909194
456.1		0.91217
456.2		0.91217
456.3		0.91217
456.4		0.91217
456.5		0.91217
456.6		0.91217
456.7		0.91217
456.8		0.91217
456.9		0.91217
457		0.91217
457.1		0.912882
457.2		0.912882
457.3		0.912882
457.4		0.912882
457.5		0.912882
457.6		0.912882
457.7		0.912882
457.8		0.912882
457.9		0.912882
458		0.912882
458.1		0.913977
458.2		0.913977
458.3		0.913977
458.4		0.913977
458.5		0.913977
458.6		0.913977
458.7		0.913977
458.8		0.913977
458.9		0.913977
459		0.913977
459.1		0.918577
459.2		0.918577
459.3		0.918577
459.4		0.918577
459.5		0.918577
459.6		0.918577
459.7		0.918577
459.8		0.918577
459.9		0.918577
460		0.918577
460.1		0.920513
460.2		0.920513
460.3		0.920513
460.4		0.920513
460.5		0.920513
460.6		0.920513
460.7		0.920513
460.8		0.920513
460.9		0.920513
461		0.920513
461.1		0.921864
461.2		0.921864
461.3		0.921864
461.4		0.921864
461.5		0.921864
461.6		0.921864
461.7		0.921864
461.8		0.921864
461.9		0.921864
462		0.921864
462.1		0.925716
462.2		0.925716
462.3		0.925716
462.4		0.925716
462.5		0.925716
462.6		0.925716
462.7		0.925716
462.8		0.925716
462.9		0.925716
463		0.925716
463.1		0.925843
463.2		0.925843
463.3		0.925843
463.4		0.925843
463.5		0.925843
463.6		0.925843
463.7		0.925843
463.8		0.925843
463.9		0.925843
464		0.925843
464.1		0.927231
464.2		0.927231
464.3		0.927231
464.4		0.927231
464.5		0.927231
464.6		0.927231
464.7		0.927231
464.8		0.927231
464.9		0.927231
465		0.927231
465.1		0.931521
465.2		0.931521
465.3		0.931521
465.4		0.931521
465.5		0.931521
465.6		0.931521
465.7		0.931521
465.8		0.931521
465.9		0.931521
466		0.931521
466.1		0.934862
466.2		0.934862
466.3		0.934862
466.4		0.934862
466.5		0.934862
466.6		0.934862
466.7		0.934862
466.8		0.934862
466.9		0.934862
467		0.934862
467.1		0.936688
467.2		0.936688
467.3		0.936688
467.4		0.936688
467.5		0.936688
467.6		0.936688
467.7		0.936688
467.8		0.936688
467.9		0.936688
468		0.936688
468.1		0.936907
468.2		0.936907
468.3		0.936907
468.4		0.936907
468.5		0.936907
468.6		0.936907
468.7		0.936907
468.8		0.936907
468.9		0.936907
469		0.936907
469.1		0.937217
469.2		0.937217
469.3		0.937217
469.4		0.937217
469.5		0.937217
469.6		0.937217
469.7		0.937217
469.8		0.937217
469.9		0.937217
470		0.937217
470.1		0.938787
470.2		0.938787
470.3		0.938787
470.4		0.938787
470.5		0.938787
470.6		0.938787
470.7		0.938787
470.8		0.938787
470.9		0.938787
471		0.938787
471.1		0.942895
471.2		0.942895
471.3		0.942895
471.4		0.942895
471.5		0.942895
471.6		0.942895
471.7		0.942895
471.8		0.942895
471.9		0.942895
472		0.942895
472.1		0.947495
472.2		0.947495
472.3		0.947495
472.4		0.947495
472.5		0.947495
472.6		0.947495
472.7		0.947495
472.8		0.947495
472.9		0.947495
473		0.947495
473.1		0.949412
473.2		0.949412
473.3		0.949412
473.4		0.949412
473.5		0.949412
473.6		0.949412
473.7		0.949412
473.8		0.949412
473.9		0.949412
474		0.949412
474.1		0.949595
474.2		0.949595
474.3		0.949595
474.4		0.949595
474.5		0.949595
474.6		0.949595
474.7		0.949595
474.8		0.949595
474.9		0.949595
475		0.949595
475.1		0.950416
475.2		0.950416
475.3		0.950416
475.4		0.950416
475.5		0.950416
475.6		0.950416
475.7		0.950416
475.8		0.950416
475.9		0.950416
476		0.950416
476.1		0.954122
476.2		0.954122
476.3		0.954122
476.4		0.954122
476.5		0.954122
476.6		0.954122
476.7		0.954122
476.8		0.954122
476.9		0.954122
477		0.954122
477.1		0.954433
477.2		0.954433
477.3		0.954433
477.4		0.954433
477.5		0.954433
477.6		0.954433
477.7		0.954433
477.8		0.954433
477.9		0.954433
478		0.954433
478.1		0.959362
478.2		0.959362
478.3		0.959362
478.4		0.959362
478.5		0.959362
478.6		0.959362
478.7		0.959362
478.8		0.959362
478.9		0.959362
479		0.959362
479.1		0.959508
479.2		0.959508
479.3		0.959508
479.4		0.959508
479.5		0.959508
479.6		0.959508
479.7		0.959508
479.8		0.959508
479.9		0.959508
480		0.959508
480.1		0.963177
480.2		0.963177
480.3		0.963177
480.4		0.963177
480.5		0.963177
480.6		0.963177
480.7		0.963177
480.8		0.963177
480.9		0.963177
481		0.963177
481.1		0.964218
481.2		0.964218
481.3		0.964218
481.4		0.964218
481.5		0.964218
481.6		0.964218
481.7		0.964218
481.8		0.964218
481.9		0.964218
482		0.964218
482.1		0.966299
482.2		0.966299
482.3		0.966299
482.4		0.966299
482.5		0.966299
482.6		0.966299
482.7		0.966299
482.8		0.966299
482.9		0.966299
483		0.966299
483.1		0.9665
483.2		0.9665
483.3		0.9665
483.4		0.9665
483.5		0.9665
483.6		0.9665
483.7		0.9665
483.8		0.9665
483.9		0.9665
484		0.9665
484.1		0.97362
484.2		0.97362
484.3		0.97362
484.4		0.97362
484.5		0.97362
484.6		0.97362
484.7		0.97362
484.8		0.97362
484.9		0.97362
485		0.97362
485.1		0.974277
485.2		0.974277
485.3		0.974277
485.4		0.974277
485.5		0.974277
485.6		0.974277
485.7		0.974277
485.8		0.974277
485.9		0.974277
486		0.974277
486.1		0.974387
486.2		0.974387
486.3		0.974387
486.4		0.974387
486.5		0.974387
486.6		0.974387
486.7		0.974387
486.8		0.974387
486.9		0.974387
487		0.974387
487.1		0.974606
487.2		0.974606
487.3		0.974606
487.4		0.974606
487.5		0.974606
487.6		0.974606
487.7		0.974606
487.8		0.974606
487.9		0.974606
488		0.974606
488.1		0.979498
488.2		0.979498
488.3		0.979498
488.4		0.979498
488.5		0.979498
488.6		0.979498
488.7		0.979498
488.8		0.979498
488.9		0.979498
489		0.979498
489.1		0.980064
489.2		0.980064
489.3		0.980064
489.4		0.980064
489.5		0.980064
489.6		0.980064
489.7		0.980064
489.8		0.980064
489.9		0.980064
490		0.980064
490.1		0.983442
490.2		0.983442
490.3		0.983442
490.4		0.983442
490.5		0.983442
490.6		0.983442
490.7		0.983442
490.8		0.983442
490.9		0.983442
491		0.983442
491.1		0.985559
491.2		0.985559
491.3		0.985559
491.4		0.985559
491.5		0.985559
491.6		0.985559
491.7		0.985559
491.8		0.985559
491.9		0.985559
492		0.985559
492.1		0.986071
492.2		0.986071
492.3		0.986071
492.4		0.986071
492.5		0.986071
492.6		0.986071
492.7		0.986071
492.8		0.986071
492.9		0.986071
493		0.986071
493.1		0.987531
493.2		0.987531
493.3		0.987531
493.4		0.987531
493.5		0.987531
493.6		0.987531
493.7		0.987531
493.8		0.987531
493.9		0.987531
494		0.987531
494.1		0.988754
494.2		0.988754
494.3		0.988754
494.4		0.988754
494.5		0.988754
494.6		0.988754
494.7		0.988754
494.8		0.988754
494.9		0.988754
495		0.988754
495.1		0.992113
495.2		0.992113
495.3		0.992113
495.4		0.992113
495.5		0.992113
495.6		0.992113
495.7		0.992113
495.8		0.992113
495.9		0.992113
496		0.992113
496.1		0.997462
496.2		0.997462
496.3		0.997462
496.4		0.997462
496.5		0.997462
496.6		0.997462
496.7		0.997462
496.8		0.997462
496.9		0.997462
497		0.997462
497.1		0.997791
497.2		0.997791
497.3		0.997791
497.4		0.997791
497.5		0.997791
497.6		0.997791
497.7		0.997791
497.8		0.997791
497.9		0.997791
498		0.997791
498.1		0.999617
498.2		0.999617
498.3		0.999617
498.4		0.999617
498.5		0.999617
498.6		0.999617
498.7		0.999617
498.8		0.999617
498.9		0.999617
499		0.999617
499.1		1
499.2		1
499.3		1
499.4		1
499.5		1
499.6		1
499.7		1
499.8		1
499.9		1
500		1
500.1		1
500.2		1
500.3		1
500.4		1
500.5		1
500.6		1
500.7		1
500.8		1
500.9		1
501		1
501.1		1
501.2		1
501.3		1
501.4		1
501.5		1
501.6		1
501.7		1
501.8		1
501.9		1
502		1
502.1		1
502.2		1
502.3		1
502.4		1
502.5		1
502.6		1
502.7		1
502.8		1
502.9		1
503		1
503.1		1
503.2		1
503.3		1
503.4		1
503.5		1
503.6		1
503.7		1
503.8		1
503.9		1
504		1
504.1		1
504.2		1
504.3		1
504.4		1
504.5		1
504.6		1
504.7		1
504.8		1
504.9		1
505		1
505.1		1
505.2		1
505.3		1
505.4		1
505.5		1
505.6		1
505.7		1
505.8		1
505.9		1
506		1
506.1		1
506.2		1
506.3		1
506.4		1
506.5		1
506.6		1
506.7		1
506.8		1
506.9		1
507		1
507.1		1
507.2		1
507.3		1
507.4		1
507.5		1
507.6		1
507.7		1
507.8		1
507.9		1
508		1
508.1		1
508.2		1
508.3		1
508.4		1
508.5		1
508.6		1
508.7		1
508.8		1
508.9		1
509		1
509.1		1
509.2		1
509.3		1
509.4		1
509.5		1
509.6		1
509.7		1
509.8		1
509.9		1
510		1
510.1		1
510.2		1
510.3		1
510.4		1
510.5		1
510.6		1
510.7		1
510.8		1
510.9		1
511		1
511.1		1
511.2		1
511.3		1
511.4		1
511.5		1
511.6		1
511.7		1
511.8		1
511.9		1
512		1
512.1		1
512.2		1
512.3		1
512.4		1
512.5		1
512.6		1
512.7		1
512.8		1
512.9		1
513		1
513.1		1
513.2		1
513.3		1
513.4		1
513.5		1
513.6		1
513.7		1
513.8		1
513.9		1
514		1
514.1		1
514.2		1
514.3		1
514.4		1
514.5		1
514.6		1
514.7		1
514.8		1
514.9		1
515		1
515.1		1
515.2		1
515.3		1
515.4		1
515.5		1
515.6		1
515.7		1
515.8		1
515.9		1
516		1
516.1		1
516.2		1
516.3		1
516.4		1
516.5		1
516.6		1
516.7		1
516.8		1
516.9		1
517		1
517.1		1
517.2		1
517.3		1
517.4		1
517.5		1
517.6		1
517.7		1
517.8		1
517.9		1
518		1
518.1		1
518.2		1
518.3		1
518.4		1
518.5		1
518.6		1
518.7		1
518.8		1
518.9		1
519		1
519.1		1
519.2		1
519.3		1
519.4		1
519.5		1
519.6		1
519.7		1
519.8		1
519.9		1
520		1
520.1		1
520.2		1
520.3		1
520.4		1
520.5		1
520.6		1
520.7		1
520.8		1
520.9		1
521		1
521.1		1
521.2		1
521.3		1
521.4		1
521.5		1
521.6		1
521.7		1
521.8		1
521.9		1
522		1
522.1		1
522.2		1
522.3		1
522.4		1
522.5		1
522.6		1
522.7		1
522.8		1
522.9		1
523		1
523.1		1
523.2		1
523.3		1
523.4		1
523.5		1
523.6		1
523.7		1
523.8		1
523.9		1
524		1
524.1		1
524.2		1
524.3		1
524.4		1
524.5		1
524.6		1
524.7		1
524.8		1
524.9		1
525		1
525.1		1
525.2		1
525.3		1
525.4		1
525.5		1
525.6		1
525.7		1
525.8		1
525.9		1
526		1
526.1		1
526.2		1
526.3		1
526.4		1
526.5		1
526.6		1
526.7		1
526.8		1
526.9		1
527		1
527.1		1
527.2		1
527.3		1
527.4		1
527.5		1
527.6		1
527.7		1
527.8		1
527.9		1
528		1
528.1		1
528.2		1
528.3		1
528.4		1
528.5		1
528.6		1
528.7		1
528.8		1
528.9		1
529		1
529.1		1
529.2		1
529.3		1
529.4		1
529.5		1
529.6		1
529.7		1
529.8		1
529.9		1
530		1
530.1		1
530.2		1
530.3		1
530.4		1
530.5		1
530.6		1
530.7		1
530.8		1
530.9		1
531		1
531.1		1
531.2		1
531.3		1
531.4		1
531.5		1
531.6		1
531.7		1
531.8		1
531.9		1
532		1
532.1		1
532.2		1
532.3		1
532.4		1
532.5		1
532.6		1
532.7		1
532.8		1
532.9		1
533		1
533.1		1
533.2		1
533.3		1
533.4		1
533.5		1
533.6		1
533.7		1
533.8		1
533.9		1
534		1
534.1		1
534.2		1
534.3		1
534.4		1
534.5		1
534.6		1
534.7		1
534.8		1
534.9		1
535		1
535.1		1
535.2		1
535.3		1
535.4		1
535.5		1
535.6		1
535.7		1
535.8		1
535.9		1
536		1
536.1		1
536.2		1
536.3		1
536.4		1
536.5		1
536.6		1
536.7		1
536.8		1
536.9		1
537		1
537.1		1
537.2		1
537.3		1
537.4		1
537.5		1
537.6		1
537.7		1
537.8		1
537.9		1
538		1
538.1		1
538.2		1
538.3		1
538.4		1
538.5		1
538.6		1
538.7		1
538.8		1
538.9		1
539		1
539.1		1
539.2		1
539.3		1
539.4		1
539.5		1
539.6		1
539.7		1
539.8		1
539.9		1
540		1
540.1		1
540.2		1
540.3		1
540.4		1
540.5		1
540.6		1
540.7		1
540.8		1
540.9		1
541		1
541.1		1
541.2		1
541.3		1
541.4		1
541.5		1
541.6		1
541.7		1
541.8		1
541.9		1
542		1
542.1		1
542.2		1
542.3		1
542.4		1
542.5		1
542.6		1
542.7		1
542.8		1
542.9		1
543		1
543.1		1
543.2		1
543.3		1
543.4		1
543.5		1
543.6		1
543.7		1
543.8		1
543.9		1
544		1
544.1		1
544.2		1
544.3		1
544.4		1
544.5		1
544.6		1
544.7		1
544.8		1
544.9		1
545		1
545.1		1
545.2		1
545.3		1
545.4		1
545.5		1
545.6		1
545.7		1
545.8		1
545.9		1
546		1
546.1		1
546.2		1
546.3		1
546.4		1
546.5		1
546.6		1
546.7		1
546.8		1
546.9		1
547		1
547.1		1
547.2		1
547.3		1
547.4		1
547.5		1
547.6		1
547.7		1
547.8		1
547.9		1
548		1
548.1		1
548.2		1
548.3		1
548.4		1
548.5		1
548.6		1
548.7		1
548.8		1
548.9		1
549		1
549.1		1
549.2		1
549.3		1
549.4		1
549.5		1
549.6		1
549.7		1
549.8		1
549.9		1
550		1
550.1		1
550.2		1
550.3		1
550.4		1
550.5		1
550.6		1
550.7		1
550.8		1
550.9		1
551		1
551.1		1
551.2		1
551.3		1
551.4		1
551.5		1
551.6		1
551.7		1
551.8		1
551.9		1
552		1
552.1		1
552.2		1
552.3		1
552.4		1
552.5		1
552.6		1
552.7		1
552.8		1
552.9		1
553		1
553.1		1
553.2		1
553.3		1
553.4		1
553.5		1
553.6		1
553.7		1
553.8		1
553.9		1
554		1
554.1		1
554.2		1
554.3		1
554.4		1
554.5		1
554.6		1
554.7		1
554.8		1
554.9		1
555		1
555.1		1
555.2		1
555.3		1
555.4		1
555.5		1
555.6		1
555.7		1
555.8		1
555.9		1
556		1
556.1		1
556.2		1
556.3		1
556.4		1
556.5		1
556.6		1
556.7		1
556.8		1
556.9		1
557		1
557.1		1
557.2		1
557.3		1
557.4		1
557.5		1
557.6		1
557.7		1
557.8		1
557.9		1
558		1
558.1		1
558.2		1
558.3		1
558.4		1
558.5		1
558.6		1
558.7		1
558.8		1
558.9		1
559		1
559.1		1
559.2		1
559.3		1
559.4		1
559.5		1
559.6		1
559.7		1
559.8		1
559.9		1
560		1
560.1		1
560.2		1
560.3		1
560.4		1
560.5		1
560.6		1
560.7		1
560.8		1
560.9		1
561		1
561.1		1
561.2		1
561.3		1
561.4		1
561.5		1
561.6		1
561.7		1
561.8		1
561.9		1
562		1
562.1		1
562.2		1
562.3		1
562.4		1
562.5		1
562.6		1
562.7		1
562.8		1
562.9		1
563		1
563.1		1
563.2		1
563.3		1
563.4		1
563.5		1
563.6		1
563.7		1
563.8		1
563.9		1
564		1
564.1		1
564.2		1
564.3		1
564.4		1
564.5		1
564.6		1
564.7		1
564.8		1
564.9		1
565		1
565.1		1
565.2		1
565.3		1
565.4		1
565.5		1
565.6		1
565.7		1
565.8		1
565.9		1
566		1
566.1		1
566.2		1
566.3		1
566.4		1
566.5		1
566.6		1
566.7		1
566.8		1
566.9		1
567		1
567.1		1
567.2		1
567.3		1
567.4		1
567.5		1
567.6		1
567.7		1
567.8		1
567.9		1
568		1
568.1		1
568.2		1
568.3		1
568.4		1
568.5		1
568.6		1
568.7		1
568.8		1
568.9		1
569		1
569.1		1
569.2		1
569.3		1
569.4		1
569.5		1
569.6		1
569.7		1
569.8		1
569.9		1
570		1
570.1		1
570.2		1
570.3		1
570.4		1
570.5		1
570.6		1
570.7		1
570.8		1
570.9		1
571		1
571.1		1
571.2		1
571.3		1
571.4		1
571.5		1
571.6		1
571.7		1
571.8		1
571.9		1
572		1
572.1		1
572.2		1
572.3		1
572.4		1
572.5		1
572.6		1
572.7		1
572.8		1
572.9		1
573		1
573.1		1
573.2		1
573.3		1
573.4		1
573.5		1
573.6		1
573.7		1
573.8		1
573.9		1
574		1
574.1		1
574.2		1
574.3		1
574.4		1
574.5		1
574.6		1
574.7		1
574.8		1
574.9		1
575		1
575.1		1
575.2		1
575.3		1
575.4		1
575.5		1
575.6		1
575.7		1
575.8		1
575.9		1
576		1
576.1		1
576.2		1
576.3		1
576.4		1
576.5		1
576.6		1
576.7		1
576.8		1
576.9		1
577		1
577.1		1
577.2		1
577.3		1
577.4		1
577.5		1
577.6		1
577.7		1
577.8		1
577.9		1
578		1
578.1		1
578.2		1
578.3		1
578.4		1
578.5		1
578.6		1
578.7		1
578.8		1
578.9		1
579		1
579.1		1
579.2		1
579.3		1
579.4		1
579.5		1
579.6		1
579.7		1
579.8		1
579.9		1
580		1
580.1		1
580.2		1
580.3		1
580.4		1
580.5		1
580.6		1
580.7		1
580.8		1
580.9		1
581		1
581.1		1
581.2		1
581.3		1
581.4		1
581.5		1
581.6		1
581.7		1
581.8		1
581.9		1
582		1
582.1		1
582.2		1
582.3		1
582.4		1
582.5		1
582.6		1
582.7		1
582.8		1
582.9		1
583		1
583.1		1
583.2		1
583.3		1
583.4		1
583.5		1
583.6		1
583.7		1
583.8		1
583.9		1
584		1
584.1		1
584.2		1
584.3		1
584.4		1
584.5		1
584.6		1
584.7		1
584.8		1
584.9		1
585		1
585.1		1
585.2		1
585.3		1
585.4		1
585.5		1
585.6		1
585.7		1
585.8		1
585.9		1
586		1
586.1		1
586.2		1
586.3		1
586.4		1
586.5		1
586.6		1
586.7		1
586.8		1
586.9		1
587		1
587.1		1
587.2		1
587.3		1
587.4		1
587.5		1
587.6		1
587.7		1
587.8		1
587.9		1
588		1
588.1		1
588.2		1
588.3		1
588.4		1
588.5		1
588.6		1
588.7		1
588.8		1
588.9		1
589		1
589.1		1
589.2		1
589.3		1
589.4		1
589.5		1
589.6		1
589.7		1
589.8		1
589.9		1
590		1
590.1		1
590.2		1
590.3		1
590.4		1
590.5		1
590.6		1
590.7		1
590.8		1
590.9		1
591		1
591.1		1
591.2		1
591.3		1
591.4		1
591.5		1
591.6		1
591.7		1
591.8		1
591.9		1
592		1
592.1		1
592.2		1
592.3		1
592.4		1
592.5		1
592.6		1
592.7		1
592.8		1
592.9		1
593		1
593.1		1
593.2		1
593.3		1
593.4		1
593.5		1
593.6		1
593.7		1
593.8		1
593.9		1
594		1
594.1		1
594.2		1
594.3		1
594.4		1
594.5		1
594.6		1
594.7		1
594.8		1
594.9		1
595		1
595.1		1
595.2		1
595.3		1
595.4		1
595.5		1
595.6		1
595.7		1
595.8		1
595.9		1
596		1
596.1		1
596.2		1
596.3		1
596.4		1
596.5		1
596.6		1
596.7		1
596.8		1
596.9		1
597		1
597.1		1
597.2		1
597.3		1
597.4		1
597.5		1
597.6		1
597.7		1
597.8		1
597.9		1
598		1
598.1		1
598.2		1
598.3		1
598.4		1
598.5		1
598.6		1
598.7		1
598.8		1
598.9		1
599		1
599.1		1
599.2		1
599.3		1
599.4		1
599.5		1
599.6		1
599.7		1
599.8		1
599.9		1
600		1
