# Calibration file of tamex_id 0 @ channel 29
# fine_T bin		 Calibration value
0.1		0
0.2		0
0.3		0
0.4		0
0.5		0
0.6		0
0.7		0
0.8		0
0.9		0
1		0
1.1		0
1.2		0
1.3		0
1.4		0
1.5		0
1.6		0
1.7		0
1.8		0
1.9		0
2		0
2.1		0
2.2		0
2.3		0
2.4		0
2.5		0
2.6		0
2.7		0
2.8		0
2.9		0
3		0
3.1		0
3.2		0
3.3		0
3.4		0
3.5		0
3.6		0
3.7		0
3.8		0
3.9		0
4		0
4.1		0
4.2		0
4.3		0
4.4		0
4.5		0
4.6		0
4.7		0
4.8		0
4.9		0
5		0
5.1		0
5.2		0
5.3		0
5.4		0
5.5		0
5.6		0
5.7		0
5.8		0
5.9		0
6		0
6.1		0
6.2		0
6.3		0
6.4		0
6.5		0
6.6		0
6.7		0
6.8		0
6.9		0
7		0
7.1		0
7.2		0
7.3		0
7.4		0
7.5		0
7.6		0
7.7		0
7.8		0
7.9		0
8		0
8.1		0
8.2		0
8.3		0
8.4		0
8.5		0
8.6		0
8.7		0
8.8		0
8.9		0
9		0
9.1		0
9.2		0
9.3		0
9.4		0
9.5		0
9.6		0
9.7		0
9.8		0
9.9		0
10		0
10.1		0
10.2		0
10.3		0
10.4		0
10.5		0
10.6		0
10.7		0
10.8		0
10.9		0
11		0
11.1		0
11.2		0
11.3		0
11.4		0
11.5		0
11.6		0
11.7		0
11.8		0
11.9		0
12		0
12.1		0
12.2		0
12.3		0
12.4		0
12.5		0
12.6		0
12.7		0
12.8		0
12.9		0
13		0
13.1		0
13.2		0
13.3		0
13.4		0
13.5		0
13.6		0
13.7		0
13.8		0
13.9		0
14		0
14.1		0
14.2		0
14.3		0
14.4		0
14.5		0
14.6		0
14.7		0
14.8		0
14.9		0
15		0
15.1		0
15.2		0
15.3		0
15.4		0
15.5		0
15.6		0
15.7		0
15.8		0
15.9		0
16		0
16.1		0.00810717
16.2		0.00810717
16.3		0.00810717
16.4		0.00810717
16.5		0.00810717
16.6		0.00810717
16.7		0.00810717
16.8		0.00810717
16.9		0.00810717
17		0.00810717
17.1		0.0104036
17.2		0.0104036
17.3		0.0104036
17.4		0.0104036
17.5		0.0104036
17.6		0.0104036
17.7		0.0104036
17.8		0.0104036
17.9		0.0104036
18		0.0104036
18.1		0.0113779
18.2		0.0113779
18.3		0.0113779
18.4		0.0113779
18.5		0.0113779
18.6		0.0113779
18.7		0.0113779
18.8		0.0113779
18.9		0.0113779
19		0.0113779
19.1		0.0125609
19.2		0.0125609
19.3		0.0125609
19.4		0.0125609
19.5		0.0125609
19.6		0.0125609
19.7		0.0125609
19.8		0.0125609
19.9		0.0125609
20		0.0125609
20.1		0.0188587
20.2		0.0188587
20.3		0.0188587
20.4		0.0188587
20.5		0.0188587
20.6		0.0188587
20.7		0.0188587
20.8		0.0188587
20.9		0.0188587
21		0.0188587
21.1		0.0212596
21.2		0.0212596
21.3		0.0212596
21.4		0.0212596
21.5		0.0212596
21.6		0.0212596
21.7		0.0212596
21.8		0.0212596
21.9		0.0212596
22		0.0212596
22.1		0.0217467
22.2		0.0217467
22.3		0.0217467
22.4		0.0217467
22.5		0.0217467
22.6		0.0217467
22.7		0.0217467
22.8		0.0217467
22.9		0.0217467
23		0.0217467
23.1		0.0222686
23.2		0.0222686
23.3		0.0222686
23.4		0.0222686
23.5		0.0222686
23.6		0.0222686
23.7		0.0222686
23.8		0.0222686
23.9		0.0222686
24		0.0222686
24.1		0.0281837
24.2		0.0281837
24.3		0.0281837
24.4		0.0281837
24.5		0.0281837
24.6		0.0281837
24.7		0.0281837
24.8		0.0281837
24.9		0.0281837
25		0.0281837
25.1		0.0297843
25.2		0.0297843
25.3		0.0297843
25.4		0.0297843
25.5		0.0297843
25.6		0.0297843
25.7		0.0297843
25.8		0.0297843
25.9		0.0297843
26		0.0297843
26.1		0.0302714
26.2		0.0302714
26.3		0.0302714
26.4		0.0302714
26.5		0.0302714
26.6		0.0302714
26.7		0.0302714
26.8		0.0302714
26.9		0.0302714
27		0.0302714
27.1		0.0330202
27.2		0.0330202
27.3		0.0330202
27.4		0.0330202
27.5		0.0330202
27.6		0.0330202
27.7		0.0330202
27.8		0.0330202
27.9		0.0330202
28		0.0330202
28.1		0.0360473
28.2		0.0360473
28.3		0.0360473
28.4		0.0360473
28.5		0.0360473
28.6		0.0360473
28.7		0.0360473
28.8		0.0360473
28.9		0.0360473
29		0.0360473
29.1		0.0378566
29.2		0.0378566
29.3		0.0378566
29.4		0.0378566
29.5		0.0378566
29.6		0.0378566
29.7		0.0378566
29.8		0.0378566
29.9		0.0378566
30		0.0378566
30.1		0.0382742
30.2		0.0382742
30.3		0.0382742
30.4		0.0382742
30.5		0.0382742
30.6		0.0382742
30.7		0.0382742
30.8		0.0382742
30.9		0.0382742
31		0.0382742
31.1		0.0405358
31.2		0.0405358
31.3		0.0405358
31.4		0.0405358
31.5		0.0405358
31.6		0.0405358
31.7		0.0405358
31.8		0.0405358
31.9		0.0405358
32		0.0405358
32.1		0.0437717
32.2		0.0437717
32.3		0.0437717
32.4		0.0437717
32.5		0.0437717
32.6		0.0437717
32.7		0.0437717
32.8		0.0437717
32.9		0.0437717
33		0.0437717
33.1		0.0448156
33.2		0.0448156
33.3		0.0448156
33.4		0.0448156
33.5		0.0448156
33.6		0.0448156
33.7		0.0448156
33.8		0.0448156
33.9		0.0448156
34		0.0448156
34.1		0.0452679
34.2		0.0452679
34.3		0.0452679
34.4		0.0452679
34.5		0.0452679
34.6		0.0452679
34.7		0.0452679
34.8		0.0452679
34.9		0.0452679
35		0.0452679
35.1		0.0498956
35.2		0.0498956
35.3		0.0498956
35.4		0.0498956
35.5		0.0498956
35.6		0.0498956
35.7		0.0498956
35.8		0.0498956
35.9		0.0498956
36		0.0498956
36.1		0.0503132
36.2		0.0503132
36.3		0.0503132
36.4		0.0503132
36.5		0.0503132
36.6		0.0503132
36.7		0.0503132
36.8		0.0503132
36.9		0.0503132
37		0.0503132
37.1		0.0521573
37.2		0.0521573
37.3		0.0521573
37.4		0.0521573
37.5		0.0521573
37.6		0.0521573
37.7		0.0521573
37.8		0.0521573
37.9		0.0521573
38		0.0521573
38.1		0.0548713
38.2		0.0548713
38.3		0.0548713
38.4		0.0548713
38.5		0.0548713
38.6		0.0548713
38.7		0.0548713
38.8		0.0548713
38.9		0.0548713
39		0.0548713
39.1		0.0570633
39.2		0.0570633
39.3		0.0570633
39.4		0.0570633
39.5		0.0570633
39.6		0.0570633
39.7		0.0570633
39.8		0.0570633
39.9		0.0570633
40		0.0570633
40.1		0.0591858
40.2		0.0591858
40.3		0.0591858
40.4		0.0591858
40.5		0.0591858
40.6		0.0591858
40.7		0.0591858
40.8		0.0591858
40.9		0.0591858
41		0.0591858
41.1		0.060508
41.2		0.060508
41.3		0.060508
41.4		0.060508
41.5		0.060508
41.6		0.060508
41.7		0.060508
41.8		0.060508
41.9		0.060508
42		0.060508
42.1		0.0607168
42.2		0.0607168
42.3		0.0607168
42.4		0.0607168
42.5		0.0607168
42.6		0.0607168
42.7		0.0607168
42.8		0.0607168
42.9		0.0607168
43		0.0607168
43.1		0.062874
43.2		0.062874
43.3		0.062874
43.4		0.062874
43.5		0.062874
43.6		0.062874
43.7		0.062874
43.8		0.062874
43.9		0.062874
44		0.062874
44.1		0.0662143
44.2		0.0662143
44.3		0.0662143
44.4		0.0662143
44.5		0.0662143
44.6		0.0662143
44.7		0.0662143
44.8		0.0662143
44.9		0.0662143
45		0.0662143
45.1		0.0682672
45.2		0.0682672
45.3		0.0682672
45.4		0.0682672
45.5		0.0682672
45.6		0.0682672
45.7		0.0682672
45.8		0.0682672
45.9		0.0682672
46		0.0682672
46.1		0.0686848
46.2		0.0686848
46.3		0.0686848
46.4		0.0686848
46.5		0.0686848
46.6		0.0686848
46.7		0.0686848
46.8		0.0686848
46.9		0.0686848
47		0.0686848
47.1		0.0705289
47.2		0.0705289
47.3		0.0705289
47.4		0.0705289
47.5		0.0705289
47.6		0.0705289
47.7		0.0705289
47.8		0.0705289
47.9		0.0705289
48		0.0705289
48.1		0.0748086
48.2		0.0748086
48.3		0.0748086
48.4		0.0748086
48.5		0.0748086
48.6		0.0748086
48.7		0.0748086
48.8		0.0748086
48.9		0.0748086
49		0.0748086
49.1		0.0767571
49.2		0.0767571
49.3		0.0767571
49.4		0.0767571
49.5		0.0767571
49.6		0.0767571
49.7		0.0767571
49.8		0.0767571
49.9		0.0767571
50		0.0767571
50.1		0.0772791
50.2		0.0772791
50.3		0.0772791
50.4		0.0772791
50.5		0.0772791
50.6		0.0772791
50.7		0.0772791
50.8		0.0772791
50.9		0.0772791
51		0.0772791
51.1		0.0799235
51.2		0.0799235
51.3		0.0799235
51.4		0.0799235
51.5		0.0799235
51.6		0.0799235
51.7		0.0799235
51.8		0.0799235
51.9		0.0799235
52		0.0799235
52.1		0.0810717
52.2		0.0810717
52.3		0.0810717
52.4		0.0810717
52.5		0.0810717
52.6		0.0810717
52.7		0.0810717
52.8		0.0810717
52.9		0.0810717
53		0.0810717
53.1		0.0851079
53.2		0.0851079
53.3		0.0851079
53.4		0.0851079
53.5		0.0851079
53.6		0.0851079
53.7		0.0851079
53.8		0.0851079
53.9		0.0851079
54		0.0851079
54.1		0.0868824
54.2		0.0868824
54.3		0.0868824
54.4		0.0868824
54.5		0.0868824
54.6		0.0868824
54.7		0.0868824
54.8		0.0868824
54.9		0.0868824
55		0.0868824
55.1		0.0882742
55.2		0.0882742
55.3		0.0882742
55.4		0.0882742
55.5		0.0882742
55.6		0.0882742
55.7		0.0882742
55.8		0.0882742
55.9		0.0882742
56		0.0882742
56.1		0.0896312
56.2		0.0896312
56.3		0.0896312
56.4		0.0896312
56.5		0.0896312
56.6		0.0896312
56.7		0.0896312
56.8		0.0896312
56.9		0.0896312
57		0.0896312
57.1		0.0917884
57.2		0.0917884
57.3		0.0917884
57.4		0.0917884
57.5		0.0917884
57.6		0.0917884
57.7		0.0917884
57.8		0.0917884
57.9		0.0917884
58		0.0917884
58.1		0.0961726
58.2		0.0961726
58.3		0.0961726
58.4		0.0961726
58.5		0.0961726
58.6		0.0961726
58.7		0.0961726
58.8		0.0961726
58.9		0.0961726
59		0.0961726
59.1		0.0977035
59.2		0.0977035
59.3		0.0977035
59.4		0.0977035
59.5		0.0977035
59.6		0.0977035
59.7		0.0977035
59.8		0.0977035
59.9		0.0977035
60		0.0977035
60.1		0.0996868
60.2		0.0996868
60.3		0.0996868
60.4		0.0996868
60.5		0.0996868
60.6		0.0996868
60.7		0.0996868
60.8		0.0996868
60.9		0.0996868
61		0.0996868
61.1		0.101079
61.2		0.101079
61.3		0.101079
61.4		0.101079
61.5		0.101079
61.6		0.101079
61.7		0.101079
61.8		0.101079
61.9		0.101079
62		0.101079
62.1		0.104593
62.2		0.104593
62.3		0.104593
62.4		0.104593
62.5		0.104593
62.6		0.104593
62.7		0.104593
62.8		0.104593
62.9		0.104593
63		0.104593
63.1		0.105811
63.2		0.105811
63.3		0.105811
63.4		0.105811
63.5		0.105811
63.6		0.105811
63.7		0.105811
63.8		0.105811
63.9		0.105811
64		0.105811
64.1		0.107342
64.2		0.107342
64.3		0.107342
64.4		0.107342
64.5		0.107342
64.6		0.107342
64.7		0.107342
64.8		0.107342
64.9		0.107342
65		0.107342
65.1		0.108107
65.2		0.108107
65.3		0.108107
65.4		0.108107
65.5		0.108107
65.6		0.108107
65.7		0.108107
65.8		0.108107
65.9		0.108107
66		0.108107
66.1		0.11183
66.2		0.11183
66.3		0.11183
66.4		0.11183
66.5		0.11183
66.6		0.11183
66.7		0.11183
66.8		0.11183
66.9		0.11183
67		0.11183
67.1		0.113918
67.2		0.113918
67.3		0.113918
67.4		0.113918
67.5		0.113918
67.6		0.113918
67.7		0.113918
67.8		0.113918
67.9		0.113918
68		0.113918
68.1		0.115936
68.2		0.115936
68.3		0.115936
68.4		0.115936
68.5		0.115936
68.6		0.115936
68.7		0.115936
68.8		0.115936
68.9		0.115936
69		0.115936
69.1		0.116945
69.2		0.116945
69.3		0.116945
69.4		0.116945
69.5		0.116945
69.6		0.116945
69.7		0.116945
69.8		0.116945
69.9		0.116945
70		0.116945
70.1		0.12119
70.2		0.12119
70.3		0.12119
70.4		0.12119
70.5		0.12119
70.6		0.12119
70.7		0.12119
70.8		0.12119
70.9		0.12119
71		0.12119
71.1		0.122686
71.2		0.122686
71.3		0.122686
71.4		0.122686
71.5		0.122686
71.6		0.122686
71.7		0.122686
71.8		0.122686
71.9		0.122686
72		0.122686
72.1		0.123208
72.2		0.123208
72.3		0.123208
72.4		0.123208
72.5		0.123208
72.6		0.123208
72.7		0.123208
72.8		0.123208
72.9		0.123208
73		0.123208
73.1		0.123695
73.2		0.123695
73.3		0.123695
73.4		0.123695
73.5		0.123695
73.6		0.123695
73.7		0.123695
73.8		0.123695
73.9		0.123695
74		0.123695
74.1		0.129158
74.2		0.129158
74.3		0.129158
74.4		0.129158
74.5		0.129158
74.6		0.129158
74.7		0.129158
74.8		0.129158
74.9		0.129158
75		0.129158
75.1		0.131211
75.2		0.131211
75.3		0.131211
75.4		0.131211
75.5		0.131211
75.6		0.131211
75.7		0.131211
75.8		0.131211
75.9		0.131211
76		0.131211
76.1		0.131802
76.2		0.131802
76.3		0.131802
76.4		0.131802
76.5		0.131802
76.6		0.131802
76.7		0.131802
76.8		0.131802
76.9		0.131802
77		0.131802
77.1		0.134447
77.2		0.134447
77.3		0.134447
77.4		0.134447
77.5		0.134447
77.6		0.134447
77.7		0.134447
77.8		0.134447
77.9		0.134447
78		0.134447
78.1		0.1381
78.2		0.1381
78.3		0.1381
78.4		0.1381
78.5		0.1381
78.6		0.1381
78.7		0.1381
78.8		0.1381
78.9		0.1381
79		0.1381
79.1		0.138761
79.2		0.138761
79.3		0.138761
79.4		0.138761
79.5		0.138761
79.6		0.138761
79.7		0.138761
79.8		0.138761
79.9		0.138761
80		0.138761
80.1		0.140536
80.2		0.140536
80.3		0.140536
80.4		0.140536
80.5		0.140536
80.6		0.140536
80.7		0.140536
80.8		0.140536
80.9		0.140536
81		0.140536
81.1		0.142136
81.2		0.142136
81.3		0.142136
81.4		0.142136
81.5		0.142136
81.6		0.142136
81.7		0.142136
81.8		0.142136
81.9		0.142136
82		0.142136
82.1		0.145651
82.2		0.145651
82.3		0.145651
82.4		0.145651
82.5		0.145651
82.6		0.145651
82.7		0.145651
82.8		0.145651
82.9		0.145651
83		0.145651
83.1		0.147947
83.2		0.147947
83.3		0.147947
83.4		0.147947
83.5		0.147947
83.6		0.147947
83.7		0.147947
83.8		0.147947
83.9		0.147947
84		0.147947
84.1		0.148817
84.2		0.148817
84.3		0.148817
84.4		0.148817
84.5		0.148817
84.6		0.148817
84.7		0.148817
84.8		0.148817
84.9		0.148817
85		0.148817
85.1		0.150905
85.2		0.150905
85.3		0.150905
85.4		0.150905
85.5		0.150905
85.6		0.150905
85.7		0.150905
85.8		0.150905
85.9		0.150905
86		0.150905
86.1		0.150905
86.2		0.150905
86.3		0.150905
86.4		0.150905
86.5		0.150905
86.6		0.150905
86.7		0.150905
86.8		0.150905
86.9		0.150905
87		0.150905
87.1		0.15334
87.2		0.15334
87.3		0.15334
87.4		0.15334
87.5		0.15334
87.6		0.15334
87.7		0.15334
87.8		0.15334
87.9		0.15334
88		0.15334
88.1		0.156437
88.2		0.156437
88.3		0.156437
88.4		0.156437
88.5		0.156437
88.6		0.156437
88.7		0.156437
88.8		0.156437
88.9		0.156437
89		0.156437
89.1		0.158907
89.2		0.158907
89.3		0.158907
89.4		0.158907
89.5		0.158907
89.6		0.158907
89.7		0.158907
89.8		0.158907
89.9		0.158907
90		0.158907
90.1		0.159186
90.2		0.159186
90.3		0.159186
90.4		0.159186
90.5		0.159186
90.6		0.159186
90.7		0.159186
90.8		0.159186
90.9		0.159186
91		0.159186
91.1		0.160056
91.2		0.160056
91.3		0.160056
91.4		0.160056
91.5		0.160056
91.6		0.160056
91.7		0.160056
91.8		0.160056
91.9		0.160056
92		0.160056
92.1		0.164683
92.2		0.164683
92.3		0.164683
92.4		0.164683
92.5		0.164683
92.6		0.164683
92.7		0.164683
92.8		0.164683
92.9		0.164683
93		0.164683
93.1		0.165275
93.2		0.165275
93.3		0.165275
93.4		0.165275
93.5		0.165275
93.6		0.165275
93.7		0.165275
93.8		0.165275
93.9		0.165275
94		0.165275
94.1		0.16698
94.2		0.16698
94.3		0.16698
94.4		0.16698
94.5		0.16698
94.6		0.16698
94.7		0.16698
94.8		0.16698
94.9		0.16698
95		0.16698
95.1		0.168093
95.2		0.168093
95.3		0.168093
95.4		0.168093
95.5		0.168093
95.6		0.168093
95.7		0.168093
95.8		0.168093
95.9		0.168093
96		0.168093
96.1		0.172338
96.2		0.172338
96.3		0.172338
96.4		0.172338
96.5		0.172338
96.6		0.172338
96.7		0.172338
96.8		0.172338
96.9		0.172338
97		0.172338
97.1		0.173974
97.2		0.173974
97.3		0.173974
97.4		0.173974
97.5		0.173974
97.6		0.173974
97.7		0.173974
97.8		0.173974
97.9		0.173974
98		0.173974
98.1		0.174008
98.2		0.174008
98.3		0.174008
98.4		0.174008
98.5		0.174008
98.6		0.174008
98.7		0.174008
98.8		0.174008
98.9		0.174008
99		0.174008
99.1		0.174287
99.2		0.174287
99.3		0.174287
99.4		0.174287
99.5		0.174287
99.6		0.174287
99.7		0.174287
99.8		0.174287
99.9		0.174287
100		0.174287
100.1		0.181976
100.2		0.181976
100.3		0.181976
100.4		0.181976
100.5		0.181976
100.6		0.181976
100.7		0.181976
100.8		0.181976
100.9		0.181976
101		0.181976
101.1		0.182498
101.2		0.182498
101.3		0.182498
101.4		0.182498
101.5		0.182498
101.6		0.182498
101.7		0.182498
101.8		0.182498
101.9		0.182498
102		0.182498
102.1		0.182672
102.2		0.182672
102.3		0.182672
102.4		0.182672
102.5		0.182672
102.6		0.182672
102.7		0.182672
102.8		0.182672
102.9		0.182672
103		0.182672
103.1		0.182811
103.2		0.182811
103.3		0.182811
103.4		0.182811
103.5		0.182811
103.6		0.182811
103.7		0.182811
103.8		0.182811
103.9		0.182811
104		0.182811
104.1		0.188413
104.2		0.188413
104.3		0.188413
104.4		0.188413
104.5		0.188413
104.6		0.188413
104.7		0.188413
104.8		0.188413
104.9		0.188413
105		0.188413
105.1		0.190988
105.2		0.190988
105.3		0.190988
105.4		0.190988
105.5		0.190988
105.6		0.190988
105.7		0.190988
105.8		0.190988
105.9		0.190988
106		0.190988
106.1		0.191649
106.2		0.191649
106.3		0.191649
106.4		0.191649
106.5		0.191649
106.6		0.191649
106.7		0.191649
106.8		0.191649
106.9		0.191649
107		0.191649
107.1		0.192136
107.2		0.192136
107.3		0.192136
107.4		0.192136
107.5		0.192136
107.6		0.192136
107.7		0.192136
107.8		0.192136
107.9		0.192136
108		0.192136
108.1		0.195268
108.2		0.195268
108.3		0.195268
108.4		0.195268
108.5		0.195268
108.6		0.195268
108.7		0.195268
108.8		0.195268
108.9		0.195268
109		0.195268
109.1		0.198086
109.2		0.198086
109.3		0.198086
109.4		0.198086
109.5		0.198086
109.6		0.198086
109.7		0.198086
109.8		0.198086
109.9		0.198086
110		0.198086
110.1		0.199165
110.2		0.199165
110.3		0.199165
110.4		0.199165
110.5		0.199165
110.6		0.199165
110.7		0.199165
110.8		0.199165
110.9		0.199165
111		0.199165
111.1		0.202227
111.2		0.202227
111.3		0.202227
111.4		0.202227
111.5		0.202227
111.6		0.202227
111.7		0.202227
111.8		0.202227
111.9		0.202227
112		0.202227
112.1		0.203758
112.2		0.203758
112.3		0.203758
112.4		0.203758
112.5		0.203758
112.6		0.203758
112.7		0.203758
112.8		0.203758
112.9		0.203758
113		0.203758
113.1		0.20588
113.2		0.20588
113.3		0.20588
113.4		0.20588
113.5		0.20588
113.6		0.20588
113.7		0.20588
113.8		0.20588
113.9		0.20588
114		0.20588
114.1		0.209673
114.2		0.209673
114.3		0.209673
114.4		0.209673
114.5		0.209673
114.6		0.209673
114.7		0.209673
114.8		0.209673
114.9		0.209673
115		0.209673
115.1		0.210369
115.2		0.210369
115.3		0.210369
115.4		0.210369
115.5		0.210369
115.6		0.210369
115.7		0.210369
115.8		0.210369
115.9		0.210369
116		0.210369
116.1		0.213118
116.2		0.213118
116.3		0.213118
116.4		0.213118
116.5		0.213118
116.6		0.213118
116.7		0.213118
116.8		0.213118
116.9		0.213118
117		0.213118
117.1		0.213466
117.2		0.213466
117.3		0.213466
117.4		0.213466
117.5		0.213466
117.6		0.213466
117.7		0.213466
117.8		0.213466
117.9		0.213466
118		0.213466
118.1		0.216249
118.2		0.216249
118.3		0.216249
118.4		0.216249
118.5		0.216249
118.6		0.216249
118.7		0.216249
118.8		0.216249
118.9		0.216249
119		0.216249
119.1		0.219833
119.2		0.219833
119.3		0.219833
119.4		0.219833
119.5		0.219833
119.6		0.219833
119.7		0.219833
119.8		0.219833
119.9		0.219833
120		0.219833
120.1		0.219972
120.2		0.219972
120.3		0.219972
120.4		0.219972
120.5		0.219972
120.6		0.219972
120.7		0.219972
120.8		0.219972
120.9		0.219972
121		0.219972
121.1		0.225435
121.2		0.225435
121.3		0.225435
121.4		0.225435
121.5		0.225435
121.6		0.225435
121.7		0.225435
121.8		0.225435
121.9		0.225435
122		0.225435
122.1		0.226896
122.2		0.226896
122.3		0.226896
122.4		0.226896
122.5		0.226896
122.6		0.226896
122.7		0.226896
122.8		0.226896
122.9		0.226896
123		0.226896
123.1		0.229228
123.2		0.229228
123.3		0.229228
123.4		0.229228
123.5		0.229228
123.6		0.229228
123.7		0.229228
123.8		0.229228
123.9		0.229228
124		0.229228
124.1		0.230097
124.2		0.230097
124.3		0.230097
124.4		0.230097
124.5		0.230097
124.6		0.230097
124.7		0.230097
124.8		0.230097
124.9		0.230097
125		0.230097
125.1		0.231698
125.2		0.231698
125.3		0.231698
125.4		0.231698
125.5		0.231698
125.6		0.231698
125.7		0.231698
125.8		0.231698
125.9		0.231698
126		0.231698
126.1		0.236882
126.2		0.236882
126.3		0.236882
126.4		0.236882
126.5		0.236882
126.6		0.236882
126.7		0.236882
126.8		0.236882
126.9		0.236882
127		0.236882
127.1		0.23904
127.2		0.23904
127.3		0.23904
127.4		0.23904
127.5		0.23904
127.6		0.23904
127.7		0.23904
127.8		0.23904
127.9		0.23904
128		0.23904
128.1		0.239318
128.2		0.239318
128.3		0.239318
128.4		0.239318
128.5		0.239318
128.6		0.239318
128.7		0.239318
128.8		0.239318
128.9		0.239318
129		0.239318
129.1		0.240397
129.2		0.240397
129.3		0.240397
129.4		0.240397
129.5		0.240397
129.6		0.240397
129.7		0.240397
129.8		0.240397
129.9		0.240397
130		0.240397
130.1		0.244468
130.2		0.244468
130.3		0.244468
130.4		0.244468
130.5		0.244468
130.6		0.244468
130.7		0.244468
130.8		0.244468
130.9		0.244468
131		0.244468
131.1		0.244781
131.2		0.244781
131.3		0.244781
131.4		0.244781
131.5		0.244781
131.6		0.244781
131.7		0.244781
131.8		0.244781
131.9		0.244781
132		0.244781
132.1		0.246103
132.2		0.246103
132.3		0.246103
132.4		0.246103
132.5		0.246103
132.6		0.246103
132.7		0.246103
132.8		0.246103
132.9		0.246103
133		0.246103
133.1		0.248608
133.2		0.248608
133.3		0.248608
133.4		0.248608
133.5		0.248608
133.6		0.248608
133.7		0.248608
133.8		0.248608
133.9		0.248608
134		0.248608
134.1		0.253305
134.2		0.253305
134.3		0.253305
134.4		0.253305
134.5		0.253305
134.6		0.253305
134.7		0.253305
134.8		0.253305
134.9		0.253305
135		0.253305
135.1		0.253653
135.2		0.253653
135.3		0.253653
135.4		0.253653
135.5		0.253653
135.6		0.253653
135.7		0.253653
135.8		0.253653
135.9		0.253653
136		0.253653
136.1		0.256681
136.2		0.256681
136.3		0.256681
136.4		0.256681
136.5		0.256681
136.6		0.256681
136.7		0.256681
136.8		0.256681
136.9		0.256681
137		0.256681
137.1		0.257098
137.2		0.257098
137.3		0.257098
137.4		0.257098
137.5		0.257098
137.6		0.257098
137.7		0.257098
137.8		0.257098
137.9		0.257098
138		0.257098
138.1		0.262283
138.2		0.262283
138.3		0.262283
138.4		0.262283
138.5		0.262283
138.6		0.262283
138.7		0.262283
138.8		0.262283
138.9		0.262283
139		0.262283
139.1		0.262665
139.2		0.262665
139.3		0.262665
139.4		0.262665
139.5		0.262665
139.6		0.262665
139.7		0.262665
139.8		0.262665
139.9		0.262665
140		0.262665
140.1		0.263118
140.2		0.263118
140.3		0.263118
140.4		0.263118
140.5		0.263118
140.6		0.263118
140.7		0.263118
140.8		0.263118
140.9		0.263118
141		0.263118
141.1		0.266527
141.2		0.266527
141.3		0.266527
141.4		0.266527
141.5		0.266527
141.6		0.266527
141.7		0.266527
141.8		0.266527
141.9		0.266527
142		0.266527
142.1		0.268859
142.2		0.268859
142.3		0.268859
142.4		0.268859
142.5		0.268859
142.6		0.268859
142.7		0.268859
142.8		0.268859
142.9		0.268859
143		0.268859
143.1		0.271434
143.2		0.271434
143.3		0.271434
143.4		0.271434
143.5		0.271434
143.6		0.271434
143.7		0.271434
143.8		0.271434
143.9		0.271434
144		0.271434
144.1		0.272129
144.2		0.272129
144.3		0.272129
144.4		0.272129
144.5		0.272129
144.6		0.272129
144.7		0.272129
144.8		0.272129
144.9		0.272129
145		0.272129
145.1		0.274843
145.2		0.274843
145.3		0.274843
145.4		0.274843
145.5		0.274843
145.6		0.274843
145.7		0.274843
145.8		0.274843
145.9		0.274843
146		0.274843
146.1		0.278636
146.2		0.278636
146.3		0.278636
146.4		0.278636
146.5		0.278636
146.6		0.278636
146.7		0.278636
146.8		0.278636
146.9		0.278636
147		0.278636
147.1		0.27888
147.2		0.27888
147.3		0.27888
147.4		0.27888
147.5		0.27888
147.6		0.27888
147.7		0.27888
147.8		0.27888
147.9		0.27888
148		0.27888
148.1		0.281628
148.2		0.281628
148.3		0.281628
148.4		0.281628
148.5		0.281628
148.6		0.281628
148.7		0.281628
148.8		0.281628
148.9		0.281628
149		0.281628
149.1		0.283577
149.2		0.283577
149.3		0.283577
149.4		0.283577
149.5		0.283577
149.6		0.283577
149.7		0.283577
149.8		0.283577
149.9		0.283577
150		0.283577
150.1		0.286047
150.2		0.286047
150.3		0.286047
150.4		0.286047
150.5		0.286047
150.6		0.286047
150.7		0.286047
150.8		0.286047
150.9		0.286047
151		0.286047
151.1		0.2881
151.2		0.2881
151.3		0.2881
151.4		0.2881
151.5		0.2881
151.6		0.2881
151.7		0.2881
151.8		0.2881
151.9		0.2881
152		0.2881
152.1		0.290501
152.2		0.290501
152.3		0.290501
152.4		0.290501
152.5		0.290501
152.6		0.290501
152.7		0.290501
152.8		0.290501
152.9		0.290501
153		0.290501
153.1		0.290745
153.2		0.290745
153.3		0.290745
153.4		0.290745
153.5		0.290745
153.6		0.290745
153.7		0.290745
153.8		0.290745
153.9		0.290745
154		0.290745
154.1		0.294085
154.2		0.294085
154.3		0.294085
154.4		0.294085
154.5		0.294085
154.6		0.294085
154.7		0.294085
154.8		0.294085
154.9		0.294085
155		0.294085
155.1		0.296173
155.2		0.296173
155.3		0.296173
155.4		0.296173
155.5		0.296173
155.6		0.296173
155.7		0.296173
155.8		0.296173
155.9		0.296173
156		0.296173
156.1		0.300104
156.2		0.300104
156.3		0.300104
156.4		0.300104
156.5		0.300104
156.6		0.300104
156.7		0.300104
156.8		0.300104
156.9		0.300104
157		0.300104
157.1		0.300278
157.2		0.300278
157.3		0.300278
157.4		0.300278
157.5		0.300278
157.6		0.300278
157.7		0.300278
157.8		0.300278
157.9		0.300278
158		0.300278
158.1		0.300661
158.2		0.300661
158.3		0.300661
158.4		0.300661
158.5		0.300661
158.6		0.300661
158.7		0.300661
158.8		0.300661
158.9		0.300661
159		0.300661
159.1		0.301427
159.2		0.301427
159.3		0.301427
159.4		0.301427
159.5		0.301427
159.6		0.301427
159.7		0.301427
159.8		0.301427
159.9		0.301427
160		0.301427
160.1		0.310264
160.2		0.310264
160.3		0.310264
160.4		0.310264
160.5		0.310264
160.6		0.310264
160.7		0.310264
160.8		0.310264
160.9		0.310264
161		0.310264
161.1		0.310926
161.2		0.310926
161.3		0.310926
161.4		0.310926
161.5		0.310926
161.6		0.310926
161.7		0.310926
161.8		0.310926
161.9		0.310926
162		0.310926
162.1		0.311656
162.2		0.311656
162.3		0.311656
162.4		0.311656
162.5		0.311656
162.6		0.311656
162.7		0.311656
162.8		0.311656
162.9		0.311656
163		0.311656
163.1		0.312074
163.2		0.312074
163.3		0.312074
163.4		0.312074
163.5		0.312074
163.6		0.312074
163.7		0.312074
163.8		0.312074
163.9		0.312074
164		0.312074
164.1		0.31858
164.2		0.31858
164.3		0.31858
164.4		0.31858
164.5		0.31858
164.6		0.31858
164.7		0.31858
164.8		0.31858
164.9		0.31858
165		0.31858
165.1		0.319937
165.2		0.319937
165.3		0.319937
165.4		0.319937
165.5		0.319937
165.6		0.319937
165.7		0.319937
165.8		0.319937
165.9		0.319937
166		0.319937
166.1		0.320424
166.2		0.320424
166.3		0.320424
166.4		0.320424
166.5		0.320424
166.6		0.320424
166.7		0.320424
166.8		0.320424
166.9		0.320424
167		0.320424
167.1		0.320494
167.2		0.320494
167.3		0.320494
167.4		0.320494
167.5		0.320494
167.6		0.320494
167.7		0.320494
167.8		0.320494
167.9		0.320494
168		0.320494
168.1		0.326548
168.2		0.326548
168.3		0.326548
168.4		0.326548
168.5		0.326548
168.6		0.326548
168.7		0.326548
168.8		0.326548
168.9		0.326548
169		0.326548
169.1		0.327557
169.2		0.327557
169.3		0.327557
169.4		0.327557
169.5		0.327557
169.6		0.327557
169.7		0.327557
169.8		0.327557
169.9		0.327557
170		0.327557
170.1		0.328149
170.2		0.328149
170.3		0.328149
170.4		0.328149
170.5		0.328149
170.6		0.328149
170.7		0.328149
170.8		0.328149
170.9		0.328149
171		0.328149
171.1		0.332255
171.2		0.332255
171.3		0.332255
171.4		0.332255
171.5		0.332255
171.6		0.332255
171.7		0.332255
171.8		0.332255
171.9		0.332255
172		0.332255
172.1		0.33723
172.2		0.33723
172.3		0.33723
172.4		0.33723
172.5		0.33723
172.6		0.33723
172.7		0.33723
172.8		0.33723
172.9		0.33723
173		0.33723
173.1		0.338344
173.2		0.338344
173.3		0.338344
173.4		0.338344
173.5		0.338344
173.6		0.338344
173.7		0.338344
173.8		0.338344
173.9		0.338344
174		0.338344
174.1		0.338761
174.2		0.338761
174.3		0.338761
174.4		0.338761
174.5		0.338761
174.6		0.338761
174.7		0.338761
174.8		0.338761
174.9		0.338761
175		0.338761
175.1		0.339979
175.2		0.339979
175.3		0.339979
175.4		0.339979
175.5		0.339979
175.6		0.339979
175.7		0.339979
175.8		0.339979
175.9		0.339979
176		0.339979
176.1		0.341823
176.2		0.341823
176.3		0.341823
176.4		0.341823
176.5		0.341823
176.6		0.341823
176.7		0.341823
176.8		0.341823
176.9		0.341823
177		0.341823
177.1		0.343772
177.2		0.343772
177.3		0.343772
177.4		0.343772
177.5		0.343772
177.6		0.343772
177.7		0.343772
177.8		0.343772
177.9		0.343772
178		0.343772
178.1		0.347008
178.2		0.347008
178.3		0.347008
178.4		0.347008
178.5		0.347008
178.6		0.347008
178.7		0.347008
178.8		0.347008
178.9		0.347008
179		0.347008
179.1		0.350209
179.2		0.350209
179.3		0.350209
179.4		0.350209
179.5		0.350209
179.6		0.350209
179.7		0.350209
179.8		0.350209
179.9		0.350209
180		0.350209
180.1		0.35174
180.2		0.35174
180.3		0.35174
180.4		0.35174
180.5		0.35174
180.6		0.35174
180.7		0.35174
180.8		0.35174
180.9		0.35174
181		0.35174
181.1		0.353619
181.2		0.353619
181.3		0.353619
181.4		0.353619
181.5		0.353619
181.6		0.353619
181.7		0.353619
181.8		0.353619
181.9		0.353619
182		0.353619
182.1		0.353932
182.2		0.353932
182.3		0.353932
182.4		0.353932
182.5		0.353932
182.6		0.353932
182.7		0.353932
182.8		0.353932
182.9		0.353932
183		0.353932
183.1		0.355115
183.2		0.355115
183.3		0.355115
183.4		0.355115
183.5		0.355115
183.6		0.355115
183.7		0.355115
183.8		0.355115
183.9		0.355115
184		0.355115
184.1		0.358559
184.2		0.358559
184.3		0.358559
184.4		0.358559
184.5		0.358559
184.6		0.358559
184.7		0.358559
184.8		0.358559
184.9		0.358559
185		0.358559
185.1		0.363848
185.2		0.363848
185.3		0.363848
185.4		0.363848
185.5		0.363848
185.6		0.363848
185.7		0.363848
185.8		0.363848
185.9		0.363848
186		0.363848
186.1		0.365901
186.2		0.365901
186.3		0.365901
186.4		0.365901
186.5		0.365901
186.6		0.365901
186.7		0.365901
186.8		0.365901
186.9		0.365901
187		0.365901
187.1		0.366562
187.2		0.366562
187.3		0.366562
187.4		0.366562
187.5		0.366562
187.6		0.366562
187.7		0.366562
187.8		0.366562
187.9		0.366562
188		0.366562
188.1		0.369555
188.2		0.369555
188.3		0.369555
188.4		0.369555
188.5		0.369555
188.6		0.369555
188.7		0.369555
188.8		0.369555
188.9		0.369555
189		0.369555
189.1		0.371364
189.2		0.371364
189.3		0.371364
189.4		0.371364
189.5		0.371364
189.6		0.371364
189.7		0.371364
189.8		0.371364
189.9		0.371364
190		0.371364
190.1		0.37286
190.2		0.37286
190.3		0.37286
190.4		0.37286
190.5		0.37286
190.6		0.37286
190.7		0.37286
190.8		0.37286
190.9		0.37286
191		0.37286
191.1		0.376618
191.2		0.376618
191.3		0.376618
191.4		0.376618
191.5		0.376618
191.6		0.376618
191.7		0.376618
191.8		0.376618
191.9		0.376618
192		0.376618
192.1		0.376862
192.2		0.376862
192.3		0.376862
192.4		0.376862
192.5		0.376862
192.6		0.376862
192.7		0.376862
192.8		0.376862
192.9		0.376862
193		0.376862
193.1		0.377557
193.2		0.377557
193.3		0.377557
193.4		0.377557
193.5		0.377557
193.6		0.377557
193.7		0.377557
193.8		0.377557
193.9		0.377557
194		0.377557
194.1		0.380585
194.2		0.380585
194.3		0.380585
194.4		0.380585
194.5		0.380585
194.6		0.380585
194.7		0.380585
194.8		0.380585
194.9		0.380585
195		0.380585
195.1		0.382951
195.2		0.382951
195.3		0.382951
195.4		0.382951
195.5		0.382951
195.6		0.382951
195.7		0.382951
195.8		0.382951
195.9		0.382951
196		0.382951
196.1		0.383194
196.2		0.383194
196.3		0.383194
196.4		0.383194
196.5		0.383194
196.6		0.383194
196.7		0.383194
196.8		0.383194
196.9		0.383194
197		0.383194
197.1		0.386082
197.2		0.386082
197.3		0.386082
197.4		0.386082
197.5		0.386082
197.6		0.386082
197.7		0.386082
197.8		0.386082
197.9		0.386082
198		0.386082
198.1		0.388065
198.2		0.388065
198.3		0.388065
198.4		0.388065
198.5		0.388065
198.6		0.388065
198.7		0.388065
198.8		0.388065
198.9		0.388065
199		0.388065
199.1		0.391997
199.2		0.391997
199.3		0.391997
199.4		0.391997
199.5		0.391997
199.6		0.391997
199.7		0.391997
199.8		0.391997
199.9		0.391997
200		0.391997
200.1		0.392728
200.2		0.392728
200.3		0.392728
200.4		0.392728
200.5		0.392728
200.6		0.392728
200.7		0.392728
200.8		0.392728
200.9		0.392728
201		0.392728
201.1		0.392832
201.2		0.392832
201.3		0.392832
201.4		0.392832
201.5		0.392832
201.6		0.392832
201.7		0.392832
201.8		0.392832
201.9		0.392832
202		0.392832
202.1		0.396138
202.2		0.396138
202.3		0.396138
202.4		0.396138
202.5		0.396138
202.6		0.396138
202.7		0.396138
202.8		0.396138
202.9		0.396138
203		0.396138
203.1		0.39753
203.2		0.39753
203.3		0.39753
203.4		0.39753
203.5		0.39753
203.6		0.39753
203.7		0.39753
203.8		0.39753
203.9		0.39753
204		0.39753
204.1		0.400522
204.2		0.400522
204.3		0.400522
204.4		0.400522
204.5		0.400522
204.6		0.400522
204.7		0.400522
204.8		0.400522
204.9		0.400522
205		0.400522
205.1		0.402575
205.2		0.402575
205.3		0.402575
205.4		0.402575
205.5		0.402575
205.6		0.402575
205.7		0.402575
205.8		0.402575
205.9		0.402575
206		0.402575
206.1		0.405741
206.2		0.405741
206.3		0.405741
206.4		0.405741
206.5		0.405741
206.6		0.405741
206.7		0.405741
206.8		0.405741
206.9		0.405741
207		0.405741
207.1		0.406646
207.2		0.406646
207.3		0.406646
207.4		0.406646
207.5		0.406646
207.6		0.406646
207.7		0.406646
207.8		0.406646
207.9		0.406646
208		0.406646
208.1		0.409395
208.2		0.409395
208.3		0.409395
208.4		0.409395
208.5		0.409395
208.6		0.409395
208.7		0.409395
208.8		0.409395
208.9		0.409395
209		0.409395
209.1		0.410438
209.2		0.410438
209.3		0.410438
209.4		0.410438
209.5		0.410438
209.6		0.410438
209.7		0.410438
209.8		0.410438
209.9		0.410438
210		0.410438
210.1		0.414614
210.2		0.414614
210.3		0.414614
210.4		0.414614
210.5		0.414614
210.6		0.414614
210.7		0.414614
210.8		0.414614
210.9		0.414614
211		0.414614
211.1		0.416006
211.2		0.416006
211.3		0.416006
211.4		0.416006
211.5		0.416006
211.6		0.416006
211.7		0.416006
211.8		0.416006
211.9		0.416006
212		0.416006
212.1		0.418824
212.2		0.418824
212.3		0.418824
212.4		0.418824
212.5		0.418824
212.6		0.418824
212.7		0.418824
212.8		0.418824
212.9		0.418824
213		0.418824
213.1		0.420181
213.2		0.420181
213.3		0.420181
213.4		0.420181
213.5		0.420181
213.6		0.420181
213.7		0.420181
213.8		0.420181
213.9		0.420181
214		0.420181
214.1		0.422408
214.2		0.422408
214.3		0.422408
214.4		0.422408
214.5		0.422408
214.6		0.422408
214.7		0.422408
214.8		0.422408
214.9		0.422408
215		0.422408
215.1		0.424287
215.2		0.424287
215.3		0.424287
215.4		0.424287
215.5		0.424287
215.6		0.424287
215.7		0.424287
215.8		0.424287
215.9		0.424287
216		0.424287
216.1		0.424843
216.2		0.424843
216.3		0.424843
216.4		0.424843
216.5		0.424843
216.6		0.424843
216.7		0.424843
216.8		0.424843
216.9		0.424843
217		0.424843
217.1		0.429297
217.2		0.429297
217.3		0.429297
217.4		0.429297
217.5		0.429297
217.6		0.429297
217.7		0.429297
217.8		0.429297
217.9		0.429297
218		0.429297
218.1		0.431489
218.2		0.431489
218.3		0.431489
218.4		0.431489
218.5		0.431489
218.6		0.431489
218.7		0.431489
218.8		0.431489
218.9		0.431489
219		0.431489
219.1		0.431524
219.2		0.431524
219.3		0.431524
219.4		0.431524
219.5		0.431524
219.6		0.431524
219.7		0.431524
219.8		0.431524
219.9		0.431524
220		0.431524
220.1		0.435282
220.2		0.435282
220.3		0.435282
220.4		0.435282
220.5		0.435282
220.6		0.435282
220.7		0.435282
220.8		0.435282
220.9		0.435282
221		0.435282
221.1		0.435491
221.2		0.435491
221.3		0.435491
221.4		0.435491
221.5		0.435491
221.6		0.435491
221.7		0.435491
221.8		0.435491
221.9		0.435491
222		0.435491
222.1		0.4381
222.2		0.4381
222.3		0.4381
222.4		0.4381
222.5		0.4381
222.6		0.4381
222.7		0.4381
222.8		0.4381
222.9		0.4381
223		0.4381
223.1		0.443737
223.2		0.443737
223.3		0.443737
223.4		0.443737
223.5		0.443737
223.6		0.443737
223.7		0.443737
223.8		0.443737
223.9		0.443737
224		0.443737
224.1		0.443911
224.2		0.443911
224.3		0.443911
224.4		0.443911
224.5		0.443911
224.6		0.443911
224.7		0.443911
224.8		0.443911
224.9		0.443911
225		0.443911
225.1		0.445372
225.2		0.445372
225.3		0.445372
225.4		0.445372
225.5		0.445372
225.6		0.445372
225.7		0.445372
225.8		0.445372
225.9		0.445372
226		0.445372
226.1		0.447704
226.2		0.447704
226.3		0.447704
226.4		0.447704
226.5		0.447704
226.6		0.447704
226.7		0.447704
226.8		0.447704
226.9		0.447704
227		0.447704
227.1		0.448191
227.2		0.448191
227.3		0.448191
227.4		0.448191
227.5		0.448191
227.6		0.448191
227.7		0.448191
227.8		0.448191
227.9		0.448191
228		0.448191
228.1		0.454732
228.2		0.454732
228.3		0.454732
228.4		0.454732
228.5		0.454732
228.6		0.454732
228.7		0.454732
228.8		0.454732
228.9		0.454732
229		0.454732
229.1		0.455567
229.2		0.455567
229.3		0.455567
229.4		0.455567
229.5		0.455567
229.6		0.455567
229.7		0.455567
229.8		0.455567
229.9		0.455567
230		0.455567
230.1		0.456611
230.2		0.456611
230.3		0.456611
230.4		0.456611
230.5		0.456611
230.6		0.456611
230.7		0.456611
230.8		0.456611
230.9		0.456611
231		0.456611
231.1		0.457446
231.2		0.457446
231.3		0.457446
231.4		0.457446
231.5		0.457446
231.6		0.457446
231.7		0.457446
231.8		0.457446
231.9		0.457446
232		0.457446
232.1		0.461273
232.2		0.461273
232.3		0.461273
232.4		0.461273
232.5		0.461273
232.6		0.461273
232.7		0.461273
232.8		0.461273
232.9		0.461273
233		0.461273
233.1		0.463535
233.2		0.463535
233.3		0.463535
233.4		0.463535
233.5		0.463535
233.6		0.463535
233.7		0.463535
233.8		0.463535
233.9		0.463535
234		0.463535
234.1		0.464579
234.2		0.464579
234.3		0.464579
234.4		0.464579
234.5		0.464579
234.6		0.464579
234.7		0.464579
234.8		0.464579
234.9		0.464579
235		0.464579
235.1		0.465727
235.2		0.465727
235.3		0.465727
235.4		0.465727
235.5		0.465727
235.6		0.465727
235.7		0.465727
235.8		0.465727
235.9		0.465727
236		0.465727
236.1		0.469763
236.2		0.469763
236.3		0.469763
236.4		0.469763
236.5		0.469763
236.6		0.469763
236.7		0.469763
236.8		0.469763
236.9		0.469763
237		0.469763
237.1		0.469937
237.2		0.469937
237.3		0.469937
237.4		0.469937
237.5		0.469937
237.6		0.469937
237.7		0.469937
237.8		0.469937
237.9		0.469937
238		0.469937
238.1		0.470912
238.2		0.470912
238.3		0.470912
238.4		0.470912
238.5		0.470912
238.6		0.470912
238.7		0.470912
238.8		0.470912
238.9		0.470912
239		0.470912
239.1		0.473278
239.2		0.473278
239.3		0.473278
239.4		0.473278
239.5		0.473278
239.6		0.473278
239.7		0.473278
239.8		0.473278
239.9		0.473278
240		0.473278
240.1		0.477627
240.2		0.477627
240.3		0.477627
240.4		0.477627
240.5		0.477627
240.6		0.477627
240.7		0.477627
240.8		0.477627
240.9		0.477627
241		0.477627
241.1		0.480411
241.2		0.480411
241.3		0.480411
241.4		0.480411
241.5		0.480411
241.6		0.480411
241.7		0.480411
241.8		0.480411
241.9		0.480411
242		0.480411
242.1		0.480863
242.2		0.480863
242.3		0.480863
242.4		0.480863
242.5		0.480863
242.6		0.480863
242.7		0.480863
242.8		0.480863
242.9		0.480863
243		0.480863
243.1		0.483925
243.2		0.483925
243.3		0.483925
243.4		0.483925
243.5		0.483925
243.6		0.483925
243.7		0.483925
243.8		0.483925
243.9		0.483925
244		0.483925
244.1		0.484238
244.2		0.484238
244.3		0.484238
244.4		0.484238
244.5		0.484238
244.6		0.484238
244.7		0.484238
244.8		0.484238
244.9		0.484238
245		0.484238
245.1		0.487578
245.2		0.487578
245.3		0.487578
245.4		0.487578
245.5		0.487578
245.6		0.487578
245.7		0.487578
245.8		0.487578
245.9		0.487578
246		0.487578
246.1		0.488135
246.2		0.488135
246.3		0.488135
246.4		0.488135
246.5		0.488135
246.6		0.488135
246.7		0.488135
246.8		0.488135
246.9		0.488135
247		0.488135
247.1		0.490571
247.2		0.490571
247.3		0.490571
247.4		0.490571
247.5		0.490571
247.6		0.490571
247.7		0.490571
247.8		0.490571
247.9		0.490571
248		0.490571
248.1		0.492763
248.2		0.492763
248.3		0.492763
248.4		0.492763
248.5		0.492763
248.6		0.492763
248.7		0.492763
248.8		0.492763
248.9		0.492763
249		0.492763
249.1		0.495755
249.2		0.495755
249.3		0.495755
249.4		0.495755
249.5		0.495755
249.6		0.495755
249.7		0.495755
249.8		0.495755
249.9		0.495755
250		0.495755
250.1		0.500765
250.2		0.500765
250.3		0.500765
250.4		0.500765
250.5		0.500765
250.6		0.500765
250.7		0.500765
250.8		0.500765
250.9		0.500765
251		0.500765
251.1		0.50087
251.2		0.50087
251.3		0.50087
251.4		0.50087
251.5		0.50087
251.6		0.50087
251.7		0.50087
251.8		0.50087
251.9		0.50087
252		0.50087
252.1		0.501844
252.2		0.501844
252.3		0.501844
252.4		0.501844
252.5		0.501844
252.6		0.501844
252.7		0.501844
252.8		0.501844
252.9		0.501844
253		0.501844
253.1		0.504175
253.2		0.504175
253.3		0.504175
253.4		0.504175
253.5		0.504175
253.6		0.504175
253.7		0.504175
253.8		0.504175
253.9		0.504175
254		0.504175
254.1		0.510578
254.2		0.510578
254.3		0.510578
254.4		0.510578
254.5		0.510578
254.6		0.510578
254.7		0.510578
254.8		0.510578
254.9		0.510578
255		0.510578
255.1		0.510856
255.2		0.510856
255.3		0.510856
255.4		0.510856
255.5		0.510856
255.6		0.510856
255.7		0.510856
255.8		0.510856
255.9		0.510856
256		0.510856
256.1		0.513013
256.2		0.513013
256.3		0.513013
256.4		0.513013
256.5		0.513013
256.6		0.513013
256.7		0.513013
256.8		0.513013
256.9		0.513013
257		0.513013
257.1		0.513987
257.2		0.513987
257.3		0.513987
257.4		0.513987
257.5		0.513987
257.6		0.513987
257.7		0.513987
257.8		0.513987
257.9		0.513987
258		0.513987
258.1		0.518372
258.2		0.518372
258.3		0.518372
258.4		0.518372
258.5		0.518372
258.6		0.518372
258.7		0.518372
258.8		0.518372
258.9		0.518372
259		0.518372
259.1		0.519381
259.2		0.519381
259.3		0.519381
259.4		0.519381
259.5		0.519381
259.6		0.519381
259.7		0.519381
259.8		0.519381
259.9		0.519381
260		0.519381
260.1		0.520042
260.2		0.520042
260.3		0.520042
260.4		0.520042
260.5		0.520042
260.6		0.520042
260.7		0.520042
260.8		0.520042
260.9		0.520042
261		0.520042
261.1		0.521329
261.2		0.521329
261.3		0.521329
261.4		0.521329
261.5		0.521329
261.6		0.521329
261.7		0.521329
261.8		0.521329
261.9		0.521329
262		0.521329
262.1		0.526479
262.2		0.526479
262.3		0.526479
262.4		0.526479
262.5		0.526479
262.6		0.526479
262.7		0.526479
262.8		0.526479
262.9		0.526479
263		0.526479
263.1		0.529088
263.2		0.529088
263.3		0.529088
263.4		0.529088
263.5		0.529088
263.6		0.529088
263.7		0.529088
263.8		0.529088
263.9		0.529088
264		0.529088
264.1		0.529923
264.2		0.529923
264.3		0.529923
264.4		0.529923
264.5		0.529923
264.6		0.529923
264.7		0.529923
264.8		0.529923
264.9		0.529923
265		0.529923
265.1		0.530097
265.2		0.530097
265.3		0.530097
265.4		0.530097
265.5		0.530097
265.6		0.530097
265.7		0.530097
265.8		0.530097
265.9		0.530097
266		0.530097
266.1		0.535003
266.2		0.535003
266.3		0.535003
266.4		0.535003
266.5		0.535003
266.6		0.535003
266.7		0.535003
266.8		0.535003
266.9		0.535003
267		0.535003
267.1		0.538309
267.2		0.538309
267.3		0.538309
267.4		0.538309
267.5		0.538309
267.6		0.538309
267.7		0.538309
267.8		0.538309
267.9		0.538309
268		0.538309
268.1		0.53984
268.2		0.53984
268.3		0.53984
268.4		0.53984
268.5		0.53984
268.6		0.53984
268.7		0.53984
268.8		0.53984
268.9		0.53984
269		0.53984
269.1		0.542624
269.2		0.542624
269.3		0.542624
269.4		0.542624
269.5		0.542624
269.6		0.542624
269.7		0.542624
269.8		0.542624
269.9		0.542624
270		0.542624
270.1		0.544711
270.2		0.544711
270.3		0.544711
270.4		0.544711
270.5		0.544711
270.6		0.544711
270.7		0.544711
270.8		0.544711
270.9		0.544711
271		0.544711
271.1		0.545198
271.2		0.545198
271.3		0.545198
271.4		0.545198
271.5		0.545198
271.6		0.545198
271.7		0.545198
271.8		0.545198
271.9		0.545198
272		0.545198
272.1		0.546764
272.2		0.546764
272.3		0.546764
272.4		0.546764
272.5		0.546764
272.6		0.546764
272.7		0.546764
272.8		0.546764
272.9		0.546764
273		0.546764
273.1		0.550835
273.2		0.550835
273.3		0.550835
273.4		0.550835
273.5		0.550835
273.6		0.550835
273.7		0.550835
273.8		0.550835
273.9		0.550835
274		0.550835
274.1		0.551809
274.2		0.551809
274.3		0.551809
274.4		0.551809
274.5		0.551809
274.6		0.551809
274.7		0.551809
274.8		0.551809
274.9		0.551809
275		0.551809
275.1		0.555637
275.2		0.555637
275.3		0.555637
275.4		0.555637
275.5		0.555637
275.6		0.555637
275.7		0.555637
275.8		0.555637
275.9		0.555637
276		0.555637
276.1		0.557759
276.2		0.557759
276.3		0.557759
276.4		0.557759
276.5		0.557759
276.6		0.557759
276.7		0.557759
276.8		0.557759
276.9		0.557759
277		0.557759
277.1		0.558003
277.2		0.558003
277.3		0.558003
277.4		0.558003
277.5		0.558003
277.6		0.558003
277.7		0.558003
277.8		0.558003
277.9		0.558003
278		0.558003
278.1		0.558246
278.2		0.558246
278.3		0.558246
278.4		0.558246
278.5		0.558246
278.6		0.558246
278.7		0.558246
278.8		0.558246
278.9		0.558246
279		0.558246
279.1		0.561587
279.2		0.561587
279.3		0.561587
279.4		0.561587
279.5		0.561587
279.6		0.561587
279.7		0.561587
279.8		0.561587
279.9		0.561587
280		0.561587
280.1		0.562978
280.2		0.562978
280.3		0.562978
280.4		0.562978
280.5		0.562978
280.6		0.562978
280.7		0.562978
280.8		0.562978
280.9		0.562978
281		0.562978
281.1		0.565484
281.2		0.565484
281.3		0.565484
281.4		0.565484
281.5		0.565484
281.6		0.565484
281.7		0.565484
281.8		0.565484
281.9		0.565484
282		0.565484
282.1		0.568058
282.2		0.568058
282.3		0.568058
282.4		0.568058
282.5		0.568058
282.6		0.568058
282.7		0.568058
282.8		0.568058
282.9		0.568058
283		0.568058
283.1		0.56865
283.2		0.56865
283.3		0.56865
283.4		0.56865
283.5		0.56865
283.6		0.56865
283.7		0.56865
283.8		0.56865
283.9		0.56865
284		0.56865
284.1		0.572756
284.2		0.572756
284.3		0.572756
284.4		0.572756
284.5		0.572756
284.6		0.572756
284.7		0.572756
284.8		0.572756
284.9		0.572756
285		0.572756
285.1		0.574983
285.2		0.574983
285.3		0.574983
285.4		0.574983
285.5		0.574983
285.6		0.574983
285.7		0.574983
285.8		0.574983
285.9		0.574983
286		0.574983
286.1		0.578671
286.2		0.578671
286.3		0.578671
286.4		0.578671
286.5		0.578671
286.6		0.578671
286.7		0.578671
286.8		0.578671
286.9		0.578671
287		0.578671
287.1		0.583855
287.2		0.583855
287.3		0.583855
287.4		0.583855
287.5		0.583855
287.6		0.583855
287.7		0.583855
287.8		0.583855
287.9		0.583855
288		0.583855
288.1		0.584795
288.2		0.584795
288.3		0.584795
288.4		0.584795
288.5		0.584795
288.6		0.584795
288.7		0.584795
288.8		0.584795
288.9		0.584795
289		0.584795
289.1		0.585143
289.2		0.585143
289.3		0.585143
289.4		0.585143
289.5		0.585143
289.6		0.585143
289.7		0.585143
289.8		0.585143
289.9		0.585143
290		0.585143
290.1		0.586604
290.2		0.586604
290.3		0.586604
290.4		0.586604
290.5		0.586604
290.6		0.586604
290.7		0.586604
290.8		0.586604
290.9		0.586604
291		0.586604
291.1		0.590849
291.2		0.590849
291.3		0.590849
291.4		0.590849
291.5		0.590849
291.6		0.590849
291.7		0.590849
291.8		0.590849
291.9		0.590849
292		0.590849
292.1		0.595129
292.2		0.595129
292.3		0.595129
292.4		0.595129
292.5		0.595129
292.6		0.595129
292.7		0.595129
292.8		0.595129
292.9		0.595129
293		0.595129
293.1		0.595511
293.2		0.595511
293.3		0.595511
293.4		0.595511
293.5		0.595511
293.6		0.595511
293.7		0.595511
293.8		0.595511
293.9		0.595511
294		0.595511
294.1		0.597251
294.2		0.597251
294.3		0.597251
294.4		0.597251
294.5		0.597251
294.6		0.597251
294.7		0.597251
294.8		0.597251
294.9		0.597251
295		0.597251
295.1		0.597251
295.2		0.597251
295.3		0.597251
295.4		0.597251
295.5		0.597251
295.6		0.597251
295.7		0.597251
295.8		0.597251
295.9		0.597251
296		0.597251
296.1		0.597251
296.2		0.597251
296.3		0.597251
296.4		0.597251
296.5		0.597251
296.6		0.597251
296.7		0.597251
296.8		0.597251
296.9		0.597251
297		0.597251
297.1		0.599722
297.2		0.599722
297.3		0.599722
297.4		0.599722
297.5		0.599722
297.6		0.599722
297.7		0.599722
297.8		0.599722
297.9		0.599722
298		0.599722
298.1		0.60087
298.2		0.60087
298.3		0.60087
298.4		0.60087
298.5		0.60087
298.6		0.60087
298.7		0.60087
298.8		0.60087
298.9		0.60087
299		0.60087
299.1		0.602958
299.2		0.602958
299.3		0.602958
299.4		0.602958
299.5		0.602958
299.6		0.602958
299.7		0.602958
299.8		0.602958
299.9		0.602958
300		0.602958
300.1		0.605358
300.2		0.605358
300.3		0.605358
300.4		0.605358
300.5		0.605358
300.6		0.605358
300.7		0.605358
300.8		0.605358
300.9		0.605358
301		0.605358
301.1		0.606646
301.2		0.606646
301.3		0.606646
301.4		0.606646
301.5		0.606646
301.6		0.606646
301.7		0.606646
301.8		0.606646
301.9		0.606646
302		0.606646
302.1		0.610056
302.2		0.610056
302.3		0.610056
302.4		0.610056
302.5		0.610056
302.6		0.610056
302.7		0.610056
302.8		0.610056
302.9		0.610056
303		0.610056
303.1		0.611621
303.2		0.611621
303.3		0.611621
303.4		0.611621
303.5		0.611621
303.6		0.611621
303.7		0.611621
303.8		0.611621
303.9		0.611621
304		0.611621
304.1		0.612526
304.2		0.612526
304.3		0.612526
304.4		0.612526
304.5		0.612526
304.6		0.612526
304.7		0.612526
304.8		0.612526
304.9		0.612526
305		0.612526
305.1		0.612978
305.2		0.612978
305.3		0.612978
305.4		0.612978
305.5		0.612978
305.6		0.612978
305.7		0.612978
305.8		0.612978
305.9		0.612978
306		0.612978
306.1		0.618824
306.2		0.618824
306.3		0.618824
306.4		0.618824
306.5		0.618824
306.6		0.618824
306.7		0.618824
306.8		0.618824
306.9		0.618824
307		0.618824
307.1		0.619415
307.2		0.619415
307.3		0.619415
307.4		0.619415
307.5		0.619415
307.6		0.619415
307.7		0.619415
307.8		0.619415
307.9		0.619415
308		0.619415
308.1		0.620842
308.2		0.620842
308.3		0.620842
308.4		0.620842
308.5		0.620842
308.6		0.620842
308.7		0.620842
308.8		0.620842
308.9		0.620842
309		0.620842
309.1		0.622617
309.2		0.622617
309.3		0.622617
309.4		0.622617
309.5		0.622617
309.6		0.622617
309.7		0.622617
309.8		0.622617
309.9		0.622617
310		0.622617
310.1		0.624495
310.2		0.624495
310.3		0.624495
310.4		0.624495
310.5		0.624495
310.6		0.624495
310.7		0.624495
310.8		0.624495
310.9		0.624495
311		0.624495
311.1		0.624739
311.2		0.624739
311.3		0.624739
311.4		0.624739
311.5		0.624739
311.6		0.624739
311.7		0.624739
311.8		0.624739
311.9		0.624739
312		0.624739
312.1		0.627105
312.2		0.627105
312.3		0.627105
312.4		0.627105
312.5		0.627105
312.6		0.627105
312.7		0.627105
312.8		0.627105
312.9		0.627105
313		0.627105
313.1		0.628636
313.2		0.628636
313.3		0.628636
313.4		0.628636
313.5		0.628636
313.6		0.628636
313.7		0.628636
313.8		0.628636
313.9		0.628636
314		0.628636
314.1		0.634482
314.2		0.634482
314.3		0.634482
314.4		0.634482
314.5		0.634482
314.6		0.634482
314.7		0.634482
314.8		0.634482
314.9		0.634482
315		0.634482
315.1		0.634899
315.2		0.634899
315.3		0.634899
315.4		0.634899
315.5		0.634899
315.6		0.634899
315.7		0.634899
315.8		0.634899
315.9		0.634899
316		0.634899
316.1		0.635525
316.2		0.635525
316.3		0.635525
316.4		0.635525
316.5		0.635525
316.6		0.635525
316.7		0.635525
316.8		0.635525
316.9		0.635525
317		0.635525
317.1		0.635943
317.2		0.635943
317.3		0.635943
317.4		0.635943
317.5		0.635943
317.6		0.635943
317.7		0.635943
317.8		0.635943
317.9		0.635943
318		0.635943
318.1		0.641962
318.2		0.641962
318.3		0.641962
318.4		0.641962
318.5		0.641962
318.6		0.641962
318.7		0.641962
318.8		0.641962
318.9		0.641962
319		0.641962
319.1		0.642832
319.2		0.642832
319.3		0.642832
319.4		0.642832
319.5		0.642832
319.6		0.642832
319.7		0.642832
319.8		0.642832
319.9		0.642832
320		0.642832
320.1		0.64572
320.2		0.64572
320.3		0.64572
320.4		0.64572
320.5		0.64572
320.6		0.64572
320.7		0.64572
320.8		0.64572
320.9		0.64572
321		0.64572
321.1		0.646033
321.2		0.646033
321.3		0.646033
321.4		0.646033
321.5		0.646033
321.6		0.646033
321.7		0.646033
321.8		0.646033
321.9		0.646033
322		0.646033
322.1		0.650418
322.2		0.650418
322.3		0.650418
322.4		0.650418
322.5		0.650418
322.6		0.650418
322.7		0.650418
322.8		0.650418
322.9		0.650418
323		0.650418
323.1		0.651531
323.2		0.651531
323.3		0.651531
323.4		0.651531
323.5		0.651531
323.6		0.651531
323.7		0.651531
323.8		0.651531
323.9		0.651531
324		0.651531
324.1		0.652644
324.2		0.652644
324.3		0.652644
324.4		0.652644
324.5		0.652644
324.6		0.652644
324.7		0.652644
324.8		0.652644
324.9		0.652644
325		0.652644
325.1		0.653166
325.2		0.653166
325.3		0.653166
325.4		0.653166
325.5		0.653166
325.6		0.653166
325.7		0.653166
325.8		0.653166
325.9		0.653166
326		0.653166
326.1		0.655811
326.2		0.655811
326.3		0.655811
326.4		0.655811
326.5		0.655811
326.6		0.655811
326.7		0.655811
326.8		0.655811
326.9		0.655811
327		0.655811
327.1		0.660473
327.2		0.660473
327.3		0.660473
327.4		0.660473
327.5		0.660473
327.6		0.660473
327.7		0.660473
327.8		0.660473
327.9		0.660473
328		0.660473
328.1		0.660752
328.2		0.660752
328.3		0.660752
328.4		0.660752
328.5		0.660752
328.6		0.660752
328.7		0.660752
328.8		0.660752
328.9		0.660752
329		0.660752
329.1		0.662039
329.2		0.662039
329.3		0.662039
329.4		0.662039
329.5		0.662039
329.6		0.662039
329.7		0.662039
329.8		0.662039
329.9		0.662039
330		0.662039
330.1		0.664266
330.2		0.664266
330.3		0.664266
330.4		0.664266
330.5		0.664266
330.6		0.664266
330.7		0.664266
330.8		0.664266
330.9		0.664266
331		0.664266
331.1		0.666875
331.2		0.666875
331.3		0.666875
331.4		0.666875
331.5		0.666875
331.6		0.666875
331.7		0.666875
331.8		0.666875
331.9		0.666875
332		0.666875
332.1		0.66785
332.2		0.66785
332.3		0.66785
332.4		0.66785
332.5		0.66785
332.6		0.66785
332.7		0.66785
332.8		0.66785
332.9		0.66785
333		0.66785
333.1		0.670842
333.2		0.670842
333.3		0.670842
333.4		0.670842
333.5		0.670842
333.6		0.670842
333.7		0.670842
333.8		0.670842
333.9		0.670842
334		0.670842
334.1		0.671155
334.2		0.671155
334.3		0.671155
334.4		0.671155
334.5		0.671155
334.6		0.671155
334.7		0.671155
334.8		0.671155
334.9		0.671155
335		0.671155
335.1		0.675644
335.2		0.675644
335.3		0.675644
335.4		0.675644
335.5		0.675644
335.6		0.675644
335.7		0.675644
335.8		0.675644
335.9		0.675644
336		0.675644
336.1		0.67794
336.2		0.67794
336.3		0.67794
336.4		0.67794
336.5		0.67794
336.6		0.67794
336.7		0.67794
336.8		0.67794
336.9		0.67794
337		0.67794
337.1		0.679889
337.2		0.679889
337.3		0.679889
337.4		0.679889
337.5		0.679889
337.6		0.679889
337.7		0.679889
337.8		0.679889
337.9		0.679889
338		0.679889
338.1		0.680898
338.2		0.680898
338.3		0.680898
338.4		0.680898
338.5		0.680898
338.6		0.680898
338.7		0.680898
338.8		0.680898
338.9		0.680898
339		0.680898
339.1		0.683925
339.2		0.683925
339.3		0.683925
339.4		0.683925
339.5		0.683925
339.6		0.683925
339.7		0.683925
339.8		0.683925
339.9		0.683925
340		0.683925
340.1		0.689666
340.2		0.689666
340.3		0.689666
340.4		0.689666
340.5		0.689666
340.6		0.689666
340.7		0.689666
340.8		0.689666
340.9		0.689666
341		0.689666
341.1		0.689944
341.2		0.689944
341.3		0.689944
341.4		0.689944
341.5		0.689944
341.6		0.689944
341.7		0.689944
341.8		0.689944
341.9		0.689944
342		0.689944
342.1		0.690153
342.2		0.690153
342.3		0.690153
342.4		0.690153
342.5		0.690153
342.6		0.690153
342.7		0.690153
342.8		0.690153
342.9		0.690153
343		0.690153
343.1		0.699095
343.2		0.699095
343.3		0.699095
343.4		0.699095
343.5		0.699095
343.6		0.699095
343.7		0.699095
343.8		0.699095
343.9		0.699095
344		0.699095
344.1		0.701566
344.2		0.701566
344.3		0.701566
344.4		0.701566
344.5		0.701566
344.6		0.701566
344.7		0.701566
344.8		0.701566
344.9		0.701566
345		0.701566
345.1		0.702088
345.2		0.702088
345.3		0.702088
345.4		0.702088
345.5		0.702088
345.6		0.702088
345.7		0.702088
345.8		0.702088
345.9		0.702088
346		0.702088
346.1		0.704419
346.2		0.704419
346.3		0.704419
346.4		0.704419
346.5		0.704419
346.6		0.704419
346.7		0.704419
346.8		0.704419
346.9		0.704419
347		0.704419
347.1		0.704662
347.2		0.704662
347.3		0.704662
347.4		0.704662
347.5		0.704662
347.6		0.704662
347.7		0.704662
347.8		0.704662
347.9		0.704662
348		0.704662
348.1		0.708699
348.2		0.708699
348.3		0.708699
348.4		0.708699
348.5		0.708699
348.6		0.708699
348.7		0.708699
348.8		0.708699
348.9		0.708699
349		0.708699
349.1		0.712874
349.2		0.712874
349.3		0.712874
349.4		0.712874
349.5		0.712874
349.6		0.712874
349.7		0.712874
349.8		0.712874
349.9		0.712874
350		0.712874
350.1		0.714022
350.2		0.714022
350.3		0.714022
350.4		0.714022
350.5		0.714022
350.6		0.714022
350.7		0.714022
350.8		0.714022
350.9		0.714022
351		0.714022
351.1		0.714301
351.2		0.714301
351.3		0.714301
351.4		0.714301
351.5		0.714301
351.6		0.714301
351.7		0.714301
351.8		0.714301
351.9		0.714301
352		0.714301
352.1		0.716006
352.2		0.716006
352.3		0.716006
352.4		0.716006
352.5		0.716006
352.6		0.716006
352.7		0.716006
352.8		0.716006
352.9		0.716006
353		0.716006
353.1		0.716284
353.2		0.716284
353.3		0.716284
353.4		0.716284
353.5		0.716284
353.6		0.716284
353.7		0.716284
353.8		0.716284
353.9		0.716284
354		0.716284
354.1		0.716493
354.2		0.716493
354.3		0.716493
354.4		0.716493
354.5		0.716493
354.6		0.716493
354.7		0.716493
354.8		0.716493
354.9		0.716493
355		0.716493
355.1		0.721955
355.2		0.721955
355.3		0.721955
355.4		0.721955
355.5		0.721955
355.6		0.721955
355.7		0.721955
355.8		0.721955
355.9		0.721955
356		0.721955
356.1		0.723904
356.2		0.723904
356.3		0.723904
356.4		0.723904
356.5		0.723904
356.6		0.723904
356.7		0.723904
356.8		0.723904
356.9		0.723904
357		0.723904
357.1		0.724461
357.2		0.724461
357.3		0.724461
357.4		0.724461
357.5		0.724461
357.6		0.724461
357.7		0.724461
357.8		0.724461
357.9		0.724461
358		0.724461
358.1		0.724495
358.2		0.724495
358.3		0.724495
358.4		0.724495
358.5		0.724495
358.6		0.724495
358.7		0.724495
358.8		0.724495
358.9		0.724495
359		0.724495
359.1		0.72707
359.2		0.72707
359.3		0.72707
359.4		0.72707
359.5		0.72707
359.6		0.72707
359.7		0.72707
359.8		0.72707
359.9		0.72707
360		0.72707
360.1		0.729541
360.2		0.729541
360.3		0.729541
360.4		0.729541
360.5		0.729541
360.6		0.729541
360.7		0.729541
360.8		0.729541
360.9		0.729541
361		0.729541
361.1		0.729854
361.2		0.729854
361.3		0.729854
361.4		0.729854
361.5		0.729854
361.6		0.729854
361.7		0.729854
361.8		0.729854
361.9		0.729854
362		0.729854
362.1		0.731768
362.2		0.731768
362.3		0.731768
362.4		0.731768
362.5		0.731768
362.6		0.731768
362.7		0.731768
362.8		0.731768
362.9		0.731768
363		0.731768
363.1		0.73396
363.2		0.73396
363.3		0.73396
363.4		0.73396
363.5		0.73396
363.6		0.73396
363.7		0.73396
363.8		0.73396
363.9		0.73396
364		0.73396
364.1		0.734586
364.2		0.734586
364.3		0.734586
364.4		0.734586
364.5		0.734586
364.6		0.734586
364.7		0.734586
364.8		0.734586
364.9		0.734586
365		0.734586
365.1		0.739283
365.2		0.739283
365.3		0.739283
365.4		0.739283
365.5		0.739283
365.6		0.739283
365.7		0.739283
365.8		0.739283
365.9		0.739283
366		0.739283
366.1		0.740779
366.2		0.740779
366.3		0.740779
366.4		0.740779
366.5		0.740779
366.6		0.740779
366.7		0.740779
366.8		0.740779
366.9		0.740779
367		0.740779
367.1		0.742102
367.2		0.742102
367.3		0.742102
367.4		0.742102
367.5		0.742102
367.6		0.742102
367.7		0.742102
367.8		0.742102
367.9		0.742102
368		0.742102
368.1		0.744328
368.2		0.744328
368.3		0.744328
368.4		0.744328
368.5		0.744328
368.6		0.744328
368.7		0.744328
368.8		0.744328
368.9		0.744328
369		0.744328
369.1		0.745477
369.2		0.745477
369.3		0.745477
369.4		0.745477
369.5		0.745477
369.6		0.745477
369.7		0.745477
369.8		0.745477
369.9		0.745477
370		0.745477
370.1		0.749443
370.2		0.749443
370.3		0.749443
370.4		0.749443
370.5		0.749443
370.6		0.749443
370.7		0.749443
370.8		0.749443
370.9		0.749443
371		0.749443
371.1		0.752436
371.2		0.752436
371.3		0.752436
371.4		0.752436
371.5		0.752436
371.6		0.752436
371.7		0.752436
371.8		0.752436
371.9		0.752436
372		0.752436
372.1		0.752784
372.2		0.752784
372.3		0.752784
372.4		0.752784
372.5		0.752784
372.6		0.752784
372.7		0.752784
372.8		0.752784
372.9		0.752784
373		0.752784
373.1		0.754315
373.2		0.754315
373.3		0.754315
373.4		0.754315
373.5		0.754315
373.6		0.754315
373.7		0.754315
373.8		0.754315
373.9		0.754315
374		0.754315
374.1		0.758038
374.2		0.758038
374.3		0.758038
374.4		0.758038
374.5		0.758038
374.6		0.758038
374.7		0.758038
374.8		0.758038
374.9		0.758038
375		0.758038
375.1		0.759221
375.2		0.759221
375.3		0.759221
375.4		0.759221
375.5		0.759221
375.6		0.759221
375.7		0.759221
375.8		0.759221
375.9		0.759221
376		0.759221
376.1		0.761552
376.2		0.761552
376.3		0.761552
376.4		0.761552
376.5		0.761552
376.6		0.761552
376.7		0.761552
376.8		0.761552
376.9		0.761552
377		0.761552
377.1		0.763292
377.2		0.763292
377.3		0.763292
377.4		0.763292
377.5		0.763292
377.6		0.763292
377.7		0.763292
377.8		0.763292
377.9		0.763292
378		0.763292
378.1		0.766841
378.2		0.766841
378.3		0.766841
378.4		0.766841
378.5		0.766841
378.6		0.766841
378.7		0.766841
378.8		0.766841
378.9		0.766841
379		0.766841
379.1		0.768232
379.2		0.768232
379.3		0.768232
379.4		0.768232
379.5		0.768232
379.6		0.768232
379.7		0.768232
379.8		0.768232
379.9		0.768232
380		0.768232
380.1		0.769903
380.2		0.769903
380.3		0.769903
380.4		0.769903
380.5		0.769903
380.6		0.769903
380.7		0.769903
380.8		0.769903
380.9		0.769903
381		0.769903
381.1		0.771886
381.2		0.771886
381.3		0.771886
381.4		0.771886
381.5		0.771886
381.6		0.771886
381.7		0.771886
381.8		0.771886
381.9		0.771886
382		0.771886
382.1		0.774809
382.2		0.774809
382.3		0.774809
382.4		0.774809
382.5		0.774809
382.6		0.774809
382.7		0.774809
382.8		0.774809
382.9		0.774809
383		0.774809
383.1		0.777592
383.2		0.777592
383.3		0.777592
383.4		0.777592
383.5		0.777592
383.6		0.777592
383.7		0.777592
383.8		0.777592
383.9		0.777592
384		0.777592
384.1		0.77874
384.2		0.77874
384.3		0.77874
384.4		0.77874
384.5		0.77874
384.6		0.77874
384.7		0.77874
384.8		0.77874
384.9		0.77874
385		0.77874
385.1		0.779958
385.2		0.779958
385.3		0.779958
385.4		0.779958
385.5		0.779958
385.6		0.779958
385.7		0.779958
385.8		0.779958
385.9		0.779958
386		0.779958
386.1		0.784795
386.2		0.784795
386.3		0.784795
386.4		0.784795
386.5		0.784795
386.6		0.784795
386.7		0.784795
386.8		0.784795
386.9		0.784795
387		0.784795
387.1		0.785108
387.2		0.785108
387.3		0.785108
387.4		0.785108
387.5		0.785108
387.6		0.785108
387.7		0.785108
387.8		0.785108
387.9		0.785108
388		0.785108
388.1		0.785282
388.2		0.785282
388.3		0.785282
388.4		0.785282
388.5		0.785282
388.6		0.785282
388.7		0.785282
388.8		0.785282
388.9		0.785282
389		0.785282
389.1		0.787335
389.2		0.787335
389.3		0.787335
389.4		0.787335
389.5		0.787335
389.6		0.787335
389.7		0.787335
389.8		0.787335
389.9		0.787335
390		0.787335
390.1		0.794224
390.2		0.794224
390.3		0.794224
390.4		0.794224
390.5		0.794224
390.6		0.794224
390.7		0.794224
390.8		0.794224
390.9		0.794224
391		0.794224
391.1		0.795129
391.2		0.795129
391.3		0.795129
391.4		0.795129
391.5		0.795129
391.6		0.795129
391.7		0.795129
391.8		0.795129
391.9		0.795129
392		0.795129
392.1		0.795372
392.2		0.795372
392.3		0.795372
392.4		0.795372
392.5		0.795372
392.6		0.795372
392.7		0.795372
392.8		0.795372
392.9		0.795372
393		0.795372
393.1		0.796868
393.2		0.796868
393.3		0.796868
393.4		0.796868
393.5		0.796868
393.6		0.796868
393.7		0.796868
393.8		0.796868
393.9		0.796868
394		0.796868
394.1		0.798365
394.2		0.798365
394.3		0.798365
394.4		0.798365
394.5		0.798365
394.6		0.798365
394.7		0.798365
394.8		0.798365
394.9		0.798365
395		0.798365
395.1		0.803688
395.2		0.803688
395.3		0.803688
395.4		0.803688
395.5		0.803688
395.6		0.803688
395.7		0.803688
395.8		0.803688
395.9		0.803688
396		0.803688
396.1		0.804315
396.2		0.804315
396.3		0.804315
396.4		0.804315
396.5		0.804315
396.6		0.804315
396.7		0.804315
396.8		0.804315
396.9		0.804315
397		0.804315
397.1		0.808386
397.2		0.808386
397.3		0.808386
397.4		0.808386
397.5		0.808386
397.6		0.808386
397.7		0.808386
397.8		0.808386
397.9		0.808386
398		0.808386
398.1		0.809047
398.2		0.809047
398.3		0.809047
398.4		0.809047
398.5		0.809047
398.6		0.809047
398.7		0.809047
398.8		0.809047
398.9		0.809047
399		0.809047
399.1		0.809325
399.2		0.809325
399.3		0.809325
399.4		0.809325
399.5		0.809325
399.6		0.809325
399.7		0.809325
399.8		0.809325
399.9		0.809325
400		0.809325
400.1		0.811935
400.2		0.811935
400.3		0.811935
400.4		0.811935
400.5		0.811935
400.6		0.811935
400.7		0.811935
400.8		0.811935
400.9		0.811935
401		0.811935
401.1		0.813987
401.2		0.813987
401.3		0.813987
401.4		0.813987
401.5		0.813987
401.6		0.813987
401.7		0.813987
401.8		0.813987
401.9		0.813987
402		0.813987
402.1		0.815449
402.2		0.815449
402.3		0.815449
402.4		0.815449
402.5		0.815449
402.6		0.815449
402.7		0.815449
402.8		0.815449
402.9		0.815449
403		0.815449
403.1		0.817258
403.2		0.817258
403.3		0.817258
403.4		0.817258
403.5		0.817258
403.6		0.817258
403.7		0.817258
403.8		0.817258
403.9		0.817258
404		0.817258
404.1		0.82453
404.2		0.82453
404.3		0.82453
404.4		0.82453
404.5		0.82453
404.6		0.82453
404.7		0.82453
404.8		0.82453
404.9		0.82453
405		0.82453
405.1		0.824774
405.2		0.824774
405.3		0.824774
405.4		0.824774
405.5		0.824774
405.6		0.824774
405.7		0.824774
405.8		0.824774
405.9		0.824774
406		0.824774
406.1		0.826131
406.2		0.826131
406.3		0.826131
406.4		0.826131
406.5		0.826131
406.6		0.826131
406.7		0.826131
406.8		0.826131
406.9		0.826131
407		0.826131
407.1		0.826618
407.2		0.826618
407.3		0.826618
407.4		0.826618
407.5		0.826618
407.6		0.826618
407.7		0.826618
407.8		0.826618
407.9		0.826618
408		0.826618
408.1		0.831768
408.2		0.831768
408.3		0.831768
408.4		0.831768
408.5		0.831768
408.6		0.831768
408.7		0.831768
408.8		0.831768
408.9		0.831768
409		0.831768
409.1		0.834203
409.2		0.834203
409.3		0.834203
409.4		0.834203
409.5		0.834203
409.6		0.834203
409.7		0.834203
409.8		0.834203
409.9		0.834203
410		0.834203
410.1		0.835386
410.2		0.835386
410.3		0.835386
410.4		0.835386
410.5		0.835386
410.6		0.835386
410.7		0.835386
410.8		0.835386
410.9		0.835386
411		0.835386
411.1		0.83636
411.2		0.83636
411.3		0.83636
411.4		0.83636
411.5		0.83636
411.6		0.83636
411.7		0.83636
411.8		0.83636
411.9		0.83636
412		0.83636
412.1		0.838274
412.2		0.838274
412.3		0.838274
412.4		0.838274
412.5		0.838274
412.6		0.838274
412.7		0.838274
412.8		0.838274
412.9		0.838274
413		0.838274
413.1		0.839388
413.2		0.839388
413.3		0.839388
413.4		0.839388
413.5		0.839388
413.6		0.839388
413.7		0.839388
413.8		0.839388
413.9		0.839388
414		0.839388
414.1		0.841962
414.2		0.841962
414.3		0.841962
414.4		0.841962
414.5		0.841962
414.6		0.841962
414.7		0.841962
414.8		0.841962
414.9		0.841962
415		0.841962
415.1		0.843354
415.2		0.843354
415.3		0.843354
415.4		0.843354
415.5		0.843354
415.6		0.843354
415.7		0.843354
415.8		0.843354
415.9		0.843354
416		0.843354
416.1		0.845929
416.2		0.845929
416.3		0.845929
416.4		0.845929
416.5		0.845929
416.6		0.845929
416.7		0.845929
416.8		0.845929
416.9		0.845929
417		0.845929
417.1		0.848782
417.2		0.848782
417.3		0.848782
417.4		0.848782
417.5		0.848782
417.6		0.848782
417.7		0.848782
417.8		0.848782
417.9		0.848782
418		0.848782
418.1		0.850139
418.2		0.850139
418.3		0.850139
418.4		0.850139
418.5		0.850139
418.6		0.850139
418.7		0.850139
418.8		0.850139
418.9		0.850139
419		0.850139
419.1		0.850383
419.2		0.850383
419.3		0.850383
419.4		0.850383
419.5		0.850383
419.6		0.850383
419.7		0.850383
419.8		0.850383
419.9		0.850383
420		0.850383
420.1		0.854836
420.2		0.854836
420.3		0.854836
420.4		0.854836
420.5		0.854836
420.6		0.854836
420.7		0.854836
420.8		0.854836
420.9		0.854836
421		0.854836
421.1		0.856715
421.2		0.856715
421.3		0.856715
421.4		0.856715
421.5		0.856715
421.6		0.856715
421.7		0.856715
421.8		0.856715
421.9		0.856715
422		0.856715
422.1		0.85849
422.2		0.85849
422.3		0.85849
422.4		0.85849
422.5		0.85849
422.6		0.85849
422.7		0.85849
422.8		0.85849
422.9		0.85849
423		0.85849
423.1		0.860647
423.2		0.860647
423.3		0.860647
423.4		0.860647
423.5		0.860647
423.6		0.860647
423.7		0.860647
423.8		0.860647
423.9		0.860647
424		0.860647
424.1		0.8635
424.2		0.8635
424.3		0.8635
424.4		0.8635
424.5		0.8635
424.6		0.8635
424.7		0.8635
424.8		0.8635
424.9		0.8635
425		0.8635
425.1		0.867154
425.2		0.867154
425.3		0.867154
425.4		0.867154
425.5		0.867154
425.6		0.867154
425.7		0.867154
425.8		0.867154
425.9		0.867154
426		0.867154
426.1		0.869137
426.2		0.869137
426.3		0.869137
426.4		0.869137
426.5		0.869137
426.6		0.869137
426.7		0.869137
426.8		0.869137
426.9		0.869137
427		0.869137
427.1		0.871086
427.2		0.871086
427.3		0.871086
427.4		0.871086
427.5		0.871086
427.6		0.871086
427.7		0.871086
427.8		0.871086
427.9		0.871086
428		0.871086
428.1		0.873695
428.2		0.873695
428.3		0.873695
428.4		0.873695
428.5		0.873695
428.6		0.873695
428.7		0.873695
428.8		0.873695
428.9		0.873695
429		0.873695
429.1		0.874182
429.2		0.874182
429.3		0.874182
429.4		0.874182
429.5		0.874182
429.6		0.874182
429.7		0.874182
429.8		0.874182
429.9		0.874182
430		0.874182
430.1		0.876583
430.2		0.876583
430.3		0.876583
430.4		0.876583
430.5		0.876583
430.6		0.876583
430.7		0.876583
430.8		0.876583
430.9		0.876583
431		0.876583
431.1		0.880237
431.2		0.880237
431.3		0.880237
431.4		0.880237
431.5		0.880237
431.6		0.880237
431.7		0.880237
431.8		0.880237
431.9		0.880237
432		0.880237
432.1		0.88222
432.2		0.88222
432.3		0.88222
432.4		0.88222
432.5		0.88222
432.6		0.88222
432.7		0.88222
432.8		0.88222
432.9		0.88222
433		0.88222
433.1		0.885595
433.2		0.885595
433.3		0.885595
433.4		0.885595
433.5		0.885595
433.6		0.885595
433.7		0.885595
433.8		0.885595
433.9		0.885595
434		0.885595
434.1		0.886013
434.2		0.886013
434.3		0.886013
434.4		0.886013
434.5		0.886013
434.6		0.886013
434.7		0.886013
434.8		0.886013
434.9		0.886013
435		0.886013
435.1		0.889666
435.2		0.889666
435.3		0.889666
435.4		0.889666
435.5		0.889666
435.6		0.889666
435.7		0.889666
435.8		0.889666
435.9		0.889666
436		0.889666
436.1		0.890188
436.2		0.890188
436.3		0.890188
436.4		0.890188
436.5		0.890188
436.6		0.890188
436.7		0.890188
436.8		0.890188
436.9		0.890188
437		0.890188
437.1		0.891475
437.2		0.891475
437.3		0.891475
437.4		0.891475
437.5		0.891475
437.6		0.891475
437.7		0.891475
437.8		0.891475
437.9		0.891475
438		0.891475
438.1		0.897425
438.2		0.897425
438.3		0.897425
438.4		0.897425
438.5		0.897425
438.6		0.897425
438.7		0.897425
438.8		0.897425
438.9		0.897425
439		0.897425
439.1		0.897878
439.2		0.897878
439.3		0.897878
439.4		0.897878
439.5		0.897878
439.6		0.897878
439.7		0.897878
439.8		0.897878
439.9		0.897878
440		0.897878
440.1		0.898086
440.2		0.898086
440.3		0.898086
440.4		0.898086
440.5		0.898086
440.6		0.898086
440.7		0.898086
440.8		0.898086
440.9		0.898086
441		0.898086
441.1		0.901253
441.2		0.901253
441.3		0.901253
441.4		0.901253
441.5		0.901253
441.6		0.901253
441.7		0.901253
441.8		0.901253
441.9		0.901253
442		0.901253
442.1		0.905672
442.2		0.905672
442.3		0.905672
442.4		0.905672
442.5		0.905672
442.6		0.905672
442.7		0.905672
442.8		0.905672
442.9		0.905672
443		0.905672
443.1		0.906193
443.2		0.906193
443.3		0.906193
443.4		0.906193
443.5		0.906193
443.6		0.906193
443.7		0.906193
443.8		0.906193
443.9		0.906193
444		0.906193
444.1		0.907864
444.2		0.907864
444.3		0.907864
444.4		0.907864
444.5		0.907864
444.6		0.907864
444.7		0.907864
444.8		0.907864
444.9		0.907864
445		0.907864
445.1		0.908455
445.2		0.908455
445.3		0.908455
445.4		0.908455
445.5		0.908455
445.6		0.908455
445.7		0.908455
445.8		0.908455
445.9		0.908455
446		0.908455
446.1		0.911621
446.2		0.911621
446.3		0.911621
446.4		0.911621
446.5		0.911621
446.6		0.911621
446.7		0.911621
446.8		0.911621
446.9		0.911621
447		0.911621
447.1		0.914231
447.2		0.914231
447.3		0.914231
447.4		0.914231
447.5		0.914231
447.6		0.914231
447.7		0.914231
447.8		0.914231
447.9		0.914231
448		0.914231
448.1		0.916875
448.2		0.916875
448.3		0.916875
448.4		0.916875
448.5		0.916875
448.6		0.916875
448.7		0.916875
448.8		0.916875
448.9		0.916875
449		0.916875
449.1		0.918267
449.2		0.918267
449.3		0.918267
449.4		0.918267
449.5		0.918267
449.6		0.918267
449.7		0.918267
449.8		0.918267
449.9		0.918267
450		0.918267
450.1		0.922477
450.2		0.922477
450.3		0.922477
450.4		0.922477
450.5		0.922477
450.6		0.922477
450.7		0.922477
450.8		0.922477
450.9		0.922477
451		0.922477
451.1		0.923173
451.2		0.923173
451.3		0.923173
451.4		0.923173
451.5		0.923173
451.6		0.923173
451.7		0.923173
451.8		0.923173
451.9		0.923173
452		0.923173
452.1		0.923591
452.2		0.923591
452.3		0.923591
452.4		0.923591
452.5		0.923591
452.6		0.923591
452.7		0.923591
452.8		0.923591
452.9		0.923591
453		0.923591
453.1		0.927279
453.2		0.927279
453.3		0.927279
453.4		0.927279
453.5		0.927279
453.6		0.927279
453.7		0.927279
453.8		0.927279
453.9		0.927279
454		0.927279
454.1		0.931141
454.2		0.931141
454.3		0.931141
454.4		0.931141
454.5		0.931141
454.6		0.931141
454.7		0.931141
454.8		0.931141
454.9		0.931141
455		0.931141
455.1		0.932985
455.2		0.932985
455.3		0.932985
455.4		0.932985
455.5		0.932985
455.6		0.932985
455.7		0.932985
455.8		0.932985
455.9		0.932985
456		0.932985
456.1		0.934969
456.2		0.934969
456.3		0.934969
456.4		0.934969
456.5		0.934969
456.6		0.934969
456.7		0.934969
456.8		0.934969
456.9		0.934969
457		0.934969
457.1		0.936013
457.2		0.936013
457.3		0.936013
457.4		0.936013
457.5		0.936013
457.6		0.936013
457.7		0.936013
457.8		0.936013
457.9		0.936013
458		0.936013
458.1		0.93643
458.2		0.93643
458.3		0.93643
458.4		0.93643
458.5		0.93643
458.6		0.93643
458.7		0.93643
458.8		0.93643
458.9		0.93643
459		0.93643
459.1		0.941406
459.2		0.941406
459.3		0.941406
459.4		0.941406
459.5		0.941406
459.6		0.941406
459.7		0.941406
459.8		0.941406
459.9		0.941406
460		0.941406
460.1		0.943737
460.2		0.943737
460.3		0.943737
460.4		0.943737
460.5		0.943737
460.6		0.943737
460.7		0.943737
460.8		0.943737
460.9		0.943737
461		0.943737
461.1		0.946033
461.2		0.946033
461.3		0.946033
461.4		0.946033
461.5		0.946033
461.6		0.946033
461.7		0.946033
461.8		0.946033
461.9		0.946033
462		0.946033
462.1		0.94659
462.2		0.94659
462.3		0.94659
462.4		0.94659
462.5		0.94659
462.6		0.94659
462.7		0.94659
462.8		0.94659
462.9		0.94659
463		0.94659
463.1		0.947425
463.2		0.947425
463.3		0.947425
463.4		0.947425
463.5		0.947425
463.6		0.947425
463.7		0.947425
463.8		0.947425
463.9		0.947425
464		0.947425
464.1		0.952227
464.2		0.952227
464.3		0.952227
464.4		0.952227
464.5		0.952227
464.6		0.952227
464.7		0.952227
464.8		0.952227
464.9		0.952227
465		0.952227
465.1		0.953479
465.2		0.953479
465.3		0.953479
465.4		0.953479
465.5		0.953479
465.6		0.953479
465.7		0.953479
465.8		0.953479
465.9		0.953479
466		0.953479
466.1		0.954175
466.2		0.954175
466.3		0.954175
466.4		0.954175
466.5		0.954175
466.6		0.954175
466.7		0.954175
466.8		0.954175
466.9		0.954175
467		0.954175
467.1		0.957203
467.2		0.957203
467.3		0.957203
467.4		0.957203
467.5		0.957203
467.6		0.957203
467.7		0.957203
467.8		0.957203
467.9		0.957203
468		0.957203
468.1		0.961308
468.2		0.961308
468.3		0.961308
468.4		0.961308
468.5		0.961308
468.6		0.961308
468.7		0.961308
468.8		0.961308
468.9		0.961308
469		0.961308
469.1		0.962004
469.2		0.962004
469.3		0.962004
469.4		0.962004
469.5		0.962004
469.6		0.962004
469.7		0.962004
469.8		0.962004
469.9		0.962004
470		0.962004
470.1		0.962839
470.2		0.962839
470.3		0.962839
470.4		0.962839
470.5		0.962839
470.6		0.962839
470.7		0.962839
470.8		0.962839
470.9		0.962839
471		0.962839
471.1		0.965136
471.2		0.965136
471.3		0.965136
471.4		0.965136
471.5		0.965136
471.6		0.965136
471.7		0.965136
471.8		0.965136
471.9		0.965136
472		0.965136
472.1		0.968928
472.2		0.968928
472.3		0.968928
472.4		0.968928
472.5		0.968928
472.6		0.968928
472.7		0.968928
472.8		0.968928
472.9		0.968928
473		0.968928
473.1		0.970285
473.2		0.970285
473.3		0.970285
473.4		0.970285
473.5		0.970285
473.6		0.970285
473.7		0.970285
473.8		0.970285
473.9		0.970285
474		0.970285
474.1		0.972025
474.2		0.972025
474.3		0.972025
474.4		0.972025
474.5		0.972025
474.6		0.972025
474.7		0.972025
474.8		0.972025
474.9		0.972025
475		0.972025
475.1		0.972408
475.2		0.972408
475.3		0.972408
475.4		0.972408
475.5		0.972408
475.6		0.972408
475.7		0.972408
475.8		0.972408
475.9		0.972408
476		0.972408
476.1		0.975191
476.2		0.975191
476.3		0.975191
476.4		0.975191
476.5		0.975191
476.6		0.975191
476.7		0.975191
476.8		0.975191
476.9		0.975191
477		0.975191
477.1		0.979436
477.2		0.979436
477.3		0.979436
477.4		0.979436
477.5		0.979436
477.6		0.979436
477.7		0.979436
477.8		0.979436
477.9		0.979436
478		0.979436
478.1		0.97961
478.2		0.97961
478.3		0.97961
478.4		0.97961
478.5		0.97961
478.6		0.97961
478.7		0.97961
478.8		0.97961
478.9		0.97961
479		0.97961
479.1		0.982637
479.2		0.982637
479.3		0.982637
479.4		0.982637
479.5		0.982637
479.6		0.982637
479.7		0.982637
479.8		0.982637
479.9		0.982637
480		0.982637
480.1		0.985665
480.2		0.985665
480.3		0.985665
480.4		0.985665
480.5		0.985665
480.6		0.985665
480.7		0.985665
480.8		0.985665
480.9		0.985665
481		0.985665
481.1		0.987961
481.2		0.987961
481.3		0.987961
481.4		0.987961
481.5		0.987961
481.6		0.987961
481.7		0.987961
481.8		0.987961
481.9		0.987961
482		0.987961
482.1		0.988518
482.2		0.988518
482.3		0.988518
482.4		0.988518
482.5		0.988518
482.6		0.988518
482.7		0.988518
482.8		0.988518
482.9		0.988518
483		0.988518
483.1		0.991788
483.2		0.991788
483.3		0.991788
483.4		0.991788
483.5		0.991788
483.6		0.991788
483.7		0.991788
483.8		0.991788
483.9		0.991788
484		0.991788
484.1		0.992902
484.2		0.992902
484.3		0.992902
484.4		0.992902
484.5		0.992902
484.6		0.992902
484.7		0.992902
484.8		0.992902
484.9		0.992902
485		0.992902
485.1		0.996242
485.2		0.996242
485.3		0.996242
485.4		0.996242
485.5		0.996242
485.6		0.996242
485.7		0.996242
485.8		0.996242
485.9		0.996242
486		0.996242
486.1		0.996973
486.2		0.996973
486.3		0.996973
486.4		0.996973
486.5		0.996973
486.6		0.996973
486.7		0.996973
486.8		0.996973
486.9		0.996973
487		0.996973
487.1		0.999548
487.2		0.999548
487.3		0.999548
487.4		0.999548
487.5		0.999548
487.6		0.999548
487.7		0.999548
487.8		0.999548
487.9		0.999548
488		0.999548
488.1		1
488.2		1
488.3		1
488.4		1
488.5		1
488.6		1
488.7		1
488.8		1
488.9		1
489		1
489.1		1
489.2		1
489.3		1
489.4		1
489.5		1
489.6		1
489.7		1
489.8		1
489.9		1
490		1
490.1		1
490.2		1
490.3		1
490.4		1
490.5		1
490.6		1
490.7		1
490.8		1
490.9		1
491		1
491.1		1
491.2		1
491.3		1
491.4		1
491.5		1
491.6		1
491.7		1
491.8		1
491.9		1
492		1
492.1		1
492.2		1
492.3		1
492.4		1
492.5		1
492.6		1
492.7		1
492.8		1
492.9		1
493		1
493.1		1
493.2		1
493.3		1
493.4		1
493.5		1
493.6		1
493.7		1
493.8		1
493.9		1
494		1
494.1		1
494.2		1
494.3		1
494.4		1
494.5		1
494.6		1
494.7		1
494.8		1
494.9		1
495		1
495.1		1
495.2		1
495.3		1
495.4		1
495.5		1
495.6		1
495.7		1
495.8		1
495.9		1
496		1
496.1		1
496.2		1
496.3		1
496.4		1
496.5		1
496.6		1
496.7		1
496.8		1
496.9		1
497		1
497.1		1
497.2		1
497.3		1
497.4		1
497.5		1
497.6		1
497.7		1
497.8		1
497.9		1
498		1
498.1		1
498.2		1
498.3		1
498.4		1
498.5		1
498.6		1
498.7		1
498.8		1
498.9		1
499		1
499.1		1
499.2		1
499.3		1
499.4		1
499.5		1
499.6		1
499.7		1
499.8		1
499.9		1
500		1
500.1		1
500.2		1
500.3		1
500.4		1
500.5		1
500.6		1
500.7		1
500.8		1
500.9		1
501		1
501.1		1
501.2		1
501.3		1
501.4		1
501.5		1
501.6		1
501.7		1
501.8		1
501.9		1
502		1
502.1		1
502.2		1
502.3		1
502.4		1
502.5		1
502.6		1
502.7		1
502.8		1
502.9		1
503		1
503.1		1
503.2		1
503.3		1
503.4		1
503.5		1
503.6		1
503.7		1
503.8		1
503.9		1
504		1
504.1		1
504.2		1
504.3		1
504.4		1
504.5		1
504.6		1
504.7		1
504.8		1
504.9		1
505		1
505.1		1
505.2		1
505.3		1
505.4		1
505.5		1
505.6		1
505.7		1
505.8		1
505.9		1
506		1
506.1		1
506.2		1
506.3		1
506.4		1
506.5		1
506.6		1
506.7		1
506.8		1
506.9		1
507		1
507.1		1
507.2		1
507.3		1
507.4		1
507.5		1
507.6		1
507.7		1
507.8		1
507.9		1
508		1
508.1		1
508.2		1
508.3		1
508.4		1
508.5		1
508.6		1
508.7		1
508.8		1
508.9		1
509		1
509.1		1
509.2		1
509.3		1
509.4		1
509.5		1
509.6		1
509.7		1
509.8		1
509.9		1
510		1
510.1		1
510.2		1
510.3		1
510.4		1
510.5		1
510.6		1
510.7		1
510.8		1
510.9		1
511		1
511.1		1
511.2		1
511.3		1
511.4		1
511.5		1
511.6		1
511.7		1
511.8		1
511.9		1
512		1
512.1		1
512.2		1
512.3		1
512.4		1
512.5		1
512.6		1
512.7		1
512.8		1
512.9		1
513		1
513.1		1
513.2		1
513.3		1
513.4		1
513.5		1
513.6		1
513.7		1
513.8		1
513.9		1
514		1
514.1		1
514.2		1
514.3		1
514.4		1
514.5		1
514.6		1
514.7		1
514.8		1
514.9		1
515		1
515.1		1
515.2		1
515.3		1
515.4		1
515.5		1
515.6		1
515.7		1
515.8		1
515.9		1
516		1
516.1		1
516.2		1
516.3		1
516.4		1
516.5		1
516.6		1
516.7		1
516.8		1
516.9		1
517		1
517.1		1
517.2		1
517.3		1
517.4		1
517.5		1
517.6		1
517.7		1
517.8		1
517.9		1
518		1
518.1		1
518.2		1
518.3		1
518.4		1
518.5		1
518.6		1
518.7		1
518.8		1
518.9		1
519		1
519.1		1
519.2		1
519.3		1
519.4		1
519.5		1
519.6		1
519.7		1
519.8		1
519.9		1
520		1
520.1		1
520.2		1
520.3		1
520.4		1
520.5		1
520.6		1
520.7		1
520.8		1
520.9		1
521		1
521.1		1
521.2		1
521.3		1
521.4		1
521.5		1
521.6		1
521.7		1
521.8		1
521.9		1
522		1
522.1		1
522.2		1
522.3		1
522.4		1
522.5		1
522.6		1
522.7		1
522.8		1
522.9		1
523		1
523.1		1
523.2		1
523.3		1
523.4		1
523.5		1
523.6		1
523.7		1
523.8		1
523.9		1
524		1
524.1		1
524.2		1
524.3		1
524.4		1
524.5		1
524.6		1
524.7		1
524.8		1
524.9		1
525		1
525.1		1
525.2		1
525.3		1
525.4		1
525.5		1
525.6		1
525.7		1
525.8		1
525.9		1
526		1
526.1		1
526.2		1
526.3		1
526.4		1
526.5		1
526.6		1
526.7		1
526.8		1
526.9		1
527		1
527.1		1
527.2		1
527.3		1
527.4		1
527.5		1
527.6		1
527.7		1
527.8		1
527.9		1
528		1
528.1		1
528.2		1
528.3		1
528.4		1
528.5		1
528.6		1
528.7		1
528.8		1
528.9		1
529		1
529.1		1
529.2		1
529.3		1
529.4		1
529.5		1
529.6		1
529.7		1
529.8		1
529.9		1
530		1
530.1		1
530.2		1
530.3		1
530.4		1
530.5		1
530.6		1
530.7		1
530.8		1
530.9		1
531		1
531.1		1
531.2		1
531.3		1
531.4		1
531.5		1
531.6		1
531.7		1
531.8		1
531.9		1
532		1
532.1		1
532.2		1
532.3		1
532.4		1
532.5		1
532.6		1
532.7		1
532.8		1
532.9		1
533		1
533.1		1
533.2		1
533.3		1
533.4		1
533.5		1
533.6		1
533.7		1
533.8		1
533.9		1
534		1
534.1		1
534.2		1
534.3		1
534.4		1
534.5		1
534.6		1
534.7		1
534.8		1
534.9		1
535		1
535.1		1
535.2		1
535.3		1
535.4		1
535.5		1
535.6		1
535.7		1
535.8		1
535.9		1
536		1
536.1		1
536.2		1
536.3		1
536.4		1
536.5		1
536.6		1
536.7		1
536.8		1
536.9		1
537		1
537.1		1
537.2		1
537.3		1
537.4		1
537.5		1
537.6		1
537.7		1
537.8		1
537.9		1
538		1
538.1		1
538.2		1
538.3		1
538.4		1
538.5		1
538.6		1
538.7		1
538.8		1
538.9		1
539		1
539.1		1
539.2		1
539.3		1
539.4		1
539.5		1
539.6		1
539.7		1
539.8		1
539.9		1
540		1
540.1		1
540.2		1
540.3		1
540.4		1
540.5		1
540.6		1
540.7		1
540.8		1
540.9		1
541		1
541.1		1
541.2		1
541.3		1
541.4		1
541.5		1
541.6		1
541.7		1
541.8		1
541.9		1
542		1
542.1		1
542.2		1
542.3		1
542.4		1
542.5		1
542.6		1
542.7		1
542.8		1
542.9		1
543		1
543.1		1
543.2		1
543.3		1
543.4		1
543.5		1
543.6		1
543.7		1
543.8		1
543.9		1
544		1
544.1		1
544.2		1
544.3		1
544.4		1
544.5		1
544.6		1
544.7		1
544.8		1
544.9		1
545		1
545.1		1
545.2		1
545.3		1
545.4		1
545.5		1
545.6		1
545.7		1
545.8		1
545.9		1
546		1
546.1		1
546.2		1
546.3		1
546.4		1
546.5		1
546.6		1
546.7		1
546.8		1
546.9		1
547		1
547.1		1
547.2		1
547.3		1
547.4		1
547.5		1
547.6		1
547.7		1
547.8		1
547.9		1
548		1
548.1		1
548.2		1
548.3		1
548.4		1
548.5		1
548.6		1
548.7		1
548.8		1
548.9		1
549		1
549.1		1
549.2		1
549.3		1
549.4		1
549.5		1
549.6		1
549.7		1
549.8		1
549.9		1
550		1
550.1		1
550.2		1
550.3		1
550.4		1
550.5		1
550.6		1
550.7		1
550.8		1
550.9		1
551		1
551.1		1
551.2		1
551.3		1
551.4		1
551.5		1
551.6		1
551.7		1
551.8		1
551.9		1
552		1
552.1		1
552.2		1
552.3		1
552.4		1
552.5		1
552.6		1
552.7		1
552.8		1
552.9		1
553		1
553.1		1
553.2		1
553.3		1
553.4		1
553.5		1
553.6		1
553.7		1
553.8		1
553.9		1
554		1
554.1		1
554.2		1
554.3		1
554.4		1
554.5		1
554.6		1
554.7		1
554.8		1
554.9		1
555		1
555.1		1
555.2		1
555.3		1
555.4		1
555.5		1
555.6		1
555.7		1
555.8		1
555.9		1
556		1
556.1		1
556.2		1
556.3		1
556.4		1
556.5		1
556.6		1
556.7		1
556.8		1
556.9		1
557		1
557.1		1
557.2		1
557.3		1
557.4		1
557.5		1
557.6		1
557.7		1
557.8		1
557.9		1
558		1
558.1		1
558.2		1
558.3		1
558.4		1
558.5		1
558.6		1
558.7		1
558.8		1
558.9		1
559		1
559.1		1
559.2		1
559.3		1
559.4		1
559.5		1
559.6		1
559.7		1
559.8		1
559.9		1
560		1
560.1		1
560.2		1
560.3		1
560.4		1
560.5		1
560.6		1
560.7		1
560.8		1
560.9		1
561		1
561.1		1
561.2		1
561.3		1
561.4		1
561.5		1
561.6		1
561.7		1
561.8		1
561.9		1
562		1
562.1		1
562.2		1
562.3		1
562.4		1
562.5		1
562.6		1
562.7		1
562.8		1
562.9		1
563		1
563.1		1
563.2		1
563.3		1
563.4		1
563.5		1
563.6		1
563.7		1
563.8		1
563.9		1
564		1
564.1		1
564.2		1
564.3		1
564.4		1
564.5		1
564.6		1
564.7		1
564.8		1
564.9		1
565		1
565.1		1
565.2		1
565.3		1
565.4		1
565.5		1
565.6		1
565.7		1
565.8		1
565.9		1
566		1
566.1		1
566.2		1
566.3		1
566.4		1
566.5		1
566.6		1
566.7		1
566.8		1
566.9		1
567		1
567.1		1
567.2		1
567.3		1
567.4		1
567.5		1
567.6		1
567.7		1
567.8		1
567.9		1
568		1
568.1		1
568.2		1
568.3		1
568.4		1
568.5		1
568.6		1
568.7		1
568.8		1
568.9		1
569		1
569.1		1
569.2		1
569.3		1
569.4		1
569.5		1
569.6		1
569.7		1
569.8		1
569.9		1
570		1
570.1		1
570.2		1
570.3		1
570.4		1
570.5		1
570.6		1
570.7		1
570.8		1
570.9		1
571		1
571.1		1
571.2		1
571.3		1
571.4		1
571.5		1
571.6		1
571.7		1
571.8		1
571.9		1
572		1
572.1		1
572.2		1
572.3		1
572.4		1
572.5		1
572.6		1
572.7		1
572.8		1
572.9		1
573		1
573.1		1
573.2		1
573.3		1
573.4		1
573.5		1
573.6		1
573.7		1
573.8		1
573.9		1
574		1
574.1		1
574.2		1
574.3		1
574.4		1
574.5		1
574.6		1
574.7		1
574.8		1
574.9		1
575		1
575.1		1
575.2		1
575.3		1
575.4		1
575.5		1
575.6		1
575.7		1
575.8		1
575.9		1
576		1
576.1		1
576.2		1
576.3		1
576.4		1
576.5		1
576.6		1
576.7		1
576.8		1
576.9		1
577		1
577.1		1
577.2		1
577.3		1
577.4		1
577.5		1
577.6		1
577.7		1
577.8		1
577.9		1
578		1
578.1		1
578.2		1
578.3		1
578.4		1
578.5		1
578.6		1
578.7		1
578.8		1
578.9		1
579		1
579.1		1
579.2		1
579.3		1
579.4		1
579.5		1
579.6		1
579.7		1
579.8		1
579.9		1
580		1
580.1		1
580.2		1
580.3		1
580.4		1
580.5		1
580.6		1
580.7		1
580.8		1
580.9		1
581		1
581.1		1
581.2		1
581.3		1
581.4		1
581.5		1
581.6		1
581.7		1
581.8		1
581.9		1
582		1
582.1		1
582.2		1
582.3		1
582.4		1
582.5		1
582.6		1
582.7		1
582.8		1
582.9		1
583		1
583.1		1
583.2		1
583.3		1
583.4		1
583.5		1
583.6		1
583.7		1
583.8		1
583.9		1
584		1
584.1		1
584.2		1
584.3		1
584.4		1
584.5		1
584.6		1
584.7		1
584.8		1
584.9		1
585		1
585.1		1
585.2		1
585.3		1
585.4		1
585.5		1
585.6		1
585.7		1
585.8		1
585.9		1
586		1
586.1		1
586.2		1
586.3		1
586.4		1
586.5		1
586.6		1
586.7		1
586.8		1
586.9		1
587		1
587.1		1
587.2		1
587.3		1
587.4		1
587.5		1
587.6		1
587.7		1
587.8		1
587.9		1
588		1
588.1		1
588.2		1
588.3		1
588.4		1
588.5		1
588.6		1
588.7		1
588.8		1
588.9		1
589		1
589.1		1
589.2		1
589.3		1
589.4		1
589.5		1
589.6		1
589.7		1
589.8		1
589.9		1
590		1
590.1		1
590.2		1
590.3		1
590.4		1
590.5		1
590.6		1
590.7		1
590.8		1
590.9		1
591		1
591.1		1
591.2		1
591.3		1
591.4		1
591.5		1
591.6		1
591.7		1
591.8		1
591.9		1
592		1
592.1		1
592.2		1
592.3		1
592.4		1
592.5		1
592.6		1
592.7		1
592.8		1
592.9		1
593		1
593.1		1
593.2		1
593.3		1
593.4		1
593.5		1
593.6		1
593.7		1
593.8		1
593.9		1
594		1
594.1		1
594.2		1
594.3		1
594.4		1
594.5		1
594.6		1
594.7		1
594.8		1
594.9		1
595		1
595.1		1
595.2		1
595.3		1
595.4		1
595.5		1
595.6		1
595.7		1
595.8		1
595.9		1
596		1
596.1		1
596.2		1
596.3		1
596.4		1
596.5		1
596.6		1
596.7		1
596.8		1
596.9		1
597		1
597.1		1
597.2		1
597.3		1
597.4		1
597.5		1
597.6		1
597.7		1
597.8		1
597.9		1
598		1
598.1		1
598.2		1
598.3		1
598.4		1
598.5		1
598.6		1
598.7		1
598.8		1
598.9		1
599		1
599.1		1
599.2		1
599.3		1
599.4		1
599.5		1
599.6		1
599.7		1
599.8		1
599.9		1
600		1
