# Calibration file of tamex_id 0 @ channel 65
# fine_T bin		 Calibration value
0.1		0
0.2		0
0.3		0
0.4		0
0.5		0
0.6		0
0.7		0
0.8		0
0.9		0
1		0
1.1		0
1.2		0
1.3		0
1.4		0
1.5		0
1.6		0
1.7		0
1.8		0
1.9		0
2		0
2.1		0
2.2		0
2.3		0
2.4		0
2.5		0
2.6		0
2.7		0
2.8		0
2.9		0
3		0
3.1		0
3.2		0
3.3		0
3.4		0
3.5		0
3.6		0
3.7		0
3.8		0
3.9		0
4		0
4.1		0
4.2		0
4.3		0
4.4		0
4.5		0
4.6		0
4.7		0
4.8		0
4.9		0
5		0
5.1		0
5.2		0
5.3		0
5.4		0
5.5		0
5.6		0
5.7		0
5.8		0
5.9		0
6		0
6.1		0
6.2		0
6.3		0
6.4		0
6.5		0
6.6		0
6.7		0
6.8		0
6.9		0
7		0
7.1		0
7.2		0
7.3		0
7.4		0
7.5		0
7.6		0
7.7		0
7.8		0
7.9		0
8		0
8.1		0
8.2		0
8.3		0
8.4		0
8.5		0
8.6		0
8.7		0
8.8		0
8.9		0
9		0
9.1		0
9.2		0
9.3		0
9.4		0
9.5		0
9.6		0
9.7		0
9.8		0
9.9		0
10		0
10.1		0
10.2		0
10.3		0
10.4		0
10.5		0
10.6		0
10.7		0
10.8		0
10.9		0
11		0
11.1		0
11.2		0
11.3		0
11.4		0
11.5		0
11.6		0
11.7		0
11.8		0
11.9		0
12		0
12.1		0
12.2		0
12.3		0
12.4		0
12.5		0
12.6		0
12.7		0
12.8		0
12.9		0
13		0
13.1		0
13.2		0
13.3		0
13.4		0
13.5		0
13.6		0
13.7		0
13.8		0
13.9		0
14		0
14.1		0
14.2		0
14.3		0
14.4		0
14.5		0
14.6		0
14.7		0
14.8		0
14.9		0
15		0
15.1		0
15.2		0
15.3		0
15.4		0
15.5		0
15.6		0
15.7		0
15.8		0
15.9		0
16		0
16.1		5.45227e-05
16.2		5.45227e-05
16.3		5.45227e-05
16.4		5.45227e-05
16.5		5.45227e-05
16.6		5.45227e-05
16.7		5.45227e-05
16.8		5.45227e-05
16.9		5.45227e-05
17		5.45227e-05
17.1		0.00618832
17.2		0.00618832
17.3		0.00618832
17.4		0.00618832
17.5		0.00618832
17.6		0.00618832
17.7		0.00618832
17.8		0.00618832
17.9		0.00618832
18		0.00618832
18.1		0.00839649
18.2		0.00839649
18.3		0.00839649
18.4		0.00839649
18.5		0.00839649
18.6		0.00839649
18.7		0.00839649
18.8		0.00839649
18.9		0.00839649
19		0.00839649
19.1		0.00995038
19.2		0.00995038
19.3		0.00995038
19.4		0.00995038
19.5		0.00995038
19.6		0.00995038
19.7		0.00995038
19.8		0.00995038
19.9		0.00995038
20		0.00995038
20.1		0.0129491
20.2		0.0129491
20.3		0.0129491
20.4		0.0129491
20.5		0.0129491
20.6		0.0129491
20.7		0.0129491
20.8		0.0129491
20.9		0.0129491
21		0.0129491
21.1		0.0169293
21.2		0.0169293
21.3		0.0169293
21.4		0.0169293
21.5		0.0169293
21.6		0.0169293
21.7		0.0169293
21.8		0.0169293
21.9		0.0169293
22		0.0169293
22.1		0.0173109
22.2		0.0173109
22.3		0.0173109
22.4		0.0173109
22.5		0.0173109
22.6		0.0173109
22.7		0.0173109
22.8		0.0173109
22.9		0.0173109
23		0.0173109
23.1		0.0201189
23.2		0.0201189
23.3		0.0201189
23.4		0.0201189
23.5		0.0201189
23.6		0.0201189
23.7		0.0201189
23.8		0.0201189
23.9		0.0201189
24		0.0201189
24.1		0.0215364
24.2		0.0215364
24.3		0.0215364
24.4		0.0215364
24.5		0.0215364
24.6		0.0215364
24.7		0.0215364
24.8		0.0215364
24.9		0.0215364
25		0.0215364
25.1		0.0242898
25.2		0.0242898
25.3		0.0242898
25.4		0.0242898
25.5		0.0242898
25.6		0.0242898
25.7		0.0242898
25.8		0.0242898
25.9		0.0242898
26		0.0242898
26.1		0.0260618
26.2		0.0260618
26.3		0.0260618
26.4		0.0260618
26.5		0.0260618
26.6		0.0260618
26.7		0.0260618
26.8		0.0260618
26.9		0.0260618
27		0.0260618
27.1		0.0289243
27.2		0.0289243
27.3		0.0289243
27.4		0.0289243
27.5		0.0289243
27.6		0.0289243
27.7		0.0289243
27.8		0.0289243
27.9		0.0289243
28		0.0289243
28.1		0.0298239
28.2		0.0298239
28.3		0.0298239
28.4		0.0298239
28.5		0.0298239
28.6		0.0298239
28.7		0.0298239
28.8		0.0298239
28.9		0.0298239
29		0.0298239
29.1		0.0307508
29.2		0.0307508
29.3		0.0307508
29.4		0.0307508
29.5		0.0307508
29.6		0.0307508
29.7		0.0307508
29.8		0.0307508
29.9		0.0307508
30		0.0307508
30.1		0.0352489
30.2		0.0352489
30.3		0.0352489
30.4		0.0352489
30.5		0.0352489
30.6		0.0352489
30.7		0.0352489
30.8		0.0352489
30.9		0.0352489
31		0.0352489
31.1		0.0363666
31.2		0.0363666
31.3		0.0363666
31.4		0.0363666
31.5		0.0363666
31.6		0.0363666
31.7		0.0363666
31.8		0.0363666
31.9		0.0363666
32		0.0363666
32.1		0.0369936
32.2		0.0369936
32.3		0.0369936
32.4		0.0369936
32.5		0.0369936
32.6		0.0369936
32.7		0.0369936
32.8		0.0369936
32.9		0.0369936
33		0.0369936
33.1		0.0400196
33.2		0.0400196
33.3		0.0400196
33.4		0.0400196
33.5		0.0400196
33.6		0.0400196
33.7		0.0400196
33.8		0.0400196
33.9		0.0400196
34		0.0400196
34.1		0.0433455
34.2		0.0433455
34.3		0.0433455
34.4		0.0433455
34.5		0.0433455
34.6		0.0433455
34.7		0.0433455
34.8		0.0433455
34.9		0.0433455
35		0.0433455
35.1		0.0449539
35.2		0.0449539
35.3		0.0449539
35.4		0.0449539
35.5		0.0449539
35.6		0.0449539
35.7		0.0449539
35.8		0.0449539
35.9		0.0449539
36		0.0449539
36.1		0.0452538
36.2		0.0452538
36.3		0.0452538
36.4		0.0452538
36.5		0.0452538
36.6		0.0452538
36.7		0.0452538
36.8		0.0452538
36.9		0.0452538
37		0.0452538
37.1		0.047571
37.2		0.047571
37.3		0.047571
37.4		0.047571
37.5		0.047571
37.6		0.047571
37.7		0.047571
37.8		0.047571
37.9		0.047571
38		0.047571
38.1		0.0506515
38.2		0.0506515
38.3		0.0506515
38.4		0.0506515
38.5		0.0506515
38.6		0.0506515
38.7		0.0506515
38.8		0.0506515
38.9		0.0506515
39		0.0506515
39.1		0.0517147
39.2		0.0517147
39.3		0.0517147
39.4		0.0517147
39.5		0.0517147
39.6		0.0517147
39.7		0.0517147
39.8		0.0517147
39.9		0.0517147
40		0.0517147
40.1		0.0525871
40.2		0.0525871
40.3		0.0525871
40.4		0.0525871
40.5		0.0525871
40.6		0.0525871
40.7		0.0525871
40.8		0.0525871
40.9		0.0525871
41		0.0525871
41.1		0.0538684
41.2		0.0538684
41.3		0.0538684
41.4		0.0538684
41.5		0.0538684
41.6		0.0538684
41.7		0.0538684
41.8		0.0538684
41.9		0.0538684
42		0.0538684
42.1		0.057685
42.2		0.057685
42.3		0.057685
42.4		0.057685
42.5		0.057685
42.6		0.057685
42.7		0.057685
42.8		0.057685
42.9		0.057685
43		0.057685
43.1		0.0593479
43.2		0.0593479
43.3		0.0593479
43.4		0.0593479
43.5		0.0593479
43.6		0.0593479
43.7		0.0593479
43.8		0.0593479
43.9		0.0593479
44		0.0593479
44.1		0.0600294
44.2		0.0600294
44.3		0.0600294
44.4		0.0600294
44.5		0.0600294
44.6		0.0600294
44.7		0.0600294
44.8		0.0600294
44.9		0.0600294
45		0.0600294
45.1		0.0601657
45.2		0.0601657
45.3		0.0601657
45.4		0.0601657
45.5		0.0601657
45.6		0.0601657
45.7		0.0601657
45.8		0.0601657
45.9		0.0601657
46		0.0601657
46.1		0.0665994
46.2		0.0665994
46.3		0.0665994
46.4		0.0665994
46.5		0.0665994
46.6		0.0665994
46.7		0.0665994
46.8		0.0665994
46.9		0.0665994
47		0.0665994
47.1		0.066763
47.2		0.066763
47.3		0.066763
47.4		0.066763
47.5		0.066763
47.6		0.066763
47.7		0.066763
47.8		0.066763
47.9		0.066763
48		0.066763
48.1		0.0689439
48.2		0.0689439
48.3		0.0689439
48.4		0.0689439
48.5		0.0689439
48.6		0.0689439
48.7		0.0689439
48.8		0.0689439
48.9		0.0689439
49		0.0689439
49.1		0.0703887
49.2		0.0703887
49.3		0.0703887
49.4		0.0703887
49.5		0.0703887
49.6		0.0703887
49.7		0.0703887
49.8		0.0703887
49.9		0.0703887
50		0.0703887
50.1		0.0726787
50.2		0.0726787
50.3		0.0726787
50.4		0.0726787
50.5		0.0726787
50.6		0.0726787
50.7		0.0726787
50.8		0.0726787
50.9		0.0726787
51		0.0726787
51.1		0.0743416
51.2		0.0743416
51.3		0.0743416
51.4		0.0743416
51.5		0.0743416
51.6		0.0743416
51.7		0.0743416
51.8		0.0743416
51.9		0.0743416
52		0.0743416
52.1		0.0767679
52.2		0.0767679
52.3		0.0767679
52.4		0.0767679
52.5		0.0767679
52.6		0.0767679
52.7		0.0767679
52.8		0.0767679
52.9		0.0767679
53		0.0767679
53.1		0.077613
53.2		0.077613
53.3		0.077613
53.4		0.077613
53.5		0.077613
53.6		0.077613
53.7		0.077613
53.8		0.077613
53.9		0.077613
54		0.077613
54.1		0.0802301
54.2		0.0802301
54.3		0.0802301
54.4		0.0802301
54.5		0.0802301
54.6		0.0802301
54.7		0.0802301
54.8		0.0802301
54.9		0.0802301
55		0.0802301
55.1		0.0832561
55.2		0.0832561
55.3		0.0832561
55.4		0.0832561
55.5		0.0832561
55.6		0.0832561
55.7		0.0832561
55.8		0.0832561
55.9		0.0832561
56		0.0832561
56.1		0.0839649
56.2		0.0839649
56.3		0.0839649
56.4		0.0839649
56.5		0.0839649
56.6		0.0839649
56.7		0.0839649
56.8		0.0839649
56.9		0.0839649
57		0.0839649
57.1		0.0867183
57.2		0.0867183
57.3		0.0867183
57.4		0.0867183
57.5		0.0867183
57.6		0.0867183
57.7		0.0867183
57.8		0.0867183
57.9		0.0867183
58		0.0867183
58.1		0.0902895
58.2		0.0902895
58.3		0.0902895
58.4		0.0902895
58.5		0.0902895
58.6		0.0902895
58.7		0.0902895
58.8		0.0902895
58.9		0.0902895
59		0.0902895
59.1		0.0909438
59.2		0.0909438
59.3		0.0909438
59.4		0.0909438
59.5		0.0909438
59.6		0.0909438
59.7		0.0909438
59.8		0.0909438
59.9		0.0909438
60		0.0909438
60.1		0.0922523
60.2		0.0922523
60.3		0.0922523
60.4		0.0922523
60.5		0.0922523
60.6		0.0922523
60.7		0.0922523
60.8		0.0922523
60.9		0.0922523
61		0.0922523
61.1		0.0943787
61.2		0.0943787
61.3		0.0943787
61.4		0.0943787
61.5		0.0943787
61.6		0.0943787
61.7		0.0943787
61.8		0.0943787
61.9		0.0943787
62		0.0943787
62.1		0.0949512
62.2		0.0949512
62.3		0.0949512
62.4		0.0949512
62.5		0.0949512
62.6		0.0949512
62.7		0.0949512
62.8		0.0949512
62.9		0.0949512
63		0.0949512
63.1		0.100731
63.2		0.100731
63.3		0.100731
63.4		0.100731
63.5		0.100731
63.6		0.100731
63.7		0.100731
63.8		0.100731
63.9		0.100731
64		0.100731
64.1		0.102175
64.2		0.102175
64.3		0.102175
64.4		0.102175
64.5		0.102175
64.6		0.102175
64.7		0.102175
64.8		0.102175
64.9		0.102175
65		0.102175
65.1		0.103539
65.2		0.103539
65.3		0.103539
65.4		0.103539
65.5		0.103539
65.6		0.103539
65.7		0.103539
65.8		0.103539
65.9		0.103539
66		0.103539
66.1		0.104193
66.2		0.104193
66.3		0.104193
66.4		0.104193
66.5		0.104193
66.6		0.104193
66.7		0.104193
66.8		0.104193
66.9		0.104193
67		0.104193
67.1		0.104874
67.2		0.104874
67.3		0.104874
67.4		0.104874
67.5		0.104874
67.6		0.104874
67.7		0.104874
67.8		0.104874
67.9		0.104874
68		0.104874
68.1		0.111717
68.2		0.111717
68.3		0.111717
68.4		0.111717
68.5		0.111717
68.6		0.111717
68.7		0.111717
68.8		0.111717
68.9		0.111717
69		0.111717
69.1		0.112099
69.2		0.112099
69.3		0.112099
69.4		0.112099
69.5		0.112099
69.6		0.112099
69.7		0.112099
69.8		0.112099
69.9		0.112099
70		0.112099
70.1		0.112644
70.2		0.112644
70.3		0.112644
70.4		0.112644
70.5		0.112644
70.6		0.112644
70.7		0.112644
70.8		0.112644
70.9		0.112644
71		0.112644
71.1		0.114825
71.2		0.114825
71.3		0.114825
71.4		0.114825
71.5		0.114825
71.6		0.114825
71.7		0.114825
71.8		0.114825
71.9		0.114825
72		0.114825
72.1		0.120713
72.2		0.120713
72.3		0.120713
72.4		0.120713
72.5		0.120713
72.6		0.120713
72.7		0.120713
72.8		0.120713
72.9		0.120713
73		0.120713
73.1		0.122349
73.2		0.122349
73.3		0.122349
73.4		0.122349
73.5		0.122349
73.6		0.122349
73.7		0.122349
73.8		0.122349
73.9		0.122349
74		0.122349
74.1		0.122567
74.2		0.122567
74.3		0.122567
74.4		0.122567
74.5		0.122567
74.6		0.122567
74.7		0.122567
74.8		0.122567
74.9		0.122567
75		0.122567
75.1		0.123276
75.2		0.123276
75.3		0.123276
75.4		0.123276
75.5		0.123276
75.6		0.123276
75.7		0.123276
75.8		0.123276
75.9		0.123276
76		0.123276
76.1		0.128455
76.2		0.128455
76.3		0.128455
76.4		0.128455
76.5		0.128455
76.6		0.128455
76.7		0.128455
76.8		0.128455
76.9		0.128455
77		0.128455
77.1		0.130991
77.2		0.130991
77.3		0.130991
77.4		0.130991
77.5		0.130991
77.6		0.130991
77.7		0.130991
77.8		0.130991
77.9		0.130991
78		0.130991
78.1		0.131727
78.2		0.131727
78.3		0.131727
78.4		0.131727
78.5		0.131727
78.6		0.131727
78.7		0.131727
78.8		0.131727
78.9		0.131727
79		0.131727
79.1		0.132681
79.2		0.132681
79.3		0.132681
79.4		0.132681
79.5		0.132681
79.6		0.132681
79.7		0.132681
79.8		0.132681
79.9		0.132681
80		0.132681
80.1		0.136961
80.2		0.136961
80.3		0.136961
80.4		0.136961
80.5		0.136961
80.6		0.136961
80.7		0.136961
80.8		0.136961
80.9		0.136961
81		0.136961
81.1		0.138651
81.2		0.138651
81.3		0.138651
81.4		0.138651
81.5		0.138651
81.6		0.138651
81.7		0.138651
81.8		0.138651
81.9		0.138651
82		0.138651
82.1		0.13876
82.2		0.13876
82.3		0.13876
82.4		0.13876
82.5		0.13876
82.6		0.13876
82.7		0.13876
82.8		0.13876
82.9		0.13876
83		0.13876
83.1		0.143067
83.2		0.143067
83.3		0.143067
83.4		0.143067
83.5		0.143067
83.6		0.143067
83.7		0.143067
83.8		0.143067
83.9		0.143067
84		0.143067
84.1		0.14732
84.2		0.14732
84.3		0.14732
84.4		0.14732
84.5		0.14732
84.6		0.14732
84.7		0.14732
84.8		0.14732
84.9		0.14732
85		0.14732
85.1		0.148792
85.2		0.148792
85.3		0.148792
85.4		0.148792
85.5		0.148792
85.6		0.148792
85.7		0.148792
85.8		0.148792
85.9		0.148792
86		0.148792
86.1		0.149147
86.2		0.149147
86.3		0.149147
86.4		0.149147
86.5		0.149147
86.6		0.149147
86.7		0.149147
86.8		0.149147
86.9		0.149147
87		0.149147
87.1		0.14931
87.2		0.14931
87.3		0.14931
87.4		0.14931
87.5		0.14931
87.6		0.14931
87.7		0.14931
87.8		0.14931
87.9		0.14931
88		0.14931
88.1		0.154054
88.2		0.154054
88.3		0.154054
88.4		0.154054
88.5		0.154054
88.6		0.154054
88.7		0.154054
88.8		0.154054
88.9		0.154054
89		0.154054
89.1		0.154626
89.2		0.154626
89.3		0.154626
89.4		0.154626
89.5		0.154626
89.6		0.154626
89.7		0.154626
89.8		0.154626
89.9		0.154626
90		0.154626
90.1		0.157162
90.2		0.157162
90.3		0.157162
90.4		0.157162
90.5		0.157162
90.6		0.157162
90.7		0.157162
90.8		0.157162
90.9		0.157162
91		0.157162
91.1		0.160188
91.2		0.160188
91.3		0.160188
91.4		0.160188
91.5		0.160188
91.6		0.160188
91.7		0.160188
91.8		0.160188
91.9		0.160188
92		0.160188
92.1		0.163105
92.2		0.163105
92.3		0.163105
92.4		0.163105
92.5		0.163105
92.6		0.163105
92.7		0.163105
92.8		0.163105
92.9		0.163105
93		0.163105
93.1		0.163295
93.2		0.163295
93.3		0.163295
93.4		0.163295
93.5		0.163295
93.6		0.163295
93.7		0.163295
93.8		0.163295
93.9		0.163295
94		0.163295
94.1		0.163759
94.2		0.163759
94.3		0.163759
94.4		0.163759
94.5		0.163759
94.6		0.163759
94.7		0.163759
94.8		0.163759
94.9		0.163759
95		0.163759
95.1		0.163895
95.2		0.163895
95.3		0.163895
95.4		0.163895
95.5		0.163895
95.6		0.163895
95.7		0.163895
95.8		0.163895
95.9		0.163895
96		0.163895
96.1		0.168366
96.2		0.168366
96.3		0.168366
96.4		0.168366
96.5		0.168366
96.6		0.168366
96.7		0.168366
96.8		0.168366
96.9		0.168366
97		0.168366
97.1		0.172319
97.2		0.172319
97.3		0.172319
97.4		0.172319
97.5		0.172319
97.6		0.172319
97.7		0.172319
97.8		0.172319
97.9		0.172319
98		0.172319
98.1		0.173546
98.2		0.173546
98.3		0.173546
98.4		0.173546
98.5		0.173546
98.6		0.173546
98.7		0.173546
98.8		0.173546
98.9		0.173546
99		0.173546
99.1		0.174609
99.2		0.174609
99.3		0.174609
99.4		0.174609
99.5		0.174609
99.6		0.174609
99.7		0.174609
99.8		0.174609
99.9		0.174609
100		0.174609
100.1		0.177362
100.2		0.177362
100.3		0.177362
100.4		0.177362
100.5		0.177362
100.6		0.177362
100.7		0.177362
100.8		0.177362
100.9		0.177362
101		0.177362
101.1		0.178371
101.2		0.178371
101.3		0.178371
101.4		0.178371
101.5		0.178371
101.6		0.178371
101.7		0.178371
101.8		0.178371
101.9		0.178371
102		0.178371
102.1		0.181479
102.2		0.181479
102.3		0.181479
102.4		0.181479
102.5		0.181479
102.6		0.181479
102.7		0.181479
102.8		0.181479
102.9		0.181479
103		0.181479
103.1		0.18475
103.2		0.18475
103.3		0.18475
103.4		0.18475
103.5		0.18475
103.6		0.18475
103.7		0.18475
103.8		0.18475
103.9		0.18475
104		0.18475
104.1		0.186358
104.2		0.186358
104.3		0.186358
104.4		0.186358
104.5		0.186358
104.6		0.186358
104.7		0.186358
104.8		0.186358
104.9		0.186358
105		0.186358
105.1		0.186549
105.2		0.186549
105.3		0.186549
105.4		0.186549
105.5		0.186549
105.6		0.186549
105.7		0.186549
105.8		0.186549
105.9		0.186549
106		0.186549
106.1		0.188648
106.2		0.188648
106.3		0.188648
106.4		0.188648
106.5		0.188648
106.6		0.188648
106.7		0.188648
106.8		0.188648
106.9		0.188648
107		0.188648
107.1		0.191783
107.2		0.191783
107.3		0.191783
107.4		0.191783
107.5		0.191783
107.6		0.191783
107.7		0.191783
107.8		0.191783
107.9		0.191783
108		0.191783
108.1		0.192192
108.2		0.192192
108.3		0.192192
108.4		0.192192
108.5		0.192192
108.6		0.192192
108.7		0.192192
108.8		0.192192
108.9		0.192192
109		0.192192
109.1		0.195954
109.2		0.195954
109.3		0.195954
109.4		0.195954
109.5		0.195954
109.6		0.195954
109.7		0.195954
109.8		0.195954
109.9		0.195954
110		0.195954
110.1		0.198899
110.2		0.198899
110.3		0.198899
110.4		0.198899
110.5		0.198899
110.6		0.198899
110.7		0.198899
110.8		0.198899
110.9		0.198899
111		0.198899
111.1		0.199089
111.2		0.199089
111.3		0.199089
111.4		0.199089
111.5		0.199089
111.6		0.199089
111.7		0.199089
111.8		0.199089
111.9		0.199089
112		0.199089
112.1		0.199798
112.2		0.199798
112.3		0.199798
112.4		0.199798
112.5		0.199798
112.6		0.199798
112.7		0.199798
112.8		0.199798
112.9		0.199798
113		0.199798
113.1		0.204078
113.2		0.204078
113.3		0.204078
113.4		0.204078
113.5		0.204078
113.6		0.204078
113.7		0.204078
113.8		0.204078
113.9		0.204078
114		0.204078
114.1		0.209258
114.2		0.209258
114.3		0.209258
114.4		0.209258
114.5		0.209258
114.6		0.209258
114.7		0.209258
114.8		0.209258
114.9		0.209258
115		0.209258
115.1		0.209939
115.2		0.209939
115.3		0.209939
115.4		0.209939
115.5		0.209939
115.6		0.209939
115.7		0.209939
115.8		0.209939
115.9		0.209939
116		0.209939
116.1		0.210648
116.2		0.210648
116.3		0.210648
116.4		0.210648
116.5		0.210648
116.6		0.210648
116.7		0.210648
116.8		0.210648
116.9		0.210648
117		0.210648
117.1		0.211384
117.2		0.211384
117.3		0.211384
117.4		0.211384
117.5		0.211384
117.6		0.211384
117.7		0.211384
117.8		0.211384
117.9		0.211384
118		0.211384
118.1		0.217791
118.2		0.217791
118.3		0.217791
118.4		0.217791
118.5		0.217791
118.6		0.217791
118.7		0.217791
118.8		0.217791
118.9		0.217791
119		0.217791
119.1		0.218827
119.2		0.218827
119.3		0.218827
119.4		0.218827
119.5		0.218827
119.6		0.218827
119.7		0.218827
119.8		0.218827
119.9		0.218827
120		0.218827
120.1		0.219236
120.2		0.219236
120.3		0.219236
120.4		0.219236
120.5		0.219236
120.6		0.219236
120.7		0.219236
120.8		0.219236
120.9		0.219236
121		0.219236
121.1		0.220353
121.2		0.220353
121.3		0.220353
121.4		0.220353
121.5		0.220353
121.6		0.220353
121.7		0.220353
121.8		0.220353
121.9		0.220353
122		0.220353
122.1		0.225942
122.2		0.225942
122.3		0.225942
122.4		0.225942
122.5		0.225942
122.6		0.225942
122.7		0.225942
122.8		0.225942
122.9		0.225942
123		0.225942
123.1		0.227959
123.2		0.227959
123.3		0.227959
123.4		0.227959
123.5		0.227959
123.6		0.227959
123.7		0.227959
123.8		0.227959
123.9		0.227959
124		0.227959
124.1		0.22875
124.2		0.22875
124.3		0.22875
124.4		0.22875
124.5		0.22875
124.6		0.22875
124.7		0.22875
124.8		0.22875
124.9		0.22875
125		0.22875
125.1		0.229949
125.2		0.229949
125.3		0.229949
125.4		0.229949
125.5		0.229949
125.6		0.229949
125.7		0.229949
125.8		0.229949
125.9		0.229949
126		0.229949
126.1		0.234502
126.2		0.234502
126.3		0.234502
126.4		0.234502
126.5		0.234502
126.6		0.234502
126.7		0.234502
126.8		0.234502
126.9		0.234502
127		0.234502
127.1		0.235402
127.2		0.235402
127.3		0.235402
127.4		0.235402
127.5		0.235402
127.6		0.235402
127.7		0.235402
127.8		0.235402
127.9		0.235402
128		0.235402
128.1		0.236328
128.2		0.236328
128.3		0.236328
128.4		0.236328
128.5		0.236328
128.6		0.236328
128.7		0.236328
128.8		0.236328
128.9		0.236328
129		0.236328
129.1		0.238564
129.2		0.238564
129.3		0.238564
129.4		0.238564
129.5		0.238564
129.6		0.238564
129.7		0.238564
129.8		0.238564
129.9		0.238564
130		0.238564
130.1		0.238782
130.2		0.238782
130.3		0.238782
130.4		0.238782
130.5		0.238782
130.6		0.238782
130.7		0.238782
130.8		0.238782
130.9		0.238782
131		0.238782
131.1		0.242817
131.2		0.242817
131.3		0.242817
131.4		0.242817
131.5		0.242817
131.6		0.242817
131.7		0.242817
131.8		0.242817
131.9		0.242817
132		0.242817
132.1		0.24328
132.2		0.24328
132.3		0.24328
132.4		0.24328
132.5		0.24328
132.6		0.24328
132.7		0.24328
132.8		0.24328
132.9		0.24328
133		0.24328
133.1		0.244752
133.2		0.244752
133.3		0.244752
133.4		0.244752
133.5		0.244752
133.6		0.244752
133.7		0.244752
133.8		0.244752
133.9		0.244752
134		0.244752
134.1		0.248869
134.2		0.248869
134.3		0.248869
134.4		0.248869
134.5		0.248869
134.6		0.248869
134.7		0.248869
134.8		0.248869
134.9		0.248869
135		0.248869
135.1		0.248978
135.2		0.248978
135.3		0.248978
135.4		0.248978
135.5		0.248978
135.6		0.248978
135.7		0.248978
135.8		0.248978
135.9		0.248978
136		0.248978
136.1		0.253721
136.2		0.253721
136.3		0.253721
136.4		0.253721
136.5		0.253721
136.6		0.253721
136.7		0.253721
136.8		0.253721
136.9		0.253721
137		0.253721
137.1		0.253912
137.2		0.253912
137.3		0.253912
137.4		0.253912
137.5		0.253912
137.6		0.253912
137.7		0.253912
137.8		0.253912
137.9		0.253912
138		0.253912
138.1		0.25582
138.2		0.25582
138.3		0.25582
138.4		0.25582
138.5		0.25582
138.6		0.25582
138.7		0.25582
138.8		0.25582
138.9		0.25582
139		0.25582
139.1		0.258737
139.2		0.258737
139.3		0.258737
139.4		0.258737
139.5		0.258737
139.6		0.258737
139.7		0.258737
139.8		0.258737
139.9		0.258737
140		0.258737
140.1		0.258901
140.2		0.258901
140.3		0.258901
140.4		0.258901
140.5		0.258901
140.6		0.258901
140.7		0.258901
140.8		0.258901
140.9		0.258901
141		0.258901
141.1		0.264053
141.2		0.264053
141.3		0.264053
141.4		0.264053
141.5		0.264053
141.6		0.264053
141.7		0.264053
141.8		0.264053
141.9		0.264053
142		0.264053
142.1		0.264598
142.2		0.264598
142.3		0.264598
142.4		0.264598
142.5		0.264598
142.6		0.264598
142.7		0.264598
142.8		0.264598
142.9		0.264598
143		0.264598
143.1		0.267216
143.2		0.267216
143.3		0.267216
143.4		0.267216
143.5		0.267216
143.6		0.267216
143.7		0.267216
143.8		0.267216
143.9		0.267216
144		0.267216
144.1		0.269369
144.2		0.269369
144.3		0.269369
144.4		0.269369
144.5		0.269369
144.6		0.269369
144.7		0.269369
144.8		0.269369
144.9		0.269369
145		0.269369
145.1		0.270187
145.2		0.270187
145.3		0.270187
145.4		0.270187
145.5		0.270187
145.6		0.270187
145.7		0.270187
145.8		0.270187
145.9		0.270187
146		0.270187
146.1		0.271932
146.2		0.271932
146.3		0.271932
146.4		0.271932
146.5		0.271932
146.6		0.271932
146.7		0.271932
146.8		0.271932
146.9		0.271932
147		0.271932
147.1		0.274331
147.2		0.274331
147.3		0.274331
147.4		0.274331
147.5		0.274331
147.6		0.274331
147.7		0.274331
147.8		0.274331
147.9		0.274331
148		0.274331
148.1		0.278883
148.2		0.278883
148.3		0.278883
148.4		0.278883
148.5		0.278883
148.6		0.278883
148.7		0.278883
148.8		0.278883
148.9		0.278883
149		0.278883
149.1		0.281691
149.2		0.281691
149.3		0.281691
149.4		0.281691
149.5		0.281691
149.6		0.281691
149.7		0.281691
149.8		0.281691
149.9		0.281691
150		0.281691
150.1		0.281964
150.2		0.281964
150.3		0.281964
150.4		0.281964
150.5		0.281964
150.6		0.281964
150.7		0.281964
150.8		0.281964
150.9		0.281964
151		0.281964
151.1		0.282482
151.2		0.282482
151.3		0.282482
151.4		0.282482
151.5		0.282482
151.6		0.282482
151.7		0.282482
151.8		0.282482
151.9		0.282482
152		0.282482
152.1		0.287416
152.2		0.287416
152.3		0.287416
152.4		0.287416
152.5		0.287416
152.6		0.287416
152.7		0.287416
152.8		0.287416
152.9		0.287416
153		0.287416
153.1		0.291342
153.2		0.291342
153.3		0.291342
153.4		0.291342
153.5		0.291342
153.6		0.291342
153.7		0.291342
153.8		0.291342
153.9		0.291342
154		0.291342
154.1		0.291587
154.2		0.291587
154.3		0.291587
154.4		0.291587
154.5		0.291587
154.6		0.291587
154.7		0.291587
154.8		0.291587
154.9		0.291587
155		0.291587
155.1		0.293305
155.2		0.293305
155.3		0.293305
155.4		0.293305
155.5		0.293305
155.6		0.293305
155.7		0.293305
155.8		0.293305
155.9		0.293305
156		0.293305
156.1		0.295104
156.2		0.295104
156.3		0.295104
156.4		0.295104
156.5		0.295104
156.6		0.295104
156.7		0.295104
156.8		0.295104
156.9		0.295104
157		0.295104
157.1		0.297258
157.2		0.297258
157.3		0.297258
157.4		0.297258
157.5		0.297258
157.6		0.297258
157.7		0.297258
157.8		0.297258
157.9		0.297258
158		0.297258
158.1		0.30042
158.2		0.30042
158.3		0.30042
158.4		0.30042
158.5		0.30042
158.6		0.30042
158.7		0.30042
158.8		0.30042
158.9		0.30042
159		0.30042
159.1		0.302628
159.2		0.302628
159.3		0.302628
159.4		0.302628
159.5		0.302628
159.6		0.302628
159.7		0.302628
159.8		0.302628
159.9		0.302628
160		0.302628
160.1		0.305
160.2		0.305
160.3		0.305
160.4		0.305
160.5		0.305
160.6		0.305
160.7		0.305
160.8		0.305
160.9		0.305
161		0.305
161.1		0.30639
161.2		0.30639
161.3		0.30639
161.4		0.30639
161.5		0.30639
161.6		0.30639
161.7		0.30639
161.8		0.30639
161.9		0.30639
162		0.30639
162.1		0.308135
162.2		0.308135
162.3		0.308135
162.4		0.308135
162.5		0.308135
162.6		0.308135
162.7		0.308135
162.8		0.308135
162.9		0.308135
163		0.308135
163.1		0.309743
163.2		0.309743
163.3		0.309743
163.4		0.309743
163.5		0.309743
163.6		0.309743
163.7		0.309743
163.8		0.309743
163.9		0.309743
164		0.309743
164.1		0.310616
164.2		0.310616
164.3		0.310616
164.4		0.310616
164.5		0.310616
164.6		0.310616
164.7		0.310616
164.8		0.310616
164.9		0.310616
165		0.310616
165.1		0.316231
165.2		0.316231
165.3		0.316231
165.4		0.316231
165.5		0.316231
165.6		0.316231
165.7		0.316231
165.8		0.316231
165.9		0.316231
166		0.316231
166.1		0.316967
166.2		0.316967
166.3		0.316967
166.4		0.316967
166.5		0.316967
166.6		0.316967
166.7		0.316967
166.8		0.316967
166.9		0.316967
167		0.316967
167.1		0.321302
167.2		0.321302
167.3		0.321302
167.4		0.321302
167.5		0.321302
167.6		0.321302
167.7		0.321302
167.8		0.321302
167.9		0.321302
168		0.321302
168.1		0.322229
168.2		0.322229
168.3		0.322229
168.4		0.322229
168.5		0.322229
168.6		0.322229
168.7		0.322229
168.8		0.322229
168.9		0.322229
169		0.322229
169.1		0.322774
169.2		0.322774
169.3		0.322774
169.4		0.322774
169.5		0.322774
169.6		0.322774
169.7		0.322774
169.8		0.322774
169.9		0.322774
170		0.322774
170.1		0.326045
170.2		0.326045
170.3		0.326045
170.4		0.326045
170.5		0.326045
170.6		0.326045
170.7		0.326045
170.8		0.326045
170.9		0.326045
171		0.326045
171.1		0.327381
171.2		0.327381
171.3		0.327381
171.4		0.327381
171.5		0.327381
171.6		0.327381
171.7		0.327381
171.8		0.327381
171.9		0.327381
172		0.327381
172.1		0.328499
172.2		0.328499
172.3		0.328499
172.4		0.328499
172.5		0.328499
172.6		0.328499
172.7		0.328499
172.8		0.328499
172.9		0.328499
173		0.328499
173.1		0.332097
173.2		0.332097
173.3		0.332097
173.4		0.332097
173.5		0.332097
173.6		0.332097
173.7		0.332097
173.8		0.332097
173.9		0.332097
174		0.332097
174.1		0.336541
174.2		0.336541
174.3		0.336541
174.4		0.336541
174.5		0.336541
174.6		0.336541
174.7		0.336541
174.8		0.336541
174.9		0.336541
175		0.336541
175.1		0.337059
175.2		0.337059
175.3		0.337059
175.4		0.337059
175.5		0.337059
175.6		0.337059
175.7		0.337059
175.8		0.337059
175.9		0.337059
176		0.337059
176.1		0.338995
176.2		0.338995
176.3		0.338995
176.4		0.338995
176.5		0.338995
176.6		0.338995
176.7		0.338995
176.8		0.338995
176.9		0.338995
177		0.338995
177.1		0.339921
177.2		0.339921
177.3		0.339921
177.4		0.339921
177.5		0.339921
177.6		0.339921
177.7		0.339921
177.8		0.339921
177.9		0.339921
178		0.339921
178.1		0.345319
178.2		0.345319
178.3		0.345319
178.4		0.345319
178.5		0.345319
178.6		0.345319
178.7		0.345319
178.8		0.345319
178.9		0.345319
179		0.345319
179.1		0.346546
179.2		0.346546
179.3		0.346546
179.4		0.346546
179.5		0.346546
179.6		0.346546
179.7		0.346546
179.8		0.346546
179.9		0.346546
180		0.346546
180.1		0.348836
180.2		0.348836
180.3		0.348836
180.4		0.348836
180.5		0.348836
180.6		0.348836
180.7		0.348836
180.8		0.348836
180.9		0.348836
181		0.348836
181.1		0.349327
181.2		0.349327
181.3		0.349327
181.4		0.349327
181.5		0.349327
181.6		0.349327
181.7		0.349327
181.8		0.349327
181.9		0.349327
182		0.349327
182.1		0.352162
182.2		0.352162
182.3		0.352162
182.4		0.352162
182.5		0.352162
182.6		0.352162
182.7		0.352162
182.8		0.352162
182.9		0.352162
183		0.352162
183.1		0.355542
183.2		0.355542
183.3		0.355542
183.4		0.355542
183.5		0.355542
183.6		0.355542
183.7		0.355542
183.8		0.355542
183.9		0.355542
184		0.355542
184.1		0.356714
184.2		0.356714
184.3		0.356714
184.4		0.356714
184.5		0.356714
184.6		0.356714
184.7		0.356714
184.8		0.356714
184.9		0.356714
185		0.356714
185.1		0.358514
185.2		0.358514
185.3		0.358514
185.4		0.358514
185.5		0.358514
185.6		0.358514
185.7		0.358514
185.8		0.358514
185.9		0.358514
186		0.358514
186.1		0.359522
186.2		0.359522
186.3		0.359522
186.4		0.359522
186.5		0.359522
186.6		0.359522
186.7		0.359522
186.8		0.359522
186.9		0.359522
187		0.359522
187.1		0.361676
187.2		0.361676
187.3		0.361676
187.4		0.361676
187.5		0.361676
187.6		0.361676
187.7		0.361676
187.8		0.361676
187.9		0.361676
188		0.361676
188.1		0.364293
188.2		0.364293
188.3		0.364293
188.4		0.364293
188.5		0.364293
188.6		0.364293
188.7		0.364293
188.8		0.364293
188.9		0.364293
189		0.364293
189.1		0.364457
189.2		0.364457
189.3		0.364457
189.4		0.364457
189.5		0.364457
189.6		0.364457
189.7		0.364457
189.8		0.364457
189.9		0.364457
190		0.364457
190.1		0.368573
190.2		0.368573
190.3		0.368573
190.4		0.368573
190.5		0.368573
190.6		0.368573
190.7		0.368573
190.8		0.368573
190.9		0.368573
191		0.368573
191.1		0.369963
191.2		0.369963
191.3		0.369963
191.4		0.369963
191.5		0.369963
191.6		0.369963
191.7		0.369963
191.8		0.369963
191.9		0.369963
192		0.369963
192.1		0.372226
192.2		0.372226
192.3		0.372226
192.4		0.372226
192.5		0.372226
192.6		0.372226
192.7		0.372226
192.8		0.372226
192.9		0.372226
193		0.372226
193.1		0.375034
193.2		0.375034
193.3		0.375034
193.4		0.375034
193.5		0.375034
193.6		0.375034
193.7		0.375034
193.8		0.375034
193.9		0.375034
194		0.375034
194.1		0.375279
194.2		0.375279
194.3		0.375279
194.4		0.375279
194.5		0.375279
194.6		0.375279
194.7		0.375279
194.8		0.375279
194.9		0.375279
195		0.375279
195.1		0.379014
195.2		0.379014
195.3		0.379014
195.4		0.379014
195.5		0.379014
195.6		0.379014
195.7		0.379014
195.8		0.379014
195.9		0.379014
196		0.379014
196.1		0.381604
196.2		0.381604
196.3		0.381604
196.4		0.381604
196.5		0.381604
196.6		0.381604
196.7		0.381604
196.8		0.381604
196.9		0.381604
197		0.381604
197.1		0.382422
197.2		0.382422
197.3		0.382422
197.4		0.382422
197.5		0.382422
197.6		0.382422
197.7		0.382422
197.8		0.382422
197.9		0.382422
198		0.382422
198.1		0.382994
198.2		0.382994
198.3		0.382994
198.4		0.382994
198.5		0.382994
198.6		0.382994
198.7		0.382994
198.8		0.382994
198.9		0.382994
199		0.382994
199.1		0.387765
199.2		0.387765
199.3		0.387765
199.4		0.387765
199.5		0.387765
199.6		0.387765
199.7		0.387765
199.8		0.387765
199.9		0.387765
200		0.387765
200.1		0.391282
200.2		0.391282
200.3		0.391282
200.4		0.391282
200.5		0.391282
200.6		0.391282
200.7		0.391282
200.8		0.391282
200.9		0.391282
201		0.391282
201.1		0.391936
201.2		0.391936
201.3		0.391936
201.4		0.391936
201.5		0.391936
201.6		0.391936
201.7		0.391936
201.8		0.391936
201.9		0.391936
202		0.391936
202.1		0.392209
202.2		0.392209
202.3		0.392209
202.4		0.392209
202.5		0.392209
202.6		0.392209
202.7		0.392209
202.8		0.392209
202.9		0.392209
203		0.392209
203.1		0.394444
203.2		0.394444
203.3		0.394444
203.4		0.394444
203.5		0.394444
203.6		0.394444
203.7		0.394444
203.8		0.394444
203.9		0.394444
204		0.394444
204.1		0.399269
204.2		0.399269
204.3		0.399269
204.4		0.399269
204.5		0.399269
204.6		0.399269
204.7		0.399269
204.8		0.399269
204.9		0.399269
205		0.399269
205.1		0.401996
205.2		0.401996
205.3		0.401996
205.4		0.401996
205.5		0.401996
205.6		0.401996
205.7		0.401996
205.8		0.401996
205.9		0.401996
206		0.401996
206.1		0.402623
206.2		0.402623
206.3		0.402623
206.4		0.402623
206.5		0.402623
206.6		0.402623
206.7		0.402623
206.8		0.402623
206.9		0.402623
207		0.402623
207.1		0.404122
207.2		0.404122
207.3		0.404122
207.4		0.404122
207.5		0.404122
207.6		0.404122
207.7		0.404122
207.8		0.404122
207.9		0.404122
208		0.404122
208.1		0.408947
208.2		0.408947
208.3		0.408947
208.4		0.408947
208.5		0.408947
208.6		0.408947
208.7		0.408947
208.8		0.408947
208.9		0.408947
209		0.408947
209.1		0.409629
209.2		0.409629
209.3		0.409629
209.4		0.409629
209.5		0.409629
209.6		0.409629
209.7		0.409629
209.8		0.409629
209.9		0.409629
210		0.409629
210.1		0.410365
210.2		0.410365
210.3		0.410365
210.4		0.410365
210.5		0.410365
210.6		0.410365
210.7		0.410365
210.8		0.410365
210.9		0.410365
211		0.410365
211.1		0.411755
211.2		0.411755
211.3		0.411755
211.4		0.411755
211.5		0.411755
211.6		0.411755
211.7		0.411755
211.8		0.411755
211.9		0.411755
212		0.411755
212.1		0.416935
212.2		0.416935
212.3		0.416935
212.4		0.416935
212.5		0.416935
212.6		0.416935
212.7		0.416935
212.8		0.416935
212.9		0.416935
213		0.416935
213.1		0.419634
213.2		0.419634
213.3		0.419634
213.4		0.419634
213.5		0.419634
213.6		0.419634
213.7		0.419634
213.8		0.419634
213.9		0.419634
214		0.419634
214.1		0.41977
214.2		0.41977
214.3		0.41977
214.4		0.41977
214.5		0.41977
214.6		0.41977
214.7		0.41977
214.8		0.41977
214.9		0.41977
215		0.41977
215.1		0.421106
215.2		0.421106
215.3		0.421106
215.4		0.421106
215.5		0.421106
215.6		0.421106
215.7		0.421106
215.8		0.421106
215.9		0.421106
216		0.421106
216.1		0.425713
216.2		0.425713
216.3		0.425713
216.4		0.425713
216.5		0.425713
216.6		0.425713
216.7		0.425713
216.8		0.425713
216.9		0.425713
217		0.425713
217.1		0.426313
217.2		0.426313
217.3		0.426313
217.4		0.426313
217.5		0.426313
217.6		0.426313
217.7		0.426313
217.8		0.426313
217.9		0.426313
218		0.426313
218.1		0.42694
218.2		0.42694
218.3		0.42694
218.4		0.42694
218.5		0.42694
218.6		0.42694
218.7		0.42694
218.8		0.42694
218.9		0.42694
219		0.42694
219.1		0.428984
219.2		0.428984
219.3		0.428984
219.4		0.428984
219.5		0.428984
219.6		0.428984
219.7		0.428984
219.8		0.428984
219.9		0.428984
220		0.428984
220.1		0.431492
220.2		0.431492
220.3		0.431492
220.4		0.431492
220.5		0.431492
220.6		0.431492
220.7		0.431492
220.8		0.431492
220.9		0.431492
221		0.431492
221.1		0.435227
221.2		0.435227
221.3		0.435227
221.4		0.435227
221.5		0.435227
221.6		0.435227
221.7		0.435227
221.8		0.435227
221.9		0.435227
222		0.435227
222.1		0.436836
222.2		0.436836
222.3		0.436836
222.4		0.436836
222.5		0.436836
222.6		0.436836
222.7		0.436836
222.8		0.436836
222.9		0.436836
223		0.436836
223.1		0.43719
223.2		0.43719
223.3		0.43719
223.4		0.43719
223.5		0.43719
223.6		0.43719
223.7		0.43719
223.8		0.43719
223.9		0.43719
224		0.43719
224.1		0.442479
224.2		0.442479
224.3		0.442479
224.4		0.442479
224.5		0.442479
224.6		0.442479
224.7		0.442479
224.8		0.442479
224.9		0.442479
225		0.442479
225.1		0.442642
225.2		0.442642
225.3		0.442642
225.4		0.442642
225.5		0.442642
225.6		0.442642
225.7		0.442642
225.8		0.442642
225.9		0.442642
226		0.442642
226.1		0.444714
226.2		0.444714
226.3		0.444714
226.4		0.444714
226.5		0.444714
226.6		0.444714
226.7		0.444714
226.8		0.444714
226.9		0.444714
227		0.444714
227.1		0.446513
227.2		0.446513
227.3		0.446513
227.4		0.446513
227.5		0.446513
227.6		0.446513
227.7		0.446513
227.8		0.446513
227.9		0.446513
228		0.446513
228.1		0.44774
228.2		0.44774
228.3		0.44774
228.4		0.44774
228.5		0.44774
228.6		0.44774
228.7		0.44774
228.8		0.44774
228.9		0.44774
229		0.44774
229.1		0.451584
229.2		0.451584
229.3		0.451584
229.4		0.451584
229.5		0.451584
229.6		0.451584
229.7		0.451584
229.8		0.451584
229.9		0.451584
230		0.451584
230.1		0.45292
230.2		0.45292
230.3		0.45292
230.4		0.45292
230.5		0.45292
230.6		0.45292
230.7		0.45292
230.8		0.45292
230.9		0.45292
231		0.45292
231.1		0.456218
231.2		0.456218
231.3		0.456218
231.4		0.456218
231.5		0.456218
231.6		0.456218
231.7		0.456218
231.8		0.456218
231.9		0.456218
232		0.456218
232.1		0.456709
232.2		0.456709
232.3		0.456709
232.4		0.456709
232.5		0.456709
232.6		0.456709
232.7		0.456709
232.8		0.456709
232.9		0.456709
233		0.456709
233.1		0.456764
233.2		0.456764
233.3		0.456764
233.4		0.456764
233.5		0.456764
233.6		0.456764
233.7		0.456764
233.8		0.456764
233.9		0.456764
234		0.456764
234.1		0.461861
234.2		0.461861
234.3		0.461861
234.4		0.461861
234.5		0.461861
234.6		0.461861
234.7		0.461861
234.8		0.461861
234.9		0.461861
235		0.461861
235.1		0.463306
235.2		0.463306
235.3		0.463306
235.4		0.463306
235.5		0.463306
235.6		0.463306
235.7		0.463306
235.8		0.463306
235.9		0.463306
236		0.463306
236.1		0.463524
236.2		0.463524
236.3		0.463524
236.4		0.463524
236.5		0.463524
236.6		0.463524
236.7		0.463524
236.8		0.463524
236.9		0.463524
237		0.463524
237.1		0.464288
237.2		0.464288
237.3		0.464288
237.4		0.464288
237.5		0.464288
237.6		0.464288
237.7		0.464288
237.8		0.464288
237.9		0.464288
238		0.464288
238.1		0.471512
238.2		0.471512
238.3		0.471512
238.4		0.471512
238.5		0.471512
238.6		0.471512
238.7		0.471512
238.8		0.471512
238.9		0.471512
239		0.471512
239.1		0.472084
239.2		0.472084
239.3		0.472084
239.4		0.472084
239.5		0.472084
239.6		0.472084
239.7		0.472084
239.8		0.472084
239.9		0.472084
240		0.472084
240.1		0.474374
240.2		0.474374
240.3		0.474374
240.4		0.474374
240.5		0.474374
240.6		0.474374
240.7		0.474374
240.8		0.474374
240.9		0.474374
241		0.474374
241.1		0.475274
241.2		0.475274
241.3		0.475274
241.4		0.475274
241.5		0.475274
241.6		0.475274
241.7		0.475274
241.8		0.475274
241.9		0.475274
242		0.475274
242.1		0.478927
242.2		0.478927
242.3		0.478927
242.4		0.478927
242.5		0.478927
242.6		0.478927
242.7		0.478927
242.8		0.478927
242.9		0.478927
243		0.478927
243.1		0.479963
243.2		0.479963
243.3		0.479963
243.4		0.479963
243.5		0.479963
243.6		0.479963
243.7		0.479963
243.8		0.479963
243.9		0.479963
244		0.479963
244.1		0.482171
244.2		0.482171
244.3		0.482171
244.4		0.482171
244.5		0.482171
244.6		0.482171
244.7		0.482171
244.8		0.482171
244.9		0.482171
245		0.482171
245.1		0.483534
245.2		0.483534
245.3		0.483534
245.4		0.483534
245.5		0.483534
245.6		0.483534
245.7		0.483534
245.8		0.483534
245.9		0.483534
246		0.483534
246.1		0.48855
246.2		0.48855
246.3		0.48855
246.4		0.48855
246.5		0.48855
246.6		0.48855
246.7		0.48855
246.8		0.48855
246.9		0.48855
247		0.48855
247.1		0.488823
247.2		0.488823
247.3		0.488823
247.4		0.488823
247.5		0.488823
247.6		0.488823
247.7		0.488823
247.8		0.488823
247.9		0.488823
248		0.488823
248.1		0.489913
248.2		0.489913
248.3		0.489913
248.4		0.489913
248.5		0.489913
248.6		0.489913
248.7		0.489913
248.8		0.489913
248.9		0.489913
249		0.489913
249.1		0.490322
249.2		0.490322
249.3		0.490322
249.4		0.490322
249.5		0.490322
249.6		0.490322
249.7		0.490322
249.8		0.490322
249.9		0.490322
250		0.490322
250.1		0.49433
250.2		0.49433
250.3		0.49433
250.4		0.49433
250.5		0.49433
250.6		0.49433
250.7		0.49433
250.8		0.49433
250.9		0.49433
251		0.49433
251.1		0.497846
251.2		0.497846
251.3		0.497846
251.4		0.497846
251.5		0.497846
251.6		0.497846
251.7		0.497846
251.8		0.497846
251.9		0.497846
252		0.497846
252.1		0.498064
252.2		0.498064
252.3		0.498064
252.4		0.498064
252.5		0.498064
252.6		0.498064
252.7		0.498064
252.8		0.498064
252.9		0.498064
253		0.498064
253.1		0.501281
253.2		0.501281
253.3		0.501281
253.4		0.501281
253.5		0.501281
253.6		0.501281
253.7		0.501281
253.8		0.501281
253.9		0.501281
254		0.501281
254.1		0.502672
254.2		0.502672
254.3		0.502672
254.4		0.502672
254.5		0.502672
254.6		0.502672
254.7		0.502672
254.8		0.502672
254.9		0.502672
255		0.502672
255.1		0.504116
255.2		0.504116
255.3		0.504116
255.4		0.504116
255.5		0.504116
255.6		0.504116
255.7		0.504116
255.8		0.504116
255.9		0.504116
256		0.504116
256.1		0.507715
256.2		0.507715
256.3		0.507715
256.4		0.507715
256.5		0.507715
256.6		0.507715
256.7		0.507715
256.8		0.507715
256.9		0.507715
257		0.507715
257.1		0.51175
257.2		0.51175
257.3		0.51175
257.4		0.51175
257.5		0.51175
257.6		0.51175
257.7		0.51175
257.8		0.51175
257.9		0.51175
258		0.51175
258.1		0.51284
258.2		0.51284
258.3		0.51284
258.4		0.51284
258.5		0.51284
258.6		0.51284
258.7		0.51284
258.8		0.51284
258.9		0.51284
259		0.51284
259.1		0.513249
259.2		0.513249
259.3		0.513249
259.4		0.513249
259.5		0.513249
259.6		0.513249
259.7		0.513249
259.8		0.513249
259.9		0.513249
260		0.513249
260.1		0.514776
260.2		0.514776
260.3		0.514776
260.4		0.514776
260.5		0.514776
260.6		0.514776
260.7		0.514776
260.8		0.514776
260.9		0.514776
261		0.514776
261.1		0.517229
261.2		0.517229
261.3		0.517229
261.4		0.517229
261.5		0.517229
261.6		0.517229
261.7		0.517229
261.8		0.517229
261.9		0.517229
262		0.517229
262.1		0.520255
262.2		0.520255
262.3		0.520255
262.4		0.520255
262.5		0.520255
262.6		0.520255
262.7		0.520255
262.8		0.520255
262.9		0.520255
263		0.520255
263.1		0.521945
263.2		0.521945
263.3		0.521945
263.4		0.521945
263.5		0.521945
263.6		0.521945
263.7		0.521945
263.8		0.521945
263.9		0.521945
264		0.521945
264.1		0.525162
264.2		0.525162
264.3		0.525162
264.4		0.525162
264.5		0.525162
264.6		0.525162
264.7		0.525162
264.8		0.525162
264.9		0.525162
265		0.525162
265.1		0.525299
265.2		0.525299
265.3		0.525299
265.4		0.525299
265.5		0.525299
265.6		0.525299
265.7		0.525299
265.8		0.525299
265.9		0.525299
266		0.525299
266.1		0.525489
266.2		0.525489
266.3		0.525489
266.4		0.525489
266.5		0.525489
266.6		0.525489
266.7		0.525489
266.8		0.525489
266.9		0.525489
267		0.525489
267.1		0.530342
267.2		0.530342
267.3		0.530342
267.4		0.530342
267.5		0.530342
267.6		0.530342
267.7		0.530342
267.8		0.530342
267.9		0.530342
268		0.530342
268.1		0.531868
268.2		0.531868
268.3		0.531868
268.4		0.531868
268.5		0.531868
268.6		0.531868
268.7		0.531868
268.8		0.531868
268.9		0.531868
269		0.531868
269.1		0.53364
269.2		0.53364
269.3		0.53364
269.4		0.53364
269.5		0.53364
269.6		0.53364
269.7		0.53364
269.8		0.53364
269.9		0.53364
270		0.53364
270.1		0.538002
270.2		0.538002
270.3		0.538002
270.4		0.538002
270.5		0.538002
270.6		0.538002
270.7		0.538002
270.8		0.538002
270.9		0.538002
271		0.538002
271.1		0.538602
271.2		0.538602
271.3		0.538602
271.4		0.538602
271.5		0.538602
271.6		0.538602
271.7		0.538602
271.8		0.538602
271.9		0.538602
272		0.538602
272.1		0.543182
272.2		0.543182
272.3		0.543182
272.4		0.543182
272.5		0.543182
272.6		0.543182
272.7		0.543182
272.8		0.543182
272.9		0.543182
273		0.543182
273.1		0.543455
273.2		0.543455
273.3		0.543455
273.4		0.543455
273.5		0.543455
273.6		0.543455
273.7		0.543455
273.8		0.543455
273.9		0.543455
274		0.543455
274.1		0.544736
274.2		0.544736
274.3		0.544736
274.4		0.544736
274.5		0.544736
274.6		0.544736
274.7		0.544736
274.8		0.544736
274.9		0.544736
275		0.544736
275.1		0.545063
275.2		0.545063
275.3		0.545063
275.4		0.545063
275.5		0.545063
275.6		0.545063
275.7		0.545063
275.8		0.545063
275.9		0.545063
276		0.545063
276.1		0.548934
276.2		0.548934
276.3		0.548934
276.4		0.548934
276.5		0.548934
276.6		0.548934
276.7		0.548934
276.8		0.548934
276.9		0.548934
277		0.548934
277.1		0.553459
277.2		0.553459
277.3		0.553459
277.4		0.553459
277.5		0.553459
277.6		0.553459
277.7		0.553459
277.8		0.553459
277.9		0.553459
278		0.553459
278.1		0.554223
278.2		0.554223
278.3		0.554223
278.4		0.554223
278.5		0.554223
278.6		0.554223
278.7		0.554223
278.8		0.554223
278.9		0.554223
279		0.554223
279.1		0.554713
279.2		0.554713
279.3		0.554713
279.4		0.554713
279.5		0.554713
279.6		0.554713
279.7		0.554713
279.8		0.554713
279.9		0.554713
280		0.554713
280.1		0.558012
280.2		0.558012
280.3		0.558012
280.4		0.558012
280.5		0.558012
280.6		0.558012
280.7		0.558012
280.8		0.558012
280.9		0.558012
281		0.558012
281.1		0.558803
281.2		0.558803
281.3		0.558803
281.4		0.558803
281.5		0.558803
281.6		0.558803
281.7		0.558803
281.8		0.558803
281.9		0.558803
282		0.558803
282.1		0.559566
282.2		0.559566
282.3		0.559566
282.4		0.559566
282.5		0.559566
282.6		0.559566
282.7		0.559566
282.8		0.559566
282.9		0.559566
283		0.559566
283.1		0.562156
283.2		0.562156
283.3		0.562156
283.4		0.562156
283.5		0.562156
283.6		0.562156
283.7		0.562156
283.8		0.562156
283.9		0.562156
284		0.562156
284.1		0.567608
284.2		0.567608
284.3		0.567608
284.4		0.567608
284.5		0.567608
284.6		0.567608
284.7		0.567608
284.8		0.567608
284.9		0.567608
285		0.567608
285.1		0.569462
285.2		0.569462
285.3		0.569462
285.4		0.569462
285.5		0.569462
285.6		0.569462
285.7		0.569462
285.8		0.569462
285.9		0.569462
286		0.569462
286.1		0.572515
286.2		0.572515
286.3		0.572515
286.4		0.572515
286.5		0.572515
286.6		0.572515
286.7		0.572515
286.8		0.572515
286.9		0.572515
287		0.572515
287.1		0.573387
287.2		0.573387
287.3		0.573387
287.4		0.573387
287.5		0.573387
287.6		0.573387
287.7		0.573387
287.8		0.573387
287.9		0.573387
288		0.573387
288.1		0.575568
288.2		0.575568
288.3		0.575568
288.4		0.575568
288.5		0.575568
288.6		0.575568
288.7		0.575568
288.8		0.575568
288.9		0.575568
289		0.575568
289.1		0.580039
289.2		0.580039
289.3		0.580039
289.4		0.580039
289.5		0.580039
289.6		0.580039
289.7		0.580039
289.8		0.580039
289.9		0.580039
290		0.580039
290.1		0.58113
290.2		0.58113
290.3		0.58113
290.4		0.58113
290.5		0.58113
290.6		0.58113
290.7		0.58113
290.8		0.58113
290.9		0.58113
291		0.58113
291.1		0.584128
291.2		0.584128
291.3		0.584128
291.4		0.584128
291.5		0.584128
291.6		0.584128
291.7		0.584128
291.8		0.584128
291.9		0.584128
292		0.584128
292.1		0.585028
292.2		0.585028
292.3		0.585028
292.4		0.585028
292.5		0.585028
292.6		0.585028
292.7		0.585028
292.8		0.585028
292.9		0.585028
293		0.585028
293.1		0.585028
293.2		0.585028
293.3		0.585028
293.4		0.585028
293.5		0.585028
293.6		0.585028
293.7		0.585028
293.8		0.585028
293.9		0.585028
294		0.585028
294.1		0.585028
294.2		0.585028
294.3		0.585028
294.4		0.585028
294.5		0.585028
294.6		0.585028
294.7		0.585028
294.8		0.585028
294.9		0.585028
295		0.585028
295.1		0.586309
295.2		0.586309
295.3		0.586309
295.4		0.586309
295.5		0.586309
295.6		0.586309
295.7		0.586309
295.8		0.586309
295.9		0.586309
296		0.586309
296.1		0.58999
296.2		0.58999
296.3		0.58999
296.4		0.58999
296.5		0.58999
296.6		0.58999
296.7		0.58999
296.8		0.58999
296.9		0.58999
297		0.58999
297.1		0.59048
297.2		0.59048
297.3		0.59048
297.4		0.59048
297.5		0.59048
297.6		0.59048
297.7		0.59048
297.8		0.59048
297.9		0.59048
298		0.59048
298.1		0.595633
298.2		0.595633
298.3		0.595633
298.4		0.595633
298.5		0.595633
298.6		0.595633
298.7		0.595633
298.8		0.595633
298.9		0.595633
299		0.595633
299.1		0.595933
299.2		0.595933
299.3		0.595933
299.4		0.595933
299.5		0.595933
299.6		0.595933
299.7		0.595933
299.8		0.595933
299.9		0.595933
300		0.595933
300.1		0.596232
300.2		0.596232
300.3		0.596232
300.4		0.596232
300.5		0.596232
300.6		0.596232
300.7		0.596232
300.8		0.596232
300.9		0.596232
301		0.596232
301.1		0.599149
301.2		0.599149
301.3		0.599149
301.4		0.599149
301.5		0.599149
301.6		0.599149
301.7		0.599149
301.8		0.599149
301.9		0.599149
302		0.599149
302.1		0.599395
302.2		0.599395
302.3		0.599395
302.4		0.599395
302.5		0.599395
302.6		0.599395
302.7		0.599395
302.8		0.599395
302.9		0.599395
303		0.599395
303.1		0.600785
303.2		0.600785
303.3		0.600785
303.4		0.600785
303.5		0.600785
303.6		0.600785
303.7		0.600785
303.8		0.600785
303.9		0.600785
304		0.600785
304.1		0.603675
304.2		0.603675
304.3		0.603675
304.4		0.603675
304.5		0.603675
304.6		0.603675
304.7		0.603675
304.8		0.603675
304.9		0.603675
305		0.603675
305.1		0.606074
305.2		0.606074
305.3		0.606074
305.4		0.606074
305.5		0.606074
305.6		0.606074
305.7		0.606074
305.8		0.606074
305.9		0.606074
306		0.606074
306.1		0.608527
306.2		0.608527
306.3		0.608527
306.4		0.608527
306.5		0.608527
306.6		0.608527
306.7		0.608527
306.8		0.608527
306.9		0.608527
307		0.608527
307.1		0.610027
307.2		0.610027
307.3		0.610027
307.4		0.610027
307.5		0.610027
307.6		0.610027
307.7		0.610027
307.8		0.610027
307.9		0.610027
308		0.610027
308.1		0.613107
308.2		0.613107
308.3		0.613107
308.4		0.613107
308.5		0.613107
308.6		0.613107
308.7		0.613107
308.8		0.613107
308.9		0.613107
309		0.613107
309.1		0.613271
309.2		0.613271
309.3		0.613271
309.4		0.613271
309.5		0.613271
309.6		0.613271
309.7		0.613271
309.8		0.613271
309.9		0.613271
310		0.613271
310.1		0.614089
310.2		0.614089
310.3		0.614089
310.4		0.614089
310.5		0.614089
310.6		0.614089
310.7		0.614089
310.8		0.614089
310.9		0.614089
311		0.614089
311.1		0.617496
311.2		0.617496
311.3		0.617496
311.4		0.617496
311.5		0.617496
311.6		0.617496
311.7		0.617496
311.8		0.617496
311.9		0.617496
312		0.617496
312.1		0.621286
312.2		0.621286
312.3		0.621286
312.4		0.621286
312.5		0.621286
312.6		0.621286
312.7		0.621286
312.8		0.621286
312.9		0.621286
313		0.621286
313.1		0.62164
313.2		0.62164
313.3		0.62164
313.4		0.62164
313.5		0.62164
313.6		0.62164
313.7		0.62164
313.8		0.62164
313.9		0.62164
314		0.62164
314.1		0.62254
314.2		0.62254
314.3		0.62254
314.4		0.62254
314.5		0.62254
314.6		0.62254
314.7		0.62254
314.8		0.62254
314.9		0.62254
315		0.62254
315.1		0.624203
315.2		0.624203
315.3		0.624203
315.4		0.624203
315.5		0.624203
315.6		0.624203
315.7		0.624203
315.8		0.624203
315.9		0.624203
316		0.624203
316.1		0.629328
316.2		0.629328
316.3		0.629328
316.4		0.629328
316.5		0.629328
316.6		0.629328
316.7		0.629328
316.8		0.629328
316.9		0.629328
317		0.629328
317.1		0.6311
317.2		0.6311
317.3		0.6311
317.4		0.6311
317.5		0.6311
317.6		0.6311
317.7		0.6311
317.8		0.6311
317.9		0.6311
318		0.6311
318.1		0.631291
318.2		0.631291
318.3		0.631291
318.4		0.631291
318.5		0.631291
318.6		0.631291
318.7		0.631291
318.8		0.631291
318.9		0.631291
319		0.631291
319.1		0.633063
319.2		0.633063
319.3		0.633063
319.4		0.633063
319.5		0.633063
319.6		0.633063
319.7		0.633063
319.8		0.633063
319.9		0.633063
320		0.633063
320.1		0.634671
320.2		0.634671
320.3		0.634671
320.4		0.634671
320.5		0.634671
320.6		0.634671
320.7		0.634671
320.8		0.634671
320.9		0.634671
321		0.634671
321.1		0.638515
321.2		0.638515
321.3		0.638515
321.4		0.638515
321.5		0.638515
321.6		0.638515
321.7		0.638515
321.8		0.638515
321.9		0.638515
322		0.638515
322.1		0.640287
322.2		0.640287
322.3		0.640287
322.4		0.640287
322.5		0.640287
322.6		0.640287
322.7		0.640287
322.8		0.640287
322.9		0.640287
323		0.640287
323.1		0.641841
323.2		0.641841
323.3		0.641841
323.4		0.641841
323.5		0.641841
323.6		0.641841
323.7		0.641841
323.8		0.641841
323.9		0.641841
324		0.641841
324.1		0.645739
324.2		0.645739
324.3		0.645739
324.4		0.645739
324.5		0.645739
324.6		0.645739
324.7		0.645739
324.8		0.645739
324.9		0.645739
325		0.645739
325.1		0.64623
325.2		0.64623
325.3		0.64623
325.4		0.64623
325.5		0.64623
325.6		0.64623
325.7		0.64623
325.8		0.64623
325.9		0.64623
326		0.64623
326.1		0.646421
326.2		0.646421
326.3		0.646421
326.4		0.646421
326.5		0.646421
326.6		0.646421
326.7		0.646421
326.8		0.646421
326.9		0.646421
327		0.646421
327.1		0.650019
327.2		0.650019
327.3		0.650019
327.4		0.650019
327.5		0.650019
327.6		0.650019
327.7		0.650019
327.8		0.650019
327.9		0.650019
328		0.650019
328.1		0.653263
328.2		0.653263
328.3		0.653263
328.4		0.653263
328.5		0.653263
328.6		0.653263
328.7		0.653263
328.8		0.653263
328.9		0.653263
329		0.653263
329.1		0.653945
329.2		0.653945
329.3		0.653945
329.4		0.653945
329.5		0.653945
329.6		0.653945
329.7		0.653945
329.8		0.653945
329.9		0.653945
330		0.653945
330.1		0.656071
330.2		0.656071
330.3		0.656071
330.4		0.656071
330.5		0.656071
330.6		0.656071
330.7		0.656071
330.8		0.656071
330.9		0.656071
331		0.656071
331.1		0.65708
331.2		0.65708
331.3		0.65708
331.4		0.65708
331.5		0.65708
331.6		0.65708
331.7		0.65708
331.8		0.65708
331.9		0.65708
332		0.65708
332.1		0.658197
332.2		0.658197
332.3		0.658197
332.4		0.658197
332.5		0.658197
332.6		0.658197
332.7		0.658197
332.8		0.658197
332.9		0.658197
333		0.658197
333.1		0.663486
333.2		0.663486
333.3		0.663486
333.4		0.663486
333.5		0.663486
333.6		0.663486
333.7		0.663486
333.8		0.663486
333.9		0.663486
334		0.663486
334.1		0.66365
334.2		0.66365
334.3		0.66365
334.4		0.66365
334.5		0.66365
334.6		0.66365
334.7		0.66365
334.8		0.66365
334.9		0.66365
335		0.66365
335.1		0.667003
335.2		0.667003
335.3		0.667003
335.4		0.667003
335.5		0.667003
335.6		0.667003
335.7		0.667003
335.8		0.667003
335.9		0.667003
336		0.667003
336.1		0.668639
336.2		0.668639
336.3		0.668639
336.4		0.668639
336.5		0.668639
336.6		0.668639
336.7		0.668639
336.8		0.668639
336.9		0.668639
337		0.668639
337.1		0.670002
337.2		0.670002
337.3		0.670002
337.4		0.670002
337.5		0.670002
337.6		0.670002
337.7		0.670002
337.8		0.670002
337.9		0.670002
338		0.670002
338.1		0.674254
338.2		0.674254
338.3		0.674254
338.4		0.674254
338.5		0.674254
338.6		0.674254
338.7		0.674254
338.8		0.674254
338.9		0.674254
339		0.674254
339.1		0.67529
339.2		0.67529
339.3		0.67529
339.4		0.67529
339.5		0.67529
339.6		0.67529
339.7		0.67529
339.8		0.67529
339.9		0.67529
340		0.67529
340.1		0.676463
340.2		0.676463
340.3		0.676463
340.4		0.676463
340.5		0.676463
340.6		0.676463
340.7		0.676463
340.8		0.676463
340.9		0.676463
341		0.676463
341.1		0.679298
341.2		0.679298
341.3		0.679298
341.4		0.679298
341.5		0.679298
341.6		0.679298
341.7		0.679298
341.8		0.679298
341.9		0.679298
342		0.679298
342.1		0.683196
342.2		0.683196
342.3		0.683196
342.4		0.683196
342.5		0.683196
342.6		0.683196
342.7		0.683196
342.8		0.683196
342.9		0.683196
343		0.683196
343.1		0.686168
343.2		0.686168
343.3		0.686168
343.4		0.686168
343.5		0.686168
343.6		0.686168
343.7		0.686168
343.8		0.686168
343.9		0.686168
344		0.686168
344.1		0.686304
344.2		0.686304
344.3		0.686304
344.4		0.686304
344.5		0.686304
344.6		0.686304
344.7		0.686304
344.8		0.686304
344.9		0.686304
345		0.686304
345.1		0.690393
345.2		0.690393
345.3		0.690393
345.4		0.690393
345.5		0.690393
345.6		0.690393
345.7		0.690393
345.8		0.690393
345.9		0.690393
346		0.690393
346.1		0.694128
346.2		0.694128
346.3		0.694128
346.4		0.694128
346.5		0.694128
346.6		0.694128
346.7		0.694128
346.8		0.694128
346.9		0.694128
347		0.694128
347.1		0.694455
347.2		0.694455
347.3		0.694455
347.4		0.694455
347.5		0.694455
347.6		0.694455
347.7		0.694455
347.8		0.694455
347.9		0.694455
348		0.694455
348.1		0.6968
348.2		0.6968
348.3		0.6968
348.4		0.6968
348.5		0.6968
348.6		0.6968
348.7		0.6968
348.8		0.6968
348.9		0.6968
349		0.6968
349.1		0.699308
349.2		0.699308
349.3		0.699308
349.4		0.699308
349.5		0.699308
349.6		0.699308
349.7		0.699308
349.8		0.699308
349.9		0.699308
350		0.699308
350.1		0.701707
350.2		0.701707
350.3		0.701707
350.4		0.701707
350.5		0.701707
350.6		0.701707
350.7		0.701707
350.8		0.701707
350.9		0.701707
351		0.701707
351.1		0.706532
351.2		0.706532
351.3		0.706532
351.4		0.706532
351.5		0.706532
351.6		0.706532
351.7		0.706532
351.8		0.706532
351.9		0.706532
352		0.706532
352.1		0.706777
352.2		0.706777
352.3		0.706777
352.4		0.706777
352.5		0.706777
352.6		0.706777
352.7		0.706777
352.8		0.706777
352.9		0.706777
353		0.706777
353.1		0.707159
353.2		0.707159
353.3		0.707159
353.4		0.707159
353.5		0.707159
353.6		0.707159
353.7		0.707159
353.8		0.707159
353.9		0.707159
354		0.707159
354.1		0.707159
354.2		0.707159
354.3		0.707159
354.4		0.707159
354.5		0.707159
354.6		0.707159
354.7		0.707159
354.8		0.707159
354.9		0.707159
355		0.707159
355.1		0.707159
355.2		0.707159
355.3		0.707159
355.4		0.707159
355.5		0.707159
355.6		0.707159
355.7		0.707159
355.8		0.707159
355.9		0.707159
356		0.707159
356.1		0.710594
356.2		0.710594
356.3		0.710594
356.4		0.710594
356.5		0.710594
356.6		0.710594
356.7		0.710594
356.8		0.710594
356.9		0.710594
357		0.710594
357.1		0.715637
357.2		0.715637
357.3		0.715637
357.4		0.715637
357.5		0.715637
357.6		0.715637
357.7		0.715637
357.8		0.715637
357.9		0.715637
358		0.715637
358.1		0.715637
358.2		0.715637
358.3		0.715637
358.4		0.715637
358.5		0.715637
358.6		0.715637
358.7		0.715637
358.8		0.715637
358.9		0.715637
359		0.715637
359.1		0.716591
359.2		0.716591
359.3		0.716591
359.4		0.716591
359.5		0.716591
359.6		0.716591
359.7		0.716591
359.8		0.716591
359.9		0.716591
360		0.716591
360.1		0.7182
360.2		0.7182
360.3		0.7182
360.4		0.7182
360.5		0.7182
360.6		0.7182
360.7		0.7182
360.8		0.7182
360.9		0.7182
361		0.7182
361.1		0.718827
361.2		0.718827
361.3		0.718827
361.4		0.718827
361.5		0.718827
361.6		0.718827
361.7		0.718827
361.8		0.718827
361.9		0.718827
362		0.718827
362.1		0.724143
362.2		0.724143
362.3		0.724143
362.4		0.724143
362.5		0.724143
362.6		0.724143
362.7		0.724143
362.8		0.724143
362.9		0.724143
363		0.724143
363.1		0.724988
363.2		0.724988
363.3		0.724988
363.4		0.724988
363.5		0.724988
363.6		0.724988
363.7		0.724988
363.8		0.724988
363.9		0.724988
364		0.724988
364.1		0.726514
364.2		0.726514
364.3		0.726514
364.4		0.726514
364.5		0.726514
364.6		0.726514
364.7		0.726514
364.8		0.726514
364.9		0.726514
365		0.726514
365.1		0.727278
365.2		0.727278
365.3		0.727278
365.4		0.727278
365.5		0.727278
365.6		0.727278
365.7		0.727278
365.8		0.727278
365.9		0.727278
366		0.727278
366.1		0.732784
366.2		0.732784
366.3		0.732784
366.4		0.732784
366.5		0.732784
366.6		0.732784
366.7		0.732784
366.8		0.732784
366.9		0.732784
367		0.732784
367.1		0.735347
367.2		0.735347
367.3		0.735347
367.4		0.735347
367.5		0.735347
367.6		0.735347
367.7		0.735347
367.8		0.735347
367.9		0.735347
368		0.735347
368.1		0.737174
368.2		0.737174
368.3		0.737174
368.4		0.737174
368.5		0.737174
368.6		0.737174
368.7		0.737174
368.8		0.737174
368.9		0.737174
369		0.737174
369.1		0.737528
369.2		0.737528
369.3		0.737528
369.4		0.737528
369.5		0.737528
369.6		0.737528
369.7		0.737528
369.8		0.737528
369.9		0.737528
370		0.737528
370.1		0.740745
370.2		0.740745
370.3		0.740745
370.4		0.740745
370.5		0.740745
370.6		0.740745
370.7		0.740745
370.8		0.740745
370.9		0.740745
371		0.740745
371.1		0.743798
371.2		0.743798
371.3		0.743798
371.4		0.743798
371.5		0.743798
371.6		0.743798
371.7		0.743798
371.8		0.743798
371.9		0.743798
372		0.743798
372.1		0.744316
372.2		0.744316
372.3		0.744316
372.4		0.744316
372.5		0.744316
372.6		0.744316
372.7		0.744316
372.8		0.744316
372.9		0.744316
373		0.744316
373.1		0.747805
373.2		0.747805
373.3		0.747805
373.4		0.747805
373.5		0.747805
373.6		0.747805
373.7		0.747805
373.8		0.747805
373.9		0.747805
374		0.747805
374.1		0.748405
374.2		0.748405
374.3		0.748405
374.4		0.748405
374.5		0.748405
374.6		0.748405
374.7		0.748405
374.8		0.748405
374.9		0.748405
375		0.748405
375.1		0.751131
375.2		0.751131
375.3		0.751131
375.4		0.751131
375.5		0.751131
375.6		0.751131
375.7		0.751131
375.8		0.751131
375.9		0.751131
376		0.751131
376.1		0.752658
376.2		0.752658
376.3		0.752658
376.4		0.752658
376.5		0.752658
376.6		0.752658
376.7		0.752658
376.8		0.752658
376.9		0.752658
377		0.752658
377.1		0.756638
377.2		0.756638
377.3		0.756638
377.4		0.756638
377.5		0.756638
377.6		0.756638
377.7		0.756638
377.8		0.756638
377.9		0.756638
378		0.756638
378.1		0.757947
378.2		0.757947
378.3		0.757947
378.4		0.757947
378.5		0.757947
378.6		0.757947
378.7		0.757947
378.8		0.757947
378.9		0.757947
379		0.757947
379.1		0.758138
379.2		0.758138
379.3		0.758138
379.4		0.758138
379.5		0.758138
379.6		0.758138
379.7		0.758138
379.8		0.758138
379.9		0.758138
380		0.758138
380.1		0.761054
380.2		0.761054
380.3		0.761054
380.4		0.761054
380.5		0.761054
380.6		0.761054
380.7		0.761054
380.8		0.761054
380.9		0.761054
381		0.761054
381.1		0.762499
381.2		0.762499
381.3		0.762499
381.4		0.762499
381.5		0.762499
381.6		0.762499
381.7		0.762499
381.8		0.762499
381.9		0.762499
382		0.762499
382.1		0.765144
382.2		0.765144
382.3		0.765144
382.4		0.765144
382.5		0.765144
382.6		0.765144
382.7		0.765144
382.8		0.765144
382.9		0.765144
383		0.765144
383.1		0.765825
383.2		0.765825
383.3		0.765825
383.4		0.765825
383.5		0.765825
383.6		0.765825
383.7		0.765825
383.8		0.765825
383.9		0.765825
384		0.765825
384.1		0.767706
384.2		0.767706
384.3		0.767706
384.4		0.767706
384.5		0.767706
384.6		0.767706
384.7		0.767706
384.8		0.767706
384.9		0.767706
385		0.767706
385.1		0.772286
385.2		0.772286
385.3		0.772286
385.4		0.772286
385.5		0.772286
385.6		0.772286
385.7		0.772286
385.8		0.772286
385.9		0.772286
386		0.772286
386.1		0.772531
386.2		0.772531
386.3		0.772531
386.4		0.772531
386.5		0.772531
386.6		0.772531
386.7		0.772531
386.8		0.772531
386.9		0.772531
387		0.772531
387.1		0.778229
387.2		0.778229
387.3		0.778229
387.4		0.778229
387.5		0.778229
387.6		0.778229
387.7		0.778229
387.8		0.778229
387.9		0.778229
388		0.778229
388.1		0.77981
388.2		0.77981
388.3		0.77981
388.4		0.77981
388.5		0.77981
388.6		0.77981
388.7		0.77981
388.8		0.77981
388.9		0.77981
389		0.77981
389.1		0.780301
389.2		0.780301
389.3		0.780301
389.4		0.780301
389.5		0.780301
389.6		0.780301
389.7		0.780301
389.8		0.780301
389.9		0.780301
390		0.780301
390.1		0.780465
390.2		0.780465
390.3		0.780465
390.4		0.780465
390.5		0.780465
390.6		0.780465
390.7		0.780465
390.8		0.780465
390.9		0.780465
391		0.780465
391.1		0.783818
391.2		0.783818
391.3		0.783818
391.4		0.783818
391.5		0.783818
391.6		0.783818
391.7		0.783818
391.8		0.783818
391.9		0.783818
392		0.783818
392.1		0.78788
392.2		0.78788
392.3		0.78788
392.4		0.78788
392.5		0.78788
392.6		0.78788
392.7		0.78788
392.8		0.78788
392.9		0.78788
393		0.78788
393.1		0.789324
393.2		0.789324
393.3		0.789324
393.4		0.789324
393.5		0.789324
393.6		0.789324
393.7		0.789324
393.8		0.789324
393.9		0.789324
394		0.789324
394.1		0.790497
394.2		0.790497
394.3		0.790497
394.4		0.790497
394.5		0.790497
394.6		0.790497
394.7		0.790497
394.8		0.790497
394.9		0.790497
395		0.790497
395.1		0.791996
395.2		0.791996
395.3		0.791996
395.4		0.791996
395.5		0.791996
395.6		0.791996
395.7		0.791996
395.8		0.791996
395.9		0.791996
396		0.791996
396.1		0.796113
396.2		0.796113
396.3		0.796113
396.4		0.796113
396.5		0.796113
396.6		0.796113
396.7		0.796113
396.8		0.796113
396.9		0.796113
397		0.796113
397.1		0.796385
397.2		0.796385
397.3		0.796385
397.4		0.796385
397.5		0.796385
397.6		0.796385
397.7		0.796385
397.8		0.796385
397.9		0.796385
398		0.796385
398.1		0.797148
398.2		0.797148
398.3		0.797148
398.4		0.797148
398.5		0.797148
398.6		0.797148
398.7		0.797148
398.8		0.797148
398.9		0.797148
399		0.797148
399.1		0.801783
399.2		0.801783
399.3		0.801783
399.4		0.801783
399.5		0.801783
399.6		0.801783
399.7		0.801783
399.8		0.801783
399.9		0.801783
400		0.801783
400.1		0.802955
400.2		0.802955
400.3		0.802955
400.4		0.802955
400.5		0.802955
400.6		0.802955
400.7		0.802955
400.8		0.802955
400.9		0.802955
401		0.802955
401.1		0.80669
401.2		0.80669
401.3		0.80669
401.4		0.80669
401.5		0.80669
401.6		0.80669
401.7		0.80669
401.8		0.80669
401.9		0.80669
402		0.80669
402.1		0.807126
402.2		0.807126
402.3		0.807126
402.4		0.807126
402.5		0.807126
402.6		0.807126
402.7		0.807126
402.8		0.807126
402.9		0.807126
403		0.807126
403.1		0.807235
403.2		0.807235
403.3		0.807235
403.4		0.807235
403.5		0.807235
403.6		0.807235
403.7		0.807235
403.8		0.807235
403.9		0.807235
404		0.807235
404.1		0.811488
404.2		0.811488
404.3		0.811488
404.4		0.811488
404.5		0.811488
404.6		0.811488
404.7		0.811488
404.8		0.811488
404.9		0.811488
405		0.811488
405.1		0.813342
405.2		0.813342
405.3		0.813342
405.4		0.813342
405.5		0.813342
405.6		0.813342
405.7		0.813342
405.8		0.813342
405.9		0.813342
406		0.813342
406.1		0.814323
406.2		0.814323
406.3		0.814323
406.4		0.814323
406.5		0.814323
406.6		0.814323
406.7		0.814323
406.8		0.814323
406.9		0.814323
407		0.814323
407.1		0.818003
407.2		0.818003
407.3		0.818003
407.4		0.818003
407.5		0.818003
407.6		0.818003
407.7		0.818003
407.8		0.818003
407.9		0.818003
408		0.818003
408.1		0.819039
408.2		0.819039
408.3		0.819039
408.4		0.819039
408.5		0.819039
408.6		0.819039
408.7		0.819039
408.8		0.819039
408.9		0.819039
409		0.819039
409.1		0.821357
409.2		0.821357
409.3		0.821357
409.4		0.821357
409.5		0.821357
409.6		0.821357
409.7		0.821357
409.8		0.821357
409.9		0.821357
410		0.821357
410.1		0.821765
410.2		0.821765
410.3		0.821765
410.4		0.821765
410.5		0.821765
410.6		0.821765
410.7		0.821765
410.8		0.821765
410.9		0.821765
411		0.821765
411.1		0.826782
411.2		0.826782
411.3		0.826782
411.4		0.826782
411.5		0.826782
411.6		0.826782
411.7		0.826782
411.8		0.826782
411.9		0.826782
412		0.826782
412.1		0.826972
412.2		0.826972
412.3		0.826972
412.4		0.826972
412.5		0.826972
412.6		0.826972
412.7		0.826972
412.8		0.826972
412.9		0.826972
413		0.826972
413.1		0.830871
413.2		0.830871
413.3		0.830871
413.4		0.830871
413.5		0.830871
413.6		0.830871
413.7		0.830871
413.8		0.830871
413.9		0.830871
414		0.830871
414.1		0.831034
414.2		0.831034
414.3		0.831034
414.4		0.831034
414.5		0.831034
414.6		0.831034
414.7		0.831034
414.8		0.831034
414.9		0.831034
415		0.831034
415.1		0.832724
415.2		0.832724
415.3		0.832724
415.4		0.832724
415.5		0.832724
415.6		0.832724
415.7		0.832724
415.8		0.832724
415.9		0.832724
416		0.832724
416.1		0.83436
416.2		0.83436
416.3		0.83436
416.4		0.83436
416.5		0.83436
416.6		0.83436
416.7		0.83436
416.8		0.83436
416.9		0.83436
417		0.83436
417.1		0.837168
417.2		0.837168
417.3		0.837168
417.4		0.837168
417.5		0.837168
417.6		0.837168
417.7		0.837168
417.8		0.837168
417.9		0.837168
418		0.837168
418.1		0.84243
418.2		0.84243
418.3		0.84243
418.4		0.84243
418.5		0.84243
418.6		0.84243
418.7		0.84243
418.8		0.84243
418.9		0.84243
419		0.84243
419.1		0.842593
419.2		0.842593
419.3		0.842593
419.4		0.842593
419.5		0.842593
419.6		0.842593
419.7		0.842593
419.8		0.842593
419.9		0.842593
420		0.842593
420.1		0.842893
420.2		0.842893
420.3		0.842893
420.4		0.842893
420.5		0.842893
420.6		0.842893
420.7		0.842893
420.8		0.842893
420.9		0.842893
421		0.842893
421.1		0.844774
421.2		0.844774
421.3		0.844774
421.4		0.844774
421.5		0.844774
421.6		0.844774
421.7		0.844774
421.8		0.844774
421.9		0.844774
422		0.844774
422.1		0.849272
422.2		0.849272
422.3		0.849272
422.4		0.849272
422.5		0.849272
422.6		0.849272
422.7		0.849272
422.8		0.849272
422.9		0.849272
423		0.849272
423.1		0.85148
423.2		0.85148
423.3		0.85148
423.4		0.85148
423.5		0.85148
423.6		0.85148
423.7		0.85148
423.8		0.85148
423.9		0.85148
424		0.85148
424.1		0.85317
424.2		0.85317
424.3		0.85317
424.4		0.85317
424.5		0.85317
424.6		0.85317
424.7		0.85317
424.8		0.85317
424.9		0.85317
425		0.85317
425.1		0.853661
425.2		0.853661
425.3		0.853661
425.4		0.853661
425.5		0.853661
425.6		0.853661
425.7		0.853661
425.8		0.853661
425.9		0.853661
426		0.853661
426.1		0.857505
426.2		0.857505
426.3		0.857505
426.4		0.857505
426.5		0.857505
426.6		0.857505
426.7		0.857505
426.8		0.857505
426.9		0.857505
427		0.857505
427.1		0.859522
427.2		0.859522
427.3		0.859522
427.4		0.859522
427.5		0.859522
427.6		0.859522
427.7		0.859522
427.8		0.859522
427.9		0.859522
428		0.859522
428.1		0.861758
428.2		0.861758
428.3		0.861758
428.4		0.861758
428.5		0.861758
428.6		0.861758
428.7		0.861758
428.8		0.861758
428.9		0.861758
429		0.861758
429.1		0.86293
429.2		0.86293
429.3		0.86293
429.4		0.86293
429.5		0.86293
429.6		0.86293
429.7		0.86293
429.8		0.86293
429.9		0.86293
430		0.86293
430.1		0.868519
430.2		0.868519
430.3		0.868519
430.4		0.868519
430.5		0.868519
430.6		0.868519
430.7		0.868519
430.8		0.868519
430.9		0.868519
431		0.868519
431.1		0.871027
431.2		0.871027
431.3		0.871027
431.4		0.871027
431.5		0.871027
431.6		0.871027
431.7		0.871027
431.8		0.871027
431.9		0.871027
432		0.871027
432.1		0.871545
432.2		0.871545
432.3		0.871545
432.4		0.871545
432.5		0.871545
432.6		0.871545
432.7		0.871545
432.8		0.871545
432.9		0.871545
433		0.871545
433.1		0.872172
433.2		0.872172
433.3		0.872172
433.4		0.872172
433.5		0.872172
433.6		0.872172
433.7		0.872172
433.8		0.872172
433.9		0.872172
434		0.872172
434.1		0.876424
434.2		0.876424
434.3		0.876424
434.4		0.876424
434.5		0.876424
434.6		0.876424
434.7		0.876424
434.8		0.876424
434.9		0.876424
435		0.876424
435.1		0.879069
435.2		0.879069
435.3		0.879069
435.4		0.879069
435.5		0.879069
435.6		0.879069
435.7		0.879069
435.8		0.879069
435.9		0.879069
436		0.879069
436.1		0.879396
436.2		0.879396
436.3		0.879396
436.4		0.879396
436.5		0.879396
436.6		0.879396
436.7		0.879396
436.8		0.879396
436.9		0.879396
437		0.879396
437.1		0.884139
437.2		0.884139
437.3		0.884139
437.4		0.884139
437.5		0.884139
437.6		0.884139
437.7		0.884139
437.8		0.884139
437.9		0.884139
438		0.884139
438.1		0.884957
438.2		0.884957
438.3		0.884957
438.4		0.884957
438.5		0.884957
438.6		0.884957
438.7		0.884957
438.8		0.884957
438.9		0.884957
439		0.884957
439.1		0.887084
439.2		0.887084
439.3		0.887084
439.4		0.887084
439.5		0.887084
439.6		0.887084
439.7		0.887084
439.8		0.887084
439.9		0.887084
440		0.887084
440.1		0.887929
440.2		0.887929
440.3		0.887929
440.4		0.887929
440.5		0.887929
440.6		0.887929
440.7		0.887929
440.8		0.887929
440.9		0.887929
441		0.887929
441.1		0.888038
441.2		0.888038
441.3		0.888038
441.4		0.888038
441.5		0.888038
441.6		0.888038
441.7		0.888038
441.8		0.888038
441.9		0.888038
442		0.888038
442.1		0.891854
442.2		0.891854
442.3		0.891854
442.4		0.891854
442.5		0.891854
442.6		0.891854
442.7		0.891854
442.8		0.891854
442.9		0.891854
443		0.891854
443.1		0.894689
443.2		0.894689
443.3		0.894689
443.4		0.894689
443.5		0.894689
443.6		0.894689
443.7		0.894689
443.8		0.894689
443.9		0.894689
444		0.894689
444.1		0.895398
444.2		0.895398
444.3		0.895398
444.4		0.895398
444.5		0.895398
444.6		0.895398
444.7		0.895398
444.8		0.895398
444.9		0.895398
445		0.895398
445.1		0.897252
445.2		0.897252
445.3		0.897252
445.4		0.897252
445.5		0.897252
445.6		0.897252
445.7		0.897252
445.8		0.897252
445.9		0.897252
446		0.897252
446.1		0.899569
446.2		0.899569
446.3		0.899569
446.4		0.899569
446.5		0.899569
446.6		0.899569
446.7		0.899569
446.8		0.899569
446.9		0.899569
447		0.899569
447.1		0.904231
447.2		0.904231
447.3		0.904231
447.4		0.904231
447.5		0.904231
447.6		0.904231
447.7		0.904231
447.8		0.904231
447.9		0.904231
448		0.904231
448.1		0.905076
448.2		0.905076
448.3		0.905076
448.4		0.905076
448.5		0.905076
448.6		0.905076
448.7		0.905076
448.8		0.905076
448.9		0.905076
449		0.905076
449.1		0.907775
449.2		0.907775
449.3		0.907775
449.4		0.907775
449.5		0.907775
449.6		0.907775
449.7		0.907775
449.8		0.907775
449.9		0.907775
450		0.907775
450.1		0.908647
450.2		0.908647
450.3		0.908647
450.4		0.908647
450.5		0.908647
450.6		0.908647
450.7		0.908647
450.8		0.908647
450.9		0.908647
451		0.908647
451.1		0.909056
451.2		0.909056
451.3		0.909056
451.4		0.909056
451.5		0.909056
451.6		0.909056
451.7		0.909056
451.8		0.909056
451.9		0.909056
452		0.909056
452.1		0.91609
452.2		0.91609
452.3		0.91609
452.4		0.91609
452.5		0.91609
452.6		0.91609
452.7		0.91609
452.8		0.91609
452.9		0.91609
453		0.91609
453.1		0.91628
453.2		0.91628
453.3		0.91628
453.4		0.91628
453.5		0.91628
453.6		0.91628
453.7		0.91628
453.8		0.91628
453.9		0.91628
454		0.91628
454.1		0.917344
454.2		0.917344
454.3		0.917344
454.4		0.917344
454.5		0.917344
454.6		0.917344
454.7		0.917344
454.8		0.917344
454.9		0.917344
455		0.917344
455.1		0.917425
455.2		0.917425
455.3		0.917425
455.4		0.917425
455.5		0.917425
455.6		0.917425
455.7		0.917425
455.8		0.917425
455.9		0.917425
456		0.917425
456.1		0.923014
456.2		0.923014
456.3		0.923014
456.4		0.923014
456.5		0.923014
456.6		0.923014
456.7		0.923014
456.8		0.923014
456.9		0.923014
457		0.923014
457.1		0.926722
457.2		0.926722
457.3		0.926722
457.4		0.926722
457.5		0.926722
457.6		0.926722
457.7		0.926722
457.8		0.926722
457.9		0.926722
458		0.926722
458.1		0.927076
458.2		0.927076
458.3		0.927076
458.4		0.927076
458.5		0.927076
458.6		0.927076
458.7		0.927076
458.8		0.927076
458.9		0.927076
459		0.927076
459.1		0.927757
459.2		0.927757
459.3		0.927757
459.4		0.927757
459.5		0.927757
459.6		0.927757
459.7		0.927757
459.8		0.927757
459.9		0.927757
460		0.927757
460.1		0.932719
460.2		0.932719
460.3		0.932719
460.4		0.932719
460.5		0.932719
460.6		0.932719
460.7		0.932719
460.8		0.932719
460.9		0.932719
461		0.932719
461.1		0.93321
461.2		0.93321
461.3		0.93321
461.4		0.93321
461.5		0.93321
461.6		0.93321
461.7		0.93321
461.8		0.93321
461.9		0.93321
462		0.93321
462.1		0.933673
462.2		0.933673
462.3		0.933673
462.4		0.933673
462.5		0.933673
462.6		0.933673
462.7		0.933673
462.8		0.933673
462.9		0.933673
463		0.933673
463.1		0.937817
463.2		0.937817
463.3		0.937817
463.4		0.937817
463.5		0.937817
463.6		0.937817
463.7		0.937817
463.8		0.937817
463.9		0.937817
464		0.937817
464.1		0.939153
464.2		0.939153
464.3		0.939153
464.4		0.939153
464.5		0.939153
464.6		0.939153
464.7		0.939153
464.8		0.939153
464.9		0.939153
465		0.939153
465.1		0.941906
465.2		0.941906
465.3		0.941906
465.4		0.941906
465.5		0.941906
465.6		0.941906
465.7		0.941906
465.8		0.941906
465.9		0.941906
466		0.941906
466.1		0.943378
466.2		0.943378
466.3		0.943378
466.4		0.943378
466.5		0.943378
466.6		0.943378
466.7		0.943378
466.8		0.943378
466.9		0.943378
467		0.943378
467.1		0.943869
467.2		0.943869
467.3		0.943869
467.4		0.943869
467.5		0.943869
467.6		0.943869
467.7		0.943869
467.8		0.943869
467.9		0.943869
468		0.943869
468.1		0.946322
468.2		0.946322
468.3		0.946322
468.4		0.946322
468.5		0.946322
468.6		0.946322
468.7		0.946322
468.8		0.946322
468.9		0.946322
469		0.946322
469.1		0.94943
469.2		0.94943
469.3		0.94943
469.4		0.94943
469.5		0.94943
469.6		0.94943
469.7		0.94943
469.8		0.94943
469.9		0.94943
470		0.94943
470.1		0.951884
470.2		0.951884
470.3		0.951884
470.4		0.951884
470.5		0.951884
470.6		0.951884
470.7		0.951884
470.8		0.951884
470.9		0.951884
471		0.951884
471.1		0.951993
471.2		0.951993
471.3		0.951993
471.4		0.951993
471.5		0.951993
471.6		0.951993
471.7		0.951993
471.8		0.951993
471.9		0.951993
472		0.951993
472.1		0.952756
472.2		0.952756
472.3		0.952756
472.4		0.952756
472.5		0.952756
472.6		0.952756
472.7		0.952756
472.8		0.952756
472.9		0.952756
473		0.952756
473.1		0.956246
473.2		0.956246
473.3		0.956246
473.4		0.956246
473.5		0.956246
473.6		0.956246
473.7		0.956246
473.8		0.956246
473.9		0.956246
474		0.956246
474.1		0.957854
474.2		0.957854
474.3		0.957854
474.4		0.957854
474.5		0.957854
474.6		0.957854
474.7		0.957854
474.8		0.957854
474.9		0.957854
475		0.957854
475.1		0.963661
475.2		0.963661
475.3		0.963661
475.4		0.963661
475.5		0.963661
475.6		0.963661
475.7		0.963661
475.8		0.963661
475.9		0.963661
476		0.963661
476.1		0.964342
476.2		0.964342
476.3		0.964342
476.4		0.964342
476.5		0.964342
476.6		0.964342
476.7		0.964342
476.8		0.964342
476.9		0.964342
477		0.964342
477.1		0.965596
477.2		0.965596
477.3		0.965596
477.4		0.965596
477.5		0.965596
477.6		0.965596
477.7		0.965596
477.8		0.965596
477.9		0.965596
478		0.965596
478.1		0.969086
478.2		0.969086
478.3		0.969086
478.4		0.969086
478.5		0.969086
478.6		0.969086
478.7		0.969086
478.8		0.969086
478.9		0.969086
479		0.969086
479.1		0.970803
479.2		0.970803
479.3		0.970803
479.4		0.970803
479.5		0.970803
479.6		0.970803
479.7		0.970803
479.8		0.970803
479.9		0.970803
480		0.970803
480.1		0.973066
480.2		0.973066
480.3		0.973066
480.4		0.973066
480.5		0.973066
480.6		0.973066
480.7		0.973066
480.8		0.973066
480.9		0.973066
481		0.973066
481.1		0.975519
481.2		0.975519
481.3		0.975519
481.4		0.975519
481.5		0.975519
481.6		0.975519
481.7		0.975519
481.8		0.975519
481.9		0.975519
482		0.975519
482.1		0.978136
482.2		0.978136
482.3		0.978136
482.4		0.978136
482.5		0.978136
482.6		0.978136
482.7		0.978136
482.8		0.978136
482.9		0.978136
483		0.978136
483.1		0.980781
483.2		0.980781
483.3		0.980781
483.4		0.980781
483.5		0.980781
483.6		0.980781
483.7		0.980781
483.8		0.980781
483.9		0.980781
484		0.980781
484.1		0.981953
484.2		0.981953
484.3		0.981953
484.4		0.981953
484.5		0.981953
484.6		0.981953
484.7		0.981953
484.8		0.981953
484.9		0.981953
485		0.981953
485.1		0.984052
485.2		0.984052
485.3		0.984052
485.4		0.984052
485.5		0.984052
485.6		0.984052
485.7		0.984052
485.8		0.984052
485.9		0.984052
486		0.984052
486.1		0.98716
486.2		0.98716
486.3		0.98716
486.4		0.98716
486.5		0.98716
486.6		0.98716
486.7		0.98716
486.8		0.98716
486.9		0.98716
487		0.98716
487.1		0.990295
487.2		0.990295
487.3		0.990295
487.4		0.990295
487.5		0.990295
487.6		0.990295
487.7		0.990295
487.8		0.990295
487.9		0.990295
488		0.990295
488.1		0.990649
488.2		0.990649
488.3		0.990649
488.4		0.990649
488.5		0.990649
488.6		0.990649
488.7		0.990649
488.8		0.990649
488.9		0.990649
489		0.990649
489.1		0.991522
489.2		0.991522
489.3		0.991522
489.4		0.991522
489.5		0.991522
489.6		0.991522
489.7		0.991522
489.8		0.991522
489.9		0.991522
490		0.991522
490.1		0.994848
490.2		0.994848
490.3		0.994848
490.4		0.994848
490.5		0.994848
490.6		0.994848
490.7		0.994848
490.8		0.994848
490.9		0.994848
491		0.994848
491.1		0.998119
491.2		0.998119
491.3		0.998119
491.4		0.998119
491.5		0.998119
491.6		0.998119
491.7		0.998119
491.8		0.998119
491.9		0.998119
492		0.998119
492.1		0.999509
492.2		0.999509
492.3		0.999509
492.4		0.999509
492.5		0.999509
492.6		0.999509
492.7		0.999509
492.8		0.999509
492.9		0.999509
493		0.999509
493.1		1
493.2		1
493.3		1
493.4		1
493.5		1
493.6		1
493.7		1
493.8		1
493.9		1
494		1
494.1		1
494.2		1
494.3		1
494.4		1
494.5		1
494.6		1
494.7		1
494.8		1
494.9		1
495		1
495.1		1
495.2		1
495.3		1
495.4		1
495.5		1
495.6		1
495.7		1
495.8		1
495.9		1
496		1
496.1		1
496.2		1
496.3		1
496.4		1
496.5		1
496.6		1
496.7		1
496.8		1
496.9		1
497		1
497.1		1
497.2		1
497.3		1
497.4		1
497.5		1
497.6		1
497.7		1
497.8		1
497.9		1
498		1
498.1		1
498.2		1
498.3		1
498.4		1
498.5		1
498.6		1
498.7		1
498.8		1
498.9		1
499		1
499.1		1
499.2		1
499.3		1
499.4		1
499.5		1
499.6		1
499.7		1
499.8		1
499.9		1
500		1
500.1		1
500.2		1
500.3		1
500.4		1
500.5		1
500.6		1
500.7		1
500.8		1
500.9		1
501		1
501.1		1
501.2		1
501.3		1
501.4		1
501.5		1
501.6		1
501.7		1
501.8		1
501.9		1
502		1
502.1		1
502.2		1
502.3		1
502.4		1
502.5		1
502.6		1
502.7		1
502.8		1
502.9		1
503		1
503.1		1
503.2		1
503.3		1
503.4		1
503.5		1
503.6		1
503.7		1
503.8		1
503.9		1
504		1
504.1		1
504.2		1
504.3		1
504.4		1
504.5		1
504.6		1
504.7		1
504.8		1
504.9		1
505		1
505.1		1
505.2		1
505.3		1
505.4		1
505.5		1
505.6		1
505.7		1
505.8		1
505.9		1
506		1
506.1		1
506.2		1
506.3		1
506.4		1
506.5		1
506.6		1
506.7		1
506.8		1
506.9		1
507		1
507.1		1
507.2		1
507.3		1
507.4		1
507.5		1
507.6		1
507.7		1
507.8		1
507.9		1
508		1
508.1		1
508.2		1
508.3		1
508.4		1
508.5		1
508.6		1
508.7		1
508.8		1
508.9		1
509		1
509.1		1
509.2		1
509.3		1
509.4		1
509.5		1
509.6		1
509.7		1
509.8		1
509.9		1
510		1
510.1		1
510.2		1
510.3		1
510.4		1
510.5		1
510.6		1
510.7		1
510.8		1
510.9		1
511		1
511.1		1
511.2		1
511.3		1
511.4		1
511.5		1
511.6		1
511.7		1
511.8		1
511.9		1
512		1
512.1		1
512.2		1
512.3		1
512.4		1
512.5		1
512.6		1
512.7		1
512.8		1
512.9		1
513		1
513.1		1
513.2		1
513.3		1
513.4		1
513.5		1
513.6		1
513.7		1
513.8		1
513.9		1
514		1
514.1		1
514.2		1
514.3		1
514.4		1
514.5		1
514.6		1
514.7		1
514.8		1
514.9		1
515		1
515.1		1
515.2		1
515.3		1
515.4		1
515.5		1
515.6		1
515.7		1
515.8		1
515.9		1
516		1
516.1		1
516.2		1
516.3		1
516.4		1
516.5		1
516.6		1
516.7		1
516.8		1
516.9		1
517		1
517.1		1
517.2		1
517.3		1
517.4		1
517.5		1
517.6		1
517.7		1
517.8		1
517.9		1
518		1
518.1		1
518.2		1
518.3		1
518.4		1
518.5		1
518.6		1
518.7		1
518.8		1
518.9		1
519		1
519.1		1
519.2		1
519.3		1
519.4		1
519.5		1
519.6		1
519.7		1
519.8		1
519.9		1
520		1
520.1		1
520.2		1
520.3		1
520.4		1
520.5		1
520.6		1
520.7		1
520.8		1
520.9		1
521		1
521.1		1
521.2		1
521.3		1
521.4		1
521.5		1
521.6		1
521.7		1
521.8		1
521.9		1
522		1
522.1		1
522.2		1
522.3		1
522.4		1
522.5		1
522.6		1
522.7		1
522.8		1
522.9		1
523		1
523.1		1
523.2		1
523.3		1
523.4		1
523.5		1
523.6		1
523.7		1
523.8		1
523.9		1
524		1
524.1		1
524.2		1
524.3		1
524.4		1
524.5		1
524.6		1
524.7		1
524.8		1
524.9		1
525		1
525.1		1
525.2		1
525.3		1
525.4		1
525.5		1
525.6		1
525.7		1
525.8		1
525.9		1
526		1
526.1		1
526.2		1
526.3		1
526.4		1
526.5		1
526.6		1
526.7		1
526.8		1
526.9		1
527		1
527.1		1
527.2		1
527.3		1
527.4		1
527.5		1
527.6		1
527.7		1
527.8		1
527.9		1
528		1
528.1		1
528.2		1
528.3		1
528.4		1
528.5		1
528.6		1
528.7		1
528.8		1
528.9		1
529		1
529.1		1
529.2		1
529.3		1
529.4		1
529.5		1
529.6		1
529.7		1
529.8		1
529.9		1
530		1
530.1		1
530.2		1
530.3		1
530.4		1
530.5		1
530.6		1
530.7		1
530.8		1
530.9		1
531		1
531.1		1
531.2		1
531.3		1
531.4		1
531.5		1
531.6		1
531.7		1
531.8		1
531.9		1
532		1
532.1		1
532.2		1
532.3		1
532.4		1
532.5		1
532.6		1
532.7		1
532.8		1
532.9		1
533		1
533.1		1
533.2		1
533.3		1
533.4		1
533.5		1
533.6		1
533.7		1
533.8		1
533.9		1
534		1
534.1		1
534.2		1
534.3		1
534.4		1
534.5		1
534.6		1
534.7		1
534.8		1
534.9		1
535		1
535.1		1
535.2		1
535.3		1
535.4		1
535.5		1
535.6		1
535.7		1
535.8		1
535.9		1
536		1
536.1		1
536.2		1
536.3		1
536.4		1
536.5		1
536.6		1
536.7		1
536.8		1
536.9		1
537		1
537.1		1
537.2		1
537.3		1
537.4		1
537.5		1
537.6		1
537.7		1
537.8		1
537.9		1
538		1
538.1		1
538.2		1
538.3		1
538.4		1
538.5		1
538.6		1
538.7		1
538.8		1
538.9		1
539		1
539.1		1
539.2		1
539.3		1
539.4		1
539.5		1
539.6		1
539.7		1
539.8		1
539.9		1
540		1
540.1		1
540.2		1
540.3		1
540.4		1
540.5		1
540.6		1
540.7		1
540.8		1
540.9		1
541		1
541.1		1
541.2		1
541.3		1
541.4		1
541.5		1
541.6		1
541.7		1
541.8		1
541.9		1
542		1
542.1		1
542.2		1
542.3		1
542.4		1
542.5		1
542.6		1
542.7		1
542.8		1
542.9		1
543		1
543.1		1
543.2		1
543.3		1
543.4		1
543.5		1
543.6		1
543.7		1
543.8		1
543.9		1
544		1
544.1		1
544.2		1
544.3		1
544.4		1
544.5		1
544.6		1
544.7		1
544.8		1
544.9		1
545		1
545.1		1
545.2		1
545.3		1
545.4		1
545.5		1
545.6		1
545.7		1
545.8		1
545.9		1
546		1
546.1		1
546.2		1
546.3		1
546.4		1
546.5		1
546.6		1
546.7		1
546.8		1
546.9		1
547		1
547.1		1
547.2		1
547.3		1
547.4		1
547.5		1
547.6		1
547.7		1
547.8		1
547.9		1
548		1
548.1		1
548.2		1
548.3		1
548.4		1
548.5		1
548.6		1
548.7		1
548.8		1
548.9		1
549		1
549.1		1
549.2		1
549.3		1
549.4		1
549.5		1
549.6		1
549.7		1
549.8		1
549.9		1
550		1
550.1		1
550.2		1
550.3		1
550.4		1
550.5		1
550.6		1
550.7		1
550.8		1
550.9		1
551		1
551.1		1
551.2		1
551.3		1
551.4		1
551.5		1
551.6		1
551.7		1
551.8		1
551.9		1
552		1
552.1		1
552.2		1
552.3		1
552.4		1
552.5		1
552.6		1
552.7		1
552.8		1
552.9		1
553		1
553.1		1
553.2		1
553.3		1
553.4		1
553.5		1
553.6		1
553.7		1
553.8		1
553.9		1
554		1
554.1		1
554.2		1
554.3		1
554.4		1
554.5		1
554.6		1
554.7		1
554.8		1
554.9		1
555		1
555.1		1
555.2		1
555.3		1
555.4		1
555.5		1
555.6		1
555.7		1
555.8		1
555.9		1
556		1
556.1		1
556.2		1
556.3		1
556.4		1
556.5		1
556.6		1
556.7		1
556.8		1
556.9		1
557		1
557.1		1
557.2		1
557.3		1
557.4		1
557.5		1
557.6		1
557.7		1
557.8		1
557.9		1
558		1
558.1		1
558.2		1
558.3		1
558.4		1
558.5		1
558.6		1
558.7		1
558.8		1
558.9		1
559		1
559.1		1
559.2		1
559.3		1
559.4		1
559.5		1
559.6		1
559.7		1
559.8		1
559.9		1
560		1
560.1		1
560.2		1
560.3		1
560.4		1
560.5		1
560.6		1
560.7		1
560.8		1
560.9		1
561		1
561.1		1
561.2		1
561.3		1
561.4		1
561.5		1
561.6		1
561.7		1
561.8		1
561.9		1
562		1
562.1		1
562.2		1
562.3		1
562.4		1
562.5		1
562.6		1
562.7		1
562.8		1
562.9		1
563		1
563.1		1
563.2		1
563.3		1
563.4		1
563.5		1
563.6		1
563.7		1
563.8		1
563.9		1
564		1
564.1		1
564.2		1
564.3		1
564.4		1
564.5		1
564.6		1
564.7		1
564.8		1
564.9		1
565		1
565.1		1
565.2		1
565.3		1
565.4		1
565.5		1
565.6		1
565.7		1
565.8		1
565.9		1
566		1
566.1		1
566.2		1
566.3		1
566.4		1
566.5		1
566.6		1
566.7		1
566.8		1
566.9		1
567		1
567.1		1
567.2		1
567.3		1
567.4		1
567.5		1
567.6		1
567.7		1
567.8		1
567.9		1
568		1
568.1		1
568.2		1
568.3		1
568.4		1
568.5		1
568.6		1
568.7		1
568.8		1
568.9		1
569		1
569.1		1
569.2		1
569.3		1
569.4		1
569.5		1
569.6		1
569.7		1
569.8		1
569.9		1
570		1
570.1		1
570.2		1
570.3		1
570.4		1
570.5		1
570.6		1
570.7		1
570.8		1
570.9		1
571		1
571.1		1
571.2		1
571.3		1
571.4		1
571.5		1
571.6		1
571.7		1
571.8		1
571.9		1
572		1
572.1		1
572.2		1
572.3		1
572.4		1
572.5		1
572.6		1
572.7		1
572.8		1
572.9		1
573		1
573.1		1
573.2		1
573.3		1
573.4		1
573.5		1
573.6		1
573.7		1
573.8		1
573.9		1
574		1
574.1		1
574.2		1
574.3		1
574.4		1
574.5		1
574.6		1
574.7		1
574.8		1
574.9		1
575		1
575.1		1
575.2		1
575.3		1
575.4		1
575.5		1
575.6		1
575.7		1
575.8		1
575.9		1
576		1
576.1		1
576.2		1
576.3		1
576.4		1
576.5		1
576.6		1
576.7		1
576.8		1
576.9		1
577		1
577.1		1
577.2		1
577.3		1
577.4		1
577.5		1
577.6		1
577.7		1
577.8		1
577.9		1
578		1
578.1		1
578.2		1
578.3		1
578.4		1
578.5		1
578.6		1
578.7		1
578.8		1
578.9		1
579		1
579.1		1
579.2		1
579.3		1
579.4		1
579.5		1
579.6		1
579.7		1
579.8		1
579.9		1
580		1
580.1		1
580.2		1
580.3		1
580.4		1
580.5		1
580.6		1
580.7		1
580.8		1
580.9		1
581		1
581.1		1
581.2		1
581.3		1
581.4		1
581.5		1
581.6		1
581.7		1
581.8		1
581.9		1
582		1
582.1		1
582.2		1
582.3		1
582.4		1
582.5		1
582.6		1
582.7		1
582.8		1
582.9		1
583		1
583.1		1
583.2		1
583.3		1
583.4		1
583.5		1
583.6		1
583.7		1
583.8		1
583.9		1
584		1
584.1		1
584.2		1
584.3		1
584.4		1
584.5		1
584.6		1
584.7		1
584.8		1
584.9		1
585		1
585.1		1
585.2		1
585.3		1
585.4		1
585.5		1
585.6		1
585.7		1
585.8		1
585.9		1
586		1
586.1		1
586.2		1
586.3		1
586.4		1
586.5		1
586.6		1
586.7		1
586.8		1
586.9		1
587		1
587.1		1
587.2		1
587.3		1
587.4		1
587.5		1
587.6		1
587.7		1
587.8		1
587.9		1
588		1
588.1		1
588.2		1
588.3		1
588.4		1
588.5		1
588.6		1
588.7		1
588.8		1
588.9		1
589		1
589.1		1
589.2		1
589.3		1
589.4		1
589.5		1
589.6		1
589.7		1
589.8		1
589.9		1
590		1
590.1		1
590.2		1
590.3		1
590.4		1
590.5		1
590.6		1
590.7		1
590.8		1
590.9		1
591		1
591.1		1
591.2		1
591.3		1
591.4		1
591.5		1
591.6		1
591.7		1
591.8		1
591.9		1
592		1
592.1		1
592.2		1
592.3		1
592.4		1
592.5		1
592.6		1
592.7		1
592.8		1
592.9		1
593		1
593.1		1
593.2		1
593.3		1
593.4		1
593.5		1
593.6		1
593.7		1
593.8		1
593.9		1
594		1
594.1		1
594.2		1
594.3		1
594.4		1
594.5		1
594.6		1
594.7		1
594.8		1
594.9		1
595		1
595.1		1
595.2		1
595.3		1
595.4		1
595.5		1
595.6		1
595.7		1
595.8		1
595.9		1
596		1
596.1		1
596.2		1
596.3		1
596.4		1
596.5		1
596.6		1
596.7		1
596.8		1
596.9		1
597		1
597.1		1
597.2		1
597.3		1
597.4		1
597.5		1
597.6		1
597.7		1
597.8		1
597.9		1
598		1
598.1		1
598.2		1
598.3		1
598.4		1
598.5		1
598.6		1
598.7		1
598.8		1
598.9		1
599		1
599.1		1
599.2		1
599.3		1
599.4		1
599.5		1
599.6		1
599.7		1
599.8		1
599.9		1
600		1
