# Calibration file of tamex_id 1 @ channel 21
# fine_T bin		 Calibration value
0.1		0
0.2		0
0.3		0
0.4		0
0.5		0
0.6		0
0.7		0
0.8		0
0.9		0
1		0
1.1		0
1.2		0
1.3		0
1.4		0
1.5		0
1.6		0
1.7		0
1.8		0
1.9		0
2		0
2.1		0
2.2		0
2.3		0
2.4		0
2.5		0
2.6		0
2.7		0
2.8		0
2.9		0
3		0
3.1		0
3.2		0
3.3		0
3.4		0
3.5		0
3.6		0
3.7		0
3.8		0
3.9		0
4		0
4.1		0
4.2		0
4.3		0
4.4		0
4.5		0
4.6		0
4.7		0
4.8		0
4.9		0
5		0
5.1		0
5.2		0
5.3		0
5.4		0
5.5		0
5.6		0
5.7		0
5.8		0
5.9		0
6		0
6.1		0
6.2		0
6.3		0
6.4		0
6.5		0
6.6		0
6.7		0
6.8		0
6.9		0
7		0
7.1		0
7.2		0
7.3		0
7.4		0
7.5		0
7.6		0
7.7		0
7.8		0
7.9		0
8		0
8.1		0
8.2		0
8.3		0
8.4		0
8.5		0
8.6		0
8.7		0
8.8		0
8.9		0
9		0
9.1		0
9.2		0
9.3		0
9.4		0
9.5		0
9.6		0
9.7		0
9.8		0
9.9		0
10		0
10.1		0
10.2		0
10.3		0
10.4		0
10.5		0
10.6		0
10.7		0
10.8		0
10.9		0
11		0
11.1		0
11.2		0
11.3		0
11.4		0
11.5		0
11.6		0
11.7		0
11.8		0
11.9		0
12		0
12.1		0
12.2		0
12.3		0
12.4		0
12.5		0
12.6		0
12.7		0
12.8		0
12.9		0
13		0
13.1		0
13.2		0
13.3		0
13.4		0
13.5		0
13.6		0
13.7		0
13.8		0
13.9		0
14		0
14.1		0
14.2		0
14.3		0
14.4		0
14.5		0
14.6		0
14.7		0
14.8		0
14.9		0
15		0
15.1		0
15.2		0
15.3		0
15.4		0
15.5		0
15.6		0
15.7		0
15.8		0
15.9		0
16		0
16.1		0.00137406
16.2		0.00137406
16.3		0.00137406
16.4		0.00137406
16.5		0.00137406
16.6		0.00137406
16.7		0.00137406
16.8		0.00137406
16.9		0.00137406
17		0.00137406
17.1		0.00628898
17.2		0.00628898
17.3		0.00628898
17.4		0.00628898
17.5		0.00628898
17.6		0.00628898
17.7		0.00628898
17.8		0.00628898
17.9		0.00628898
18		0.00628898
18.1		0.00829722
18.2		0.00829722
18.3		0.00829722
18.4		0.00829722
18.5		0.00829722
18.6		0.00829722
18.7		0.00829722
18.8		0.00829722
18.9		0.00829722
19		0.00829722
19.1		0.00919565
19.2		0.00919565
19.3		0.00919565
19.4		0.00919565
19.5		0.00919565
19.6		0.00919565
19.7		0.00919565
19.8		0.00919565
19.9		0.00919565
20		0.00919565
20.1		0.016753
20.2		0.016753
20.3		0.016753
20.4		0.016753
20.5		0.016753
20.6		0.016753
20.7		0.016753
20.8		0.016753
20.9		0.016753
21		0.016753
21.1		0.0176514
21.2		0.0176514
21.3		0.0176514
21.4		0.0176514
21.5		0.0176514
21.6		0.0176514
21.7		0.0176514
21.8		0.0176514
21.9		0.0176514
22		0.0176514
22.1		0.0192369
22.2		0.0192369
22.3		0.0192369
22.4		0.0192369
22.5		0.0192369
22.6		0.0192369
22.7		0.0192369
22.8		0.0192369
22.9		0.0192369
23		0.0192369
23.1		0.020241
23.2		0.020241
23.3		0.020241
23.4		0.020241
23.5		0.020241
23.6		0.020241
23.7		0.020241
23.8		0.020241
23.9		0.020241
24		0.020241
24.1		0.0248388
24.2		0.0248388
24.3		0.0248388
24.4		0.0248388
24.5		0.0248388
24.6		0.0248388
24.7		0.0248388
24.8		0.0248388
24.9		0.0248388
25		0.0248388
25.1		0.025473
25.2		0.025473
25.3		0.025473
25.4		0.025473
25.5		0.025473
25.6		0.025473
25.7		0.025473
25.8		0.025473
25.9		0.025473
26		0.025473
26.1		0.0285911
26.2		0.0285911
26.3		0.0285911
26.4		0.0285911
26.5		0.0285911
26.6		0.0285911
26.7		0.0285911
26.8		0.0285911
26.9		0.0285911
27		0.0285911
27.1		0.0298066
27.2		0.0298066
27.3		0.0298066
27.4		0.0298066
27.5		0.0298066
27.6		0.0298066
27.7		0.0298066
27.8		0.0298066
27.9		0.0298066
28		0.0298066
28.1		0.0314977
28.2		0.0314977
28.3		0.0314977
28.4		0.0314977
28.5		0.0314977
28.6		0.0314977
28.7		0.0314977
28.8		0.0314977
28.9		0.0314977
29		0.0314977
29.1		0.0328718
29.2		0.0328718
29.3		0.0328718
29.4		0.0328718
29.5		0.0328718
29.6		0.0328718
29.7		0.0328718
29.8		0.0328718
29.9		0.0328718
30		0.0328718
30.1		0.0347743
30.2		0.0347743
30.3		0.0347743
30.4		0.0347743
30.5		0.0347743
30.6		0.0347743
30.7		0.0347743
30.8		0.0347743
30.9		0.0347743
31		0.0347743
31.1		0.0351443
31.2		0.0351443
31.3		0.0351443
31.4		0.0351443
31.5		0.0351443
31.6		0.0351443
31.7		0.0351443
31.8		0.0351443
31.9		0.0351443
32		0.0351443
32.1		0.0401649
32.2		0.0401649
32.3		0.0401649
32.4		0.0401649
32.5		0.0401649
32.6		0.0401649
32.7		0.0401649
32.8		0.0401649
32.9		0.0401649
33		0.0401649
33.1		0.0418032
33.2		0.0418032
33.3		0.0418032
33.4		0.0418032
33.5		0.0418032
33.6		0.0418032
33.7		0.0418032
33.8		0.0418032
33.9		0.0418032
34		0.0418032
34.1		0.0425959
34.2		0.0425959
34.3		0.0425959
34.4		0.0425959
34.5		0.0425959
34.6		0.0425959
34.7		0.0425959
34.8		0.0425959
34.9		0.0425959
35		0.0425959
35.1		0.0443928
35.2		0.0443928
35.3		0.0443928
35.4		0.0443928
35.5		0.0443928
35.6		0.0443928
35.7		0.0443928
35.8		0.0443928
35.9		0.0443928
36		0.0443928
36.1		0.047458
36.2		0.047458
36.3		0.047458
36.4		0.047458
36.5		0.047458
36.6		0.047458
36.7		0.047458
36.8		0.047458
36.9		0.047458
37		0.047458
37.1		0.0490434
37.2		0.0490434
37.3		0.0490434
37.4		0.0490434
37.5		0.0490434
37.6		0.0490434
37.7		0.0490434
37.8		0.0490434
37.9		0.0490434
38		0.0490434
38.1		0.0493605
38.2		0.0493605
38.3		0.0493605
38.4		0.0493605
38.5		0.0493605
38.6		0.0493605
38.7		0.0493605
38.8		0.0493605
38.9		0.0493605
39		0.0493605
39.1		0.0508403
39.2		0.0508403
39.3		0.0508403
39.4		0.0508403
39.5		0.0508403
39.6		0.0508403
39.7		0.0508403
39.8		0.0508403
39.9		0.0508403
40		0.0508403
40.1		0.055491
40.2		0.055491
40.3		0.055491
40.4		0.055491
40.5		0.055491
40.6		0.055491
40.7		0.055491
40.8		0.055491
40.9		0.055491
41		0.055491
41.1		0.0565479
41.2		0.0565479
41.3		0.0565479
41.4		0.0565479
41.5		0.0565479
41.6		0.0565479
41.7		0.0565479
41.8		0.0565479
41.9		0.0565479
42		0.0565479
42.1		0.0580277
42.2		0.0580277
42.3		0.0580277
42.4		0.0580277
42.5		0.0580277
42.6		0.0580277
42.7		0.0580277
42.8		0.0580277
42.9		0.0580277
43		0.0580277
43.1		0.0582919
43.2		0.0582919
43.3		0.0582919
43.4		0.0582919
43.5		0.0582919
43.6		0.0582919
43.7		0.0582919
43.8		0.0582919
43.9		0.0582919
44		0.0582919
44.1		0.0593489
44.2		0.0593489
44.3		0.0593489
44.4		0.0593489
44.5		0.0593489
44.6		0.0593489
44.7		0.0593489
44.8		0.0593489
44.9		0.0593489
45		0.0593489
45.1		0.0651094
45.2		0.0651094
45.3		0.0651094
45.4		0.0651094
45.5		0.0651094
45.6		0.0651094
45.7		0.0651094
45.8		0.0651094
45.9		0.0651094
46		0.0651094
46.1		0.067329
46.2		0.067329
46.3		0.067329
46.4		0.067329
46.5		0.067329
46.6		0.067329
46.7		0.067329
46.8		0.067329
46.9		0.067329
47		0.067329
47.1		0.0682275
47.2		0.0682275
47.3		0.0682275
47.4		0.0682275
47.5		0.0682275
47.6		0.0682275
47.7		0.0682275
47.8		0.0682275
47.9		0.0682275
48		0.0682275
48.1		0.0687559
48.2		0.0687559
48.3		0.0687559
48.4		0.0687559
48.5		0.0687559
48.6		0.0687559
48.7		0.0687559
48.8		0.0687559
48.9		0.0687559
49		0.0687559
49.1		0.0689145
49.2		0.0689145
49.3		0.0689145
49.4		0.0689145
49.5		0.0689145
49.6		0.0689145
49.7		0.0689145
49.8		0.0689145
49.9		0.0689145
50		0.0689145
50.1		0.0771589
50.2		0.0771589
50.3		0.0771589
50.4		0.0771589
50.5		0.0771589
50.6		0.0771589
50.7		0.0771589
50.8		0.0771589
50.9		0.0771589
51		0.0771589
51.1		0.0772646
51.2		0.0772646
51.3		0.0772646
51.4		0.0772646
51.5		0.0772646
51.6		0.0772646
51.7		0.0772646
51.8		0.0772646
51.9		0.0772646
52		0.0772646
52.1		0.0795899
52.2		0.0795899
52.3		0.0795899
52.4		0.0795899
52.5		0.0795899
52.6		0.0795899
52.7		0.0795899
52.8		0.0795899
52.9		0.0795899
53		0.0795899
53.1		0.0804355
53.2		0.0804355
53.3		0.0804355
53.4		0.0804355
53.5		0.0804355
53.6		0.0804355
53.7		0.0804355
53.8		0.0804355
53.9		0.0804355
54		0.0804355
54.1		0.084452
54.2		0.084452
54.3		0.084452
54.4		0.084452
54.5		0.084452
54.6		0.084452
54.7		0.084452
54.8		0.084452
54.9		0.084452
55		0.084452
55.1		0.0858789
55.2		0.0858789
55.3		0.0858789
55.4		0.0858789
55.5		0.0858789
55.6		0.0858789
55.7		0.0858789
55.8		0.0858789
55.9		0.0858789
56		0.0858789
56.1		0.0863545
56.2		0.0863545
56.3		0.0863545
56.4		0.0863545
56.5		0.0863545
56.6		0.0863545
56.7		0.0863545
56.8		0.0863545
56.9		0.0863545
57		0.0863545
57.1		0.0866716
57.2		0.0866716
57.3		0.0866716
57.4		0.0866716
57.5		0.0866716
57.6		0.0866716
57.7		0.0866716
57.8		0.0866716
57.9		0.0866716
58		0.0866716
58.1		0.0925378
58.2		0.0925378
58.3		0.0925378
58.4		0.0925378
58.5		0.0925378
58.6		0.0925378
58.7		0.0925378
58.8		0.0925378
58.9		0.0925378
59		0.0925378
59.1		0.0926435
59.2		0.0926435
59.3		0.0926435
59.4		0.0926435
59.5		0.0926435
59.6		0.0926435
59.7		0.0926435
59.8		0.0926435
59.9		0.0926435
60		0.0926435
60.1		0.0932777
60.2		0.0932777
60.3		0.0932777
60.4		0.0932777
60.5		0.0932777
60.6		0.0932777
60.7		0.0932777
60.8		0.0932777
60.9		0.0932777
61		0.0932777
61.1		0.0973999
61.2		0.0973999
61.3		0.0973999
61.4		0.0973999
61.5		0.0973999
61.6		0.0973999
61.7		0.0973999
61.8		0.0973999
61.9		0.0973999
62		0.0973999
62.1		0.099091
62.2		0.099091
62.3		0.099091
62.4		0.099091
62.5		0.099091
62.6		0.099091
62.7		0.099091
62.8		0.099091
62.9		0.099091
63		0.099091
63.1		0.102473
63.2		0.102473
63.3		0.102473
63.4		0.102473
63.5		0.102473
63.6		0.102473
63.7		0.102473
63.8		0.102473
63.9		0.102473
64		0.102473
64.1		0.105063
64.2		0.105063
64.3		0.105063
64.4		0.105063
64.5		0.105063
64.6		0.105063
64.7		0.105063
64.8		0.105063
64.9		0.105063
65		0.105063
65.1		0.106173
65.2		0.106173
65.3		0.106173
65.4		0.106173
65.5		0.106173
65.6		0.106173
65.7		0.106173
65.8		0.106173
65.9		0.106173
66		0.106173
66.1		0.107177
66.2		0.107177
66.3		0.107177
66.4		0.107177
66.5		0.107177
66.6		0.107177
66.7		0.107177
66.8		0.107177
66.9		0.107177
67		0.107177
67.1		0.108551
67.2		0.108551
67.3		0.108551
67.4		0.108551
67.5		0.108551
67.6		0.108551
67.7		0.108551
67.8		0.108551
67.9		0.108551
68		0.108551
68.1		0.109449
68.2		0.109449
68.3		0.109449
68.4		0.109449
68.5		0.109449
68.6		0.109449
68.7		0.109449
68.8		0.109449
68.9		0.109449
69		0.109449
69.1		0.116161
69.2		0.116161
69.3		0.116161
69.4		0.116161
69.5		0.116161
69.6		0.116161
69.7		0.116161
69.8		0.116161
69.9		0.116161
70		0.116161
70.1		0.116584
70.2		0.116584
70.3		0.116584
70.4		0.116584
70.5		0.116584
70.6		0.116584
70.7		0.116584
70.8		0.116584
70.9		0.116584
71		0.116584
71.1		0.118486
71.2		0.118486
71.3		0.118486
71.4		0.118486
71.5		0.118486
71.6		0.118486
71.7		0.118486
71.8		0.118486
71.9		0.118486
72		0.118486
72.1		0.12023
72.2		0.12023
72.3		0.12023
72.4		0.12023
72.5		0.12023
72.6		0.12023
72.7		0.12023
72.8		0.12023
72.9		0.12023
73		0.12023
73.1		0.120442
73.2		0.120442
73.3		0.120442
73.4		0.120442
73.5		0.120442
73.6		0.120442
73.7		0.120442
73.8		0.120442
73.9		0.120442
74		0.120442
74.1		0.122873
74.2		0.122873
74.3		0.122873
74.4		0.122873
74.5		0.122873
74.6		0.122873
74.7		0.122873
74.8		0.122873
74.9		0.122873
75		0.122873
75.1		0.125621
75.2		0.125621
75.3		0.125621
75.4		0.125621
75.5		0.125621
75.6		0.125621
75.7		0.125621
75.8		0.125621
75.9		0.125621
76		0.125621
76.1		0.127524
76.2		0.127524
76.3		0.127524
76.4		0.127524
76.5		0.127524
76.6		0.127524
76.7		0.127524
76.8		0.127524
76.9		0.127524
77		0.127524
77.1		0.130694
77.2		0.130694
77.3		0.130694
77.4		0.130694
77.5		0.130694
77.6		0.130694
77.7		0.130694
77.8		0.130694
77.9		0.130694
78		0.130694
78.1		0.130853
78.2		0.130853
78.3		0.130853
78.4		0.130853
78.5		0.130853
78.6		0.130853
78.7		0.130853
78.8		0.130853
78.9		0.130853
79		0.130853
79.1		0.130959
79.2		0.130959
79.3		0.130959
79.4		0.130959
79.5		0.130959
79.6		0.130959
79.7		0.130959
79.8		0.130959
79.9		0.130959
80		0.130959
80.1		0.134922
80.2		0.134922
80.3		0.134922
80.4		0.134922
80.5		0.134922
80.6		0.134922
80.7		0.134922
80.8		0.134922
80.9		0.134922
81		0.134922
81.1		0.137829
81.2		0.137829
81.3		0.137829
81.4		0.137829
81.5		0.137829
81.6		0.137829
81.7		0.137829
81.8		0.137829
81.9		0.137829
82		0.137829
82.1		0.138357
82.2		0.138357
82.3		0.138357
82.4		0.138357
82.5		0.138357
82.6		0.138357
82.7		0.138357
82.8		0.138357
82.9		0.138357
83		0.138357
83.1		0.139784
83.2		0.139784
83.3		0.139784
83.4		0.139784
83.5		0.139784
83.6		0.139784
83.7		0.139784
83.8		0.139784
83.9		0.139784
84		0.139784
84.1		0.141634
84.2		0.141634
84.3		0.141634
84.4		0.141634
84.5		0.141634
84.6		0.141634
84.7		0.141634
84.8		0.141634
84.9		0.141634
85		0.141634
85.1		0.142585
85.2		0.142585
85.3		0.142585
85.4		0.142585
85.5		0.142585
85.6		0.142585
85.7		0.142585
85.8		0.142585
85.9		0.142585
86		0.142585
86.1		0.142744
86.2		0.142744
86.3		0.142744
86.4		0.142744
86.5		0.142744
86.6		0.142744
86.7		0.142744
86.8		0.142744
86.9		0.142744
87		0.142744
87.1		0.145968
87.2		0.145968
87.3		0.145968
87.4		0.145968
87.5		0.145968
87.6		0.145968
87.7		0.145968
87.8		0.145968
87.9		0.145968
88		0.145968
88.1		0.148927
88.2		0.148927
88.3		0.148927
88.4		0.148927
88.5		0.148927
88.6		0.148927
88.7		0.148927
88.8		0.148927
88.9		0.148927
89		0.148927
89.1		0.149191
89.2		0.149191
89.3		0.149191
89.4		0.149191
89.5		0.149191
89.6		0.149191
89.7		0.149191
89.8		0.149191
89.9		0.149191
90		0.149191
90.1		0.150143
90.2		0.150143
90.3		0.150143
90.4		0.150143
90.5		0.150143
90.6		0.150143
90.7		0.150143
90.8		0.150143
90.9		0.150143
91		0.150143
91.1		0.153155
91.2		0.153155
91.3		0.153155
91.4		0.153155
91.5		0.153155
91.6		0.153155
91.7		0.153155
91.8		0.153155
91.9		0.153155
92		0.153155
92.1		0.15659
92.2		0.15659
92.3		0.15659
92.4		0.15659
92.5		0.15659
92.6		0.15659
92.7		0.15659
92.8		0.15659
92.9		0.15659
93		0.15659
93.1		0.15807
93.2		0.15807
93.3		0.15807
93.4		0.15807
93.5		0.15807
93.6		0.15807
93.7		0.15807
93.8		0.15807
93.9		0.15807
94		0.15807
94.1		0.159391
94.2		0.159391
94.3		0.159391
94.4		0.159391
94.5		0.159391
94.6		0.159391
94.7		0.159391
94.8		0.159391
94.9		0.159391
95		0.159391
95.1		0.160607
95.2		0.160607
95.3		0.160607
95.4		0.160607
95.5		0.160607
95.6		0.160607
95.7		0.160607
95.8		0.160607
95.9		0.160607
96		0.160607
96.1		0.164517
96.2		0.164517
96.3		0.164517
96.4		0.164517
96.5		0.164517
96.6		0.164517
96.7		0.164517
96.8		0.164517
96.9		0.164517
97		0.164517
97.1		0.166579
97.2		0.166579
97.3		0.166579
97.4		0.166579
97.5		0.166579
97.6		0.166579
97.7		0.166579
97.8		0.166579
97.9		0.166579
98		0.166579
98.1		0.166737
98.2		0.166737
98.3		0.166737
98.4		0.166737
98.5		0.166737
98.6		0.166737
98.7		0.166737
98.8		0.166737
98.9		0.166737
99		0.166737
99.1		0.168111
99.2		0.168111
99.3		0.168111
99.4		0.168111
99.5		0.168111
99.6		0.168111
99.7		0.168111
99.8		0.168111
99.9		0.168111
100		0.168111
100.1		0.171229
100.2		0.171229
100.3		0.171229
100.4		0.171229
100.5		0.171229
100.6		0.171229
100.7		0.171229
100.8		0.171229
100.9		0.171229
101		0.171229
101.1		0.173713
101.2		0.173713
101.3		0.173713
101.4		0.173713
101.5		0.173713
101.6		0.173713
101.7		0.173713
101.8		0.173713
101.9		0.173713
102		0.173713
102.1		0.174242
102.2		0.174242
102.3		0.174242
102.4		0.174242
102.5		0.174242
102.6		0.174242
102.7		0.174242
102.8		0.174242
102.9		0.174242
103		0.174242
103.1		0.176726
103.2		0.176726
103.3		0.176726
103.4		0.176726
103.5		0.176726
103.6		0.176726
103.7		0.176726
103.8		0.176726
103.9		0.176726
104		0.176726
104.1		0.17773
104.2		0.17773
104.3		0.17773
104.4		0.17773
104.5		0.17773
104.6		0.17773
104.7		0.17773
104.8		0.17773
104.9		0.17773
105		0.17773
105.1		0.181429
105.2		0.181429
105.3		0.181429
105.4		0.181429
105.5		0.181429
105.6		0.181429
105.7		0.181429
105.8		0.181429
105.9		0.181429
106		0.181429
106.1		0.184283
106.2		0.184283
106.3		0.184283
106.4		0.184283
106.5		0.184283
106.6		0.184283
106.7		0.184283
106.8		0.184283
106.9		0.184283
107		0.184283
107.1		0.184547
107.2		0.184547
107.3		0.184547
107.4		0.184547
107.5		0.184547
107.6		0.184547
107.7		0.184547
107.8		0.184547
107.9		0.184547
108		0.184547
108.1		0.185234
108.2		0.185234
108.3		0.185234
108.4		0.185234
108.5		0.185234
108.6		0.185234
108.7		0.185234
108.8		0.185234
108.9		0.185234
109		0.185234
109.1		0.188088
109.2		0.188088
109.3		0.188088
109.4		0.188088
109.5		0.188088
109.6		0.188088
109.7		0.188088
109.8		0.188088
109.9		0.188088
110		0.188088
110.1		0.193373
110.2		0.193373
110.3		0.193373
110.4		0.193373
110.5		0.193373
110.6		0.193373
110.7		0.193373
110.8		0.193373
110.9		0.193373
111		0.193373
111.1		0.194324
111.2		0.194324
111.3		0.194324
111.4		0.194324
111.5		0.194324
111.6		0.194324
111.7		0.194324
111.8		0.194324
111.9		0.194324
112		0.194324
112.1		0.195487
112.2		0.195487
112.3		0.195487
112.4		0.195487
112.5		0.195487
112.6		0.195487
112.7		0.195487
112.8		0.195487
112.9		0.195487
113		0.195487
113.1		0.19591
113.2		0.19591
113.3		0.19591
113.4		0.19591
113.5		0.19591
113.6		0.19591
113.7		0.19591
113.8		0.19591
113.9		0.19591
114		0.19591
114.1		0.200402
114.2		0.200402
114.3		0.200402
114.4		0.200402
114.5		0.200402
114.6		0.200402
114.7		0.200402
114.8		0.200402
114.9		0.200402
115		0.200402
115.1		0.205105
115.2		0.205105
115.3		0.205105
115.4		0.205105
115.5		0.205105
115.6		0.205105
115.7		0.205105
115.8		0.205105
115.9		0.205105
116		0.205105
116.1		0.205369
116.2		0.205369
116.3		0.205369
116.4		0.205369
116.5		0.205369
116.6		0.205369
116.7		0.205369
116.8		0.205369
116.9		0.205369
117		0.205369
117.1		0.208276
117.2		0.208276
117.3		0.208276
117.4		0.208276
117.5		0.208276
117.6		0.208276
117.7		0.208276
117.8		0.208276
117.9		0.208276
118		0.208276
118.1		0.208752
118.2		0.208752
118.3		0.208752
118.4		0.208752
118.5		0.208752
118.6		0.208752
118.7		0.208752
118.8		0.208752
118.9		0.208752
119		0.208752
119.1		0.210496
119.2		0.210496
119.3		0.210496
119.4		0.210496
119.5		0.210496
119.6		0.210496
119.7		0.210496
119.8		0.210496
119.9		0.210496
120		0.210496
120.1		0.210496
120.2		0.210496
120.3		0.210496
120.4		0.210496
120.5		0.210496
120.6		0.210496
120.7		0.210496
120.8		0.210496
120.9		0.210496
121		0.210496
121.1		0.214037
121.2		0.214037
121.3		0.214037
121.4		0.214037
121.5		0.214037
121.6		0.214037
121.7		0.214037
121.8		0.214037
121.9		0.214037
122		0.214037
122.1		0.217419
122.2		0.217419
122.3		0.217419
122.4		0.217419
122.5		0.217419
122.6		0.217419
122.7		0.217419
122.8		0.217419
122.9		0.217419
123		0.217419
123.1		0.218264
123.2		0.218264
123.3		0.218264
123.4		0.218264
123.5		0.218264
123.6		0.218264
123.7		0.218264
123.8		0.218264
123.9		0.218264
124		0.218264
124.1		0.220484
124.2		0.220484
124.3		0.220484
124.4		0.220484
124.5		0.220484
124.6		0.220484
124.7		0.220484
124.8		0.220484
124.9		0.220484
125		0.220484
125.1		0.220695
125.2		0.220695
125.3		0.220695
125.4		0.220695
125.5		0.220695
125.6		0.220695
125.7		0.220695
125.8		0.220695
125.9		0.220695
126		0.220695
126.1		0.227671
126.2		0.227671
126.3		0.227671
126.4		0.227671
126.5		0.227671
126.6		0.227671
126.7		0.227671
126.8		0.227671
126.9		0.227671
127		0.227671
127.1		0.22857
127.2		0.22857
127.3		0.22857
127.4		0.22857
127.5		0.22857
127.6		0.22857
127.7		0.22857
127.8		0.22857
127.9		0.22857
128		0.22857
128.1		0.229046
128.2		0.229046
128.3		0.229046
128.4		0.229046
128.5		0.229046
128.6		0.229046
128.7		0.229046
128.8		0.229046
128.9		0.229046
129		0.229046
129.1		0.232745
129.2		0.232745
129.3		0.232745
129.4		0.232745
129.5		0.232745
129.6		0.232745
129.7		0.232745
129.8		0.232745
129.9		0.232745
130		0.232745
130.1		0.234383
130.2		0.234383
130.3		0.234383
130.4		0.234383
130.5		0.234383
130.6		0.234383
130.7		0.234383
130.8		0.234383
130.9		0.234383
131		0.234383
131.1		0.239192
131.2		0.239192
131.3		0.239192
131.4		0.239192
131.5		0.239192
131.6		0.239192
131.7		0.239192
131.8		0.239192
131.9		0.239192
132		0.239192
132.1		0.240249
132.2		0.240249
132.3		0.240249
132.4		0.240249
132.5		0.240249
132.6		0.240249
132.7		0.240249
132.8		0.240249
132.9		0.240249
133		0.240249
133.1		0.240831
133.2		0.240831
133.3		0.240831
133.4		0.240831
133.5		0.240831
133.6		0.240831
133.7		0.240831
133.8		0.240831
133.9		0.240831
134		0.240831
134.1		0.245006
134.2		0.245006
134.3		0.245006
134.4		0.245006
134.5		0.245006
134.6		0.245006
134.7		0.245006
134.8		0.245006
134.9		0.245006
135		0.245006
135.1		0.246538
135.2		0.246538
135.3		0.246538
135.4		0.246538
135.5		0.246538
135.6		0.246538
135.7		0.246538
135.8		0.246538
135.9		0.246538
136		0.246538
136.1		0.248758
136.2		0.248758
136.3		0.248758
136.4		0.248758
136.5		0.248758
136.6		0.248758
136.7		0.248758
136.8		0.248758
136.9		0.248758
137		0.248758
137.1		0.251083
137.2		0.251083
137.3		0.251083
137.4		0.251083
137.5		0.251083
137.6		0.251083
137.7		0.251083
137.8		0.251083
137.9		0.251083
138		0.251083
138.1		0.252933
138.2		0.252933
138.3		0.252933
138.4		0.252933
138.5		0.252933
138.6		0.252933
138.7		0.252933
138.8		0.252933
138.9		0.252933
139		0.252933
139.1		0.255258
139.2		0.255258
139.3		0.255258
139.4		0.255258
139.5		0.255258
139.6		0.255258
139.7		0.255258
139.8		0.255258
139.9		0.255258
140		0.255258
140.1		0.256844
140.2		0.256844
140.3		0.256844
140.4		0.256844
140.5		0.256844
140.6		0.256844
140.7		0.256844
140.8		0.256844
140.9		0.256844
141		0.256844
141.1		0.257372
141.2		0.257372
141.3		0.257372
141.4		0.257372
141.5		0.257372
141.6		0.257372
141.7		0.257372
141.8		0.257372
141.9		0.257372
142		0.257372
142.1		0.259116
142.2		0.259116
142.3		0.259116
142.4		0.259116
142.5		0.259116
142.6		0.259116
142.7		0.259116
142.8		0.259116
142.9		0.259116
143		0.259116
143.1		0.261495
143.2		0.261495
143.3		0.261495
143.4		0.261495
143.5		0.261495
143.6		0.261495
143.7		0.261495
143.8		0.261495
143.9		0.261495
144		0.261495
144.1		0.265881
144.2		0.265881
144.3		0.265881
144.4		0.265881
144.5		0.265881
144.6		0.265881
144.7		0.265881
144.8		0.265881
144.9		0.265881
145		0.265881
145.1		0.266515
145.2		0.266515
145.3		0.266515
145.4		0.266515
145.5		0.266515
145.6		0.266515
145.7		0.266515
145.8		0.266515
145.9		0.266515
146		0.266515
146.1		0.268153
146.2		0.268153
146.3		0.268153
146.4		0.268153
146.5		0.268153
146.6		0.268153
146.7		0.268153
146.8		0.268153
146.9		0.268153
147		0.268153
147.1		0.269263
147.2		0.269263
147.3		0.269263
147.4		0.269263
147.5		0.269263
147.6		0.269263
147.7		0.269263
147.8		0.269263
147.9		0.269263
148		0.269263
148.1		0.274918
148.2		0.274918
148.3		0.274918
148.4		0.274918
148.5		0.274918
148.6		0.274918
148.7		0.274918
148.8		0.274918
148.9		0.274918
149		0.274918
149.1		0.275182
149.2		0.275182
149.3		0.275182
149.4		0.275182
149.5		0.275182
149.6		0.275182
149.7		0.275182
149.8		0.275182
149.9		0.275182
150		0.275182
150.1		0.276556
150.2		0.276556
150.3		0.276556
150.4		0.276556
150.5		0.276556
150.6		0.276556
150.7		0.276556
150.8		0.276556
150.9		0.276556
151		0.276556
151.1		0.276926
151.2		0.276926
151.3		0.276926
151.4		0.276926
151.5		0.276926
151.6		0.276926
151.7		0.276926
151.8		0.276926
151.9		0.276926
152		0.276926
152.1		0.281471
152.2		0.281471
152.3		0.281471
152.4		0.281471
152.5		0.281471
152.6		0.281471
152.7		0.281471
152.8		0.281471
152.9		0.281471
153		0.281471
153.1		0.281841
153.2		0.281841
153.3		0.281841
153.4		0.281841
153.5		0.281841
153.6		0.281841
153.7		0.281841
153.8		0.281841
153.9		0.281841
154		0.281841
154.1		0.285012
154.2		0.285012
154.3		0.285012
154.4		0.285012
154.5		0.285012
154.6		0.285012
154.7		0.285012
154.8		0.285012
154.9		0.285012
155		0.285012
155.1		0.286386
155.2		0.286386
155.3		0.286386
155.4		0.286386
155.5		0.286386
155.6		0.286386
155.7		0.286386
155.8		0.286386
155.9		0.286386
156		0.286386
156.1		0.289557
156.2		0.289557
156.3		0.289557
156.4		0.289557
156.5		0.289557
156.6		0.289557
156.7		0.289557
156.8		0.289557
156.9		0.289557
157		0.289557
157.1		0.290033
157.2		0.290033
157.3		0.290033
157.4		0.290033
157.5		0.290033
157.6		0.290033
157.7		0.290033
157.8		0.290033
157.9		0.290033
158		0.290033
158.1		0.291407
158.2		0.291407
158.3		0.291407
158.4		0.291407
158.5		0.291407
158.6		0.291407
158.7		0.291407
158.8		0.291407
158.9		0.291407
159		0.291407
159.1		0.292517
159.2		0.292517
159.3		0.292517
159.4		0.292517
159.5		0.292517
159.6		0.292517
159.7		0.292517
159.8		0.292517
159.9		0.292517
160		0.292517
160.1		0.298594
160.2		0.298594
160.3		0.298594
160.4		0.298594
160.5		0.298594
160.6		0.298594
160.7		0.298594
160.8		0.298594
160.9		0.298594
161		0.298594
161.1		0.299546
161.2		0.299546
161.3		0.299546
161.4		0.299546
161.5		0.299546
161.6		0.299546
161.7		0.299546
161.8		0.299546
161.9		0.299546
162		0.299546
162.1		0.300127
162.2		0.300127
162.3		0.300127
162.4		0.300127
162.5		0.300127
162.6		0.300127
162.7		0.300127
162.8		0.300127
162.9		0.300127
163		0.300127
163.1		0.302822
163.2		0.302822
163.3		0.302822
163.4		0.302822
163.5		0.302822
163.6		0.302822
163.7		0.302822
163.8		0.302822
163.9		0.302822
164		0.302822
164.1		0.304302
164.2		0.304302
164.3		0.304302
164.4		0.304302
164.5		0.304302
164.6		0.304302
164.7		0.304302
164.8		0.304302
164.9		0.304302
165		0.304302
165.1		0.30779
165.2		0.30779
165.3		0.30779
165.4		0.30779
165.5		0.30779
165.6		0.30779
165.7		0.30779
165.8		0.30779
165.9		0.30779
166		0.30779
166.1		0.308266
166.2		0.308266
166.3		0.308266
166.4		0.308266
166.5		0.308266
166.6		0.308266
166.7		0.308266
166.8		0.308266
166.9		0.308266
167		0.308266
167.1		0.313339
167.2		0.313339
167.3		0.313339
167.4		0.313339
167.5		0.313339
167.6		0.313339
167.7		0.313339
167.8		0.313339
167.9		0.313339
168		0.313339
168.1		0.31355
168.2		0.31355
168.3		0.31355
168.4		0.31355
168.5		0.31355
168.6		0.31355
168.7		0.31355
168.8		0.31355
168.9		0.31355
169		0.31355
169.1		0.314079
169.2		0.314079
169.3		0.314079
169.4		0.314079
169.5		0.314079
169.6		0.314079
169.7		0.314079
169.8		0.314079
169.9		0.314079
170		0.314079
170.1		0.316986
170.2		0.316986
170.3		0.316986
170.4		0.316986
170.5		0.316986
170.6		0.316986
170.7		0.316986
170.8		0.316986
170.9		0.316986
171		0.316986
171.1		0.317197
171.2		0.317197
171.3		0.317197
171.4		0.317197
171.5		0.317197
171.6		0.317197
171.7		0.317197
171.8		0.317197
171.9		0.317197
172		0.317197
172.1		0.319998
172.2		0.319998
172.3		0.319998
172.4		0.319998
172.5		0.319998
172.6		0.319998
172.7		0.319998
172.8		0.319998
172.9		0.319998
173		0.319998
173.1		0.322112
173.2		0.322112
173.3		0.322112
173.4		0.322112
173.5		0.322112
173.6		0.322112
173.7		0.322112
173.8		0.322112
173.9		0.322112
174		0.322112
174.1		0.327767
174.2		0.327767
174.3		0.327767
174.4		0.327767
174.5		0.327767
174.6		0.327767
174.7		0.327767
174.8		0.327767
174.9		0.327767
175		0.327767
175.1		0.327819
175.2		0.327819
175.3		0.327819
175.4		0.327819
175.5		0.327819
175.6		0.327819
175.7		0.327819
175.8		0.327819
175.9		0.327819
176		0.327819
176.1		0.328348
176.2		0.328348
176.3		0.328348
176.4		0.328348
176.5		0.328348
176.6		0.328348
176.7		0.328348
176.8		0.328348
176.9		0.328348
177		0.328348
177.1		0.329563
177.2		0.329563
177.3		0.329563
177.4		0.329563
177.5		0.329563
177.6		0.329563
177.7		0.329563
177.8		0.329563
177.9		0.329563
178		0.329563
178.1		0.333104
178.2		0.333104
178.3		0.333104
178.4		0.333104
178.5		0.333104
178.6		0.333104
178.7		0.333104
178.8		0.333104
178.9		0.333104
179		0.333104
179.1		0.336698
179.2		0.336698
179.3		0.336698
179.4		0.336698
179.5		0.336698
179.6		0.336698
179.7		0.336698
179.8		0.336698
179.9		0.336698
180		0.336698
180.1		0.338072
180.2		0.338072
180.3		0.338072
180.4		0.338072
180.5		0.338072
180.6		0.338072
180.7		0.338072
180.8		0.338072
180.9		0.338072
181		0.338072
181.1		0.338812
181.2		0.338812
181.3		0.338812
181.4		0.338812
181.5		0.338812
181.6		0.338812
181.7		0.338812
181.8		0.338812
181.9		0.338812
182		0.338812
182.1		0.34267
182.2		0.34267
182.3		0.34267
182.4		0.34267
182.5		0.34267
182.6		0.34267
182.7		0.34267
182.8		0.34267
182.9		0.34267
183		0.34267
183.1		0.343146
183.2		0.343146
183.3		0.343146
183.4		0.343146
183.5		0.343146
183.6		0.343146
183.7		0.343146
183.8		0.343146
183.9		0.343146
184		0.343146
184.1		0.344625
184.2		0.344625
184.3		0.344625
184.4		0.344625
184.5		0.344625
184.6		0.344625
184.7		0.344625
184.8		0.344625
184.9		0.344625
185		0.344625
185.1		0.346422
185.2		0.346422
185.3		0.346422
185.4		0.346422
185.5		0.346422
185.6		0.346422
185.7		0.346422
185.8		0.346422
185.9		0.346422
186		0.346422
186.1		0.349963
186.2		0.349963
186.3		0.349963
186.4		0.349963
186.5		0.349963
186.6		0.349963
186.7		0.349963
186.8		0.349963
186.9		0.349963
187		0.349963
187.1		0.350544
187.2		0.350544
187.3		0.350544
187.4		0.350544
187.5		0.350544
187.6		0.350544
187.7		0.350544
187.8		0.350544
187.9		0.350544
188		0.350544
188.1		0.3525
188.2		0.3525
188.3		0.3525
188.4		0.3525
188.5		0.3525
188.6		0.3525
188.7		0.3525
188.8		0.3525
188.9		0.3525
189		0.3525
189.1		0.352658
189.2		0.352658
189.3		0.352658
189.4		0.352658
189.5		0.352658
189.6		0.352658
189.7		0.352658
189.8		0.352658
189.9		0.352658
190		0.352658
190.1		0.356358
190.2		0.356358
190.3		0.356358
190.4		0.356358
190.5		0.356358
190.6		0.356358
190.7		0.356358
190.8		0.356358
190.9		0.356358
191		0.356358
191.1		0.358207
191.2		0.358207
191.3		0.358207
191.4		0.358207
191.5		0.358207
191.6		0.358207
191.7		0.358207
191.8		0.358207
191.9		0.358207
192		0.358207
192.1		0.35863
192.2		0.35863
192.3		0.35863
192.4		0.35863
192.5		0.35863
192.6		0.35863
192.7		0.35863
192.8		0.35863
192.9		0.35863
193		0.35863
193.1		0.360638
193.2		0.360638
193.3		0.360638
193.4		0.360638
193.5		0.360638
193.6		0.360638
193.7		0.360638
193.8		0.360638
193.9		0.360638
194		0.360638
194.1		0.365923
194.2		0.365923
194.3		0.365923
194.4		0.365923
194.5		0.365923
194.6		0.365923
194.7		0.365923
194.8		0.365923
194.9		0.365923
195		0.365923
195.1		0.366505
195.2		0.366505
195.3		0.366505
195.4		0.366505
195.5		0.366505
195.6		0.366505
195.7		0.366505
195.8		0.366505
195.9		0.366505
196		0.366505
196.1		0.36661
196.2		0.36661
196.3		0.36661
196.4		0.36661
196.5		0.36661
196.6		0.36661
196.7		0.36661
196.8		0.36661
196.9		0.36661
197		0.36661
197.1		0.368671
197.2		0.368671
197.3		0.368671
197.4		0.368671
197.5		0.368671
197.6		0.368671
197.7		0.368671
197.8		0.368671
197.9		0.368671
198		0.368671
198.1		0.370468
198.2		0.370468
198.3		0.370468
198.4		0.370468
198.5		0.370468
198.6		0.370468
198.7		0.370468
198.8		0.370468
198.9		0.370468
199		0.370468
199.1		0.375489
199.2		0.375489
199.3		0.375489
199.4		0.375489
199.5		0.375489
199.6		0.375489
199.7		0.375489
199.8		0.375489
199.9		0.375489
200		0.375489
200.1		0.378765
200.2		0.378765
200.3		0.378765
200.4		0.378765
200.5		0.378765
200.6		0.378765
200.7		0.378765
200.8		0.378765
200.9		0.378765
201		0.378765
201.1		0.379135
201.2		0.379135
201.3		0.379135
201.4		0.379135
201.5		0.379135
201.6		0.379135
201.7		0.379135
201.8		0.379135
201.9		0.379135
202		0.379135
202.1		0.380774
202.2		0.380774
202.3		0.380774
202.4		0.380774
202.5		0.380774
202.6		0.380774
202.7		0.380774
202.8		0.380774
202.9		0.380774
203		0.380774
203.1		0.382729
203.2		0.382729
203.3		0.382729
203.4		0.382729
203.5		0.382729
203.6		0.382729
203.7		0.382729
203.8		0.382729
203.9		0.382729
204		0.382729
204.1		0.385583
204.2		0.385583
204.3		0.385583
204.4		0.385583
204.5		0.385583
204.6		0.385583
204.7		0.385583
204.8		0.385583
204.9		0.385583
205		0.385583
205.1		0.390339
205.2		0.390339
205.3		0.390339
205.4		0.390339
205.5		0.390339
205.6		0.390339
205.7		0.390339
205.8		0.390339
205.9		0.390339
206		0.390339
206.1		0.390498
206.2		0.390498
206.3		0.390498
206.4		0.390498
206.5		0.390498
206.6		0.390498
206.7		0.390498
206.8		0.390498
206.9		0.390498
207		0.390498
207.1		0.392189
207.2		0.392189
207.3		0.392189
207.4		0.392189
207.5		0.392189
207.6		0.392189
207.7		0.392189
207.8		0.392189
207.9		0.392189
208		0.392189
208.1		0.395783
208.2		0.395783
208.3		0.395783
208.4		0.395783
208.5		0.395783
208.6		0.395783
208.7		0.395783
208.8		0.395783
208.9		0.395783
209		0.395783
209.1		0.396734
209.2		0.396734
209.3		0.396734
209.4		0.396734
209.5		0.396734
209.6		0.396734
209.7		0.396734
209.8		0.396734
209.9		0.396734
210		0.396734
210.1		0.398372
210.2		0.398372
210.3		0.398372
210.4		0.398372
210.5		0.398372
210.6		0.398372
210.7		0.398372
210.8		0.398372
210.9		0.398372
211		0.398372
211.1		0.402019
211.2		0.402019
211.3		0.402019
211.4		0.402019
211.5		0.402019
211.6		0.402019
211.7		0.402019
211.8		0.402019
211.9		0.402019
212		0.402019
212.1		0.403181
212.2		0.403181
212.3		0.403181
212.4		0.403181
212.5		0.403181
212.6		0.403181
212.7		0.403181
212.8		0.403181
212.9		0.403181
213		0.403181
213.1		0.404344
213.2		0.404344
213.3		0.404344
213.4		0.404344
213.5		0.404344
213.6		0.404344
213.7		0.404344
213.8		0.404344
213.9		0.404344
214		0.404344
214.1		0.404661
214.2		0.404661
214.3		0.404661
214.4		0.404661
214.5		0.404661
214.6		0.404661
214.7		0.404661
214.8		0.404661
214.9		0.404661
215		0.404661
215.1		0.408678
215.2		0.408678
215.3		0.408678
215.4		0.408678
215.5		0.408678
215.6		0.408678
215.7		0.408678
215.8		0.408678
215.9		0.408678
216		0.408678
216.1		0.415072
216.2		0.415072
216.3		0.415072
216.4		0.415072
216.5		0.415072
216.6		0.415072
216.7		0.415072
216.8		0.415072
216.9		0.415072
217		0.415072
217.1		0.415442
217.2		0.415442
217.3		0.415442
217.4		0.415442
217.5		0.415442
217.6		0.415442
217.7		0.415442
217.8		0.415442
217.9		0.415442
218		0.415442
218.1		0.416394
218.2		0.416394
218.3		0.416394
218.4		0.416394
218.5		0.416394
218.6		0.416394
218.7		0.416394
218.8		0.416394
218.9		0.416394
219		0.416394
219.1		0.416658
219.2		0.416658
219.3		0.416658
219.4		0.416658
219.5		0.416658
219.6		0.416658
219.7		0.416658
219.8		0.416658
219.9		0.416658
220		0.416658
220.1		0.423211
220.2		0.423211
220.3		0.423211
220.4		0.423211
220.5		0.423211
220.6		0.423211
220.7		0.423211
220.8		0.423211
220.9		0.423211
221		0.423211
221.1		0.424268
221.2		0.424268
221.3		0.424268
221.4		0.424268
221.5		0.424268
221.6		0.424268
221.7		0.424268
221.8		0.424268
221.9		0.424268
222		0.424268
222.1		0.425061
222.2		0.425061
222.3		0.425061
222.4		0.425061
222.5		0.425061
222.6		0.425061
222.7		0.425061
222.8		0.425061
222.9		0.425061
223		0.425061
223.1		0.42765
223.2		0.42765
223.3		0.42765
223.4		0.42765
223.5		0.42765
223.6		0.42765
223.7		0.42765
223.8		0.42765
223.9		0.42765
224		0.42765
224.1		0.431244
224.2		0.431244
224.3		0.431244
224.4		0.431244
224.5		0.431244
224.6		0.431244
224.7		0.431244
224.8		0.431244
224.9		0.431244
225		0.431244
225.1		0.434045
225.2		0.434045
225.3		0.434045
225.4		0.434045
225.5		0.434045
225.6		0.434045
225.7		0.434045
225.8		0.434045
225.9		0.434045
226		0.434045
226.1		0.434204
226.2		0.434204
226.3		0.434204
226.4		0.434204
226.5		0.434204
226.6		0.434204
226.7		0.434204
226.8		0.434204
226.9		0.434204
227		0.434204
227.1		0.435049
227.2		0.435049
227.3		0.435049
227.4		0.435049
227.5		0.435049
227.6		0.435049
227.7		0.435049
227.8		0.435049
227.9		0.435049
228		0.435049
228.1		0.43859
228.2		0.43859
228.3		0.43859
228.4		0.43859
228.5		0.43859
228.6		0.43859
228.7		0.43859
228.8		0.43859
228.9		0.43859
229		0.43859
229.1		0.44081
229.2		0.44081
229.3		0.44081
229.4		0.44081
229.5		0.44081
229.6		0.44081
229.7		0.44081
229.8		0.44081
229.9		0.44081
230		0.44081
230.1		0.441021
230.2		0.441021
230.3		0.441021
230.4		0.441021
230.5		0.441021
230.6		0.441021
230.7		0.441021
230.8		0.441021
230.9		0.441021
231		0.441021
231.1		0.442976
231.2		0.442976
231.3		0.442976
231.4		0.442976
231.5		0.442976
231.6		0.442976
231.7		0.442976
231.8		0.442976
231.9		0.442976
232		0.442976
232.1		0.444879
232.2		0.444879
232.3		0.444879
232.4		0.444879
232.5		0.444879
232.6		0.444879
232.7		0.444879
232.8		0.444879
232.9		0.444879
233		0.444879
233.1		0.447363
233.2		0.447363
233.3		0.447363
233.4		0.447363
233.5		0.447363
233.6		0.447363
233.7		0.447363
233.8		0.447363
233.9		0.447363
234		0.447363
234.1		0.450164
234.2		0.450164
234.3		0.450164
234.4		0.450164
234.5		0.450164
234.6		0.450164
234.7		0.450164
234.8		0.450164
234.9		0.450164
235		0.450164
235.1		0.451696
235.2		0.451696
235.3		0.451696
235.4		0.451696
235.5		0.451696
235.6		0.451696
235.7		0.451696
235.8		0.451696
235.9		0.451696
236		0.451696
236.1		0.453705
236.2		0.453705
236.3		0.453705
236.4		0.453705
236.5		0.453705
236.6		0.453705
236.7		0.453705
236.8		0.453705
236.9		0.453705
237		0.453705
237.1		0.455449
237.2		0.455449
237.3		0.455449
237.4		0.455449
237.5		0.455449
237.6		0.455449
237.7		0.455449
237.8		0.455449
237.9		0.455449
238		0.455449
238.1		0.458144
238.2		0.458144
238.3		0.458144
238.4		0.458144
238.5		0.458144
238.6		0.458144
238.7		0.458144
238.8		0.458144
238.9		0.458144
239		0.458144
239.1		0.458725
239.2		0.458725
239.3		0.458725
239.4		0.458725
239.5		0.458725
239.6		0.458725
239.7		0.458725
239.8		0.458725
239.9		0.458725
240		0.458725
240.1		0.461051
240.2		0.461051
240.3		0.461051
240.4		0.461051
240.5		0.461051
240.6		0.461051
240.7		0.461051
240.8		0.461051
240.9		0.461051
241		0.461051
241.1		0.462372
241.2		0.462372
241.3		0.462372
241.4		0.462372
241.5		0.462372
241.6		0.462372
241.7		0.462372
241.8		0.462372
241.9		0.462372
242		0.462372
242.1		0.462636
242.2		0.462636
242.3		0.462636
242.4		0.462636
242.5		0.462636
242.6		0.462636
242.7		0.462636
242.8		0.462636
242.9		0.462636
243		0.462636
243.1		0.467181
243.2		0.467181
243.3		0.467181
243.4		0.467181
243.5		0.467181
243.6		0.467181
243.7		0.467181
243.8		0.467181
243.9		0.467181
244		0.467181
244.1		0.468608
244.2		0.468608
244.3		0.468608
244.4		0.468608
244.5		0.468608
244.6		0.468608
244.7		0.468608
244.8		0.468608
244.9		0.468608
245		0.468608
245.1		0.469823
245.2		0.469823
245.3		0.469823
245.4		0.469823
245.5		0.469823
245.6		0.469823
245.7		0.469823
245.8		0.469823
245.9		0.469823
246		0.469823
246.1		0.473364
246.2		0.473364
246.3		0.473364
246.4		0.473364
246.5		0.473364
246.6		0.473364
246.7		0.473364
246.8		0.473364
246.9		0.473364
247		0.473364
247.1		0.473893
247.2		0.473893
247.3		0.473893
247.4		0.473893
247.5		0.473893
247.6		0.473893
247.7		0.473893
247.8		0.473893
247.9		0.473893
248		0.473893
248.1		0.475531
248.2		0.475531
248.3		0.475531
248.4		0.475531
248.5		0.475531
248.6		0.475531
248.7		0.475531
248.8		0.475531
248.9		0.475531
249		0.475531
249.1		0.477222
249.2		0.477222
249.3		0.477222
249.4		0.477222
249.5		0.477222
249.6		0.477222
249.7		0.477222
249.8		0.477222
249.9		0.477222
250		0.477222
250.1		0.484991
250.2		0.484991
250.3		0.484991
250.4		0.484991
250.5		0.484991
250.6		0.484991
250.7		0.484991
250.8		0.484991
250.9		0.484991
251		0.484991
251.1		0.48515
251.2		0.48515
251.3		0.48515
251.4		0.48515
251.5		0.48515
251.6		0.48515
251.7		0.48515
251.8		0.48515
251.9		0.48515
252		0.48515
252.1		0.485255
252.2		0.485255
252.3		0.485255
252.4		0.485255
252.5		0.485255
252.6		0.485255
252.7		0.485255
252.8		0.485255
252.9		0.485255
253		0.485255
253.1		0.486418
253.2		0.486418
253.3		0.486418
253.4		0.486418
253.5		0.486418
253.6		0.486418
253.7		0.486418
253.8		0.486418
253.9		0.486418
254		0.486418
254.1		0.49239
254.2		0.49239
254.3		0.49239
254.4		0.49239
254.5		0.49239
254.6		0.49239
254.7		0.49239
254.8		0.49239
254.9		0.49239
255		0.49239
255.1		0.49276
255.2		0.49276
255.3		0.49276
255.4		0.49276
255.5		0.49276
255.6		0.49276
255.7		0.49276
255.8		0.49276
255.9		0.49276
256		0.49276
256.1		0.497199
256.2		0.497199
256.3		0.497199
256.4		0.497199
256.5		0.497199
256.6		0.497199
256.7		0.497199
256.8		0.497199
256.9		0.497199
257		0.497199
257.1		0.49815
257.2		0.49815
257.3		0.49815
257.4		0.49815
257.5		0.49815
257.6		0.49815
257.7		0.49815
257.8		0.49815
257.9		0.49815
258		0.49815
258.1		0.501057
258.2		0.501057
258.3		0.501057
258.4		0.501057
258.5		0.501057
258.6		0.501057
258.7		0.501057
258.8		0.501057
258.9		0.501057
259		0.501057
259.1		0.502272
259.2		0.502272
259.3		0.502272
259.4		0.502272
259.5		0.502272
259.6		0.502272
259.7		0.502272
259.8		0.502272
259.9		0.502272
260		0.502272
260.1		0.502484
260.2		0.502484
260.3		0.502484
260.4		0.502484
260.5		0.502484
260.6		0.502484
260.7		0.502484
260.8		0.502484
260.9		0.502484
261		0.502484
261.1		0.503647
261.2		0.503647
261.3		0.503647
261.4		0.503647
261.5		0.503647
261.6		0.503647
261.7		0.503647
261.8		0.503647
261.9		0.503647
262		0.503647
262.1		0.507716
262.2		0.507716
262.3		0.507716
262.4		0.507716
262.5		0.507716
262.6		0.507716
262.7		0.507716
262.8		0.507716
262.9		0.507716
263		0.507716
263.1		0.510834
263.2		0.510834
263.3		0.510834
263.4		0.510834
263.5		0.510834
263.6		0.510834
263.7		0.510834
263.8		0.510834
263.9		0.510834
264		0.510834
264.1		0.511891
264.2		0.511891
264.3		0.511891
264.4		0.511891
264.5		0.511891
264.6		0.511891
264.7		0.511891
264.8		0.511891
264.9		0.511891
265		0.511891
265.1		0.512155
265.2		0.512155
265.3		0.512155
265.4		0.512155
265.5		0.512155
265.6		0.512155
265.7		0.512155
265.8		0.512155
265.9		0.512155
266		0.512155
266.1		0.516542
266.2		0.516542
266.3		0.516542
266.4		0.516542
266.5		0.516542
266.6		0.516542
266.7		0.516542
266.8		0.516542
266.9		0.516542
267		0.516542
267.1		0.517387
267.2		0.517387
267.3		0.517387
267.4		0.517387
267.5		0.517387
267.6		0.517387
267.7		0.517387
267.8		0.517387
267.9		0.517387
268		0.517387
268.1		0.519713
268.2		0.519713
268.3		0.519713
268.4		0.519713
268.5		0.519713
268.6		0.519713
268.7		0.519713
268.8		0.519713
268.9		0.519713
269		0.519713
269.1		0.522038
269.2		0.522038
269.3		0.522038
269.4		0.522038
269.5		0.522038
269.6		0.522038
269.7		0.522038
269.8		0.522038
269.9		0.522038
270		0.522038
270.1		0.523835
270.2		0.523835
270.3		0.523835
270.4		0.523835
270.5		0.523835
270.6		0.523835
270.7		0.523835
270.8		0.523835
270.9		0.523835
271		0.523835
271.1		0.525367
271.2		0.525367
271.3		0.525367
271.4		0.525367
271.5		0.525367
271.6		0.525367
271.7		0.525367
271.8		0.525367
271.9		0.525367
272		0.525367
272.1		0.529701
272.2		0.529701
272.3		0.529701
272.4		0.529701
272.5		0.529701
272.6		0.529701
272.7		0.529701
272.8		0.529701
272.9		0.529701
273		0.529701
273.1		0.530441
273.2		0.530441
273.3		0.530441
273.4		0.530441
273.5		0.530441
273.6		0.530441
273.7		0.530441
273.8		0.530441
273.9		0.530441
274		0.530441
274.1		0.530864
274.2		0.530864
274.3		0.530864
274.4		0.530864
274.5		0.530864
274.6		0.530864
274.7		0.530864
274.8		0.530864
274.9		0.530864
275		0.530864
275.1		0.535197
275.2		0.535197
275.3		0.535197
275.4		0.535197
275.5		0.535197
275.6		0.535197
275.7		0.535197
275.8		0.535197
275.9		0.535197
276		0.535197
276.1		0.537681
276.2		0.537681
276.3		0.537681
276.4		0.537681
276.5		0.537681
276.6		0.537681
276.7		0.537681
276.8		0.537681
276.9		0.537681
277		0.537681
277.1		0.538844
277.2		0.538844
277.3		0.538844
277.4		0.538844
277.5		0.538844
277.6		0.538844
277.7		0.538844
277.8		0.538844
277.9		0.538844
278		0.538844
278.1		0.542015
278.2		0.542015
278.3		0.542015
278.4		0.542015
278.5		0.542015
278.6		0.542015
278.7		0.542015
278.8		0.542015
278.9		0.542015
279		0.542015
279.1		0.542702
279.2		0.542702
279.3		0.542702
279.4		0.542702
279.5		0.542702
279.6		0.542702
279.7		0.542702
279.8		0.542702
279.9		0.542702
280		0.542702
280.1		0.544921
280.2		0.544921
280.3		0.544921
280.4		0.544921
280.5		0.544921
280.6		0.544921
280.7		0.544921
280.8		0.544921
280.9		0.544921
281		0.544921
281.1		0.546454
281.2		0.546454
281.3		0.546454
281.4		0.546454
281.5		0.546454
281.6		0.546454
281.7		0.546454
281.8		0.546454
281.9		0.546454
282		0.546454
282.1		0.546771
282.2		0.546771
282.3		0.546771
282.4		0.546771
282.5		0.546771
282.6		0.546771
282.7		0.546771
282.8		0.546771
282.9		0.546771
283		0.546771
283.1		0.550523
283.2		0.550523
283.3		0.550523
283.4		0.550523
283.5		0.550523
283.6		0.550523
283.7		0.550523
283.8		0.550523
283.9		0.550523
284		0.550523
284.1		0.554487
284.2		0.554487
284.3		0.554487
284.4		0.554487
284.5		0.554487
284.6		0.554487
284.7		0.554487
284.8		0.554487
284.9		0.554487
285		0.554487
285.1		0.556759
285.2		0.556759
285.3		0.556759
285.4		0.556759
285.5		0.556759
285.6		0.556759
285.7		0.556759
285.8		0.556759
285.9		0.556759
286		0.556759
286.1		0.557816
286.2		0.557816
286.3		0.557816
286.4		0.557816
286.5		0.557816
286.6		0.557816
286.7		0.557816
286.8		0.557816
286.9		0.557816
287		0.557816
287.1		0.56178
287.2		0.56178
287.3		0.56178
287.4		0.56178
287.5		0.56178
287.6		0.56178
287.7		0.56178
287.8		0.56178
287.9		0.56178
288		0.56178
288.1		0.563418
288.2		0.563418
288.3		0.563418
288.4		0.563418
288.5		0.563418
288.6		0.563418
288.7		0.563418
288.8		0.563418
288.9		0.563418
289		0.563418
289.1		0.564581
289.2		0.564581
289.3		0.564581
289.4		0.564581
289.5		0.564581
289.6		0.564581
289.7		0.564581
289.8		0.564581
289.9		0.564581
290		0.564581
290.1		0.565215
290.2		0.565215
290.3		0.565215
290.4		0.565215
290.5		0.565215
290.6		0.565215
290.7		0.565215
290.8		0.565215
290.9		0.565215
291		0.565215
291.1		0.570923
291.2		0.570923
291.3		0.570923
291.4		0.570923
291.5		0.570923
291.6		0.570923
291.7		0.570923
291.8		0.570923
291.9		0.570923
292		0.570923
292.1		0.571134
292.2		0.571134
292.3		0.571134
292.4		0.571134
292.5		0.571134
292.6		0.571134
292.7		0.571134
292.8		0.571134
292.9		0.571134
293		0.571134
293.1		0.572508
293.2		0.572508
293.3		0.572508
293.4		0.572508
293.5		0.572508
293.6		0.572508
293.7		0.572508
293.8		0.572508
293.9		0.572508
294		0.572508
294.1		0.572984
294.2		0.572984
294.3		0.572984
294.4		0.572984
294.5		0.572984
294.6		0.572984
294.7		0.572984
294.8		0.572984
294.9		0.572984
295		0.572984
295.1		0.573248
295.2		0.573248
295.3		0.573248
295.4		0.573248
295.5		0.573248
295.6		0.573248
295.7		0.573248
295.8		0.573248
295.9		0.573248
296		0.573248
296.1		0.573565
296.2		0.573565
296.3		0.573565
296.4		0.573565
296.5		0.573565
296.6		0.573565
296.7		0.573565
296.8		0.573565
296.9		0.573565
297		0.573565
297.1		0.577106
297.2		0.577106
297.3		0.577106
297.4		0.577106
297.5		0.577106
297.6		0.577106
297.7		0.577106
297.8		0.577106
297.9		0.577106
298		0.577106
298.1		0.577423
298.2		0.577423
298.3		0.577423
298.4		0.577423
298.5		0.577423
298.6		0.577423
298.7		0.577423
298.8		0.577423
298.9		0.577423
299		0.577423
299.1		0.580277
299.2		0.580277
299.3		0.580277
299.4		0.580277
299.5		0.580277
299.6		0.580277
299.7		0.580277
299.8		0.580277
299.9		0.580277
300		0.580277
300.1		0.582338
300.2		0.582338
300.3		0.582338
300.4		0.582338
300.5		0.582338
300.6		0.582338
300.7		0.582338
300.8		0.582338
300.9		0.582338
301		0.582338
301.1		0.582602
301.2		0.582602
301.3		0.582602
301.4		0.582602
301.5		0.582602
301.6		0.582602
301.7		0.582602
301.8		0.582602
301.9		0.582602
302		0.582602
302.1		0.586355
302.2		0.586355
302.3		0.586355
302.4		0.586355
302.5		0.586355
302.6		0.586355
302.7		0.586355
302.8		0.586355
302.9		0.586355
303		0.586355
303.1		0.58757
303.2		0.58757
303.3		0.58757
303.4		0.58757
303.5		0.58757
303.6		0.58757
303.7		0.58757
303.8		0.58757
303.9		0.58757
304		0.58757
304.1		0.588627
304.2		0.588627
304.3		0.588627
304.4		0.588627
304.5		0.588627
304.6		0.588627
304.7		0.588627
304.8		0.588627
304.9		0.588627
305		0.588627
305.1		0.589948
305.2		0.589948
305.3		0.589948
305.4		0.589948
305.5		0.589948
305.6		0.589948
305.7		0.589948
305.8		0.589948
305.9		0.589948
306		0.589948
306.1		0.596554
306.2		0.596554
306.3		0.596554
306.4		0.596554
306.5		0.596554
306.6		0.596554
306.7		0.596554
306.8		0.596554
306.9		0.596554
307		0.596554
307.1		0.597294
307.2		0.597294
307.3		0.597294
307.4		0.597294
307.5		0.597294
307.6		0.597294
307.7		0.597294
307.8		0.597294
307.9		0.597294
308		0.597294
308.1		0.598932
308.2		0.598932
308.3		0.598932
308.4		0.598932
308.5		0.598932
308.6		0.598932
308.7		0.598932
308.8		0.598932
308.9		0.598932
309		0.598932
309.1		0.602209
309.2		0.602209
309.3		0.602209
309.4		0.602209
309.5		0.602209
309.6		0.602209
309.7		0.602209
309.8		0.602209
309.9		0.602209
310		0.602209
310.1		0.602738
310.2		0.602738
310.3		0.602738
310.4		0.602738
310.5		0.602738
310.6		0.602738
310.7		0.602738
310.8		0.602738
310.9		0.602738
311		0.602738
311.1		0.605697
311.2		0.605697
311.3		0.605697
311.4		0.605697
311.5		0.605697
311.6		0.605697
311.7		0.605697
311.8		0.605697
311.9		0.605697
312		0.605697
312.1		0.60686
312.2		0.60686
312.3		0.60686
312.4		0.60686
312.5		0.60686
312.6		0.60686
312.7		0.60686
312.8		0.60686
312.9		0.60686
313		0.60686
313.1		0.607864
313.2		0.607864
313.3		0.607864
313.4		0.607864
313.5		0.607864
313.6		0.607864
313.7		0.607864
313.8		0.607864
313.9		0.607864
314		0.607864
314.1		0.609925
314.2		0.609925
314.3		0.609925
314.4		0.609925
314.5		0.609925
314.6		0.609925
314.7		0.609925
314.8		0.609925
314.9		0.609925
315		0.609925
315.1		0.611088
315.2		0.611088
315.3		0.611088
315.4		0.611088
315.5		0.611088
315.6		0.611088
315.7		0.611088
315.8		0.611088
315.9		0.611088
316		0.611088
316.1		0.616161
316.2		0.616161
316.3		0.616161
316.4		0.616161
316.5		0.616161
316.6		0.616161
316.7		0.616161
316.8		0.616161
316.9		0.616161
317		0.616161
317.1		0.616584
317.2		0.616584
317.3		0.616584
317.4		0.616584
317.5		0.616584
317.6		0.616584
317.7		0.616584
317.8		0.616584
317.9		0.616584
318		0.616584
318.1		0.617165
318.2		0.617165
318.3		0.617165
318.4		0.617165
318.5		0.617165
318.6		0.617165
318.7		0.617165
318.8		0.617165
318.9		0.617165
319		0.617165
319.1		0.617588
319.2		0.617588
319.3		0.617588
319.4		0.617588
319.5		0.617588
319.6		0.617588
319.7		0.617588
319.8		0.617588
319.9		0.617588
320		0.617588
320.1		0.623348
320.2		0.623348
320.3		0.623348
320.4		0.623348
320.5		0.623348
320.6		0.623348
320.7		0.623348
320.8		0.623348
320.9		0.623348
321		0.623348
321.1		0.626202
321.2		0.626202
321.3		0.626202
321.4		0.626202
321.5		0.626202
321.6		0.626202
321.7		0.626202
321.8		0.626202
321.9		0.626202
322		0.626202
322.1		0.626519
322.2		0.626519
322.3		0.626519
322.4		0.626519
322.5		0.626519
322.6		0.626519
322.7		0.626519
322.8		0.626519
322.9		0.626519
323		0.626519
323.1		0.627893
323.2		0.627893
323.3		0.627893
323.4		0.627893
323.5		0.627893
323.6		0.627893
323.7		0.627893
323.8		0.627893
323.9		0.627893
324		0.627893
324.1		0.633125
324.2		0.633125
324.3		0.633125
324.4		0.633125
324.5		0.633125
324.6		0.633125
324.7		0.633125
324.8		0.633125
324.9		0.633125
325		0.633125
325.1		0.634605
325.2		0.634605
325.3		0.634605
325.4		0.634605
325.5		0.634605
325.6		0.634605
325.7		0.634605
325.8		0.634605
325.9		0.634605
326		0.634605
326.1		0.634658
326.2		0.634658
326.3		0.634658
326.4		0.634658
326.5		0.634658
326.6		0.634658
326.7		0.634658
326.8		0.634658
326.9		0.634658
327		0.634658
327.1		0.634869
327.2		0.634869
327.3		0.634869
327.4		0.634869
327.5		0.634869
327.6		0.634869
327.7		0.634869
327.8		0.634869
327.9		0.634869
328		0.634869
328.1		0.640841
328.2		0.640841
328.3		0.640841
328.4		0.640841
328.5		0.640841
328.6		0.640841
328.7		0.640841
328.8		0.640841
328.9		0.640841
329		0.640841
329.1		0.642638
329.2		0.642638
329.3		0.642638
329.4		0.642638
329.5		0.642638
329.6		0.642638
329.7		0.642638
329.8		0.642638
329.9		0.642638
330		0.642638
330.1		0.645016
330.2		0.645016
330.3		0.645016
330.4		0.645016
330.5		0.645016
330.6		0.645016
330.7		0.645016
330.8		0.645016
330.9		0.645016
331		0.645016
331.1		0.646021
331.2		0.646021
331.3		0.646021
331.4		0.646021
331.5		0.646021
331.6		0.646021
331.7		0.646021
331.8		0.646021
331.9		0.646021
332		0.646021
332.1		0.649086
332.2		0.649086
332.3		0.649086
332.4		0.649086
332.5		0.649086
332.6		0.649086
332.7		0.649086
332.8		0.649086
332.9		0.649086
333		0.649086
333.1		0.65009
333.2		0.65009
333.3		0.65009
333.4		0.65009
333.5		0.65009
333.6		0.65009
333.7		0.65009
333.8		0.65009
333.9		0.65009
334		0.65009
334.1		0.650248
334.2		0.650248
334.3		0.650248
334.4		0.650248
334.5		0.650248
334.6		0.650248
334.7		0.650248
334.8		0.650248
334.9		0.650248
335		0.650248
335.1		0.653684
335.2		0.653684
335.3		0.653684
335.4		0.653684
335.5		0.653684
335.6		0.653684
335.7		0.653684
335.8		0.653684
335.9		0.653684
336		0.653684
336.1		0.656485
336.2		0.656485
336.3		0.656485
336.4		0.656485
336.5		0.656485
336.6		0.656485
336.7		0.656485
336.8		0.656485
336.9		0.656485
337		0.656485
337.1		0.658493
337.2		0.658493
337.3		0.658493
337.4		0.658493
337.5		0.658493
337.6		0.658493
337.7		0.658493
337.8		0.658493
337.9		0.658493
338		0.658493
338.1		0.658546
338.2		0.658546
338.3		0.658546
338.4		0.658546
338.5		0.658546
338.6		0.658546
338.7		0.658546
338.8		0.658546
338.9		0.658546
339		0.658546
339.1		0.661294
339.2		0.661294
339.3		0.661294
339.4		0.661294
339.5		0.661294
339.6		0.661294
339.7		0.661294
339.8		0.661294
339.9		0.661294
340		0.661294
340.1		0.665152
340.2		0.665152
340.3		0.665152
340.4		0.665152
340.5		0.665152
340.6		0.665152
340.7		0.665152
340.8		0.665152
340.9		0.665152
341		0.665152
341.1		0.668058
341.2		0.668058
341.3		0.668058
341.4		0.668058
341.5		0.668058
341.6		0.668058
341.7		0.668058
341.8		0.668058
341.9		0.668058
342		0.668058
342.1		0.670119
342.2		0.670119
342.3		0.670119
342.4		0.670119
342.5		0.670119
342.6		0.670119
342.7		0.670119
342.8		0.670119
342.9		0.670119
343		0.670119
343.1		0.674083
343.2		0.674083
343.3		0.674083
343.4		0.674083
343.5		0.674083
343.6		0.674083
343.7		0.674083
343.8		0.674083
343.9		0.674083
344		0.674083
344.1		0.675351
344.2		0.675351
344.3		0.675351
344.4		0.675351
344.5		0.675351
344.6		0.675351
344.7		0.675351
344.8		0.675351
344.9		0.675351
345		0.675351
345.1		0.677095
345.2		0.677095
345.3		0.677095
345.4		0.677095
345.5		0.677095
345.6		0.677095
345.7		0.677095
345.8		0.677095
345.9		0.677095
346		0.677095
346.1		0.677518
346.2		0.677518
346.3		0.677518
346.4		0.677518
346.5		0.677518
346.6		0.677518
346.7		0.677518
346.8		0.677518
346.9		0.677518
347		0.677518
347.1		0.678152
347.2		0.678152
347.3		0.678152
347.4		0.678152
347.5		0.678152
347.6		0.678152
347.7		0.678152
347.8		0.678152
347.9		0.678152
348		0.678152
348.1		0.681535
348.2		0.681535
348.3		0.681535
348.4		0.681535
348.5		0.681535
348.6		0.681535
348.7		0.681535
348.8		0.681535
348.9		0.681535
349		0.681535
349.1		0.687507
349.2		0.687507
349.3		0.687507
349.4		0.687507
349.5		0.687507
349.6		0.687507
349.7		0.687507
349.8		0.687507
349.9		0.687507
350		0.687507
350.1		0.689145
350.2		0.689145
350.3		0.689145
350.4		0.689145
350.5		0.689145
350.6		0.689145
350.7		0.689145
350.8		0.689145
350.9		0.689145
351		0.689145
351.1		0.689303
351.2		0.689303
351.3		0.689303
351.4		0.689303
351.5		0.689303
351.6		0.689303
351.7		0.689303
351.8		0.689303
351.9		0.689303
352		0.689303
352.1		0.689356
352.2		0.689356
352.3		0.689356
352.4		0.689356
352.5		0.689356
352.6		0.689356
352.7		0.689356
352.8		0.689356
352.9		0.689356
353		0.689356
353.1		0.689673
353.2		0.689673
353.3		0.689673
353.4		0.689673
353.5		0.689673
353.6		0.689673
353.7		0.689673
353.8		0.689673
353.9		0.689673
354		0.689673
354.1		0.691365
354.2		0.691365
354.3		0.691365
354.4		0.691365
354.5		0.691365
354.6		0.691365
354.7		0.691365
354.8		0.691365
354.9		0.691365
355		0.691365
355.1		0.69221
355.2		0.69221
355.3		0.69221
355.4		0.69221
355.5		0.69221
355.6		0.69221
355.7		0.69221
355.8		0.69221
355.9		0.69221
356		0.69221
356.1		0.695857
356.2		0.695857
356.3		0.695857
356.4		0.695857
356.5		0.695857
356.6		0.695857
356.7		0.695857
356.8		0.695857
356.9		0.695857
357		0.695857
357.1		0.696279
357.2		0.696279
357.3		0.696279
357.4		0.696279
357.5		0.696279
357.6		0.696279
357.7		0.696279
357.8		0.696279
357.9		0.696279
358		0.696279
358.1		0.696332
358.2		0.696332
358.3		0.696332
358.4		0.696332
358.5		0.696332
358.6		0.696332
358.7		0.696332
358.8		0.696332
358.9		0.696332
359		0.696332
359.1		0.699503
359.2		0.699503
359.3		0.699503
359.4		0.699503
359.5		0.699503
359.6		0.699503
359.7		0.699503
359.8		0.699503
359.9		0.699503
360		0.699503
360.1		0.699767
360.2		0.699767
360.3		0.699767
360.4		0.699767
360.5		0.699767
360.6		0.699767
360.7		0.699767
360.8		0.699767
360.9		0.699767
361		0.699767
361.1		0.700296
361.2		0.700296
361.3		0.700296
361.4		0.700296
361.5		0.700296
361.6		0.700296
361.7		0.700296
361.8		0.700296
361.9		0.700296
362		0.700296
362.1		0.703943
362.2		0.703943
362.3		0.703943
362.4		0.703943
362.5		0.703943
362.6		0.703943
362.7		0.703943
362.8		0.703943
362.9		0.703943
363		0.703943
363.1		0.705158
363.2		0.705158
363.3		0.705158
363.4		0.705158
363.5		0.705158
363.6		0.705158
363.7		0.705158
363.8		0.705158
363.9		0.705158
364		0.705158
364.1		0.708382
364.2		0.708382
364.3		0.708382
364.4		0.708382
364.5		0.708382
364.6		0.708382
364.7		0.708382
364.8		0.708382
364.9		0.708382
365		0.708382
365.1		0.708646
365.2		0.708646
365.3		0.708646
365.4		0.708646
365.5		0.708646
365.6		0.708646
365.7		0.708646
365.8		0.708646
365.9		0.708646
366		0.708646
366.1		0.714195
366.2		0.714195
366.3		0.714195
366.4		0.714195
366.5		0.714195
366.6		0.714195
366.7		0.714195
366.8		0.714195
366.9		0.714195
367		0.714195
367.1		0.714354
367.2		0.714354
367.3		0.714354
367.4		0.714354
367.5		0.714354
367.6		0.714354
367.7		0.714354
367.8		0.714354
367.9		0.714354
368		0.714354
368.1		0.714829
368.2		0.714829
368.3		0.714829
368.4		0.714829
368.5		0.714829
368.6		0.714829
368.7		0.714829
368.8		0.714829
368.9		0.714829
369		0.714829
369.1		0.71837
369.2		0.71837
369.3		0.71837
369.4		0.71837
369.5		0.71837
369.6		0.71837
369.7		0.71837
369.8		0.71837
369.9		0.71837
370		0.71837
370.1		0.722492
370.2		0.722492
370.3		0.722492
370.4		0.722492
370.5		0.722492
370.6		0.722492
370.7		0.722492
370.8		0.722492
370.9		0.722492
371		0.722492
371.1		0.722598
371.2		0.722598
371.3		0.722598
371.4		0.722598
371.5		0.722598
371.6		0.722598
371.7		0.722598
371.8		0.722598
371.9		0.722598
372		0.722598
372.1		0.72524
372.2		0.72524
372.3		0.72524
372.4		0.72524
372.5		0.72524
372.6		0.72524
372.7		0.72524
372.8		0.72524
372.9		0.72524
373		0.72524
373.1		0.72635
373.2		0.72635
373.3		0.72635
373.4		0.72635
373.5		0.72635
373.6		0.72635
373.7		0.72635
373.8		0.72635
373.9		0.72635
374		0.72635
374.1		0.729204
374.2		0.729204
374.3		0.729204
374.4		0.729204
374.5		0.729204
374.6		0.729204
374.7		0.729204
374.8		0.729204
374.9		0.729204
375		0.729204
375.1		0.729574
375.2		0.729574
375.3		0.729574
375.4		0.729574
375.5		0.729574
375.6		0.729574
375.7		0.729574
375.8		0.729574
375.9		0.729574
376		0.729574
376.1		0.732269
376.2		0.732269
376.3		0.732269
376.4		0.732269
376.5		0.732269
376.6		0.732269
376.7		0.732269
376.8		0.732269
376.9		0.732269
377		0.732269
377.1		0.733115
377.2		0.733115
377.3		0.733115
377.4		0.733115
377.5		0.733115
377.6		0.733115
377.7		0.733115
377.8		0.733115
377.9		0.733115
378		0.733115
378.1		0.735652
378.2		0.735652
378.3		0.735652
378.4		0.735652
378.5		0.735652
378.6		0.735652
378.7		0.735652
378.8		0.735652
378.9		0.735652
379		0.735652
379.1		0.7384
379.2		0.7384
379.3		0.7384
379.4		0.7384
379.5		0.7384
379.6		0.7384
379.7		0.7384
379.8		0.7384
379.9		0.7384
380		0.7384
380.1		0.740144
380.2		0.740144
380.3		0.740144
380.4		0.740144
380.5		0.740144
380.6		0.740144
380.7		0.740144
380.8		0.740144
380.9		0.740144
381		0.740144
381.1		0.740302
381.2		0.740302
381.3		0.740302
381.4		0.740302
381.5		0.740302
381.6		0.740302
381.7		0.740302
381.8		0.740302
381.9		0.740302
382		0.740302
382.1		0.74601
382.2		0.74601
382.3		0.74601
382.4		0.74601
382.5		0.74601
382.6		0.74601
382.7		0.74601
382.8		0.74601
382.9		0.74601
383		0.74601
383.1		0.746538
383.2		0.746538
383.3		0.746538
383.4		0.746538
383.5		0.746538
383.6		0.746538
383.7		0.746538
383.8		0.746538
383.9		0.746538
384		0.746538
384.1		0.746908
384.2		0.746908
384.3		0.746908
384.4		0.746908
384.5		0.746908
384.6		0.746908
384.7		0.746908
384.8		0.746908
384.9		0.746908
385		0.746908
385.1		0.749445
385.2		0.749445
385.3		0.749445
385.4		0.749445
385.5		0.749445
385.6		0.749445
385.7		0.749445
385.8		0.749445
385.9		0.749445
386		0.749445
386.1		0.751136
386.2		0.751136
386.3		0.751136
386.4		0.751136
386.5		0.751136
386.6		0.751136
386.7		0.751136
386.8		0.751136
386.9		0.751136
387		0.751136
387.1		0.754466
387.2		0.754466
387.3		0.754466
387.4		0.754466
387.5		0.754466
387.6		0.754466
387.7		0.754466
387.8		0.754466
387.9		0.754466
388		0.754466
388.1		0.755523
388.2		0.755523
388.3		0.755523
388.4		0.755523
388.5		0.755523
388.6		0.755523
388.7		0.755523
388.8		0.755523
388.9		0.755523
389		0.755523
389.1		0.756157
389.2		0.756157
389.3		0.756157
389.4		0.756157
389.5		0.756157
389.6		0.756157
389.7		0.756157
389.8		0.756157
389.9		0.756157
390		0.756157
390.1		0.758799
390.2		0.758799
390.3		0.758799
390.4		0.758799
390.5		0.758799
390.6		0.758799
390.7		0.758799
390.8		0.758799
390.9		0.758799
391		0.758799
391.1		0.761706
391.2		0.761706
391.3		0.761706
391.4		0.761706
391.5		0.761706
391.6		0.761706
391.7		0.761706
391.8		0.761706
391.9		0.761706
392		0.761706
392.1		0.763661
392.2		0.763661
392.3		0.763661
392.4		0.763661
392.5		0.763661
392.6		0.763661
392.7		0.763661
392.8		0.763661
392.9		0.763661
393		0.763661
393.1		0.765247
393.2		0.765247
393.3		0.765247
393.4		0.765247
393.5		0.765247
393.6		0.765247
393.7		0.765247
393.8		0.765247
393.9		0.765247
394		0.765247
394.1		0.76567
394.2		0.76567
394.3		0.76567
394.4		0.76567
394.5		0.76567
394.6		0.76567
394.7		0.76567
394.8		0.76567
394.9		0.76567
395		0.76567
395.1		0.767731
395.2		0.767731
395.3		0.767731
395.4		0.767731
395.5		0.767731
395.6		0.767731
395.7		0.767731
395.8		0.767731
395.9		0.767731
396		0.767731
396.1		0.772329
396.2		0.772329
396.3		0.772329
396.4		0.772329
396.5		0.772329
396.6		0.772329
396.7		0.772329
396.8		0.772329
396.9		0.772329
397		0.772329
397.1		0.774073
397.2		0.774073
397.3		0.774073
397.4		0.774073
397.5		0.774073
397.6		0.774073
397.7		0.774073
397.8		0.774073
397.9		0.774073
398		0.774073
398.1		0.776504
398.2		0.776504
398.3		0.776504
398.4		0.776504
398.5		0.776504
398.6		0.776504
398.7		0.776504
398.8		0.776504
398.9		0.776504
399		0.776504
399.1		0.777561
399.2		0.777561
399.3		0.777561
399.4		0.777561
399.5		0.777561
399.6		0.777561
399.7		0.777561
399.8		0.777561
399.9		0.777561
400		0.777561
400.1		0.780996
400.2		0.780996
400.3		0.780996
400.4		0.780996
400.5		0.780996
400.6		0.780996
400.7		0.780996
400.8		0.780996
400.9		0.780996
401		0.780996
401.1		0.783004
401.2		0.783004
401.3		0.783004
401.4		0.783004
401.5		0.783004
401.6		0.783004
401.7		0.783004
401.8		0.783004
401.9		0.783004
402		0.783004
402.1		0.784219
402.2		0.784219
402.3		0.784219
402.4		0.784219
402.5		0.784219
402.6		0.784219
402.7		0.784219
402.8		0.784219
402.9		0.784219
403		0.784219
403.1		0.785541
403.2		0.785541
403.3		0.785541
403.4		0.785541
403.5		0.785541
403.6		0.785541
403.7		0.785541
403.8		0.785541
403.9		0.785541
404		0.785541
404.1		0.78961
404.2		0.78961
404.3		0.78961
404.4		0.78961
404.5		0.78961
404.6		0.78961
404.7		0.78961
404.8		0.78961
404.9		0.78961
405		0.78961
405.1		0.791143
405.2		0.791143
405.3		0.791143
405.4		0.791143
405.5		0.791143
405.6		0.791143
405.7		0.791143
405.8		0.791143
405.9		0.791143
406		0.791143
406.1		0.792569
406.2		0.792569
406.3		0.792569
406.4		0.792569
406.5		0.792569
406.6		0.792569
406.7		0.792569
406.8		0.792569
406.9		0.792569
407		0.792569
407.1		0.792992
407.2		0.792992
407.3		0.792992
407.4		0.792992
407.5		0.792992
407.6		0.792992
407.7		0.792992
407.8		0.792992
407.9		0.792992
408		0.792992
408.1		0.798911
408.2		0.798911
408.3		0.798911
408.4		0.798911
408.5		0.798911
408.6		0.798911
408.7		0.798911
408.8		0.798911
408.9		0.798911
409		0.798911
409.1		0.799123
409.2		0.799123
409.3		0.799123
409.4		0.799123
409.5		0.799123
409.6		0.799123
409.7		0.799123
409.8		0.799123
409.9		0.799123
410		0.799123
410.1		0.801448
410.2		0.801448
410.3		0.801448
410.4		0.801448
410.5		0.801448
410.6		0.801448
410.7		0.801448
410.8		0.801448
410.9		0.801448
411		0.801448
411.1		0.803509
411.2		0.803509
411.3		0.803509
411.4		0.803509
411.5		0.803509
411.6		0.803509
411.7		0.803509
411.8		0.803509
411.9		0.803509
412		0.803509
412.1		0.804143
412.2		0.804143
412.3		0.804143
412.4		0.804143
412.5		0.804143
412.6		0.804143
412.7		0.804143
412.8		0.804143
412.9		0.804143
413		0.804143
413.1		0.807948
413.2		0.807948
413.3		0.807948
413.4		0.807948
413.5		0.807948
413.6		0.807948
413.7		0.807948
413.8		0.807948
413.9		0.807948
414		0.807948
414.1		0.808741
414.2		0.808741
414.3		0.808741
414.4		0.808741
414.5		0.808741
414.6		0.808741
414.7		0.808741
414.8		0.808741
414.9		0.808741
415		0.808741
415.1		0.812018
415.2		0.812018
415.3		0.812018
415.4		0.812018
415.5		0.812018
415.6		0.812018
415.7		0.812018
415.8		0.812018
415.9		0.812018
416		0.812018
416.1		0.812599
416.2		0.812599
416.3		0.812599
416.4		0.812599
416.5		0.812599
416.6		0.812599
416.7		0.812599
416.8		0.812599
416.9		0.812599
417		0.812599
417.1		0.814977
417.2		0.814977
417.3		0.814977
417.4		0.814977
417.5		0.814977
417.6		0.814977
417.7		0.814977
417.8		0.814977
417.9		0.814977
418		0.814977
418.1		0.817408
418.2		0.817408
418.3		0.817408
418.4		0.817408
418.5		0.817408
418.6		0.817408
418.7		0.817408
418.8		0.817408
418.9		0.817408
419		0.817408
419.1		0.820315
419.2		0.820315
419.3		0.820315
419.4		0.820315
419.5		0.820315
419.6		0.820315
419.7		0.820315
419.8		0.820315
419.9		0.820315
420		0.820315
420.1		0.820949
420.2		0.820949
420.3		0.820949
420.4		0.820949
420.5		0.820949
420.6		0.820949
420.7		0.820949
420.8		0.820949
420.9		0.820949
421		0.820949
421.1		0.822535
421.2		0.822535
421.3		0.822535
421.4		0.822535
421.5		0.822535
421.6		0.822535
421.7		0.822535
421.8		0.822535
421.9		0.822535
422		0.822535
422.1		0.824543
422.2		0.824543
422.3		0.824543
422.4		0.824543
422.5		0.824543
422.6		0.824543
422.7		0.824543
422.8		0.824543
422.9		0.824543
423		0.824543
423.1		0.826128
423.2		0.826128
423.3		0.826128
423.4		0.826128
423.5		0.826128
423.6		0.826128
423.7		0.826128
423.8		0.826128
423.9		0.826128
424		0.826128
424.1		0.827344
424.2		0.827344
424.3		0.827344
424.4		0.827344
424.5		0.827344
424.6		0.827344
424.7		0.827344
424.8		0.827344
424.9		0.827344
425		0.827344
425.1		0.828559
425.2		0.828559
425.3		0.828559
425.4		0.828559
425.5		0.828559
425.6		0.828559
425.7		0.828559
425.8		0.828559
425.9		0.828559
426		0.828559
426.1		0.834056
426.2		0.834056
426.3		0.834056
426.4		0.834056
426.5		0.834056
426.6		0.834056
426.7		0.834056
426.8		0.834056
426.9		0.834056
427		0.834056
427.1		0.834267
427.2		0.834267
427.3		0.834267
427.4		0.834267
427.5		0.834267
427.6		0.834267
427.7		0.834267
427.8		0.834267
427.9		0.834267
428		0.834267
428.1		0.83617
428.2		0.83617
428.3		0.83617
428.4		0.83617
428.5		0.83617
428.6		0.83617
428.7		0.83617
428.8		0.83617
428.9		0.83617
429		0.83617
429.1		0.836804
429.2		0.836804
429.3		0.836804
429.4		0.836804
429.5		0.836804
429.6		0.836804
429.7		0.836804
429.8		0.836804
429.9		0.836804
430		0.836804
430.1		0.842987
430.2		0.842987
430.3		0.842987
430.4		0.842987
430.5		0.842987
430.6		0.842987
430.7		0.842987
430.8		0.842987
430.9		0.842987
431		0.842987
431.1		0.844255
431.2		0.844255
431.3		0.844255
431.4		0.844255
431.5		0.844255
431.6		0.844255
431.7		0.844255
431.8		0.844255
431.9		0.844255
432		0.844255
432.1		0.844572
432.2		0.844572
432.3		0.844572
432.4		0.844572
432.5		0.844572
432.6		0.844572
432.7		0.844572
432.8		0.844572
432.9		0.844572
433		0.844572
433.1		0.846581
433.2		0.846581
433.3		0.846581
433.4		0.846581
433.5		0.846581
433.6		0.846581
433.7		0.846581
433.8		0.846581
433.9		0.846581
434		0.846581
434.1		0.850914
434.2		0.850914
434.3		0.850914
434.4		0.850914
434.5		0.850914
434.6		0.850914
434.7		0.850914
434.8		0.850914
434.9		0.850914
435		0.850914
435.1		0.852658
435.2		0.852658
435.3		0.852658
435.4		0.852658
435.5		0.852658
435.6		0.852658
435.7		0.852658
435.8		0.852658
435.9		0.852658
436		0.852658
436.1		0.852975
436.2		0.852975
436.3		0.852975
436.4		0.852975
436.5		0.852975
436.6		0.852975
436.7		0.852975
436.8		0.852975
436.9		0.852975
437		0.852975
437.1		0.855882
437.2		0.855882
437.3		0.855882
437.4		0.855882
437.5		0.855882
437.6		0.855882
437.7		0.855882
437.8		0.855882
437.9		0.855882
438		0.855882
438.1		0.858207
438.2		0.858207
438.3		0.858207
438.4		0.858207
438.5		0.858207
438.6		0.858207
438.7		0.858207
438.8		0.858207
438.9		0.858207
439		0.858207
439.1		0.862118
439.2		0.862118
439.3		0.862118
439.4		0.862118
439.5		0.862118
439.6		0.862118
439.7		0.862118
439.8		0.862118
439.9		0.862118
440		0.862118
440.1		0.862435
440.2		0.862435
440.3		0.862435
440.4		0.862435
440.5		0.862435
440.6		0.862435
440.7		0.862435
440.8		0.862435
440.9		0.862435
441		0.862435
441.1		0.863228
441.2		0.863228
441.3		0.863228
441.4		0.863228
441.5		0.863228
441.6		0.863228
441.7		0.863228
441.8		0.863228
441.9		0.863228
442		0.863228
442.1		0.865976
442.2		0.865976
442.3		0.865976
442.4		0.865976
442.5		0.865976
442.6		0.865976
442.7		0.865976
442.8		0.865976
442.9		0.865976
443		0.865976
443.1		0.869781
443.2		0.869781
443.3		0.869781
443.4		0.869781
443.5		0.869781
443.6		0.869781
443.7		0.869781
443.8		0.869781
443.9		0.869781
444		0.869781
444.1		0.87105
444.2		0.87105
444.3		0.87105
444.4		0.87105
444.5		0.87105
444.6		0.87105
444.7		0.87105
444.8		0.87105
444.9		0.87105
445		0.87105
445.1		0.871261
445.2		0.871261
445.3		0.871261
445.4		0.871261
445.5		0.871261
445.6		0.871261
445.7		0.871261
445.8		0.871261
445.9		0.871261
446		0.871261
446.1		0.872212
446.2		0.872212
446.3		0.872212
446.4		0.872212
446.5		0.872212
446.6		0.872212
446.7		0.872212
446.8		0.872212
446.9		0.872212
447		0.872212
447.1		0.875753
447.2		0.875753
447.3		0.875753
447.4		0.875753
447.5		0.875753
447.6		0.875753
447.7		0.875753
447.8		0.875753
447.9		0.875753
448		0.875753
448.1		0.877973
448.2		0.877973
448.3		0.877973
448.4		0.877973
448.5		0.877973
448.6		0.877973
448.7		0.877973
448.8		0.877973
448.9		0.877973
449		0.877973
449.1		0.882835
449.2		0.882835
449.3		0.882835
449.4		0.882835
449.5		0.882835
449.6		0.882835
449.7		0.882835
449.8		0.882835
449.9		0.882835
450		0.882835
450.1		0.883152
450.2		0.883152
450.3		0.883152
450.4		0.883152
450.5		0.883152
450.6		0.883152
450.7		0.883152
450.8		0.883152
450.9		0.883152
451		0.883152
451.1		0.883733
451.2		0.883733
451.3		0.883733
451.4		0.883733
451.5		0.883733
451.6		0.883733
451.7		0.883733
451.8		0.883733
451.9		0.883733
452		0.883733
452.1		0.88738
452.2		0.88738
452.3		0.88738
452.4		0.88738
452.5		0.88738
452.6		0.88738
452.7		0.88738
452.8		0.88738
452.9		0.88738
453		0.88738
453.1		0.888225
453.2		0.888225
453.3		0.888225
453.4		0.888225
453.5		0.888225
453.6		0.888225
453.7		0.888225
453.8		0.888225
453.9		0.888225
454		0.888225
454.1		0.889441
454.2		0.889441
454.3		0.889441
454.4		0.889441
454.5		0.889441
454.6		0.889441
454.7		0.889441
454.8		0.889441
454.9		0.889441
455		0.889441
455.1		0.894673
455.2		0.894673
455.3		0.894673
455.4		0.894673
455.5		0.894673
455.6		0.894673
455.7		0.894673
455.8		0.894673
455.9		0.894673
456		0.894673
456.1		0.895836
456.2		0.895836
456.3		0.895836
456.4		0.895836
456.5		0.895836
456.6		0.895836
456.7		0.895836
456.8		0.895836
456.9		0.895836
457		0.895836
457.1		0.897632
457.2		0.897632
457.3		0.897632
457.4		0.897632
457.5		0.897632
457.6		0.897632
457.7		0.897632
457.8		0.897632
457.9		0.897632
458		0.897632
458.1		0.899006
458.2		0.899006
458.3		0.899006
458.4		0.899006
458.5		0.899006
458.6		0.899006
458.7		0.899006
458.8		0.899006
458.9		0.899006
459		0.899006
459.1		0.900592
459.2		0.900592
459.3		0.900592
459.4		0.900592
459.5		0.900592
459.6		0.900592
459.7		0.900592
459.8		0.900592
459.9		0.900592
460		0.900592
460.1		0.904978
460.2		0.904978
460.3		0.904978
460.4		0.904978
460.5		0.904978
460.6		0.904978
460.7		0.904978
460.8		0.904978
460.9		0.904978
461		0.904978
461.1		0.905137
461.2		0.905137
461.3		0.905137
461.4		0.905137
461.5		0.905137
461.6		0.905137
461.7		0.905137
461.8		0.905137
461.9		0.905137
462		0.905137
462.1		0.906881
462.2		0.906881
462.3		0.906881
462.4		0.906881
462.5		0.906881
462.6		0.906881
462.7		0.906881
462.8		0.906881
462.9		0.906881
463		0.906881
463.1		0.908413
463.2		0.908413
463.3		0.908413
463.4		0.908413
463.5		0.908413
463.6		0.908413
463.7		0.908413
463.8		0.908413
463.9		0.908413
464		0.908413
464.1		0.9128
464.2		0.9128
464.3		0.9128
464.4		0.9128
464.5		0.9128
464.6		0.9128
464.7		0.9128
464.8		0.9128
464.9		0.9128
465		0.9128
465.1		0.914861
465.2		0.914861
465.3		0.914861
465.4		0.914861
465.5		0.914861
465.6		0.914861
465.7		0.914861
465.8		0.914861
465.9		0.914861
466		0.914861
466.1		0.916288
466.2		0.916288
466.3		0.916288
466.4		0.916288
466.5		0.916288
466.6		0.916288
466.7		0.916288
466.8		0.916288
466.9		0.916288
467		0.916288
467.1		0.917979
467.2		0.917979
467.3		0.917979
467.4		0.917979
467.5		0.917979
467.6		0.917979
467.7		0.917979
467.8		0.917979
467.9		0.917979
468		0.917979
468.1		0.919723
468.2		0.919723
468.3		0.919723
468.4		0.919723
468.5		0.919723
468.6		0.919723
468.7		0.919723
468.8		0.919723
468.9		0.919723
469		0.919723
469.1		0.922471
469.2		0.922471
469.3		0.922471
469.4		0.922471
469.5		0.922471
469.6		0.922471
469.7		0.922471
469.8		0.922471
469.9		0.922471
470		0.922471
470.1		0.926065
470.2		0.926065
470.3		0.926065
470.4		0.926065
470.5		0.926065
470.6		0.926065
470.7		0.926065
470.8		0.926065
470.9		0.926065
471		0.926065
471.1		0.926858
471.2		0.926858
471.3		0.926858
471.4		0.926858
471.5		0.926858
471.6		0.926858
471.7		0.926858
471.8		0.926858
471.9		0.926858
472		0.926858
472.1		0.929394
472.2		0.929394
472.3		0.929394
472.4		0.929394
472.5		0.929394
472.6		0.929394
472.7		0.929394
472.8		0.929394
472.9		0.929394
473		0.929394
473.1		0.929553
473.2		0.929553
473.3		0.929553
473.4		0.929553
473.5		0.929553
473.6		0.929553
473.7		0.929553
473.8		0.929553
473.9		0.929553
474		0.929553
474.1		0.933992
474.2		0.933992
474.3		0.933992
474.4		0.933992
474.5		0.933992
474.6		0.933992
474.7		0.933992
474.8		0.933992
474.9		0.933992
475		0.933992
475.1		0.93674
475.2		0.93674
475.3		0.93674
475.4		0.93674
475.5		0.93674
475.6		0.93674
475.7		0.93674
475.8		0.93674
475.9		0.93674
476		0.93674
476.1		0.936846
476.2		0.936846
476.3		0.936846
476.4		0.936846
476.5		0.936846
476.6		0.936846
476.7		0.936846
476.8		0.936846
476.9		0.936846
477		0.936846
477.1		0.937163
477.2		0.937163
477.3		0.937163
477.4		0.937163
477.5		0.937163
477.6		0.937163
477.7		0.937163
477.8		0.937163
477.9		0.937163
478		0.937163
478.1		0.942501
478.2		0.942501
478.3		0.942501
478.4		0.942501
478.5		0.942501
478.6		0.942501
478.7		0.942501
478.8		0.942501
478.9		0.942501
479		0.942501
479.1		0.943875
479.2		0.943875
479.3		0.943875
479.4		0.943875
479.5		0.943875
479.6		0.943875
479.7		0.943875
479.8		0.943875
479.9		0.943875
480		0.943875
480.1		0.94657
480.2		0.94657
480.3		0.94657
480.4		0.94657
480.5		0.94657
480.6		0.94657
480.7		0.94657
480.8		0.94657
480.9		0.94657
481		0.94657
481.1		0.950639
481.2		0.950639
481.3		0.950639
481.4		0.950639
481.5		0.950639
481.6		0.950639
481.7		0.950639
481.8		0.950639
481.9		0.950639
482		0.950639
482.1		0.951062
482.2		0.951062
482.3		0.951062
482.4		0.951062
482.5		0.951062
482.6		0.951062
482.7		0.951062
482.8		0.951062
482.9		0.951062
483		0.951062
483.1		0.953018
483.2		0.953018
483.3		0.953018
483.4		0.953018
483.5		0.953018
483.6		0.953018
483.7		0.953018
483.8		0.953018
483.9		0.953018
484		0.953018
484.1		0.953176
484.2		0.953176
484.3		0.953176
484.4		0.953176
484.5		0.953176
484.6		0.953176
484.7		0.953176
484.8		0.953176
484.9		0.953176
485		0.953176
485.1		0.955132
485.2		0.955132
485.3		0.955132
485.4		0.955132
485.5		0.955132
485.6		0.955132
485.7		0.955132
485.8		0.955132
485.9		0.955132
486		0.955132
486.1		0.959624
486.2		0.959624
486.3		0.959624
486.4		0.959624
486.5		0.959624
486.6		0.959624
486.7		0.959624
486.8		0.959624
486.9		0.959624
487		0.959624
487.1		0.961738
487.2		0.961738
487.3		0.961738
487.4		0.961738
487.5		0.961738
487.6		0.961738
487.7		0.961738
487.8		0.961738
487.9		0.961738
488		0.961738
488.1		0.96327
488.2		0.96327
488.3		0.96327
488.4		0.96327
488.5		0.96327
488.6		0.96327
488.7		0.96327
488.8		0.96327
488.9		0.96327
489		0.96327
489.1		0.963429
489.2		0.963429
489.3		0.963429
489.4		0.963429
489.5		0.963429
489.6		0.963429
489.7		0.963429
489.8		0.963429
489.9		0.963429
490		0.963429
490.1		0.966177
490.2		0.966177
490.3		0.966177
490.4		0.966177
490.5		0.966177
490.6		0.966177
490.7		0.966177
490.8		0.966177
490.9		0.966177
491		0.966177
491.1		0.966441
491.2		0.966441
491.3		0.966441
491.4		0.966441
491.5		0.966441
491.6		0.966441
491.7		0.966441
491.8		0.966441
491.9		0.966441
492		0.966441
492.1		0.969823
492.2		0.969823
492.3		0.969823
492.4		0.969823
492.5		0.969823
492.6		0.969823
492.7		0.969823
492.8		0.969823
492.9		0.969823
493		0.969823
493.1		0.971567
493.2		0.971567
493.3		0.971567
493.4		0.971567
493.5		0.971567
493.6		0.971567
493.7		0.971567
493.8		0.971567
493.9		0.971567
494		0.971567
494.1		0.975743
494.2		0.975743
494.3		0.975743
494.4		0.975743
494.5		0.975743
494.6		0.975743
494.7		0.975743
494.8		0.975743
494.9		0.975743
495		0.975743
495.1		0.976324
495.2		0.976324
495.3		0.976324
495.4		0.976324
495.5		0.976324
495.6		0.976324
495.7		0.976324
495.8		0.976324
495.9		0.976324
496		0.976324
496.1		0.976535
496.2		0.976535
496.3		0.976535
496.4		0.976535
496.5		0.976535
496.6		0.976535
496.7		0.976535
496.8		0.976535
496.9		0.976535
497		0.976535
497.1		0.979812
497.2		0.979812
497.3		0.979812
497.4		0.979812
497.5		0.979812
497.6		0.979812
497.7		0.979812
497.8		0.979812
497.9		0.979812
498		0.979812
498.1		0.983564
498.2		0.983564
498.3		0.983564
498.4		0.983564
498.5		0.983564
498.6		0.983564
498.7		0.983564
498.8		0.983564
498.9		0.983564
499		0.983564
499.1		0.98441
499.2		0.98441
499.3		0.98441
499.4		0.98441
499.5		0.98441
499.6		0.98441
499.7		0.98441
499.8		0.98441
499.9		0.98441
500		0.98441
500.1		0.985942
500.2		0.985942
500.3		0.985942
500.4		0.985942
500.5		0.985942
500.6		0.985942
500.7		0.985942
500.8		0.985942
500.9		0.985942
501		0.985942
501.1		0.987211
501.2		0.987211
501.3		0.987211
501.4		0.987211
501.5		0.987211
501.6		0.987211
501.7		0.987211
501.8		0.987211
501.9		0.987211
502		0.987211
502.1		0.988743
502.2		0.988743
502.3		0.988743
502.4		0.988743
502.5		0.988743
502.6		0.988743
502.7		0.988743
502.8		0.988743
502.9		0.988743
503		0.988743
503.1		0.993394
503.2		0.993394
503.3		0.993394
503.4		0.993394
503.5		0.993394
503.6		0.993394
503.7		0.993394
503.8		0.993394
503.9		0.993394
504		0.993394
504.1		0.995402
504.2		0.995402
504.3		0.995402
504.4		0.995402
504.5		0.995402
504.6		0.995402
504.7		0.995402
504.8		0.995402
504.9		0.995402
505		0.995402
505.1		0.995455
505.2		0.995455
505.3		0.995455
505.4		0.995455
505.5		0.995455
505.6		0.995455
505.7		0.995455
505.8		0.995455
505.9		0.995455
506		0.995455
506.1		1
506.2		1
506.3		1
506.4		1
506.5		1
506.6		1
506.7		1
506.8		1
506.9		1
507		1
507.1		1
507.2		1
507.3		1
507.4		1
507.5		1
507.6		1
507.7		1
507.8		1
507.9		1
508		1
508.1		1
508.2		1
508.3		1
508.4		1
508.5		1
508.6		1
508.7		1
508.8		1
508.9		1
509		1
509.1		1
509.2		1
509.3		1
509.4		1
509.5		1
509.6		1
509.7		1
509.8		1
509.9		1
510		1
510.1		1
510.2		1
510.3		1
510.4		1
510.5		1
510.6		1
510.7		1
510.8		1
510.9		1
511		1
511.1		1
511.2		1
511.3		1
511.4		1
511.5		1
511.6		1
511.7		1
511.8		1
511.9		1
512		1
512.1		1
512.2		1
512.3		1
512.4		1
512.5		1
512.6		1
512.7		1
512.8		1
512.9		1
513		1
513.1		1
513.2		1
513.3		1
513.4		1
513.5		1
513.6		1
513.7		1
513.8		1
513.9		1
514		1
514.1		1
514.2		1
514.3		1
514.4		1
514.5		1
514.6		1
514.7		1
514.8		1
514.9		1
515		1
515.1		1
515.2		1
515.3		1
515.4		1
515.5		1
515.6		1
515.7		1
515.8		1
515.9		1
516		1
516.1		1
516.2		1
516.3		1
516.4		1
516.5		1
516.6		1
516.7		1
516.8		1
516.9		1
517		1
517.1		1
517.2		1
517.3		1
517.4		1
517.5		1
517.6		1
517.7		1
517.8		1
517.9		1
518		1
518.1		1
518.2		1
518.3		1
518.4		1
518.5		1
518.6		1
518.7		1
518.8		1
518.9		1
519		1
519.1		1
519.2		1
519.3		1
519.4		1
519.5		1
519.6		1
519.7		1
519.8		1
519.9		1
520		1
520.1		1
520.2		1
520.3		1
520.4		1
520.5		1
520.6		1
520.7		1
520.8		1
520.9		1
521		1
521.1		1
521.2		1
521.3		1
521.4		1
521.5		1
521.6		1
521.7		1
521.8		1
521.9		1
522		1
522.1		1
522.2		1
522.3		1
522.4		1
522.5		1
522.6		1
522.7		1
522.8		1
522.9		1
523		1
523.1		1
523.2		1
523.3		1
523.4		1
523.5		1
523.6		1
523.7		1
523.8		1
523.9		1
524		1
524.1		1
524.2		1
524.3		1
524.4		1
524.5		1
524.6		1
524.7		1
524.8		1
524.9		1
525		1
525.1		1
525.2		1
525.3		1
525.4		1
525.5		1
525.6		1
525.7		1
525.8		1
525.9		1
526		1
526.1		1
526.2		1
526.3		1
526.4		1
526.5		1
526.6		1
526.7		1
526.8		1
526.9		1
527		1
527.1		1
527.2		1
527.3		1
527.4		1
527.5		1
527.6		1
527.7		1
527.8		1
527.9		1
528		1
528.1		1
528.2		1
528.3		1
528.4		1
528.5		1
528.6		1
528.7		1
528.8		1
528.9		1
529		1
529.1		1
529.2		1
529.3		1
529.4		1
529.5		1
529.6		1
529.7		1
529.8		1
529.9		1
530		1
530.1		1
530.2		1
530.3		1
530.4		1
530.5		1
530.6		1
530.7		1
530.8		1
530.9		1
531		1
531.1		1
531.2		1
531.3		1
531.4		1
531.5		1
531.6		1
531.7		1
531.8		1
531.9		1
532		1
532.1		1
532.2		1
532.3		1
532.4		1
532.5		1
532.6		1
532.7		1
532.8		1
532.9		1
533		1
533.1		1
533.2		1
533.3		1
533.4		1
533.5		1
533.6		1
533.7		1
533.8		1
533.9		1
534		1
534.1		1
534.2		1
534.3		1
534.4		1
534.5		1
534.6		1
534.7		1
534.8		1
534.9		1
535		1
535.1		1
535.2		1
535.3		1
535.4		1
535.5		1
535.6		1
535.7		1
535.8		1
535.9		1
536		1
536.1		1
536.2		1
536.3		1
536.4		1
536.5		1
536.6		1
536.7		1
536.8		1
536.9		1
537		1
537.1		1
537.2		1
537.3		1
537.4		1
537.5		1
537.6		1
537.7		1
537.8		1
537.9		1
538		1
538.1		1
538.2		1
538.3		1
538.4		1
538.5		1
538.6		1
538.7		1
538.8		1
538.9		1
539		1
539.1		1
539.2		1
539.3		1
539.4		1
539.5		1
539.6		1
539.7		1
539.8		1
539.9		1
540		1
540.1		1
540.2		1
540.3		1
540.4		1
540.5		1
540.6		1
540.7		1
540.8		1
540.9		1
541		1
541.1		1
541.2		1
541.3		1
541.4		1
541.5		1
541.6		1
541.7		1
541.8		1
541.9		1
542		1
542.1		1
542.2		1
542.3		1
542.4		1
542.5		1
542.6		1
542.7		1
542.8		1
542.9		1
543		1
543.1		1
543.2		1
543.3		1
543.4		1
543.5		1
543.6		1
543.7		1
543.8		1
543.9		1
544		1
544.1		1
544.2		1
544.3		1
544.4		1
544.5		1
544.6		1
544.7		1
544.8		1
544.9		1
545		1
545.1		1
545.2		1
545.3		1
545.4		1
545.5		1
545.6		1
545.7		1
545.8		1
545.9		1
546		1
546.1		1
546.2		1
546.3		1
546.4		1
546.5		1
546.6		1
546.7		1
546.8		1
546.9		1
547		1
547.1		1
547.2		1
547.3		1
547.4		1
547.5		1
547.6		1
547.7		1
547.8		1
547.9		1
548		1
548.1		1
548.2		1
548.3		1
548.4		1
548.5		1
548.6		1
548.7		1
548.8		1
548.9		1
549		1
549.1		1
549.2		1
549.3		1
549.4		1
549.5		1
549.6		1
549.7		1
549.8		1
549.9		1
550		1
550.1		1
550.2		1
550.3		1
550.4		1
550.5		1
550.6		1
550.7		1
550.8		1
550.9		1
551		1
551.1		1
551.2		1
551.3		1
551.4		1
551.5		1
551.6		1
551.7		1
551.8		1
551.9		1
552		1
552.1		1
552.2		1
552.3		1
552.4		1
552.5		1
552.6		1
552.7		1
552.8		1
552.9		1
553		1
553.1		1
553.2		1
553.3		1
553.4		1
553.5		1
553.6		1
553.7		1
553.8		1
553.9		1
554		1
554.1		1
554.2		1
554.3		1
554.4		1
554.5		1
554.6		1
554.7		1
554.8		1
554.9		1
555		1
555.1		1
555.2		1
555.3		1
555.4		1
555.5		1
555.6		1
555.7		1
555.8		1
555.9		1
556		1
556.1		1
556.2		1
556.3		1
556.4		1
556.5		1
556.6		1
556.7		1
556.8		1
556.9		1
557		1
557.1		1
557.2		1
557.3		1
557.4		1
557.5		1
557.6		1
557.7		1
557.8		1
557.9		1
558		1
558.1		1
558.2		1
558.3		1
558.4		1
558.5		1
558.6		1
558.7		1
558.8		1
558.9		1
559		1
559.1		1
559.2		1
559.3		1
559.4		1
559.5		1
559.6		1
559.7		1
559.8		1
559.9		1
560		1
560.1		1
560.2		1
560.3		1
560.4		1
560.5		1
560.6		1
560.7		1
560.8		1
560.9		1
561		1
561.1		1
561.2		1
561.3		1
561.4		1
561.5		1
561.6		1
561.7		1
561.8		1
561.9		1
562		1
562.1		1
562.2		1
562.3		1
562.4		1
562.5		1
562.6		1
562.7		1
562.8		1
562.9		1
563		1
563.1		1
563.2		1
563.3		1
563.4		1
563.5		1
563.6		1
563.7		1
563.8		1
563.9		1
564		1
564.1		1
564.2		1
564.3		1
564.4		1
564.5		1
564.6		1
564.7		1
564.8		1
564.9		1
565		1
565.1		1
565.2		1
565.3		1
565.4		1
565.5		1
565.6		1
565.7		1
565.8		1
565.9		1
566		1
566.1		1
566.2		1
566.3		1
566.4		1
566.5		1
566.6		1
566.7		1
566.8		1
566.9		1
567		1
567.1		1
567.2		1
567.3		1
567.4		1
567.5		1
567.6		1
567.7		1
567.8		1
567.9		1
568		1
568.1		1
568.2		1
568.3		1
568.4		1
568.5		1
568.6		1
568.7		1
568.8		1
568.9		1
569		1
569.1		1
569.2		1
569.3		1
569.4		1
569.5		1
569.6		1
569.7		1
569.8		1
569.9		1
570		1
570.1		1
570.2		1
570.3		1
570.4		1
570.5		1
570.6		1
570.7		1
570.8		1
570.9		1
571		1
571.1		1
571.2		1
571.3		1
571.4		1
571.5		1
571.6		1
571.7		1
571.8		1
571.9		1
572		1
572.1		1
572.2		1
572.3		1
572.4		1
572.5		1
572.6		1
572.7		1
572.8		1
572.9		1
573		1
573.1		1
573.2		1
573.3		1
573.4		1
573.5		1
573.6		1
573.7		1
573.8		1
573.9		1
574		1
574.1		1
574.2		1
574.3		1
574.4		1
574.5		1
574.6		1
574.7		1
574.8		1
574.9		1
575		1
575.1		1
575.2		1
575.3		1
575.4		1
575.5		1
575.6		1
575.7		1
575.8		1
575.9		1
576		1
576.1		1
576.2		1
576.3		1
576.4		1
576.5		1
576.6		1
576.7		1
576.8		1
576.9		1
577		1
577.1		1
577.2		1
577.3		1
577.4		1
577.5		1
577.6		1
577.7		1
577.8		1
577.9		1
578		1
578.1		1
578.2		1
578.3		1
578.4		1
578.5		1
578.6		1
578.7		1
578.8		1
578.9		1
579		1
579.1		1
579.2		1
579.3		1
579.4		1
579.5		1
579.6		1
579.7		1
579.8		1
579.9		1
580		1
580.1		1
580.2		1
580.3		1
580.4		1
580.5		1
580.6		1
580.7		1
580.8		1
580.9		1
581		1
581.1		1
581.2		1
581.3		1
581.4		1
581.5		1
581.6		1
581.7		1
581.8		1
581.9		1
582		1
582.1		1
582.2		1
582.3		1
582.4		1
582.5		1
582.6		1
582.7		1
582.8		1
582.9		1
583		1
583.1		1
583.2		1
583.3		1
583.4		1
583.5		1
583.6		1
583.7		1
583.8		1
583.9		1
584		1
584.1		1
584.2		1
584.3		1
584.4		1
584.5		1
584.6		1
584.7		1
584.8		1
584.9		1
585		1
585.1		1
585.2		1
585.3		1
585.4		1
585.5		1
585.6		1
585.7		1
585.8		1
585.9		1
586		1
586.1		1
586.2		1
586.3		1
586.4		1
586.5		1
586.6		1
586.7		1
586.8		1
586.9		1
587		1
587.1		1
587.2		1
587.3		1
587.4		1
587.5		1
587.6		1
587.7		1
587.8		1
587.9		1
588		1
588.1		1
588.2		1
588.3		1
588.4		1
588.5		1
588.6		1
588.7		1
588.8		1
588.9		1
589		1
589.1		1
589.2		1
589.3		1
589.4		1
589.5		1
589.6		1
589.7		1
589.8		1
589.9		1
590		1
590.1		1
590.2		1
590.3		1
590.4		1
590.5		1
590.6		1
590.7		1
590.8		1
590.9		1
591		1
591.1		1
591.2		1
591.3		1
591.4		1
591.5		1
591.6		1
591.7		1
591.8		1
591.9		1
592		1
592.1		1
592.2		1
592.3		1
592.4		1
592.5		1
592.6		1
592.7		1
592.8		1
592.9		1
593		1
593.1		1
593.2		1
593.3		1
593.4		1
593.5		1
593.6		1
593.7		1
593.8		1
593.9		1
594		1
594.1		1
594.2		1
594.3		1
594.4		1
594.5		1
594.6		1
594.7		1
594.8		1
594.9		1
595		1
595.1		1
595.2		1
595.3		1
595.4		1
595.5		1
595.6		1
595.7		1
595.8		1
595.9		1
596		1
596.1		1
596.2		1
596.3		1
596.4		1
596.5		1
596.6		1
596.7		1
596.8		1
596.9		1
597		1
597.1		1
597.2		1
597.3		1
597.4		1
597.5		1
597.6		1
597.7		1
597.8		1
597.9		1
598		1
598.1		1
598.2		1
598.3		1
598.4		1
598.5		1
598.6		1
598.7		1
598.8		1
598.9		1
599		1
599.1		1
599.2		1
599.3		1
599.4		1
599.5		1
599.6		1
599.7		1
599.8		1
599.9		1
600		1
