# Calibration file of tamex_id 1 @ channel 3
# fine_T bin		 Calibration value
0.1		0
0.2		0
0.3		0
0.4		0
0.5		0
0.6		0
0.7		0
0.8		0
0.9		0
1		0
1.1		0
1.2		0
1.3		0
1.4		0
1.5		0
1.6		0
1.7		0
1.8		0
1.9		0
2		0
2.1		0
2.2		0
2.3		0
2.4		0
2.5		0
2.6		0
2.7		0
2.8		0
2.9		0
3		0
3.1		0
3.2		0
3.3		0
3.4		0
3.5		0
3.6		0
3.7		0
3.8		0
3.9		0
4		0
4.1		0
4.2		0
4.3		0
4.4		0
4.5		0
4.6		0
4.7		0
4.8		0
4.9		0
5		0
5.1		0
5.2		0
5.3		0
5.4		0
5.5		0
5.6		0
5.7		0
5.8		0
5.9		0
6		0
6.1		0
6.2		0
6.3		0
6.4		0
6.5		0
6.6		0
6.7		0
6.8		0
6.9		0
7		0
7.1		0
7.2		0
7.3		0
7.4		0
7.5		0
7.6		0
7.7		0
7.8		0
7.9		0
8		0
8.1		0
8.2		0
8.3		0
8.4		0
8.5		0
8.6		0
8.7		0
8.8		0
8.9		0
9		0
9.1		0
9.2		0
9.3		0
9.4		0
9.5		0
9.6		0
9.7		0
9.8		0
9.9		0
10		0
10.1		0
10.2		0
10.3		0
10.4		0
10.5		0
10.6		0
10.7		0
10.8		0
10.9		0
11		0
11.1		0
11.2		0
11.3		0
11.4		0
11.5		0
11.6		0
11.7		0
11.8		0
11.9		0
12		0
12.1		0
12.2		0
12.3		0
12.4		0
12.5		0
12.6		0
12.7		0
12.8		0
12.9		0
13		0
13.1		0
13.2		0
13.3		0
13.4		0
13.5		0
13.6		0
13.7		0
13.8		0
13.9		0
14		0
14.1		0
14.2		0
14.3		0
14.4		0
14.5		0
14.6		0
14.7		0
14.8		0
14.9		0
15		0
15.1		0
15.2		0
15.3		0
15.4		0
15.5		0
15.6		0
15.7		0
15.8		0
15.9		0
16		0
16.1		0.00340832
16.2		0.00340832
16.3		0.00340832
16.4		0.00340832
16.5		0.00340832
16.6		0.00340832
16.7		0.00340832
16.8		0.00340832
16.9		0.00340832
17		0.00340832
17.1		0.00522608
17.2		0.00522608
17.3		0.00522608
17.4		0.00522608
17.5		0.00522608
17.6		0.00522608
17.7		0.00522608
17.8		0.00522608
17.9		0.00522608
18		0.00522608
18.1		0.00715746
18.2		0.00715746
18.3		0.00715746
18.4		0.00715746
18.5		0.00715746
18.6		0.00715746
18.7		0.00715746
18.8		0.00715746
18.9		0.00715746
19		0.00715746
19.1		0.00795274
19.2		0.00795274
19.3		0.00795274
19.4		0.00795274
19.5		0.00795274
19.6		0.00795274
19.7		0.00795274
19.8		0.00795274
19.9		0.00795274
20		0.00795274
20.1		0.0142771
20.2		0.0142771
20.3		0.0142771
20.4		0.0142771
20.5		0.0142771
20.6		0.0142771
20.7		0.0142771
20.8		0.0142771
20.9		0.0142771
21		0.0142771
21.1		0.0147315
21.2		0.0147315
21.3		0.0147315
21.4		0.0147315
21.5		0.0147315
21.6		0.0147315
21.7		0.0147315
21.8		0.0147315
21.9		0.0147315
22		0.0147315
22.1		0.0175718
22.2		0.0175718
22.3		0.0175718
22.4		0.0175718
22.5		0.0175718
22.6		0.0175718
22.7		0.0175718
22.8		0.0175718
22.9		0.0175718
23		0.0175718
23.1		0.0177611
23.2		0.0177611
23.3		0.0177611
23.4		0.0177611
23.5		0.0177611
23.6		0.0177611
23.7		0.0177611
23.8		0.0177611
23.9		0.0177611
24		0.0177611
24.1		0.0189351
24.2		0.0189351
24.3		0.0189351
24.4		0.0189351
24.5		0.0189351
24.6		0.0189351
24.7		0.0189351
24.8		0.0189351
24.9		0.0189351
25		0.0189351
25.1		0.0250322
25.2		0.0250322
25.3		0.0250322
25.4		0.0250322
25.5		0.0250322
25.6		0.0250322
25.7		0.0250322
25.8		0.0250322
25.9		0.0250322
26		0.0250322
26.1		0.0255245
26.2		0.0255245
26.3		0.0255245
26.4		0.0255245
26.5		0.0255245
26.6		0.0255245
26.7		0.0255245
26.8		0.0255245
26.9		0.0255245
27		0.0255245
27.1		0.0269636
27.2		0.0269636
27.3		0.0269636
27.4		0.0269636
27.5		0.0269636
27.6		0.0269636
27.7		0.0269636
27.8		0.0269636
27.9		0.0269636
28		0.0269636
28.1		0.0274559
28.2		0.0274559
28.3		0.0274559
28.4		0.0274559
28.5		0.0274559
28.6		0.0274559
28.7		0.0274559
28.8		0.0274559
28.9		0.0274559
29		0.0274559
29.1		0.0286677
29.2		0.0286677
29.3		0.0286677
29.4		0.0286677
29.5		0.0286677
29.6		0.0286677
29.7		0.0286677
29.8		0.0286677
29.9		0.0286677
30		0.0286677
30.1		0.0324547
30.2		0.0324547
30.3		0.0324547
30.4		0.0324547
30.5		0.0324547
30.6		0.0324547
30.7		0.0324547
30.8		0.0324547
30.9		0.0324547
31		0.0324547
31.1		0.0348406
31.2		0.0348406
31.3		0.0348406
31.4		0.0348406
31.5		0.0348406
31.6		0.0348406
31.7		0.0348406
31.8		0.0348406
31.9		0.0348406
32		0.0348406
32.1		0.0362039
32.2		0.0362039
32.3		0.0362039
32.4		0.0362039
32.5		0.0362039
32.6		0.0362039
32.7		0.0362039
32.8		0.0362039
32.9		0.0362039
33		0.0362039
33.1		0.0363554
33.2		0.0363554
33.3		0.0363554
33.4		0.0363554
33.5		0.0363554
33.6		0.0363554
33.7		0.0363554
33.8		0.0363554
33.9		0.0363554
34		0.0363554
34.1		0.0418466
34.2		0.0418466
34.3		0.0418466
34.4		0.0418466
34.5		0.0418466
34.6		0.0418466
34.7		0.0418466
34.8		0.0418466
34.9		0.0418466
35		0.0418466
35.1		0.041998
35.2		0.041998
35.3		0.041998
35.4		0.041998
35.5		0.041998
35.6		0.041998
35.7		0.041998
35.8		0.041998
35.9		0.041998
36		0.041998
36.1		0.0429069
36.2		0.0429069
36.3		0.0429069
36.4		0.0429069
36.5		0.0429069
36.6		0.0429069
36.7		0.0429069
36.8		0.0429069
36.9		0.0429069
37		0.0429069
37.1		0.0441945
37.2		0.0441945
37.3		0.0441945
37.4		0.0441945
37.5		0.0441945
37.6		0.0441945
37.7		0.0441945
37.8		0.0441945
37.9		0.0441945
38		0.0441945
38.1		0.0472999
38.2		0.0472999
38.3		0.0472999
38.4		0.0472999
38.5		0.0472999
38.6		0.0472999
38.7		0.0472999
38.8		0.0472999
38.9		0.0472999
39		0.0472999
39.1		0.0488525
39.2		0.0488525
39.3		0.0488525
39.4		0.0488525
39.5		0.0488525
39.6		0.0488525
39.7		0.0488525
39.8		0.0488525
39.9		0.0488525
40		0.0488525
40.1		0.0520336
40.2		0.0520336
40.3		0.0520336
40.4		0.0520336
40.5		0.0520336
40.6		0.0520336
40.7		0.0520336
40.8		0.0520336
40.9		0.0520336
41		0.0520336
41.1		0.0529046
41.2		0.0529046
41.3		0.0529046
41.4		0.0529046
41.5		0.0529046
41.6		0.0529046
41.7		0.0529046
41.8		0.0529046
41.9		0.0529046
42		0.0529046
42.1		0.0558585
42.2		0.0558585
42.3		0.0558585
42.4		0.0558585
42.5		0.0558585
42.6		0.0558585
42.7		0.0558585
42.8		0.0558585
42.9		0.0558585
43		0.0558585
43.1		0.0560479
43.2		0.0560479
43.3		0.0560479
43.4		0.0560479
43.5		0.0560479
43.6		0.0560479
43.7		0.0560479
43.8		0.0560479
43.9		0.0560479
44		0.0560479
44.1		0.0584716
44.2		0.0584716
44.3		0.0584716
44.4		0.0584716
44.5		0.0584716
44.6		0.0584716
44.7		0.0584716
44.8		0.0584716
44.9		0.0584716
45		0.0584716
45.1		0.0594183
45.2		0.0594183
45.3		0.0594183
45.4		0.0594183
45.5		0.0594183
45.6		0.0594183
45.7		0.0594183
45.8		0.0594183
45.9		0.0594183
46		0.0594183
46.1		0.0642278
46.2		0.0642278
46.3		0.0642278
46.4		0.0642278
46.5		0.0642278
46.6		0.0642278
46.7		0.0642278
46.8		0.0642278
46.9		0.0642278
47		0.0642278
47.1		0.0648337
47.2		0.0648337
47.3		0.0648337
47.4		0.0648337
47.5		0.0648337
47.6		0.0648337
47.7		0.0648337
47.8		0.0648337
47.9		0.0648337
48		0.0648337
48.1		0.0677119
48.2		0.0677119
48.3		0.0677119
48.4		0.0677119
48.5		0.0677119
48.6		0.0677119
48.7		0.0677119
48.8		0.0677119
48.9		0.0677119
49		0.0677119
49.1		0.0696433
49.2		0.0696433
49.3		0.0696433
49.4		0.0696433
49.5		0.0696433
49.6		0.0696433
49.7		0.0696433
49.8		0.0696433
49.9		0.0696433
50		0.0696433
50.1		0.0700977
50.2		0.0700977
50.3		0.0700977
50.4		0.0700977
50.5		0.0700977
50.6		0.0700977
50.7		0.0700977
50.8		0.0700977
50.9		0.0700977
51		0.0700977
51.1		0.0721806
51.2		0.0721806
51.3		0.0721806
51.4		0.0721806
51.5		0.0721806
51.6		0.0721806
51.7		0.0721806
51.8		0.0721806
51.9		0.0721806
52		0.0721806
52.1		0.0760055
52.2		0.0760055
52.3		0.0760055
52.4		0.0760055
52.5		0.0760055
52.6		0.0760055
52.7		0.0760055
52.8		0.0760055
52.9		0.0760055
53		0.0760055
53.1		0.0771037
53.2		0.0771037
53.3		0.0771037
53.4		0.0771037
53.5		0.0771037
53.6		0.0771037
53.7		0.0771037
53.8		0.0771037
53.9		0.0771037
54		0.0771037
54.1		0.080512
54.2		0.080512
54.3		0.080512
54.4		0.080512
54.5		0.080512
54.6		0.080512
54.7		0.080512
54.8		0.080512
54.9		0.080512
55		0.080512
55.1		0.082557
55.2		0.082557
55.3		0.082557
55.4		0.082557
55.5		0.082557
55.6		0.082557
55.7		0.082557
55.8		0.082557
55.9		0.082557
56		0.082557
56.1		0.0830114
56.2		0.0830114
56.3		0.0830114
56.4		0.0830114
56.5		0.0830114
56.6		0.0830114
56.7		0.0830114
56.8		0.0830114
56.9		0.0830114
57		0.0830114
57.1		0.0839203
57.2		0.0839203
57.3		0.0839203
57.4		0.0839203
57.5		0.0839203
57.6		0.0839203
57.7		0.0839203
57.8		0.0839203
57.9		0.0839203
58		0.0839203
58.1		0.0879724
58.2		0.0879724
58.3		0.0879724
58.4		0.0879724
58.5		0.0879724
58.6		0.0879724
58.7		0.0879724
58.8		0.0879724
58.9		0.0879724
59		0.0879724
59.1		0.0911157
59.2		0.0911157
59.3		0.0911157
59.4		0.0911157
59.5		0.0911157
59.6		0.0911157
59.7		0.0911157
59.8		0.0911157
59.9		0.0911157
60		0.0911157
60.1		0.0925926
60.2		0.0925926
60.3		0.0925926
60.4		0.0925926
60.5		0.0925926
60.6		0.0925926
60.7		0.0925926
60.8		0.0925926
60.9		0.0925926
61		0.0925926
61.1		0.094221
61.2		0.094221
61.3		0.094221
61.4		0.094221
61.5		0.094221
61.6		0.094221
61.7		0.094221
61.8		0.094221
61.9		0.094221
62		0.094221
62.1		0.0943346
62.2		0.0943346
62.3		0.0943346
62.4		0.0943346
62.5		0.0943346
62.6		0.0943346
62.7		0.0943346
62.8		0.0943346
62.9		0.0943346
63		0.0943346
63.1		0.0977429
63.2		0.0977429
63.3		0.0977429
63.4		0.0977429
63.5		0.0977429
63.6		0.0977429
63.7		0.0977429
63.8		0.0977429
63.9		0.0977429
64		0.0977429
64.1		0.0985761
64.2		0.0985761
64.3		0.0985761
64.4		0.0985761
64.5		0.0985761
64.6		0.0985761
64.7		0.0985761
64.8		0.0985761
64.9		0.0985761
65		0.0985761
65.1		0.103764
65.2		0.103764
65.3		0.103764
65.4		0.103764
65.5		0.103764
65.6		0.103764
65.7		0.103764
65.8		0.103764
65.9		0.103764
66		0.103764
66.1		0.104825
66.2		0.104825
66.3		0.104825
66.4		0.104825
66.5		0.104825
66.6		0.104825
66.7		0.104825
66.8		0.104825
66.9		0.104825
67		0.104825
67.1		0.105544
67.2		0.105544
67.3		0.105544
67.4		0.105544
67.5		0.105544
67.6		0.105544
67.7		0.105544
67.8		0.105544
67.9		0.105544
68		0.105544
68.1		0.108384
68.2		0.108384
68.3		0.108384
68.4		0.108384
68.5		0.108384
68.6		0.108384
68.7		0.108384
68.8		0.108384
68.9		0.108384
69		0.108384
69.1		0.108839
69.2		0.108839
69.3		0.108839
69.4		0.108839
69.5		0.108839
69.6		0.108839
69.7		0.108839
69.8		0.108839
69.9		0.108839
70		0.108839
70.1		0.111566
70.2		0.111566
70.3		0.111566
70.4		0.111566
70.5		0.111566
70.6		0.111566
70.7		0.111566
70.8		0.111566
70.9		0.111566
71		0.111566
71.1		0.114709
71.2		0.114709
71.3		0.114709
71.4		0.114709
71.5		0.114709
71.6		0.114709
71.7		0.114709
71.8		0.114709
71.9		0.114709
72		0.114709
72.1		0.115542
72.2		0.115542
72.3		0.115542
72.4		0.115542
72.5		0.115542
72.6		0.115542
72.7		0.115542
72.8		0.115542
72.9		0.115542
73		0.115542
73.1		0.117928
73.2		0.117928
73.3		0.117928
73.4		0.117928
73.5		0.117928
73.6		0.117928
73.7		0.117928
73.8		0.117928
73.9		0.117928
74		0.117928
74.1		0.118382
74.2		0.118382
74.3		0.118382
74.4		0.118382
74.5		0.118382
74.6		0.118382
74.7		0.118382
74.8		0.118382
74.9		0.118382
75		0.118382
75.1		0.120844
75.2		0.120844
75.3		0.120844
75.4		0.120844
75.5		0.120844
75.6		0.120844
75.7		0.120844
75.8		0.120844
75.9		0.120844
76		0.120844
76.1		0.123154
76.2		0.123154
76.3		0.123154
76.4		0.123154
76.5		0.123154
76.6		0.123154
76.7		0.123154
76.8		0.123154
76.9		0.123154
77		0.123154
77.1		0.125275
77.2		0.125275
77.3		0.125275
77.4		0.125275
77.5		0.125275
77.6		0.125275
77.7		0.125275
77.8		0.125275
77.9		0.125275
78		0.125275
78.1		0.127244
78.2		0.127244
78.3		0.127244
78.4		0.127244
78.5		0.127244
78.6		0.127244
78.7		0.127244
78.8		0.127244
78.9		0.127244
79		0.127244
79.1		0.129554
79.2		0.129554
79.3		0.129554
79.4		0.129554
79.5		0.129554
79.6		0.129554
79.7		0.129554
79.8		0.129554
79.9		0.129554
80		0.129554
80.1		0.134591
80.2		0.134591
80.3		0.134591
80.4		0.134591
80.5		0.134591
80.6		0.134591
80.7		0.134591
80.8		0.134591
80.9		0.134591
81		0.134591
81.1		0.134704
81.2		0.134704
81.3		0.134704
81.4		0.134704
81.5		0.134704
81.6		0.134704
81.7		0.134704
81.8		0.134704
81.9		0.134704
82		0.134704
82.1		0.135802
82.2		0.135802
82.3		0.135802
82.4		0.135802
82.5		0.135802
82.6		0.135802
82.7		0.135802
82.8		0.135802
82.9		0.135802
83		0.135802
83.1		0.136105
83.2		0.136105
83.3		0.136105
83.4		0.136105
83.5		0.136105
83.6		0.136105
83.7		0.136105
83.8		0.136105
83.9		0.136105
84		0.136105
84.1		0.140271
84.2		0.140271
84.3		0.140271
84.4		0.140271
84.5		0.140271
84.6		0.140271
84.7		0.140271
84.8		0.140271
84.9		0.140271
85		0.140271
85.1		0.142695
85.2		0.142695
85.3		0.142695
85.4		0.142695
85.5		0.142695
85.6		0.142695
85.7		0.142695
85.8		0.142695
85.9		0.142695
86		0.142695
86.1		0.142922
86.2		0.142922
86.3		0.142922
86.4		0.142922
86.5		0.142922
86.6		0.142922
86.7		0.142922
86.8		0.142922
86.9		0.142922
87		0.142922
87.1		0.145421
87.2		0.145421
87.3		0.145421
87.4		0.145421
87.5		0.145421
87.6		0.145421
87.7		0.145421
87.8		0.145421
87.9		0.145421
88		0.145421
88.1		0.148451
88.2		0.148451
88.3		0.148451
88.4		0.148451
88.5		0.148451
88.6		0.148451
88.7		0.148451
88.8		0.148451
88.9		0.148451
89		0.148451
89.1		0.149701
89.2		0.149701
89.3		0.149701
89.4		0.149701
89.5		0.149701
89.6		0.149701
89.7		0.149701
89.8		0.149701
89.9		0.149701
90		0.149701
90.1		0.150193
90.2		0.150193
90.3		0.150193
90.4		0.150193
90.5		0.150193
90.6		0.150193
90.7		0.150193
90.8		0.150193
90.9		0.150193
91		0.150193
91.1		0.154321
91.2		0.154321
91.3		0.154321
91.4		0.154321
91.5		0.154321
91.6		0.154321
91.7		0.154321
91.8		0.154321
91.9		0.154321
92		0.154321
92.1		0.156745
92.2		0.156745
92.3		0.156745
92.4		0.156745
92.5		0.156745
92.6		0.156745
92.7		0.156745
92.8		0.156745
92.9		0.156745
93		0.156745
93.1		0.159358
93.2		0.159358
93.3		0.159358
93.4		0.159358
93.5		0.159358
93.6		0.159358
93.7		0.159358
93.8		0.159358
93.9		0.159358
94		0.159358
94.1		0.159812
94.2		0.159812
94.3		0.159812
94.4		0.159812
94.5		0.159812
94.6		0.159812
94.7		0.159812
94.8		0.159812
94.9		0.159812
95		0.159812
95.1		0.161024
95.2		0.161024
95.3		0.161024
95.4		0.161024
95.5		0.161024
95.6		0.161024
95.7		0.161024
95.8		0.161024
95.9		0.161024
96		0.161024
96.1		0.164887
96.2		0.164887
96.3		0.164887
96.4		0.164887
96.5		0.164887
96.6		0.164887
96.7		0.164887
96.8		0.164887
96.9		0.164887
97		0.164887
97.1		0.169507
97.2		0.169507
97.3		0.169507
97.4		0.169507
97.5		0.169507
97.6		0.169507
97.7		0.169507
97.8		0.169507
97.9		0.169507
98		0.169507
98.1		0.169999
98.2		0.169999
98.3		0.169999
98.4		0.169999
98.5		0.169999
98.6		0.169999
98.7		0.169999
98.8		0.169999
98.9		0.169999
99		0.169999
99.1		0.171817
99.2		0.171817
99.3		0.171817
99.4		0.171817
99.5		0.171817
99.6		0.171817
99.7		0.171817
99.8		0.171817
99.9		0.171817
100		0.171817
100.1		0.173105
100.2		0.173105
100.3		0.173105
100.4		0.173105
100.5		0.173105
100.6		0.173105
100.7		0.173105
100.8		0.173105
100.9		0.173105
101		0.173105
101.1		0.174582
101.2		0.174582
101.3		0.174582
101.4		0.174582
101.5		0.174582
101.6		0.174582
101.7		0.174582
101.8		0.174582
101.9		0.174582
102		0.174582
102.1		0.176929
102.2		0.176929
102.3		0.176929
102.4		0.176929
102.5		0.176929
102.6		0.176929
102.7		0.176929
102.8		0.176929
102.9		0.176929
103		0.176929
103.1		0.179391
103.2		0.179391
103.3		0.179391
103.4		0.179391
103.5		0.179391
103.6		0.179391
103.7		0.179391
103.8		0.179391
103.9		0.179391
104		0.179391
104.1		0.181285
104.2		0.181285
104.3		0.181285
104.4		0.181285
104.5		0.181285
104.6		0.181285
104.7		0.181285
104.8		0.181285
104.9		0.181285
105		0.181285
105.1		0.183367
105.2		0.183367
105.3		0.183367
105.4		0.183367
105.5		0.183367
105.6		0.183367
105.7		0.183367
105.8		0.183367
105.9		0.183367
106		0.183367
106.1		0.18723
106.2		0.18723
106.3		0.18723
106.4		0.18723
106.5		0.18723
106.6		0.18723
106.7		0.18723
106.8		0.18723
106.9		0.18723
107		0.18723
107.1		0.187685
107.2		0.187685
107.3		0.187685
107.4		0.187685
107.5		0.187685
107.6		0.187685
107.7		0.187685
107.8		0.187685
107.9		0.187685
108		0.187685
108.1		0.188669
108.2		0.188669
108.3		0.188669
108.4		0.188669
108.5		0.188669
108.6		0.188669
108.7		0.188669
108.8		0.188669
108.9		0.188669
109		0.188669
109.1		0.190298
109.2		0.190298
109.3		0.190298
109.4		0.190298
109.5		0.190298
109.6		0.190298
109.7		0.190298
109.8		0.190298
109.9		0.190298
110		0.190298
110.1		0.196319
110.2		0.196319
110.3		0.196319
110.4		0.196319
110.5		0.196319
110.6		0.196319
110.7		0.196319
110.8		0.196319
110.9		0.196319
111		0.196319
111.1		0.197114
111.2		0.197114
111.3		0.197114
111.4		0.197114
111.5		0.197114
111.6		0.197114
111.7		0.197114
111.8		0.197114
111.9		0.197114
112		0.197114
112.1		0.197455
112.2		0.197455
112.3		0.197455
112.4		0.197455
112.5		0.197455
112.6		0.197455
112.7		0.197455
112.8		0.197455
112.9		0.197455
113		0.197455
113.1		0.197531
113.2		0.197531
113.3		0.197531
113.4		0.197531
113.5		0.197531
113.6		0.197531
113.7		0.197531
113.8		0.197531
113.9		0.197531
114		0.197531
114.1		0.202151
114.2		0.202151
114.3		0.202151
114.4		0.202151
114.5		0.202151
114.6		0.202151
114.7		0.202151
114.8		0.202151
114.9		0.202151
115		0.202151
115.1		0.204916
115.2		0.204916
115.3		0.204916
115.4		0.204916
115.5		0.204916
115.6		0.204916
115.7		0.204916
115.8		0.204916
115.9		0.204916
116		0.204916
116.1		0.205559
116.2		0.205559
116.3		0.205559
116.4		0.205559
116.5		0.205559
116.6		0.205559
116.7		0.205559
116.8		0.205559
116.9		0.205559
117		0.205559
117.1		0.206998
117.2		0.206998
117.3		0.206998
117.4		0.206998
117.5		0.206998
117.6		0.206998
117.7		0.206998
117.8		0.206998
117.9		0.206998
118		0.206998
118.1		0.207529
118.2		0.207529
118.3		0.207529
118.4		0.207529
118.5		0.207529
118.6		0.207529
118.7		0.207529
118.8		0.207529
118.9		0.207529
119		0.207529
119.1		0.2123
119.2		0.2123
119.3		0.2123
119.4		0.2123
119.5		0.2123
119.6		0.2123
119.7		0.2123
119.8		0.2123
119.9		0.2123
120		0.2123
120.1		0.213739
120.2		0.213739
120.3		0.213739
120.4		0.213739
120.5		0.213739
120.6		0.213739
120.7		0.213739
120.8		0.213739
120.9		0.213739
121		0.213739
121.1		0.213853
121.2		0.213853
121.3		0.213853
121.4		0.213853
121.5		0.213853
121.6		0.213853
121.7		0.213853
121.8		0.213853
121.9		0.213853
122		0.213853
122.1		0.216883
122.2		0.216883
122.3		0.216883
122.4		0.216883
122.5		0.216883
122.6		0.216883
122.7		0.216883
122.8		0.216883
122.9		0.216883
123		0.216883
123.1		0.218057
123.2		0.218057
123.3		0.218057
123.4		0.218057
123.5		0.218057
123.6		0.218057
123.7		0.218057
123.8		0.218057
123.9		0.218057
124		0.218057
124.1		0.223017
124.2		0.223017
124.3		0.223017
124.4		0.223017
124.5		0.223017
124.6		0.223017
124.7		0.223017
124.8		0.223017
124.9		0.223017
125		0.223017
125.1		0.224078
125.2		0.224078
125.3		0.224078
125.4		0.224078
125.5		0.224078
125.6		0.224078
125.7		0.224078
125.8		0.224078
125.9		0.224078
126		0.224078
126.1		0.225214
126.2		0.225214
126.3		0.225214
126.4		0.225214
126.5		0.225214
126.6		0.225214
126.7		0.225214
126.8		0.225214
126.9		0.225214
127		0.225214
127.1		0.227713
127.2		0.227713
127.3		0.227713
127.4		0.227713
127.5		0.227713
127.6		0.227713
127.7		0.227713
127.8		0.227713
127.9		0.227713
128		0.227713
128.1		0.230251
128.2		0.230251
128.3		0.230251
128.4		0.230251
128.5		0.230251
128.6		0.230251
128.7		0.230251
128.8		0.230251
128.9		0.230251
129		0.230251
129.1		0.231955
129.2		0.231955
129.3		0.231955
129.4		0.231955
129.5		0.231955
129.6		0.231955
129.7		0.231955
129.8		0.231955
129.9		0.231955
130		0.231955
130.1		0.233053
130.2		0.233053
130.3		0.233053
130.4		0.233053
130.5		0.233053
130.6		0.233053
130.7		0.233053
130.8		0.233053
130.9		0.233053
131		0.233053
131.1		0.234833
131.2		0.234833
131.3		0.234833
131.4		0.234833
131.5		0.234833
131.6		0.234833
131.7		0.234833
131.8		0.234833
131.9		0.234833
132		0.234833
132.1		0.2379
132.2		0.2379
132.3		0.2379
132.4		0.2379
132.5		0.2379
132.6		0.2379
132.7		0.2379
132.8		0.2379
132.9		0.2379
133		0.2379
133.1		0.23968
133.2		0.23968
133.3		0.23968
133.4		0.23968
133.5		0.23968
133.6		0.23968
133.7		0.23968
133.8		0.23968
133.9		0.23968
134		0.23968
134.1		0.240362
134.2		0.240362
134.3		0.240362
134.4		0.240362
134.5		0.240362
134.6		0.240362
134.7		0.240362
134.8		0.240362
134.9		0.240362
135		0.240362
135.1		0.241309
135.2		0.241309
135.3		0.241309
135.4		0.241309
135.5		0.241309
135.6		0.241309
135.7		0.241309
135.8		0.241309
135.9		0.241309
136		0.241309
136.1		0.246118
136.2		0.246118
136.3		0.246118
136.4		0.246118
136.5		0.246118
136.6		0.246118
136.7		0.246118
136.8		0.246118
136.9		0.246118
137		0.246118
137.1		0.247179
137.2		0.247179
137.3		0.247179
137.4		0.247179
137.5		0.247179
137.6		0.247179
137.7		0.247179
137.8		0.247179
137.9		0.247179
138		0.247179
138.1		0.248921
138.2		0.248921
138.3		0.248921
138.4		0.248921
138.5		0.248921
138.6		0.248921
138.7		0.248921
138.8		0.248921
138.9		0.248921
139		0.248921
139.1		0.249375
139.2		0.249375
139.3		0.249375
139.4		0.249375
139.5		0.249375
139.6		0.249375
139.7		0.249375
139.8		0.249375
139.9		0.249375
140		0.249375
140.1		0.252935
140.2		0.252935
140.3		0.252935
140.4		0.252935
140.5		0.252935
140.6		0.252935
140.7		0.252935
140.8		0.252935
140.9		0.252935
141		0.252935
141.1		0.254601
141.2		0.254601
141.3		0.254601
141.4		0.254601
141.5		0.254601
141.6		0.254601
141.7		0.254601
141.8		0.254601
141.9		0.254601
142		0.254601
142.1		0.254866
142.2		0.254866
142.3		0.254866
142.4		0.254866
142.5		0.254866
142.6		0.254866
142.7		0.254866
142.8		0.254866
142.9		0.254866
143		0.254866
143.1		0.25623
143.2		0.25623
143.3		0.25623
143.4		0.25623
143.5		0.25623
143.6		0.25623
143.7		0.25623
143.8		0.25623
143.9		0.25623
144		0.25623
144.1		0.26032
144.2		0.26032
144.3		0.26032
144.4		0.26032
144.5		0.26032
144.6		0.26032
144.7		0.26032
144.8		0.26032
144.9		0.26032
145		0.26032
145.1		0.263046
145.2		0.263046
145.3		0.263046
145.4		0.263046
145.5		0.263046
145.6		0.263046
145.7		0.263046
145.8		0.263046
145.9		0.263046
146		0.263046
146.1		0.263539
146.2		0.263539
146.3		0.263539
146.4		0.263539
146.5		0.263539
146.6		0.263539
146.7		0.263539
146.8		0.263539
146.9		0.263539
147		0.263539
147.1		0.266379
147.2		0.266379
147.3		0.266379
147.4		0.266379
147.5		0.266379
147.6		0.266379
147.7		0.266379
147.8		0.266379
147.9		0.266379
148		0.266379
148.1		0.269257
148.2		0.269257
148.3		0.269257
148.4		0.269257
148.5		0.269257
148.6		0.269257
148.7		0.269257
148.8		0.269257
148.9		0.269257
149		0.269257
149.1		0.271832
149.2		0.271832
149.3		0.271832
149.4		0.271832
149.5		0.271832
149.6		0.271832
149.7		0.271832
149.8		0.271832
149.9		0.271832
150		0.271832
150.1		0.272059
150.2		0.272059
150.3		0.272059
150.4		0.272059
150.5		0.272059
150.6		0.272059
150.7		0.272059
150.8		0.272059
150.9		0.272059
151		0.272059
151.1		0.274067
151.2		0.274067
151.3		0.274067
151.4		0.274067
151.5		0.274067
151.6		0.274067
151.7		0.274067
151.8		0.274067
151.9		0.274067
152		0.274067
152.1		0.275733
152.2		0.275733
152.3		0.275733
152.4		0.275733
152.5		0.275733
152.6		0.275733
152.7		0.275733
152.8		0.275733
152.9		0.275733
153		0.275733
153.1		0.27933
153.2		0.27933
153.3		0.27933
153.4		0.27933
153.5		0.27933
153.6		0.27933
153.7		0.27933
153.8		0.27933
153.9		0.27933
154		0.27933
154.1		0.28111
154.2		0.28111
154.3		0.28111
154.4		0.28111
154.5		0.28111
154.6		0.28111
154.7		0.28111
154.8		0.28111
154.9		0.28111
155		0.28111
155.1		0.282474
155.2		0.282474
155.3		0.282474
155.4		0.282474
155.5		0.282474
155.6		0.282474
155.7		0.282474
155.8		0.282474
155.9		0.282474
156		0.282474
156.1		0.286829
156.2		0.286829
156.3		0.286829
156.4		0.286829
156.5		0.286829
156.6		0.286829
156.7		0.286829
156.8		0.286829
156.9		0.286829
157		0.286829
157.1		0.28717
157.2		0.28717
157.3		0.28717
157.4		0.28717
157.5		0.28717
157.6		0.28717
157.7		0.28717
157.8		0.28717
157.9		0.28717
158		0.28717
158.1		0.290767
158.2		0.290767
158.3		0.290767
158.4		0.290767
158.5		0.290767
158.6		0.290767
158.7		0.290767
158.8		0.290767
158.9		0.290767
159		0.290767
159.1		0.291184
159.2		0.291184
159.3		0.291184
159.4		0.291184
159.5		0.291184
159.6		0.291184
159.7		0.291184
159.8		0.291184
159.9		0.291184
160		0.291184
160.1		0.291752
160.2		0.291752
160.3		0.291752
160.4		0.291752
160.5		0.291752
160.6		0.291752
160.7		0.291752
160.8		0.291752
160.9		0.291752
161		0.291752
161.1		0.294744
161.2		0.294744
161.3		0.294744
161.4		0.294744
161.5		0.294744
161.6		0.294744
161.7		0.294744
161.8		0.294744
161.9		0.294744
162		0.294744
162.1		0.29872
162.2		0.29872
162.3		0.29872
162.4		0.29872
162.5		0.29872
162.6		0.29872
162.7		0.29872
162.8		0.29872
162.9		0.29872
163		0.29872
163.1		0.300386
163.2		0.300386
163.3		0.300386
163.4		0.300386
163.5		0.300386
163.6		0.300386
163.7		0.300386
163.8		0.300386
163.9		0.300386
164		0.300386
164.1		0.302393
164.2		0.302393
164.3		0.302393
164.4		0.302393
164.5		0.302393
164.6		0.302393
164.7		0.302393
164.8		0.302393
164.9		0.302393
165		0.302393
165.1		0.30387
165.2		0.30387
165.3		0.30387
165.4		0.30387
165.5		0.30387
165.6		0.30387
165.7		0.30387
165.8		0.30387
165.9		0.30387
166		0.30387
166.1		0.30512
166.2		0.30512
166.3		0.30512
166.4		0.30512
166.5		0.30512
166.6		0.30512
166.7		0.30512
166.8		0.30512
166.9		0.30512
167		0.30512
167.1		0.308036
167.2		0.308036
167.3		0.308036
167.4		0.308036
167.5		0.308036
167.6		0.308036
167.7		0.308036
167.8		0.308036
167.9		0.308036
168		0.308036
168.1		0.308604
168.2		0.308604
168.3		0.308604
168.4		0.308604
168.5		0.308604
168.6		0.308604
168.7		0.308604
168.8		0.308604
168.9		0.308604
169		0.308604
169.1		0.312164
169.2		0.312164
169.3		0.312164
169.4		0.312164
169.5		0.312164
169.6		0.312164
169.7		0.312164
169.8		0.312164
169.9		0.312164
170		0.312164
170.1		0.317807
170.2		0.317807
170.3		0.317807
170.4		0.317807
170.5		0.317807
170.6		0.317807
170.7		0.317807
170.8		0.317807
170.9		0.317807
171		0.317807
171.1		0.318526
171.2		0.318526
171.3		0.318526
171.4		0.318526
171.5		0.318526
171.6		0.318526
171.7		0.318526
171.8		0.318526
171.9		0.318526
172		0.318526
172.1		0.319738
172.2		0.319738
172.3		0.319738
172.4		0.319738
172.5		0.319738
172.6		0.319738
172.7		0.319738
172.8		0.319738
172.9		0.319738
173		0.319738
173.1		0.321063
173.2		0.321063
173.3		0.321063
173.4		0.321063
173.5		0.321063
173.6		0.321063
173.7		0.321063
173.8		0.321063
173.9		0.321063
174		0.321063
174.1		0.322313
174.2		0.322313
174.3		0.322313
174.4		0.322313
174.5		0.322313
174.6		0.322313
174.7		0.322313
174.8		0.322313
174.9		0.322313
175		0.322313
175.1		0.329774
175.2		0.329774
175.3		0.329774
175.4		0.329774
175.5		0.329774
175.6		0.329774
175.7		0.329774
175.8		0.329774
175.9		0.329774
176		0.329774
176.1		0.33019
176.2		0.33019
176.3		0.33019
176.4		0.33019
176.5		0.33019
176.6		0.33019
176.7		0.33019
176.8		0.33019
176.9		0.33019
177		0.33019
177.1		0.330379
177.2		0.330379
177.3		0.330379
177.4		0.330379
177.5		0.330379
177.6		0.330379
177.7		0.330379
177.8		0.330379
177.9		0.330379
178		0.330379
178.1		0.333371
178.2		0.333371
178.3		0.333371
178.4		0.333371
178.5		0.333371
178.6		0.333371
178.7		0.333371
178.8		0.333371
178.9		0.333371
179		0.333371
179.1		0.333977
179.2		0.333977
179.3		0.333977
179.4		0.333977
179.5		0.333977
179.6		0.333977
179.7		0.333977
179.8		0.333977
179.9		0.333977
180		0.333977
180.1		0.338597
180.2		0.338597
180.3		0.338597
180.4		0.338597
180.5		0.338597
180.6		0.338597
180.7		0.338597
180.8		0.338597
180.9		0.338597
181		0.338597
181.1		0.341551
181.2		0.341551
181.3		0.341551
181.4		0.341551
181.5		0.341551
181.6		0.341551
181.7		0.341551
181.8		0.341551
181.9		0.341551
182		0.341551
182.1		0.342195
182.2		0.342195
182.3		0.342195
182.4		0.342195
182.5		0.342195
182.6		0.342195
182.7		0.342195
182.8		0.342195
182.9		0.342195
183		0.342195
183.1		0.345793
183.2		0.345793
183.3		0.345793
183.4		0.345793
183.5		0.345793
183.6		0.345793
183.7		0.345793
183.8		0.345793
183.9		0.345793
184		0.345793
184.1		0.346436
184.2		0.346436
184.3		0.346436
184.4		0.346436
184.5		0.346436
184.6		0.346436
184.7		0.346436
184.8		0.346436
184.9		0.346436
185		0.346436
185.1		0.34833
185.2		0.34833
185.3		0.34833
185.4		0.34833
185.5		0.34833
185.6		0.34833
185.7		0.34833
185.8		0.34833
185.9		0.34833
186		0.34833
186.1		0.350526
186.2		0.350526
186.3		0.350526
186.4		0.350526
186.5		0.350526
186.6		0.350526
186.7		0.350526
186.8		0.350526
186.9		0.350526
187		0.350526
187.1		0.352117
187.2		0.352117
187.3		0.352117
187.4		0.352117
187.5		0.352117
187.6		0.352117
187.7		0.352117
187.8		0.352117
187.9		0.352117
188		0.352117
188.1		0.355601
188.2		0.355601
188.3		0.355601
188.4		0.355601
188.5		0.355601
188.6		0.355601
188.7		0.355601
188.8		0.355601
188.9		0.355601
189		0.355601
189.1		0.356396
189.2		0.356396
189.3		0.356396
189.4		0.356396
189.5		0.356396
189.6		0.356396
189.7		0.356396
189.8		0.356396
189.9		0.356396
190		0.356396
190.1		0.356586
190.2		0.356586
190.3		0.356586
190.4		0.356586
190.5		0.356586
190.6		0.356586
190.7		0.356586
190.8		0.356586
190.9		0.356586
191		0.356586
191.1		0.357419
191.2		0.357419
191.3		0.357419
191.4		0.357419
191.5		0.357419
191.6		0.357419
191.7		0.357419
191.8		0.357419
191.9		0.357419
192		0.357419
192.1		0.363516
192.2		0.363516
192.3		0.363516
192.4		0.363516
192.5		0.363516
192.6		0.363516
192.7		0.363516
192.8		0.363516
192.9		0.363516
193		0.363516
193.1		0.363781
193.2		0.363781
193.3		0.363781
193.4		0.363781
193.5		0.363781
193.6		0.363781
193.7		0.363781
193.8		0.363781
193.9		0.363781
194		0.363781
194.1		0.366545
194.2		0.366545
194.3		0.366545
194.4		0.366545
194.5		0.366545
194.6		0.366545
194.7		0.366545
194.8		0.366545
194.9		0.366545
195		0.366545
195.1		0.368325
195.2		0.368325
195.3		0.368325
195.4		0.368325
195.5		0.368325
195.6		0.368325
195.7		0.368325
195.8		0.368325
195.9		0.368325
196		0.368325
196.1		0.372756
196.2		0.372756
196.3		0.372756
196.4		0.372756
196.5		0.372756
196.6		0.372756
196.7		0.372756
196.8		0.372756
196.9		0.372756
197		0.372756
197.1		0.373514
197.2		0.373514
197.3		0.373514
197.4		0.373514
197.5		0.373514
197.6		0.373514
197.7		0.373514
197.8		0.373514
197.9		0.373514
198		0.373514
198.1		0.374195
198.2		0.374195
198.3		0.374195
198.4		0.374195
198.5		0.374195
198.6		0.374195
198.7		0.374195
198.8		0.374195
198.9		0.374195
199		0.374195
199.1		0.374385
199.2		0.374385
199.3		0.374385
199.4		0.374385
199.5		0.374385
199.6		0.374385
199.7		0.374385
199.8		0.374385
199.9		0.374385
200		0.374385
200.1		0.381088
200.2		0.381088
200.3		0.381088
200.4		0.381088
200.5		0.381088
200.6		0.381088
200.7		0.381088
200.8		0.381088
200.9		0.381088
201		0.381088
201.1		0.381315
201.2		0.381315
201.3		0.381315
201.4		0.381315
201.5		0.381315
201.6		0.381315
201.7		0.381315
201.8		0.381315
201.9		0.381315
202		0.381315
202.1		0.381618
202.2		0.381618
202.3		0.381618
202.4		0.381618
202.5		0.381618
202.6		0.381618
202.7		0.381618
202.8		0.381618
202.9		0.381618
203		0.381618
203.1		0.383246
203.2		0.383246
203.3		0.383246
203.4		0.383246
203.5		0.383246
203.6		0.383246
203.7		0.383246
203.8		0.383246
203.9		0.383246
204		0.383246
204.1		0.385481
204.2		0.385481
204.3		0.385481
204.4		0.385481
204.5		0.385481
204.6		0.385481
204.7		0.385481
204.8		0.385481
204.9		0.385481
205		0.385481
205.1		0.389154
205.2		0.389154
205.3		0.389154
205.4		0.389154
205.5		0.389154
205.6		0.389154
205.7		0.389154
205.8		0.389154
205.9		0.389154
206		0.389154
206.1		0.391767
206.2		0.391767
206.3		0.391767
206.4		0.391767
206.5		0.391767
206.6		0.391767
206.7		0.391767
206.8		0.391767
206.9		0.391767
207		0.391767
207.1		0.391919
207.2		0.391919
207.3		0.391919
207.4		0.391919
207.5		0.391919
207.6		0.391919
207.7		0.391919
207.8		0.391919
207.9		0.391919
208		0.391919
208.1		0.392335
208.2		0.392335
208.3		0.392335
208.4		0.392335
208.5		0.392335
208.6		0.392335
208.7		0.392335
208.8		0.392335
208.9		0.392335
209		0.392335
209.1		0.396614
209.2		0.396614
209.3		0.396614
209.4		0.396614
209.5		0.396614
209.6		0.396614
209.7		0.396614
209.8		0.396614
209.9		0.396614
210		0.396614
210.1		0.397523
210.2		0.397523
210.3		0.397523
210.4		0.397523
210.5		0.397523
210.6		0.397523
210.7		0.397523
210.8		0.397523
210.9		0.397523
211		0.397523
211.1		0.399114
211.2		0.399114
211.3		0.399114
211.4		0.399114
211.5		0.399114
211.6		0.399114
211.7		0.399114
211.8		0.399114
211.9		0.399114
212		0.399114
212.1		0.40131
212.2		0.40131
212.3		0.40131
212.4		0.40131
212.5		0.40131
212.6		0.40131
212.7		0.40131
212.8		0.40131
212.9		0.40131
213		0.40131
213.1		0.40362
213.2		0.40362
213.3		0.40362
213.4		0.40362
213.5		0.40362
213.6		0.40362
213.7		0.40362
213.8		0.40362
213.9		0.40362
214		0.40362
214.1		0.407635
214.2		0.407635
214.3		0.407635
214.4		0.407635
214.5		0.407635
214.6		0.407635
214.7		0.407635
214.8		0.407635
214.9		0.407635
215		0.407635
215.1		0.407975
215.2		0.407975
215.3		0.407975
215.4		0.407975
215.5		0.407975
215.6		0.407975
215.7		0.407975
215.8		0.407975
215.9		0.407975
216		0.407975
216.1		0.408089
216.2		0.408089
216.3		0.408089
216.4		0.408089
216.5		0.408089
216.6		0.408089
216.7		0.408089
216.8		0.408089
216.9		0.408089
217		0.408089
217.1		0.410816
217.2		0.410816
217.3		0.410816
217.4		0.410816
217.5		0.410816
217.6		0.410816
217.7		0.410816
217.8		0.410816
217.9		0.410816
218		0.410816
218.1		0.415095
218.2		0.415095
218.3		0.415095
218.4		0.415095
218.5		0.415095
218.6		0.415095
218.7		0.415095
218.8		0.415095
218.9		0.415095
219		0.415095
219.1		0.416723
219.2		0.416723
219.3		0.416723
219.4		0.416723
219.5		0.416723
219.6		0.416723
219.7		0.416723
219.8		0.416723
219.9		0.416723
220		0.416723
220.1		0.41767
220.2		0.41767
220.3		0.41767
220.4		0.41767
220.5		0.41767
220.6		0.41767
220.7		0.41767
220.8		0.41767
220.9		0.41767
221		0.41767
221.1		0.419677
221.2		0.419677
221.3		0.419677
221.4		0.419677
221.5		0.419677
221.6		0.419677
221.7		0.419677
221.8		0.419677
221.9		0.419677
222		0.419677
222.1		0.423313
222.2		0.423313
222.3		0.423313
222.4		0.423313
222.5		0.423313
222.6		0.423313
222.7		0.423313
222.8		0.423313
222.9		0.423313
223		0.423313
223.1		0.424222
223.2		0.424222
223.3		0.424222
223.4		0.424222
223.5		0.424222
223.6		0.424222
223.7		0.424222
223.8		0.424222
223.9		0.424222
224		0.424222
224.1		0.42426
224.2		0.42426
224.3		0.42426
224.4		0.42426
224.5		0.42426
224.6		0.42426
224.7		0.42426
224.8		0.42426
224.9		0.42426
225		0.42426
225.1		0.426229
225.2		0.426229
225.3		0.426229
225.4		0.426229
225.5		0.426229
225.6		0.426229
225.7		0.426229
225.8		0.426229
225.9		0.426229
226		0.426229
226.1		0.433273
226.2		0.433273
226.3		0.433273
226.4		0.433273
226.5		0.433273
226.6		0.433273
226.7		0.433273
226.8		0.433273
226.9		0.433273
227		0.433273
227.1		0.433576
227.2		0.433576
227.3		0.433576
227.4		0.433576
227.5		0.433576
227.6		0.433576
227.7		0.433576
227.8		0.433576
227.9		0.433576
228		0.433576
228.1		0.434219
228.2		0.434219
228.3		0.434219
228.4		0.434219
228.5		0.434219
228.6		0.434219
228.7		0.434219
228.8		0.434219
228.9		0.434219
229		0.434219
229.1		0.436492
229.2		0.436492
229.3		0.436492
229.4		0.436492
229.5		0.436492
229.6		0.436492
229.7		0.436492
229.8		0.436492
229.9		0.436492
230		0.436492
230.1		0.438499
230.2		0.438499
230.3		0.438499
230.4		0.438499
230.5		0.438499
230.6		0.438499
230.7		0.438499
230.8		0.438499
230.9		0.438499
231		0.438499
231.1		0.438915
231.2		0.438915
231.3		0.438915
231.4		0.438915
231.5		0.438915
231.6		0.438915
231.7		0.438915
231.8		0.438915
231.9		0.438915
232		0.438915
232.1		0.44293
232.2		0.44293
232.3		0.44293
232.4		0.44293
232.5		0.44293
232.6		0.44293
232.7		0.44293
232.8		0.44293
232.9		0.44293
233		0.44293
233.1		0.445202
233.2		0.445202
233.3		0.445202
233.4		0.445202
233.5		0.445202
233.6		0.445202
233.7		0.445202
233.8		0.445202
233.9		0.445202
234		0.445202
234.1		0.445921
234.2		0.445921
234.3		0.445921
234.4		0.445921
234.5		0.445921
234.6		0.445921
234.7		0.445921
234.8		0.445921
234.9		0.445921
235		0.445921
235.1		0.447588
235.2		0.447588
235.3		0.447588
235.4		0.447588
235.5		0.447588
235.6		0.447588
235.7		0.447588
235.8		0.447588
235.9		0.447588
236		0.447588
236.1		0.449178
236.2		0.449178
236.3		0.449178
236.4		0.449178
236.5		0.449178
236.6		0.449178
236.7		0.449178
236.8		0.449178
236.9		0.449178
237		0.449178
237.1		0.449595
237.2		0.449595
237.3		0.449595
237.4		0.449595
237.5		0.449595
237.6		0.449595
237.7		0.449595
237.8		0.449595
237.9		0.449595
238		0.449595
238.1		0.453079
238.2		0.453079
238.3		0.453079
238.4		0.453079
238.5		0.453079
238.6		0.453079
238.7		0.453079
238.8		0.453079
238.9		0.453079
239		0.453079
239.1		0.453685
239.2		0.453685
239.3		0.453685
239.4		0.453685
239.5		0.453685
239.6		0.453685
239.7		0.453685
239.8		0.453685
239.9		0.453685
240		0.453685
240.1		0.458343
240.2		0.458343
240.3		0.458343
240.4		0.458343
240.5		0.458343
240.6		0.458343
240.7		0.458343
240.8		0.458343
240.9		0.458343
241		0.458343
241.1		0.459024
241.2		0.459024
241.3		0.459024
241.4		0.459024
241.5		0.459024
241.6		0.459024
241.7		0.459024
241.8		0.459024
241.9		0.459024
242		0.459024
242.1		0.460691
242.2		0.460691
242.3		0.460691
242.4		0.460691
242.5		0.460691
242.6		0.460691
242.7		0.460691
242.8		0.460691
242.9		0.460691
243		0.460691
243.1		0.463531
243.2		0.463531
243.3		0.463531
243.4		0.463531
243.5		0.463531
243.6		0.463531
243.7		0.463531
243.8		0.463531
243.9		0.463531
244		0.463531
244.1		0.465273
244.2		0.465273
244.3		0.465273
244.4		0.465273
244.5		0.465273
244.6		0.465273
244.7		0.465273
244.8		0.465273
244.9		0.465273
245		0.465273
245.1		0.466485
245.2		0.466485
245.3		0.466485
245.4		0.466485
245.5		0.466485
245.6		0.466485
245.7		0.466485
245.8		0.466485
245.9		0.466485
246		0.466485
246.1		0.46781
246.2		0.46781
246.3		0.46781
246.4		0.46781
246.5		0.46781
246.6		0.46781
246.7		0.46781
246.8		0.46781
246.9		0.46781
247		0.46781
247.1		0.470386
247.2		0.470386
247.3		0.470386
247.4		0.470386
247.5		0.470386
247.6		0.470386
247.7		0.470386
247.8		0.470386
247.9		0.470386
248		0.470386
248.1		0.473264
248.2		0.473264
248.3		0.473264
248.4		0.473264
248.5		0.473264
248.6		0.473264
248.7		0.473264
248.8		0.473264
248.9		0.473264
249		0.473264
249.1		0.473756
249.2		0.473756
249.3		0.473756
249.4		0.473756
249.5		0.473756
249.6		0.473756
249.7		0.473756
249.8		0.473756
249.9		0.473756
250		0.473756
250.1		0.474475
250.2		0.474475
250.3		0.474475
250.4		0.474475
250.5		0.474475
250.6		0.474475
250.7		0.474475
250.8		0.474475
250.9		0.474475
251		0.474475
251.1		0.477694
251.2		0.477694
251.3		0.477694
251.4		0.477694
251.5		0.477694
251.6		0.477694
251.7		0.477694
251.8		0.477694
251.9		0.477694
252		0.477694
252.1		0.480573
252.2		0.480573
252.3		0.480573
252.4		0.480573
252.5		0.480573
252.6		0.480573
252.7		0.480573
252.8		0.480573
252.9		0.480573
253		0.480573
253.1		0.480913
253.2		0.480913
253.3		0.480913
253.4		0.480913
253.5		0.480913
253.6		0.480913
253.7		0.480913
253.8		0.480913
253.9		0.480913
254		0.480913
254.1		0.483602
254.2		0.483602
254.3		0.483602
254.4		0.483602
254.5		0.483602
254.6		0.483602
254.7		0.483602
254.8		0.483602
254.9		0.483602
255		0.483602
255.1		0.483829
255.2		0.483829
255.3		0.483829
255.4		0.483829
255.5		0.483829
255.6		0.483829
255.7		0.483829
255.8		0.483829
255.9		0.483829
256		0.483829
256.1		0.487162
256.2		0.487162
256.3		0.487162
256.4		0.487162
256.5		0.487162
256.6		0.487162
256.7		0.487162
256.8		0.487162
256.9		0.487162
257		0.487162
257.1		0.487313
257.2		0.487313
257.3		0.487313
257.4		0.487313
257.5		0.487313
257.6		0.487313
257.7		0.487313
257.8		0.487313
257.9		0.487313
258		0.487313
258.1		0.488942
258.2		0.488942
258.3		0.488942
258.4		0.488942
258.5		0.488942
258.6		0.488942
258.7		0.488942
258.8		0.488942
258.9		0.488942
259		0.488942
259.1		0.489245
259.2		0.489245
259.3		0.489245
259.4		0.489245
259.5		0.489245
259.6		0.489245
259.7		0.489245
259.8		0.489245
259.9		0.489245
260		0.489245
260.1		0.493979
260.2		0.493979
260.3		0.493979
260.4		0.493979
260.5		0.493979
260.6		0.493979
260.7		0.493979
260.8		0.493979
260.9		0.493979
261		0.493979
261.1		0.494774
261.2		0.494774
261.3		0.494774
261.4		0.494774
261.5		0.494774
261.6		0.494774
261.7		0.494774
261.8		0.494774
261.9		0.494774
262		0.494774
262.1		0.496137
262.2		0.496137
262.3		0.496137
262.4		0.496137
262.5		0.496137
262.6		0.496137
262.7		0.496137
262.8		0.496137
262.9		0.496137
263		0.496137
263.1		0.497955
263.2		0.497955
263.3		0.497955
263.4		0.497955
263.5		0.497955
263.6		0.497955
263.7		0.497955
263.8		0.497955
263.9		0.497955
264		0.497955
264.1		0.498296
264.2		0.498296
264.3		0.498296
264.4		0.498296
264.5		0.498296
264.6		0.498296
264.7		0.498296
264.8		0.498296
264.9		0.498296
265		0.498296
265.1		0.503446
265.2		0.503446
265.3		0.503446
265.4		0.503446
265.5		0.503446
265.6		0.503446
265.7		0.503446
265.8		0.503446
265.9		0.503446
266		0.503446
266.1		0.503825
266.2		0.503825
266.3		0.503825
266.4		0.503825
266.5		0.503825
266.6		0.503825
266.7		0.503825
266.8		0.503825
266.9		0.503825
267		0.503825
267.1		0.5064
267.2		0.5064
267.3		0.5064
267.4		0.5064
267.5		0.5064
267.6		0.5064
267.7		0.5064
267.8		0.5064
267.9		0.5064
268		0.5064
268.1		0.509089
268.2		0.509089
268.3		0.509089
268.4		0.509089
268.5		0.509089
268.6		0.509089
268.7		0.509089
268.8		0.509089
268.9		0.509089
269		0.509089
269.1		0.509392
269.2		0.509392
269.3		0.509392
269.4		0.509392
269.5		0.509392
269.6		0.509392
269.7		0.509392
269.8		0.509392
269.9		0.509392
270		0.509392
270.1		0.512914
270.2		0.512914
270.3		0.512914
270.4		0.512914
270.5		0.512914
270.6		0.512914
270.7		0.512914
270.8		0.512914
270.9		0.512914
271		0.512914
271.1		0.515224
271.2		0.515224
271.3		0.515224
271.4		0.515224
271.5		0.515224
271.6		0.515224
271.7		0.515224
271.8		0.515224
271.9		0.515224
272		0.515224
272.1		0.515451
272.2		0.515451
272.3		0.515451
272.4		0.515451
272.5		0.515451
272.6		0.515451
272.7		0.515451
272.8		0.515451
272.9		0.515451
273		0.515451
273.1		0.518897
273.2		0.518897
273.3		0.518897
273.4		0.518897
273.5		0.518897
273.6		0.518897
273.7		0.518897
273.8		0.518897
273.9		0.518897
274		0.518897
274.1		0.52045
274.2		0.52045
274.3		0.52045
274.4		0.52045
274.5		0.52045
274.6		0.52045
274.7		0.52045
274.8		0.52045
274.9		0.52045
275		0.52045
275.1		0.52276
275.2		0.52276
275.3		0.52276
275.4		0.52276
275.5		0.52276
275.6		0.52276
275.7		0.52276
275.8		0.52276
275.9		0.52276
276		0.52276
276.1		0.525411
276.2		0.525411
276.3		0.525411
276.4		0.525411
276.5		0.525411
276.6		0.525411
276.7		0.525411
276.8		0.525411
276.9		0.525411
277		0.525411
277.1		0.52791
277.2		0.52791
277.3		0.52791
277.4		0.52791
277.5		0.52791
277.6		0.52791
277.7		0.52791
277.8		0.52791
277.9		0.52791
278		0.52791
278.1		0.531167
278.2		0.531167
278.3		0.531167
278.4		0.531167
278.5		0.531167
278.6		0.531167
278.7		0.531167
278.8		0.531167
278.9		0.531167
279		0.531167
279.1		0.532265
279.2		0.532265
279.3		0.532265
279.4		0.532265
279.5		0.532265
279.6		0.532265
279.7		0.532265
279.8		0.532265
279.9		0.532265
280		0.532265
280.1		0.532909
280.2		0.532909
280.3		0.532909
280.4		0.532909
280.5		0.532909
280.6		0.532909
280.7		0.532909
280.8		0.532909
280.9		0.532909
281		0.532909
281.1		0.533742
281.2		0.533742
281.3		0.533742
281.4		0.533742
281.5		0.533742
281.6		0.533742
281.7		0.533742
281.8		0.533742
281.9		0.533742
282		0.533742
282.1		0.538779
282.2		0.538779
282.3		0.538779
282.4		0.538779
282.5		0.538779
282.6		0.538779
282.7		0.538779
282.8		0.538779
282.9		0.538779
283		0.538779
283.1		0.541165
283.2		0.541165
283.3		0.541165
283.4		0.541165
283.5		0.541165
283.6		0.541165
283.7		0.541165
283.8		0.541165
283.9		0.541165
284		0.541165
284.1		0.542263
284.2		0.542263
284.3		0.542263
284.4		0.542263
284.5		0.542263
284.6		0.542263
284.7		0.542263
284.8		0.542263
284.9		0.542263
285		0.542263
285.1		0.547262
285.2		0.547262
285.3		0.547262
285.4		0.547262
285.5		0.547262
285.6		0.547262
285.7		0.547262
285.8		0.547262
285.9		0.547262
286		0.547262
286.1		0.548171
286.2		0.548171
286.3		0.548171
286.4		0.548171
286.5		0.548171
286.6		0.548171
286.7		0.548171
286.8		0.548171
286.9		0.548171
287		0.548171
287.1		0.549269
287.2		0.549269
287.3		0.549269
287.4		0.549269
287.5		0.549269
287.6		0.549269
287.7		0.549269
287.8		0.549269
287.9		0.549269
288		0.549269
288.1		0.553889
288.2		0.553889
288.3		0.553889
288.4		0.553889
288.5		0.553889
288.6		0.553889
288.7		0.553889
288.8		0.553889
288.9		0.553889
289		0.553889
289.1		0.557449
289.2		0.557449
289.3		0.557449
289.4		0.557449
289.5		0.557449
289.6		0.557449
289.7		0.557449
289.8		0.557449
289.9		0.557449
290		0.557449
290.1		0.558206
290.2		0.558206
290.3		0.558206
290.4		0.558206
290.5		0.558206
290.6		0.558206
290.7		0.558206
290.8		0.558206
290.9		0.558206
291		0.558206
291.1		0.558661
291.2		0.558661
291.3		0.558661
291.4		0.558661
291.5		0.558661
291.6		0.558661
291.7		0.558661
291.8		0.558661
291.9		0.558661
292		0.558661
292.1		0.559002
292.2		0.559002
292.3		0.559002
292.4		0.559002
292.5		0.559002
292.6		0.559002
292.7		0.559002
292.8		0.559002
292.9		0.559002
293		0.559002
293.1		0.562827
293.2		0.562827
293.3		0.562827
293.4		0.562827
293.5		0.562827
293.6		0.562827
293.7		0.562827
293.8		0.562827
293.9		0.562827
294		0.562827
294.1		0.566652
294.2		0.566652
294.3		0.566652
294.4		0.566652
294.5		0.566652
294.6		0.566652
294.7		0.566652
294.8		0.566652
294.9		0.566652
295		0.566652
295.1		0.568015
295.2		0.568015
295.3		0.568015
295.4		0.568015
295.5		0.568015
295.6		0.568015
295.7		0.568015
295.8		0.568015
295.9		0.568015
296		0.568015
296.1		0.568697
296.2		0.568697
296.3		0.568697
296.4		0.568697
296.5		0.568697
296.6		0.568697
296.7		0.568697
296.8		0.568697
296.9		0.568697
297		0.568697
297.1		0.571953
297.2		0.571953
297.3		0.571953
297.4		0.571953
297.5		0.571953
297.6		0.571953
297.7		0.571953
297.8		0.571953
297.9		0.571953
298		0.571953
298.1		0.576536
298.2		0.576536
298.3		0.576536
298.4		0.576536
298.5		0.576536
298.6		0.576536
298.7		0.576536
298.8		0.576536
298.9		0.576536
299		0.576536
299.1		0.581572
299.2		0.581572
299.3		0.581572
299.4		0.581572
299.5		0.581572
299.6		0.581572
299.7		0.581572
299.8		0.581572
299.9		0.581572
300		0.581572
300.1		0.583314
300.2		0.583314
300.3		0.583314
300.4		0.583314
300.5		0.583314
300.6		0.583314
300.7		0.583314
300.8		0.583314
300.9		0.583314
301		0.583314
301.1		0.584223
301.2		0.584223
301.3		0.584223
301.4		0.584223
301.5		0.584223
301.6		0.584223
301.7		0.584223
301.8		0.584223
301.9		0.584223
302		0.584223
302.1		0.5882
302.2		0.5882
302.3		0.5882
302.4		0.5882
302.5		0.5882
302.6		0.5882
302.7		0.5882
302.8		0.5882
302.9		0.5882
303		0.5882
303.1		0.589904
303.2		0.589904
303.3		0.589904
303.4		0.589904
303.5		0.589904
303.6		0.589904
303.7		0.589904
303.8		0.589904
303.9		0.589904
304		0.589904
304.1		0.590055
304.2		0.590055
304.3		0.590055
304.4		0.590055
304.5		0.590055
304.6		0.590055
304.7		0.590055
304.8		0.590055
304.9		0.590055
305		0.590055
305.1		0.59441
305.2		0.59441
305.3		0.59441
305.4		0.59441
305.5		0.59441
305.6		0.59441
305.7		0.59441
305.8		0.59441
305.9		0.59441
306		0.59441
306.1		0.597061
306.2		0.597061
306.3		0.597061
306.4		0.597061
306.5		0.597061
306.6		0.597061
306.7		0.597061
306.8		0.597061
306.9		0.597061
307		0.597061
307.1		0.599106
307.2		0.599106
307.3		0.599106
307.4		0.599106
307.5		0.599106
307.6		0.599106
307.7		0.599106
307.8		0.599106
307.9		0.599106
308		0.599106
308.1		0.599409
308.2		0.599409
308.3		0.599409
308.4		0.599409
308.5		0.599409
308.6		0.599409
308.7		0.599409
308.8		0.599409
308.9		0.599409
309		0.599409
309.1		0.602439
309.2		0.602439
309.3		0.602439
309.4		0.602439
309.5		0.602439
309.6		0.602439
309.7		0.602439
309.8		0.602439
309.9		0.602439
310		0.602439
310.1		0.606415
310.2		0.606415
310.3		0.606415
310.4		0.606415
310.5		0.606415
310.6		0.606415
310.7		0.606415
310.8		0.606415
310.9		0.606415
311		0.606415
311.1		0.60865
311.2		0.60865
311.3		0.60865
311.4		0.60865
311.5		0.60865
311.6		0.60865
311.7		0.60865
311.8		0.60865
311.9		0.60865
312		0.60865
312.1		0.609028
312.2		0.609028
312.3		0.609028
312.4		0.609028
312.5		0.609028
312.6		0.609028
312.7		0.609028
312.8		0.609028
312.9		0.609028
313		0.609028
313.1		0.610467
313.2		0.610467
313.3		0.610467
313.4		0.610467
313.5		0.610467
313.6		0.610467
313.7		0.610467
313.8		0.610467
313.9		0.610467
314		0.610467
314.1		0.61077
314.2		0.61077
314.3		0.61077
314.4		0.61077
314.5		0.61077
314.6		0.61077
314.7		0.61077
314.8		0.61077
314.9		0.61077
315		0.61077
315.1		0.614444
315.2		0.614444
315.3		0.614444
315.4		0.614444
315.5		0.614444
315.6		0.614444
315.7		0.614444
315.8		0.614444
315.9		0.614444
316		0.614444
316.1		0.614709
316.2		0.614709
316.3		0.614709
316.4		0.614709
316.5		0.614709
316.6		0.614709
316.7		0.614709
316.8		0.614709
316.9		0.614709
317		0.614709
317.1		0.618344
317.2		0.618344
317.3		0.618344
317.4		0.618344
317.5		0.618344
317.6		0.618344
317.7		0.618344
317.8		0.618344
317.9		0.618344
318		0.618344
318.1		0.618685
318.2		0.618685
318.3		0.618685
318.4		0.618685
318.5		0.618685
318.6		0.618685
318.7		0.618685
318.8		0.618685
318.9		0.618685
319		0.618685
319.1		0.620919
319.2		0.620919
319.3		0.620919
319.4		0.620919
319.5		0.620919
319.6		0.620919
319.7		0.620919
319.8		0.620919
319.9		0.620919
320		0.620919
320.1		0.624101
320.2		0.624101
320.3		0.624101
320.4		0.624101
320.5		0.624101
320.6		0.624101
320.7		0.624101
320.8		0.624101
320.9		0.624101
321		0.624101
321.1		0.624328
321.2		0.624328
321.3		0.624328
321.4		0.624328
321.5		0.624328
321.6		0.624328
321.7		0.624328
321.8		0.624328
321.9		0.624328
322		0.624328
322.1		0.626638
322.2		0.626638
322.3		0.626638
322.4		0.626638
322.5		0.626638
322.6		0.626638
322.7		0.626638
322.8		0.626638
322.9		0.626638
323		0.626638
323.1		0.628456
323.2		0.628456
323.3		0.628456
323.4		0.628456
323.5		0.628456
323.6		0.628456
323.7		0.628456
323.8		0.628456
323.9		0.628456
324		0.628456
324.1		0.632432
324.2		0.632432
324.3		0.632432
324.4		0.632432
324.5		0.632432
324.6		0.632432
324.7		0.632432
324.8		0.632432
324.9		0.632432
325		0.632432
325.1		0.633341
325.2		0.633341
325.3		0.633341
325.4		0.633341
325.5		0.633341
325.6		0.633341
325.7		0.633341
325.8		0.633341
325.9		0.633341
326		0.633341
326.1		0.635386
326.2		0.635386
326.3		0.635386
326.4		0.635386
326.5		0.635386
326.6		0.635386
326.7		0.635386
326.8		0.635386
326.9		0.635386
327		0.635386
327.1		0.636257
327.2		0.636257
327.3		0.636257
327.4		0.636257
327.5		0.636257
327.6		0.636257
327.7		0.636257
327.8		0.636257
327.9		0.636257
328		0.636257
328.1		0.640044
328.2		0.640044
328.3		0.640044
328.4		0.640044
328.5		0.640044
328.6		0.640044
328.7		0.640044
328.8		0.640044
328.9		0.640044
329		0.640044
329.1		0.641256
329.2		0.641256
329.3		0.641256
329.4		0.641256
329.5		0.641256
329.6		0.641256
329.7		0.641256
329.8		0.641256
329.9		0.641256
330		0.641256
330.1		0.642771
330.2		0.642771
330.3		0.642771
330.4		0.642771
330.5		0.642771
330.6		0.642771
330.7		0.642771
330.8		0.642771
330.9		0.642771
331		0.642771
331.1		0.643149
331.2		0.643149
331.3		0.643149
331.4		0.643149
331.5		0.643149
331.6		0.643149
331.7		0.643149
331.8		0.643149
331.9		0.643149
332		0.643149
332.1		0.64883
332.2		0.64883
332.3		0.64883
332.4		0.64883
332.5		0.64883
332.6		0.64883
332.7		0.64883
332.8		0.64883
332.9		0.64883
333		0.64883
333.1		0.650951
333.2		0.650951
333.3		0.650951
333.4		0.650951
333.5		0.650951
333.6		0.650951
333.7		0.650951
333.8		0.650951
333.9		0.650951
334		0.650951
334.1		0.65114
334.2		0.65114
334.3		0.65114
334.4		0.65114
334.5		0.65114
334.6		0.65114
334.7		0.65114
334.8		0.65114
334.9		0.65114
335		0.65114
335.1		0.651973
335.2		0.651973
335.3		0.651973
335.4		0.651973
335.5		0.651973
335.6		0.651973
335.7		0.651973
335.8		0.651973
335.9		0.651973
336		0.651973
336.1		0.654359
336.2		0.654359
336.3		0.654359
336.4		0.654359
336.5		0.654359
336.6		0.654359
336.7		0.654359
336.8		0.654359
336.9		0.654359
337		0.654359
337.1		0.659585
337.2		0.659585
337.3		0.659585
337.4		0.659585
337.5		0.659585
337.6		0.659585
337.7		0.659585
337.8		0.659585
337.9		0.659585
338		0.659585
338.1		0.662009
338.2		0.662009
338.3		0.662009
338.4		0.662009
338.5		0.662009
338.6		0.662009
338.7		0.662009
338.8		0.662009
338.9		0.662009
339		0.662009
339.1		0.664887
339.2		0.664887
339.3		0.664887
339.4		0.664887
339.5		0.664887
339.6		0.664887
339.7		0.664887
339.8		0.664887
339.9		0.664887
340		0.664887
340.1		0.667651
340.2		0.667651
340.3		0.667651
340.4		0.667651
340.5		0.667651
340.6		0.667651
340.7		0.667651
340.8		0.667651
340.9		0.667651
341		0.667651
341.1		0.67212
341.2		0.67212
341.3		0.67212
341.4		0.67212
341.5		0.67212
341.6		0.67212
341.7		0.67212
341.8		0.67212
341.9		0.67212
342		0.67212
342.1		0.672953
342.2		0.672953
342.3		0.672953
342.4		0.672953
342.5		0.672953
342.6		0.672953
342.7		0.672953
342.8		0.672953
342.9		0.672953
343		0.672953
343.1		0.675945
343.2		0.675945
343.3		0.675945
343.4		0.675945
343.5		0.675945
343.6		0.675945
343.7		0.675945
343.8		0.675945
343.9		0.675945
344		0.675945
344.1		0.676437
344.2		0.676437
344.3		0.676437
344.4		0.676437
344.5		0.676437
344.6		0.676437
344.7		0.676437
344.8		0.676437
344.9		0.676437
345		0.676437
345.1		0.676627
345.2		0.676627
345.3		0.676627
345.4		0.676627
345.5		0.676627
345.6		0.676627
345.7		0.676627
345.8		0.676627
345.9		0.676627
346		0.676627
346.1		0.680982
346.2		0.680982
346.3		0.680982
346.4		0.680982
346.5		0.680982
346.6		0.680982
346.7		0.680982
346.8		0.680982
346.9		0.680982
347		0.680982
347.1		0.683746
347.2		0.683746
347.3		0.683746
347.4		0.683746
347.5		0.683746
347.6		0.683746
347.7		0.683746
347.8		0.683746
347.9		0.683746
348		0.683746
348.1		0.683746
348.2		0.683746
348.3		0.683746
348.4		0.683746
348.5		0.683746
348.6		0.683746
348.7		0.683746
348.8		0.683746
348.9		0.683746
349		0.683746
349.1		0.68545
349.2		0.68545
349.3		0.68545
349.4		0.68545
349.5		0.68545
349.6		0.68545
349.7		0.68545
349.8		0.68545
349.9		0.68545
350		0.68545
350.1		0.686776
350.2		0.686776
350.3		0.686776
350.4		0.686776
350.5		0.686776
350.6		0.686776
350.7		0.686776
350.8		0.686776
350.9		0.686776
351		0.686776
351.1		0.687003
351.2		0.687003
351.3		0.687003
351.4		0.687003
351.5		0.687003
351.6		0.687003
351.7		0.687003
351.8		0.687003
351.9		0.687003
352		0.687003
352.1		0.692381
352.2		0.692381
352.3		0.692381
352.4		0.692381
352.5		0.692381
352.6		0.692381
352.7		0.692381
352.8		0.692381
352.9		0.692381
353		0.692381
353.1		0.695751
353.2		0.695751
353.3		0.695751
353.4		0.695751
353.5		0.695751
353.6		0.695751
353.7		0.695751
353.8		0.695751
353.9		0.695751
354		0.695751
354.1		0.696016
354.2		0.696016
354.3		0.696016
354.4		0.696016
354.5		0.696016
354.6		0.696016
354.7		0.696016
354.8		0.696016
354.9		0.696016
355		0.696016
355.1		0.701507
355.2		0.701507
355.3		0.701507
355.4		0.701507
355.5		0.701507
355.6		0.701507
355.7		0.701507
355.8		0.701507
355.9		0.701507
356		0.701507
356.1		0.703666
356.2		0.703666
356.3		0.703666
356.4		0.703666
356.5		0.703666
356.6		0.703666
356.7		0.703666
356.8		0.703666
356.9		0.703666
357		0.703666
357.1		0.707756
357.2		0.707756
357.3		0.707756
357.4		0.707756
357.5		0.707756
357.6		0.707756
357.7		0.707756
357.8		0.707756
357.9		0.707756
358		0.707756
358.1		0.707983
358.2		0.707983
358.3		0.707983
358.4		0.707983
358.5		0.707983
358.6		0.707983
358.7		0.707983
358.8		0.707983
358.9		0.707983
359		0.707983
359.1		0.712149
359.2		0.712149
359.3		0.712149
359.4		0.712149
359.5		0.712149
359.6		0.712149
359.7		0.712149
359.8		0.712149
359.9		0.712149
360		0.712149
360.1		0.715898
360.2		0.715898
360.3		0.715898
360.4		0.715898
360.5		0.715898
360.6		0.715898
360.7		0.715898
360.8		0.715898
360.9		0.715898
361		0.715898
361.1		0.717223
361.2		0.717223
361.3		0.717223
361.4		0.717223
361.5		0.717223
361.6		0.717223
361.7		0.717223
361.8		0.717223
361.9		0.717223
362		0.717223
362.1		0.719003
362.2		0.719003
362.3		0.719003
362.4		0.719003
362.5		0.719003
362.6		0.719003
362.7		0.719003
362.8		0.719003
362.9		0.719003
363		0.719003
363.1		0.71923
363.2		0.71923
363.3		0.71923
363.4		0.71923
363.5		0.71923
363.6		0.71923
363.7		0.71923
363.8		0.71923
363.9		0.71923
364		0.71923
364.1		0.72476
364.2		0.72476
364.3		0.72476
364.4		0.72476
364.5		0.72476
364.6		0.72476
364.7		0.72476
364.8		0.72476
364.9		0.72476
365		0.72476
365.1		0.726502
365.2		0.726502
365.3		0.726502
365.4		0.726502
365.5		0.726502
365.6		0.726502
365.7		0.726502
365.8		0.726502
365.9		0.726502
366		0.726502
366.1		0.726615
366.2		0.726615
366.3		0.726615
366.4		0.726615
366.5		0.726615
366.6		0.726615
366.7		0.726615
366.8		0.726615
366.9		0.726615
367		0.726615
367.1		0.728547
367.2		0.728547
367.3		0.728547
367.4		0.728547
367.5		0.728547
367.6		0.728547
367.7		0.728547
367.8		0.728547
367.9		0.728547
368		0.728547
368.1		0.731311
368.2		0.731311
368.3		0.731311
368.4		0.731311
368.5		0.731311
368.6		0.731311
368.7		0.731311
368.8		0.731311
368.9		0.731311
369		0.731311
369.1		0.734227
369.2		0.734227
369.3		0.734227
369.4		0.734227
369.5		0.734227
369.6		0.734227
369.7		0.734227
369.8		0.734227
369.9		0.734227
370		0.734227
370.1		0.736196
370.2		0.736196
370.3		0.736196
370.4		0.736196
370.5		0.736196
370.6		0.736196
370.7		0.736196
370.8		0.736196
370.9		0.736196
371		0.736196
371.1		0.737522
371.2		0.737522
371.3		0.737522
371.4		0.737522
371.5		0.737522
371.6		0.737522
371.7		0.737522
371.8		0.737522
371.9		0.737522
372		0.737522
372.1		0.740324
372.2		0.740324
372.3		0.740324
372.4		0.740324
372.5		0.740324
372.6		0.740324
372.7		0.740324
372.8		0.740324
372.9		0.740324
373		0.740324
373.1		0.741006
373.2		0.741006
373.3		0.741006
373.4		0.741006
373.5		0.741006
373.6		0.741006
373.7		0.741006
373.8		0.741006
373.9		0.741006
374		0.741006
374.1		0.741536
374.2		0.741536
374.3		0.741536
374.4		0.741536
374.5		0.741536
374.6		0.741536
374.7		0.741536
374.8		0.741536
374.9		0.741536
375		0.741536
375.1		0.74377
375.2		0.74377
375.3		0.74377
375.4		0.74377
375.5		0.74377
375.6		0.74377
375.7		0.74377
375.8		0.74377
375.9		0.74377
376		0.74377
376.1		0.747633
376.2		0.747633
376.3		0.747633
376.4		0.747633
376.5		0.747633
376.6		0.747633
376.7		0.747633
376.8		0.747633
376.9		0.747633
377		0.747633
377.1		0.748656
377.2		0.748656
377.3		0.748656
377.4		0.748656
377.5		0.748656
377.6		0.748656
377.7		0.748656
377.8		0.748656
377.9		0.748656
378		0.748656
378.1		0.749034
378.2		0.749034
378.3		0.749034
378.4		0.749034
378.5		0.749034
378.6		0.749034
378.7		0.749034
378.8		0.749034
378.9		0.749034
379		0.749034
379.1		0.749489
379.2		0.749489
379.3		0.749489
379.4		0.749489
379.5		0.749489
379.6		0.749489
379.7		0.749489
379.8		0.749489
379.9		0.749489
380		0.749489
380.1		0.754298
380.2		0.754298
380.3		0.754298
380.4		0.754298
380.5		0.754298
380.6		0.754298
380.7		0.754298
380.8		0.754298
380.9		0.754298
381		0.754298
381.1		0.756608
381.2		0.756608
381.3		0.756608
381.4		0.756608
381.5		0.756608
381.6		0.756608
381.7		0.756608
381.8		0.756608
381.9		0.756608
382		0.756608
382.1		0.757025
382.2		0.757025
382.3		0.757025
382.4		0.757025
382.5		0.757025
382.6		0.757025
382.7		0.757025
382.8		0.757025
382.9		0.757025
383		0.757025
383.1		0.758805
383.2		0.758805
383.3		0.758805
383.4		0.758805
383.5		0.758805
383.6		0.758805
383.7		0.758805
383.8		0.758805
383.9		0.758805
384		0.758805
384.1		0.759108
384.2		0.759108
384.3		0.759108
384.4		0.759108
384.5		0.759108
384.6		0.759108
384.7		0.759108
384.8		0.759108
384.9		0.759108
385		0.759108
385.1		0.763652
385.2		0.763652
385.3		0.763652
385.4		0.763652
385.5		0.763652
385.6		0.763652
385.7		0.763652
385.8		0.763652
385.9		0.763652
386		0.763652
386.1		0.765091
386.2		0.765091
386.3		0.765091
386.4		0.765091
386.5		0.765091
386.6		0.765091
386.7		0.765091
386.8		0.765091
386.9		0.765091
387		0.765091
387.1		0.766303
387.2		0.766303
387.3		0.766303
387.4		0.766303
387.5		0.766303
387.6		0.766303
387.7		0.766303
387.8		0.766303
387.9		0.766303
388		0.766303
388.1		0.768689
388.2		0.768689
388.3		0.768689
388.4		0.768689
388.5		0.768689
388.6		0.768689
388.7		0.768689
388.8		0.768689
388.9		0.768689
389		0.768689
389.1		0.769711
389.2		0.769711
389.3		0.769711
389.4		0.769711
389.5		0.769711
389.6		0.769711
389.7		0.769711
389.8		0.769711
389.9		0.769711
390		0.769711
390.1		0.773385
390.2		0.773385
390.3		0.773385
390.4		0.773385
390.5		0.773385
390.6		0.773385
390.7		0.773385
390.8		0.773385
390.9		0.773385
391		0.773385
391.1		0.775619
391.2		0.775619
391.3		0.775619
391.4		0.775619
391.5		0.775619
391.6		0.775619
391.7		0.775619
391.8		0.775619
391.9		0.775619
392		0.775619
392.1		0.776793
392.2		0.776793
392.3		0.776793
392.4		0.776793
392.5		0.776793
392.6		0.776793
392.7		0.776793
392.8		0.776793
392.9		0.776793
393		0.776793
393.1		0.778308
393.2		0.778308
393.3		0.778308
393.4		0.778308
393.5		0.778308
393.6		0.778308
393.7		0.778308
393.8		0.778308
393.9		0.778308
394		0.778308
394.1		0.781981
394.2		0.781981
394.3		0.781981
394.4		0.781981
394.5		0.781981
394.6		0.781981
394.7		0.781981
394.8		0.781981
394.9		0.781981
395		0.781981
395.1		0.783875
395.2		0.783875
395.3		0.783875
395.4		0.783875
395.5		0.783875
395.6		0.783875
395.7		0.783875
395.8		0.783875
395.9		0.783875
396		0.783875
396.1		0.784708
396.2		0.784708
396.3		0.784708
396.4		0.784708
396.5		0.784708
396.6		0.784708
396.7		0.784708
396.8		0.784708
396.9		0.784708
397		0.784708
397.1		0.787662
397.2		0.787662
397.3		0.787662
397.4		0.787662
397.5		0.787662
397.6		0.787662
397.7		0.787662
397.8		0.787662
397.9		0.787662
398		0.787662
398.1		0.790199
398.2		0.790199
398.3		0.790199
398.4		0.790199
398.5		0.790199
398.6		0.790199
398.7		0.790199
398.8		0.790199
398.9		0.790199
399		0.790199
399.1		0.790578
399.2		0.790578
399.3		0.790578
399.4		0.790578
399.5		0.790578
399.6		0.790578
399.7		0.790578
399.8		0.790578
399.9		0.790578
400		0.790578
400.1		0.791525
400.2		0.791525
400.3		0.791525
400.4		0.791525
400.5		0.791525
400.6		0.791525
400.7		0.791525
400.8		0.791525
400.9		0.791525
401		0.791525
401.1		0.792736
401.2		0.792736
401.3		0.792736
401.4		0.792736
401.5		0.792736
401.6		0.792736
401.7		0.792736
401.8		0.792736
401.9		0.792736
402		0.792736
402.1		0.79819
402.2		0.79819
402.3		0.79819
402.4		0.79819
402.5		0.79819
402.6		0.79819
402.7		0.79819
402.8		0.79819
402.9		0.79819
403		0.79819
403.1		0.799212
403.2		0.799212
403.3		0.799212
403.4		0.799212
403.5		0.799212
403.6		0.799212
403.7		0.799212
403.8		0.799212
403.9		0.799212
404		0.799212
404.1		0.800689
404.2		0.800689
404.3		0.800689
404.4		0.800689
404.5		0.800689
404.6		0.800689
404.7		0.800689
404.8		0.800689
404.9		0.800689
405		0.800689
405.1		0.801144
405.2		0.801144
405.3		0.801144
405.4		0.801144
405.5		0.801144
405.6		0.801144
405.7		0.801144
405.8		0.801144
405.9		0.801144
406		0.801144
406.1		0.804514
406.2		0.804514
406.3		0.804514
406.4		0.804514
406.5		0.804514
406.6		0.804514
406.7		0.804514
406.8		0.804514
406.9		0.804514
407		0.804514
407.1		0.808718
407.2		0.808718
407.3		0.808718
407.4		0.808718
407.5		0.808718
407.6		0.808718
407.7		0.808718
407.8		0.808718
407.9		0.808718
408		0.808718
408.1		0.809059
408.2		0.809059
408.3		0.809059
408.4		0.809059
408.5		0.809059
408.6		0.809059
408.7		0.809059
408.8		0.809059
408.9		0.809059
409		0.809059
409.1		0.812278
409.2		0.812278
409.3		0.812278
409.4		0.812278
409.5		0.812278
409.6		0.812278
409.7		0.812278
409.8		0.812278
409.9		0.812278
410		0.812278
410.1		0.81258
410.2		0.81258
410.3		0.81258
410.4		0.81258
410.5		0.81258
410.6		0.81258
410.7		0.81258
410.8		0.81258
410.9		0.81258
411		0.81258
411.1		0.815686
411.2		0.815686
411.3		0.815686
411.4		0.815686
411.5		0.815686
411.6		0.815686
411.7		0.815686
411.8		0.815686
411.9		0.815686
412		0.815686
412.1		0.81686
412.2		0.81686
412.3		0.81686
412.4		0.81686
412.5		0.81686
412.6		0.81686
412.7		0.81686
412.8		0.81686
412.9		0.81686
413		0.81686
413.1		0.819511
413.2		0.819511
413.3		0.819511
413.4		0.819511
413.5		0.819511
413.6		0.819511
413.7		0.819511
413.8		0.819511
413.9		0.819511
414		0.819511
414.1		0.821253
414.2		0.821253
414.3		0.821253
414.4		0.821253
414.5		0.821253
414.6		0.821253
414.7		0.821253
414.8		0.821253
414.9		0.821253
415		0.821253
415.1		0.822048
415.2		0.822048
415.3		0.822048
415.4		0.822048
415.5		0.822048
415.6		0.822048
415.7		0.822048
415.8		0.822048
415.9		0.822048
416		0.822048
416.1		0.82432
416.2		0.82432
416.3		0.82432
416.4		0.82432
416.5		0.82432
416.6		0.82432
416.7		0.82432
416.8		0.82432
416.9		0.82432
417		0.82432
417.1		0.826744
417.2		0.826744
417.3		0.826744
417.4		0.826744
417.5		0.826744
417.6		0.826744
417.7		0.826744
417.8		0.826744
417.9		0.826744
418		0.826744
418.1		0.827918
418.2		0.827918
418.3		0.827918
418.4		0.827918
418.5		0.827918
418.6		0.827918
418.7		0.827918
418.8		0.827918
418.9		0.827918
419		0.827918
419.1		0.831591
419.2		0.831591
419.3		0.831591
419.4		0.831591
419.5		0.831591
419.6		0.831591
419.7		0.831591
419.8		0.831591
419.9		0.831591
420		0.831591
420.1		0.83481
420.2		0.83481
420.3		0.83481
420.4		0.83481
420.5		0.83481
420.6		0.83481
420.7		0.83481
420.8		0.83481
420.9		0.83481
421		0.83481
421.1		0.834962
421.2		0.834962
421.3		0.834962
421.4		0.834962
421.5		0.834962
421.6		0.834962
421.7		0.834962
421.8		0.834962
421.9		0.834962
422		0.834962
422.1		0.835909
422.2		0.835909
422.3		0.835909
422.4		0.835909
422.5		0.835909
422.6		0.835909
422.7		0.835909
422.8		0.835909
422.9		0.835909
423		0.835909
423.1		0.838522
423.2		0.838522
423.3		0.838522
423.4		0.838522
423.5		0.838522
423.6		0.838522
423.7		0.838522
423.8		0.838522
423.9		0.838522
424		0.838522
424.1		0.842309
424.2		0.842309
424.3		0.842309
424.4		0.842309
424.5		0.842309
424.6		0.842309
424.7		0.842309
424.8		0.842309
424.9		0.842309
425		0.842309
425.1		0.843293
425.2		0.843293
425.3		0.843293
425.4		0.843293
425.5		0.843293
425.6		0.843293
425.7		0.843293
425.8		0.843293
425.9		0.843293
426		0.843293
426.1		0.843596
426.2		0.843596
426.3		0.843596
426.4		0.843596
426.5		0.843596
426.6		0.843596
426.7		0.843596
426.8		0.843596
426.9		0.843596
427		0.843596
427.1		0.846664
427.2		0.846664
427.3		0.846664
427.4		0.846664
427.5		0.846664
427.6		0.846664
427.7		0.846664
427.8		0.846664
427.9		0.846664
428		0.846664
428.1		0.851511
428.2		0.851511
428.3		0.851511
428.4		0.851511
428.5		0.851511
428.6		0.851511
428.7		0.851511
428.8		0.851511
428.9		0.851511
429		0.851511
429.1		0.85189
429.2		0.85189
429.3		0.85189
429.4		0.85189
429.5		0.85189
429.6		0.85189
429.7		0.85189
429.8		0.85189
429.9		0.85189
430		0.85189
430.1		0.85348
430.2		0.85348
430.3		0.85348
430.4		0.85348
430.5		0.85348
430.6		0.85348
430.7		0.85348
430.8		0.85348
430.9		0.85348
431		0.85348
431.1		0.855563
431.2		0.855563
431.3		0.855563
431.4		0.855563
431.5		0.855563
431.6		0.855563
431.7		0.855563
431.8		0.855563
431.9		0.855563
432		0.855563
432.1		0.859199
432.2		0.859199
432.3		0.859199
432.4		0.859199
432.5		0.859199
432.6		0.859199
432.7		0.859199
432.8		0.859199
432.9		0.859199
433		0.859199
433.1		0.861357
433.2		0.861357
433.3		0.861357
433.4		0.861357
433.5		0.861357
433.6		0.861357
433.7		0.861357
433.8		0.861357
433.9		0.861357
434		0.861357
434.1		0.862569
434.2		0.862569
434.3		0.862569
434.4		0.862569
434.5		0.862569
434.6		0.862569
434.7		0.862569
434.8		0.862569
434.9		0.862569
435		0.862569
435.1		0.863327
435.2		0.863327
435.3		0.863327
435.4		0.863327
435.5		0.863327
435.6		0.863327
435.7		0.863327
435.8		0.863327
435.9		0.863327
436		0.863327
436.1		0.866356
436.2		0.866356
436.3		0.866356
436.4		0.866356
436.5		0.866356
436.6		0.866356
436.7		0.866356
436.8		0.866356
436.9		0.866356
437		0.866356
437.1		0.868969
437.2		0.868969
437.3		0.868969
437.4		0.868969
437.5		0.868969
437.6		0.868969
437.7		0.868969
437.8		0.868969
437.9		0.868969
438		0.868969
438.1		0.871582
438.2		0.871582
438.3		0.871582
438.4		0.871582
438.5		0.871582
438.6		0.871582
438.7		0.871582
438.8		0.871582
438.9		0.871582
439		0.871582
439.1		0.873817
439.2		0.873817
439.3		0.873817
439.4		0.873817
439.5		0.873817
439.6		0.873817
439.7		0.873817
439.8		0.873817
439.9		0.873817
440		0.873817
440.1		0.875066
440.2		0.875066
440.3		0.875066
440.4		0.875066
440.5		0.875066
440.6		0.875066
440.7		0.875066
440.8		0.875066
440.9		0.875066
441		0.875066
441.1		0.877566
441.2		0.877566
441.3		0.877566
441.4		0.877566
441.5		0.877566
441.6		0.877566
441.7		0.877566
441.8		0.877566
441.9		0.877566
442		0.877566
442.1		0.879005
442.2		0.879005
442.3		0.879005
442.4		0.879005
442.5		0.879005
442.6		0.879005
442.7		0.879005
442.8		0.879005
442.9		0.879005
443		0.879005
443.1		0.882186
443.2		0.882186
443.3		0.882186
443.4		0.882186
443.5		0.882186
443.6		0.882186
443.7		0.882186
443.8		0.882186
443.9		0.882186
444		0.882186
444.1		0.884496
444.2		0.884496
444.3		0.884496
444.4		0.884496
444.5		0.884496
444.6		0.884496
444.7		0.884496
444.8		0.884496
444.9		0.884496
445		0.884496
445.1		0.886276
445.2		0.886276
445.3		0.886276
445.4		0.886276
445.5		0.886276
445.6		0.886276
445.7		0.886276
445.8		0.886276
445.9		0.886276
446		0.886276
446.1		0.889116
446.2		0.889116
446.3		0.889116
446.4		0.889116
446.5		0.889116
446.6		0.889116
446.7		0.889116
446.8		0.889116
446.9		0.889116
447		0.889116
447.1		0.889419
447.2		0.889419
447.3		0.889419
447.4		0.889419
447.5		0.889419
447.6		0.889419
447.7		0.889419
447.8		0.889419
447.9		0.889419
448		0.889419
448.1		0.891388
448.2		0.891388
448.3		0.891388
448.4		0.891388
448.5		0.891388
448.6		0.891388
448.7		0.891388
448.8		0.891388
448.9		0.891388
449		0.891388
449.1		0.893471
449.2		0.893471
449.3		0.893471
449.4		0.893471
449.5		0.893471
449.6		0.893471
449.7		0.893471
449.8		0.893471
449.9		0.893471
450		0.893471
450.1		0.895403
450.2		0.895403
450.3		0.895403
450.4		0.895403
450.5		0.895403
450.6		0.895403
450.7		0.895403
450.8		0.895403
450.9		0.895403
451		0.895403
451.1		0.898281
451.2		0.898281
451.3		0.898281
451.4		0.898281
451.5		0.898281
451.6		0.898281
451.7		0.898281
451.8		0.898281
451.9		0.898281
452		0.898281
452.1		0.899341
452.2		0.899341
452.3		0.899341
452.4		0.899341
452.5		0.899341
452.6		0.899341
452.7		0.899341
452.8		0.899341
452.9		0.899341
453		0.899341
453.1		0.900136
453.2		0.900136
453.3		0.900136
453.4		0.900136
453.5		0.900136
453.6		0.900136
453.7		0.900136
453.8		0.900136
453.9		0.900136
454		0.900136
454.1		0.904188
454.2		0.904188
454.3		0.904188
454.4		0.904188
454.5		0.904188
454.6		0.904188
454.7		0.904188
454.8		0.904188
454.9		0.904188
455		0.904188
455.1		0.904416
455.2		0.904416
455.3		0.904416
455.4		0.904416
455.5		0.904416
455.6		0.904416
455.7		0.904416
455.8		0.904416
455.9		0.904416
456		0.904416
456.1		0.90559
456.2		0.90559
456.3		0.90559
456.4		0.90559
456.5		0.90559
456.6		0.90559
456.7		0.90559
456.8		0.90559
456.9		0.90559
457		0.90559
457.1		0.90593
457.2		0.90593
457.3		0.90593
457.4		0.90593
457.5		0.90593
457.6		0.90593
457.7		0.90593
457.8		0.90593
457.9		0.90593
458		0.90593
458.1		0.911119
458.2		0.911119
458.3		0.911119
458.4		0.911119
458.5		0.911119
458.6		0.911119
458.7		0.911119
458.8		0.911119
458.9		0.911119
459		0.911119
459.1		0.911232
459.2		0.911232
459.3		0.911232
459.4		0.911232
459.5		0.911232
459.6		0.911232
459.7		0.911232
459.8		0.911232
459.9		0.911232
460		0.911232
460.1		0.911497
460.2		0.911497
460.3		0.911497
460.4		0.911497
460.5		0.911497
460.6		0.911497
460.7		0.911497
460.8		0.911497
460.9		0.911497
461		0.911497
461.1		0.913732
461.2		0.913732
461.3		0.913732
461.4		0.913732
461.5		0.913732
461.6		0.913732
461.7		0.913732
461.8		0.913732
461.9		0.913732
462		0.913732
462.1		0.917935
462.2		0.917935
462.3		0.917935
462.4		0.917935
462.5		0.917935
462.6		0.917935
462.7		0.917935
462.8		0.917935
462.9		0.917935
463		0.917935
463.1		0.918655
463.2		0.918655
463.3		0.918655
463.4		0.918655
463.5		0.918655
463.6		0.918655
463.7		0.918655
463.8		0.918655
463.9		0.918655
464		0.918655
464.1		0.921344
464.2		0.921344
464.3		0.921344
464.4		0.921344
464.5		0.921344
464.6		0.921344
464.7		0.921344
464.8		0.921344
464.9		0.921344
465		0.921344
465.1		0.921647
465.2		0.921647
465.3		0.921647
465.4		0.921647
465.5		0.921647
465.6		0.921647
465.7		0.921647
465.8		0.921647
465.9		0.921647
466		0.921647
466.1		0.925547
466.2		0.925547
466.3		0.925547
466.4		0.925547
466.5		0.925547
466.6		0.925547
466.7		0.925547
466.8		0.925547
466.9		0.925547
467		0.925547
467.1		0.928918
467.2		0.928918
467.3		0.928918
467.4		0.928918
467.5		0.928918
467.6		0.928918
467.7		0.928918
467.8		0.928918
467.9		0.928918
468		0.928918
468.1		0.929221
468.2		0.929221
468.3		0.929221
468.4		0.929221
468.5		0.929221
468.6		0.929221
468.7		0.929221
468.8		0.929221
468.9		0.929221
469		0.929221
469.1		0.929599
469.2		0.929599
469.3		0.929599
469.4		0.929599
469.5		0.929599
469.6		0.929599
469.7		0.929599
469.8		0.929599
469.9		0.929599
470		0.929599
470.1		0.932402
470.2		0.932402
470.3		0.932402
470.4		0.932402
470.5		0.932402
470.6		0.932402
470.7		0.932402
470.8		0.932402
470.9		0.932402
471		0.932402
471.1		0.933954
471.2		0.933954
471.3		0.933954
471.4		0.933954
471.5		0.933954
471.6		0.933954
471.7		0.933954
471.8		0.933954
471.9		0.933954
472		0.933954
472.1		0.937287
472.2		0.937287
472.3		0.937287
472.4		0.937287
472.5		0.937287
472.6		0.937287
472.7		0.937287
472.8		0.937287
472.9		0.937287
473		0.937287
473.1		0.940241
473.2		0.940241
473.3		0.940241
473.4		0.940241
473.5		0.940241
473.6		0.940241
473.7		0.940241
473.8		0.940241
473.9		0.940241
474		0.940241
474.1		0.94062
474.2		0.94062
474.3		0.94062
474.4		0.94062
474.5		0.94062
474.6		0.94062
474.7		0.94062
474.8		0.94062
474.9		0.94062
475		0.94062
475.1		0.943195
475.2		0.943195
475.3		0.943195
475.4		0.943195
475.5		0.943195
475.6		0.943195
475.7		0.943195
475.8		0.943195
475.9		0.943195
476		0.943195
476.1		0.943498
476.2		0.943498
476.3		0.943498
476.4		0.943498
476.5		0.943498
476.6		0.943498
476.7		0.943498
476.8		0.943498
476.9		0.943498
477		0.943498
477.1		0.946376
477.2		0.946376
477.3		0.946376
477.4		0.946376
477.5		0.946376
477.6		0.946376
477.7		0.946376
477.8		0.946376
477.9		0.946376
478		0.946376
478.1		0.947474
478.2		0.947474
478.3		0.947474
478.4		0.947474
478.5		0.947474
478.6		0.947474
478.7		0.947474
478.8		0.947474
478.9		0.947474
479		0.947474
479.1		0.949708
479.2		0.949708
479.3		0.949708
479.4		0.949708
479.5		0.949708
479.6		0.949708
479.7		0.949708
479.8		0.949708
479.9		0.949708
480		0.949708
480.1		0.952889
480.2		0.952889
480.3		0.952889
480.4		0.952889
480.5		0.952889
480.6		0.952889
480.7		0.952889
480.8		0.952889
480.9		0.952889
481		0.952889
481.1		0.955654
481.2		0.955654
481.3		0.955654
481.4		0.955654
481.5		0.955654
481.6		0.955654
481.7		0.955654
481.8		0.955654
481.9		0.955654
482		0.955654
482.1		0.957093
482.2		0.957093
482.3		0.957093
482.4		0.957093
482.5		0.957093
482.6		0.957093
482.7		0.957093
482.8		0.957093
482.9		0.957093
483		0.957093
483.1		0.957775
483.2		0.957775
483.3		0.957775
483.4		0.957775
483.5		0.957775
483.6		0.957775
483.7		0.957775
483.8		0.957775
483.9		0.957775
484		0.957775
484.1		0.962509
484.2		0.962509
484.3		0.962509
484.4		0.962509
484.5		0.962509
484.6		0.962509
484.7		0.962509
484.8		0.962509
484.9		0.962509
485		0.962509
485.1		0.963266
485.2		0.963266
485.3		0.963266
485.4		0.963266
485.5		0.963266
485.6		0.963266
485.7		0.963266
485.8		0.963266
485.9		0.963266
486		0.963266
486.1		0.96497
486.2		0.96497
486.3		0.96497
486.4		0.96497
486.5		0.96497
486.6		0.96497
486.7		0.96497
486.8		0.96497
486.9		0.96497
487		0.96497
487.1		0.968227
487.2		0.968227
487.3		0.968227
487.4		0.968227
487.5		0.968227
487.6		0.968227
487.7		0.968227
487.8		0.968227
487.9		0.968227
488		0.968227
488.1		0.971484
488.2		0.971484
488.3		0.971484
488.4		0.971484
488.5		0.971484
488.6		0.971484
488.7		0.971484
488.8		0.971484
488.9		0.971484
489		0.971484
489.1		0.971749
489.2		0.971749
489.3		0.971749
489.4		0.971749
489.5		0.971749
489.6		0.971749
489.7		0.971749
489.8		0.971749
489.9		0.971749
490		0.971749
490.1		0.973756
490.2		0.973756
490.3		0.973756
490.4		0.973756
490.5		0.973756
490.6		0.973756
490.7		0.973756
490.8		0.973756
490.9		0.973756
491		0.973756
491.1		0.974968
491.2		0.974968
491.3		0.974968
491.4		0.974968
491.5		0.974968
491.6		0.974968
491.7		0.974968
491.8		0.974968
491.9		0.974968
492		0.974968
492.1		0.979891
492.2		0.979891
492.3		0.979891
492.4		0.979891
492.5		0.979891
492.6		0.979891
492.7		0.979891
492.8		0.979891
492.9		0.979891
493		0.979891
493.1		0.982428
493.2		0.982428
493.3		0.982428
493.4		0.982428
493.5		0.982428
493.6		0.982428
493.7		0.982428
493.8		0.982428
493.9		0.982428
494		0.982428
494.1		0.982542
494.2		0.982542
494.3		0.982542
494.4		0.982542
494.5		0.982542
494.6		0.982542
494.7		0.982542
494.8		0.982542
494.9		0.982542
495		0.982542
495.1		0.982655
495.2		0.982655
495.3		0.982655
495.4		0.982655
495.5		0.982655
495.6		0.982655
495.7		0.982655
495.8		0.982655
495.9		0.982655
496		0.982655
496.1		0.989056
496.2		0.989056
496.3		0.989056
496.4		0.989056
496.5		0.989056
496.6		0.989056
496.7		0.989056
496.8		0.989056
496.9		0.989056
497		0.989056
497.1		0.989472
497.2		0.989472
497.3		0.989472
497.4		0.989472
497.5		0.989472
497.6		0.989472
497.7		0.989472
497.8		0.989472
497.9		0.989472
498		0.989472
498.1		0.990229
498.2		0.990229
498.3		0.990229
498.4		0.990229
498.5		0.990229
498.6		0.990229
498.7		0.990229
498.8		0.990229
498.9		0.990229
499		0.990229
499.1		0.991744
499.2		0.991744
499.3		0.991744
499.4		0.991744
499.5		0.991744
499.6		0.991744
499.7		0.991744
499.8		0.991744
499.9		0.991744
500		0.991744
500.1		0.993827
500.2		0.993827
500.3		0.993827
500.4		0.993827
500.5		0.993827
500.6		0.993827
500.7		0.993827
500.8		0.993827
500.9		0.993827
501		0.993827
501.1		0.99591
501.2		0.99591
501.3		0.99591
501.4		0.99591
501.5		0.99591
501.6		0.99591
501.7		0.99591
501.8		0.99591
501.9		0.99591
502		0.99591
502.1		0.998144
502.2		0.998144
502.3		0.998144
502.4		0.998144
502.5		0.998144
502.6		0.998144
502.7		0.998144
502.8		0.998144
502.9		0.998144
503		0.998144
503.1		0.999659
503.2		0.999659
503.3		0.999659
503.4		0.999659
503.5		0.999659
503.6		0.999659
503.7		0.999659
503.8		0.999659
503.9		0.999659
504		0.999659
504.1		0.999773
504.2		0.999773
504.3		0.999773
504.4		0.999773
504.5		0.999773
504.6		0.999773
504.7		0.999773
504.8		0.999773
504.9		0.999773
505		0.999773
505.1		1
505.2		1
505.3		1
505.4		1
505.5		1
505.6		1
505.7		1
505.8		1
505.9		1
506		1
506.1		1
506.2		1
506.3		1
506.4		1
506.5		1
506.6		1
506.7		1
506.8		1
506.9		1
507		1
507.1		1
507.2		1
507.3		1
507.4		1
507.5		1
507.6		1
507.7		1
507.8		1
507.9		1
508		1
508.1		1
508.2		1
508.3		1
508.4		1
508.5		1
508.6		1
508.7		1
508.8		1
508.9		1
509		1
509.1		1
509.2		1
509.3		1
509.4		1
509.5		1
509.6		1
509.7		1
509.8		1
509.9		1
510		1
510.1		1
510.2		1
510.3		1
510.4		1
510.5		1
510.6		1
510.7		1
510.8		1
510.9		1
511		1
511.1		1
511.2		1
511.3		1
511.4		1
511.5		1
511.6		1
511.7		1
511.8		1
511.9		1
512		1
512.1		1
512.2		1
512.3		1
512.4		1
512.5		1
512.6		1
512.7		1
512.8		1
512.9		1
513		1
513.1		1
513.2		1
513.3		1
513.4		1
513.5		1
513.6		1
513.7		1
513.8		1
513.9		1
514		1
514.1		1
514.2		1
514.3		1
514.4		1
514.5		1
514.6		1
514.7		1
514.8		1
514.9		1
515		1
515.1		1
515.2		1
515.3		1
515.4		1
515.5		1
515.6		1
515.7		1
515.8		1
515.9		1
516		1
516.1		1
516.2		1
516.3		1
516.4		1
516.5		1
516.6		1
516.7		1
516.8		1
516.9		1
517		1
517.1		1
517.2		1
517.3		1
517.4		1
517.5		1
517.6		1
517.7		1
517.8		1
517.9		1
518		1
518.1		1
518.2		1
518.3		1
518.4		1
518.5		1
518.6		1
518.7		1
518.8		1
518.9		1
519		1
519.1		1
519.2		1
519.3		1
519.4		1
519.5		1
519.6		1
519.7		1
519.8		1
519.9		1
520		1
520.1		1
520.2		1
520.3		1
520.4		1
520.5		1
520.6		1
520.7		1
520.8		1
520.9		1
521		1
521.1		1
521.2		1
521.3		1
521.4		1
521.5		1
521.6		1
521.7		1
521.8		1
521.9		1
522		1
522.1		1
522.2		1
522.3		1
522.4		1
522.5		1
522.6		1
522.7		1
522.8		1
522.9		1
523		1
523.1		1
523.2		1
523.3		1
523.4		1
523.5		1
523.6		1
523.7		1
523.8		1
523.9		1
524		1
524.1		1
524.2		1
524.3		1
524.4		1
524.5		1
524.6		1
524.7		1
524.8		1
524.9		1
525		1
525.1		1
525.2		1
525.3		1
525.4		1
525.5		1
525.6		1
525.7		1
525.8		1
525.9		1
526		1
526.1		1
526.2		1
526.3		1
526.4		1
526.5		1
526.6		1
526.7		1
526.8		1
526.9		1
527		1
527.1		1
527.2		1
527.3		1
527.4		1
527.5		1
527.6		1
527.7		1
527.8		1
527.9		1
528		1
528.1		1
528.2		1
528.3		1
528.4		1
528.5		1
528.6		1
528.7		1
528.8		1
528.9		1
529		1
529.1		1
529.2		1
529.3		1
529.4		1
529.5		1
529.6		1
529.7		1
529.8		1
529.9		1
530		1
530.1		1
530.2		1
530.3		1
530.4		1
530.5		1
530.6		1
530.7		1
530.8		1
530.9		1
531		1
531.1		1
531.2		1
531.3		1
531.4		1
531.5		1
531.6		1
531.7		1
531.8		1
531.9		1
532		1
532.1		1
532.2		1
532.3		1
532.4		1
532.5		1
532.6		1
532.7		1
532.8		1
532.9		1
533		1
533.1		1
533.2		1
533.3		1
533.4		1
533.5		1
533.6		1
533.7		1
533.8		1
533.9		1
534		1
534.1		1
534.2		1
534.3		1
534.4		1
534.5		1
534.6		1
534.7		1
534.8		1
534.9		1
535		1
535.1		1
535.2		1
535.3		1
535.4		1
535.5		1
535.6		1
535.7		1
535.8		1
535.9		1
536		1
536.1		1
536.2		1
536.3		1
536.4		1
536.5		1
536.6		1
536.7		1
536.8		1
536.9		1
537		1
537.1		1
537.2		1
537.3		1
537.4		1
537.5		1
537.6		1
537.7		1
537.8		1
537.9		1
538		1
538.1		1
538.2		1
538.3		1
538.4		1
538.5		1
538.6		1
538.7		1
538.8		1
538.9		1
539		1
539.1		1
539.2		1
539.3		1
539.4		1
539.5		1
539.6		1
539.7		1
539.8		1
539.9		1
540		1
540.1		1
540.2		1
540.3		1
540.4		1
540.5		1
540.6		1
540.7		1
540.8		1
540.9		1
541		1
541.1		1
541.2		1
541.3		1
541.4		1
541.5		1
541.6		1
541.7		1
541.8		1
541.9		1
542		1
542.1		1
542.2		1
542.3		1
542.4		1
542.5		1
542.6		1
542.7		1
542.8		1
542.9		1
543		1
543.1		1
543.2		1
543.3		1
543.4		1
543.5		1
543.6		1
543.7		1
543.8		1
543.9		1
544		1
544.1		1
544.2		1
544.3		1
544.4		1
544.5		1
544.6		1
544.7		1
544.8		1
544.9		1
545		1
545.1		1
545.2		1
545.3		1
545.4		1
545.5		1
545.6		1
545.7		1
545.8		1
545.9		1
546		1
546.1		1
546.2		1
546.3		1
546.4		1
546.5		1
546.6		1
546.7		1
546.8		1
546.9		1
547		1
547.1		1
547.2		1
547.3		1
547.4		1
547.5		1
547.6		1
547.7		1
547.8		1
547.9		1
548		1
548.1		1
548.2		1
548.3		1
548.4		1
548.5		1
548.6		1
548.7		1
548.8		1
548.9		1
549		1
549.1		1
549.2		1
549.3		1
549.4		1
549.5		1
549.6		1
549.7		1
549.8		1
549.9		1
550		1
550.1		1
550.2		1
550.3		1
550.4		1
550.5		1
550.6		1
550.7		1
550.8		1
550.9		1
551		1
551.1		1
551.2		1
551.3		1
551.4		1
551.5		1
551.6		1
551.7		1
551.8		1
551.9		1
552		1
552.1		1
552.2		1
552.3		1
552.4		1
552.5		1
552.6		1
552.7		1
552.8		1
552.9		1
553		1
553.1		1
553.2		1
553.3		1
553.4		1
553.5		1
553.6		1
553.7		1
553.8		1
553.9		1
554		1
554.1		1
554.2		1
554.3		1
554.4		1
554.5		1
554.6		1
554.7		1
554.8		1
554.9		1
555		1
555.1		1
555.2		1
555.3		1
555.4		1
555.5		1
555.6		1
555.7		1
555.8		1
555.9		1
556		1
556.1		1
556.2		1
556.3		1
556.4		1
556.5		1
556.6		1
556.7		1
556.8		1
556.9		1
557		1
557.1		1
557.2		1
557.3		1
557.4		1
557.5		1
557.6		1
557.7		1
557.8		1
557.9		1
558		1
558.1		1
558.2		1
558.3		1
558.4		1
558.5		1
558.6		1
558.7		1
558.8		1
558.9		1
559		1
559.1		1
559.2		1
559.3		1
559.4		1
559.5		1
559.6		1
559.7		1
559.8		1
559.9		1
560		1
560.1		1
560.2		1
560.3		1
560.4		1
560.5		1
560.6		1
560.7		1
560.8		1
560.9		1
561		1
561.1		1
561.2		1
561.3		1
561.4		1
561.5		1
561.6		1
561.7		1
561.8		1
561.9		1
562		1
562.1		1
562.2		1
562.3		1
562.4		1
562.5		1
562.6		1
562.7		1
562.8		1
562.9		1
563		1
563.1		1
563.2		1
563.3		1
563.4		1
563.5		1
563.6		1
563.7		1
563.8		1
563.9		1
564		1
564.1		1
564.2		1
564.3		1
564.4		1
564.5		1
564.6		1
564.7		1
564.8		1
564.9		1
565		1
565.1		1
565.2		1
565.3		1
565.4		1
565.5		1
565.6		1
565.7		1
565.8		1
565.9		1
566		1
566.1		1
566.2		1
566.3		1
566.4		1
566.5		1
566.6		1
566.7		1
566.8		1
566.9		1
567		1
567.1		1
567.2		1
567.3		1
567.4		1
567.5		1
567.6		1
567.7		1
567.8		1
567.9		1
568		1
568.1		1
568.2		1
568.3		1
568.4		1
568.5		1
568.6		1
568.7		1
568.8		1
568.9		1
569		1
569.1		1
569.2		1
569.3		1
569.4		1
569.5		1
569.6		1
569.7		1
569.8		1
569.9		1
570		1
570.1		1
570.2		1
570.3		1
570.4		1
570.5		1
570.6		1
570.7		1
570.8		1
570.9		1
571		1
571.1		1
571.2		1
571.3		1
571.4		1
571.5		1
571.6		1
571.7		1
571.8		1
571.9		1
572		1
572.1		1
572.2		1
572.3		1
572.4		1
572.5		1
572.6		1
572.7		1
572.8		1
572.9		1
573		1
573.1		1
573.2		1
573.3		1
573.4		1
573.5		1
573.6		1
573.7		1
573.8		1
573.9		1
574		1
574.1		1
574.2		1
574.3		1
574.4		1
574.5		1
574.6		1
574.7		1
574.8		1
574.9		1
575		1
575.1		1
575.2		1
575.3		1
575.4		1
575.5		1
575.6		1
575.7		1
575.8		1
575.9		1
576		1
576.1		1
576.2		1
576.3		1
576.4		1
576.5		1
576.6		1
576.7		1
576.8		1
576.9		1
577		1
577.1		1
577.2		1
577.3		1
577.4		1
577.5		1
577.6		1
577.7		1
577.8		1
577.9		1
578		1
578.1		1
578.2		1
578.3		1
578.4		1
578.5		1
578.6		1
578.7		1
578.8		1
578.9		1
579		1
579.1		1
579.2		1
579.3		1
579.4		1
579.5		1
579.6		1
579.7		1
579.8		1
579.9		1
580		1
580.1		1
580.2		1
580.3		1
580.4		1
580.5		1
580.6		1
580.7		1
580.8		1
580.9		1
581		1
581.1		1
581.2		1
581.3		1
581.4		1
581.5		1
581.6		1
581.7		1
581.8		1
581.9		1
582		1
582.1		1
582.2		1
582.3		1
582.4		1
582.5		1
582.6		1
582.7		1
582.8		1
582.9		1
583		1
583.1		1
583.2		1
583.3		1
583.4		1
583.5		1
583.6		1
583.7		1
583.8		1
583.9		1
584		1
584.1		1
584.2		1
584.3		1
584.4		1
584.5		1
584.6		1
584.7		1
584.8		1
584.9		1
585		1
585.1		1
585.2		1
585.3		1
585.4		1
585.5		1
585.6		1
585.7		1
585.8		1
585.9		1
586		1
586.1		1
586.2		1
586.3		1
586.4		1
586.5		1
586.6		1
586.7		1
586.8		1
586.9		1
587		1
587.1		1
587.2		1
587.3		1
587.4		1
587.5		1
587.6		1
587.7		1
587.8		1
587.9		1
588		1
588.1		1
588.2		1
588.3		1
588.4		1
588.5		1
588.6		1
588.7		1
588.8		1
588.9		1
589		1
589.1		1
589.2		1
589.3		1
589.4		1
589.5		1
589.6		1
589.7		1
589.8		1
589.9		1
590		1
590.1		1
590.2		1
590.3		1
590.4		1
590.5		1
590.6		1
590.7		1
590.8		1
590.9		1
591		1
591.1		1
591.2		1
591.3		1
591.4		1
591.5		1
591.6		1
591.7		1
591.8		1
591.9		1
592		1
592.1		1
592.2		1
592.3		1
592.4		1
592.5		1
592.6		1
592.7		1
592.8		1
592.9		1
593		1
593.1		1
593.2		1
593.3		1
593.4		1
593.5		1
593.6		1
593.7		1
593.8		1
593.9		1
594		1
594.1		1
594.2		1
594.3		1
594.4		1
594.5		1
594.6		1
594.7		1
594.8		1
594.9		1
595		1
595.1		1
595.2		1
595.3		1
595.4		1
595.5		1
595.6		1
595.7		1
595.8		1
595.9		1
596		1
596.1		1
596.2		1
596.3		1
596.4		1
596.5		1
596.6		1
596.7		1
596.8		1
596.9		1
597		1
597.1		1
597.2		1
597.3		1
597.4		1
597.5		1
597.6		1
597.7		1
597.8		1
597.9		1
598		1
598.1		1
598.2		1
598.3		1
598.4		1
598.5		1
598.6		1
598.7		1
598.8		1
598.9		1
599		1
599.1		1
599.2		1
599.3		1
599.4		1
599.5		1
599.6		1
599.7		1
599.8		1
599.9		1
600		1
