# Calibration file of tamex_id 1 @ channel 10
# fine_T bin		 Calibration value
0.1		0
0.2		0
0.3		0
0.4		0
0.5		0
0.6		0
0.7		0
0.8		0
0.9		0
1		0
1.1		0
1.2		0
1.3		0
1.4		0
1.5		0
1.6		0
1.7		0
1.8		0
1.9		0
2		0
2.1		0
2.2		0
2.3		0
2.4		0
2.5		0
2.6		0
2.7		0
2.8		0
2.9		0
3		0
3.1		0
3.2		0
3.3		0
3.4		0
3.5		0
3.6		0
3.7		0
3.8		0
3.9		0
4		0
4.1		0
4.2		0
4.3		0
4.4		0
4.5		0
4.6		0
4.7		0
4.8		0
4.9		0
5		0
5.1		0
5.2		0
5.3		0
5.4		0
5.5		0
5.6		0
5.7		0
5.8		0
5.9		0
6		0
6.1		0
6.2		0
6.3		0
6.4		0
6.5		0
6.6		0
6.7		0
6.8		0
6.9		0
7		0
7.1		0
7.2		0
7.3		0
7.4		0
7.5		0
7.6		0
7.7		0
7.8		0
7.9		0
8		0
8.1		0
8.2		0
8.3		0
8.4		0
8.5		0
8.6		0
8.7		0
8.8		0
8.9		0
9		0
9.1		0
9.2		0
9.3		0
9.4		0
9.5		0
9.6		0
9.7		0
9.8		0
9.9		0
10		0
10.1		0
10.2		0
10.3		0
10.4		0
10.5		0
10.6		0
10.7		0
10.8		0
10.9		0
11		0
11.1		0
11.2		0
11.3		0
11.4		0
11.5		0
11.6		0
11.7		0
11.8		0
11.9		0
12		0
12.1		0
12.2		0
12.3		0
12.4		0
12.5		0
12.6		0
12.7		0
12.8		0
12.9		0
13		0
13.1		0
13.2		0
13.3		0
13.4		0
13.5		0
13.6		0
13.7		0
13.8		0
13.9		0
14		0
14.1		0
14.2		0
14.3		0
14.4		0
14.5		0
14.6		0
14.7		0
14.8		0
14.9		0
15		0
15.1		0
15.2		0
15.3		0
15.4		0
15.5		0
15.6		0
15.7		0
15.8		0
15.9		0
16		0
16.1		0.00493876
16.2		0.00493876
16.3		0.00493876
16.4		0.00493876
16.5		0.00493876
16.6		0.00493876
16.7		0.00493876
16.8		0.00493876
16.9		0.00493876
17		0.00493876
17.1		0.00677696
17.2		0.00677696
17.3		0.00677696
17.4		0.00677696
17.5		0.00677696
17.6		0.00677696
17.7		0.00677696
17.8		0.00677696
17.9		0.00677696
18		0.00677696
18.1		0.0114278
18.2		0.0114278
18.3		0.0114278
18.4		0.0114278
18.5		0.0114278
18.6		0.0114278
18.7		0.0114278
18.8		0.0114278
18.9		0.0114278
19		0.0114278
19.1		0.0118043
19.2		0.0118043
19.3		0.0118043
19.4		0.0118043
19.5		0.0118043
19.6		0.0118043
19.7		0.0118043
19.8		0.0118043
19.9		0.0118043
20		0.0118043
20.1		0.0178061
20.2		0.0178061
20.3		0.0178061
20.4		0.0178061
20.5		0.0178061
20.6		0.0178061
20.7		0.0178061
20.8		0.0178061
20.9		0.0178061
21		0.0178061
21.1		0.0188913
21.2		0.0188913
21.3		0.0188913
21.4		0.0188913
21.5		0.0188913
21.6		0.0188913
21.7		0.0188913
21.8		0.0188913
21.9		0.0188913
22		0.0188913
22.1		0.020353
22.2		0.020353
22.3		0.020353
22.4		0.020353
22.5		0.020353
22.6		0.020353
22.7		0.020353
22.8		0.020353
22.9		0.020353
23		0.020353
23.1		0.0222134
23.2		0.0222134
23.3		0.0222134
23.4		0.0222134
23.5		0.0222134
23.6		0.0222134
23.7		0.0222134
23.8		0.0222134
23.9		0.0222134
24		0.0222134
24.1		0.023963
24.2		0.023963
24.3		0.023963
24.4		0.023963
24.5		0.023963
24.6		0.023963
24.7		0.023963
24.8		0.023963
24.9		0.023963
25		0.023963
25.1		0.0268421
25.2		0.0268421
25.3		0.0268421
25.4		0.0268421
25.5		0.0268421
25.6		0.0268421
25.7		0.0268421
25.8		0.0268421
25.9		0.0268421
26		0.0268421
26.1		0.0302305
26.2		0.0302305
26.3		0.0302305
26.4		0.0302305
26.5		0.0302305
26.6		0.0302305
26.7		0.0302305
26.8		0.0302305
26.9		0.0302305
27		0.0302305
27.1		0.0304299
27.2		0.0304299
27.3		0.0304299
27.4		0.0304299
27.5		0.0304299
27.6		0.0304299
27.7		0.0304299
27.8		0.0304299
27.9		0.0304299
28		0.0304299
28.1		0.0312936
28.2		0.0312936
28.3		0.0312936
28.4		0.0312936
28.5		0.0312936
28.6		0.0312936
28.7		0.0312936
28.8		0.0312936
28.9		0.0312936
29		0.0312936
29.1		0.0331539
29.2		0.0331539
29.3		0.0331539
29.4		0.0331539
29.5		0.0331539
29.6		0.0331539
29.7		0.0331539
29.8		0.0331539
29.9		0.0331539
30		0.0331539
30.1		0.0354794
30.2		0.0354794
30.3		0.0354794
30.4		0.0354794
30.5		0.0354794
30.6		0.0354794
30.7		0.0354794
30.8		0.0354794
30.9		0.0354794
31		0.0354794
31.1		0.0369411
31.2		0.0369411
31.3		0.0369411
31.4		0.0369411
31.5		0.0369411
31.6		0.0369411
31.7		0.0369411
31.8		0.0369411
31.9		0.0369411
32		0.0369411
32.1		0.0382699
32.2		0.0382699
32.3		0.0382699
32.4		0.0382699
32.5		0.0382699
32.6		0.0382699
32.7		0.0382699
32.8		0.0382699
32.9		0.0382699
33		0.0382699
33.1		0.0419684
33.2		0.0419684
33.3		0.0419684
33.4		0.0419684
33.5		0.0419684
33.6		0.0419684
33.7		0.0419684
33.8		0.0419684
33.9		0.0419684
34		0.0419684
34.1		0.0428543
34.2		0.0428543
34.3		0.0428543
34.4		0.0428543
34.5		0.0428543
34.6		0.0428543
34.7		0.0428543
34.8		0.0428543
34.9		0.0428543
35		0.0428543
35.1		0.0439616
35.2		0.0439616
35.3		0.0439616
35.4		0.0439616
35.5		0.0439616
35.6		0.0439616
35.7		0.0439616
35.8		0.0439616
35.9		0.0439616
36		0.0439616
36.1		0.0459106
36.2		0.0459106
36.3		0.0459106
36.4		0.0459106
36.5		0.0459106
36.6		0.0459106
36.7		0.0459106
36.8		0.0459106
36.9		0.0459106
37		0.0459106
37.1		0.0461985
37.2		0.0461985
37.3		0.0461985
37.4		0.0461985
37.5		0.0461985
37.6		0.0461985
37.7		0.0461985
37.8		0.0461985
37.9		0.0461985
38		0.0461985
38.1		0.0517352
38.2		0.0517352
38.3		0.0517352
38.4		0.0517352
38.5		0.0517352
38.6		0.0517352
38.7		0.0517352
38.8		0.0517352
38.9		0.0517352
39		0.0517352
39.1		0.0523553
39.2		0.0523553
39.3		0.0523553
39.4		0.0523553
39.5		0.0523553
39.6		0.0523553
39.7		0.0523553
39.8		0.0523553
39.9		0.0523553
40		0.0523553
40.1		0.0540163
40.2		0.0540163
40.3		0.0540163
40.4		0.0540163
40.5		0.0540163
40.6		0.0540163
40.7		0.0540163
40.8		0.0540163
40.9		0.0540163
41		0.0540163
41.1		0.0556995
41.2		0.0556995
41.3		0.0556995
41.4		0.0556995
41.5		0.0556995
41.6		0.0556995
41.7		0.0556995
41.8		0.0556995
41.9		0.0556995
42		0.0556995
42.1		0.057737
42.2		0.057737
42.3		0.057737
42.4		0.057737
42.5		0.057737
42.6		0.057737
42.7		0.057737
42.8		0.057737
42.9		0.057737
43		0.057737
43.1		0.0579806
43.2		0.0579806
43.3		0.0579806
43.4		0.0579806
43.5		0.0579806
43.6		0.0579806
43.7		0.0579806
43.8		0.0579806
43.9		0.0579806
44		0.0579806
44.1		0.0628308
44.2		0.0628308
44.3		0.0628308
44.4		0.0628308
44.5		0.0628308
44.6		0.0628308
44.7		0.0628308
44.8		0.0628308
44.9		0.0628308
45		0.0628308
45.1		0.0630523
45.2		0.0630523
45.3		0.0630523
45.4		0.0630523
45.5		0.0630523
45.6		0.0630523
45.7		0.0630523
45.8		0.0630523
45.9		0.0630523
46		0.0630523
46.1		0.0668837
46.2		0.0668837
46.3		0.0668837
46.4		0.0668837
46.5		0.0668837
46.6		0.0668837
46.7		0.0668837
46.8		0.0668837
46.9		0.0668837
47		0.0668837
47.1		0.0690541
47.2		0.0690541
47.3		0.0690541
47.4		0.0690541
47.5		0.0690541
47.6		0.0690541
47.7		0.0690541
47.8		0.0690541
47.9		0.0690541
48		0.0690541
48.1		0.069342
48.2		0.069342
48.3		0.069342
48.4		0.069342
48.5		0.069342
48.6		0.069342
48.7		0.069342
48.8		0.069342
48.9		0.069342
49		0.069342
49.1		0.070095
49.2		0.070095
49.3		0.070095
49.4		0.070095
49.5		0.070095
49.6		0.070095
49.7		0.070095
49.8		0.070095
49.9		0.070095
50		0.070095
50.1		0.0726641
50.2		0.0726641
50.3		0.0726641
50.4		0.0726641
50.5		0.0726641
50.6		0.0726641
50.7		0.0726641
50.8		0.0726641
50.9		0.0726641
51		0.0726641
51.1		0.0732399
51.2		0.0732399
51.3		0.0732399
51.4		0.0732399
51.5		0.0732399
51.6		0.0732399
51.7		0.0732399
51.8		0.0732399
51.9		0.0732399
52		0.0732399
52.1		0.076119
52.2		0.076119
52.3		0.076119
52.4		0.076119
52.5		0.076119
52.6		0.076119
52.7		0.076119
52.8		0.076119
52.9		0.076119
53		0.076119
53.1		0.0785551
53.2		0.0785551
53.3		0.0785551
53.4		0.0785551
53.5		0.0785551
53.6		0.0785551
53.7		0.0785551
53.8		0.0785551
53.9		0.0785551
54		0.0785551
54.1		0.078688
54.2		0.078688
54.3		0.078688
54.4		0.078688
54.5		0.078688
54.6		0.078688
54.7		0.078688
54.8		0.078688
54.9		0.078688
55		0.078688
55.1		0.0792195
55.2		0.0792195
55.3		0.0792195
55.4		0.0792195
55.5		0.0792195
55.6		0.0792195
55.7		0.0792195
55.8		0.0792195
55.9		0.0792195
56		0.0792195
56.1		0.084867
56.2		0.084867
56.3		0.084867
56.4		0.084867
56.5		0.084867
56.6		0.084867
56.7		0.084867
56.8		0.084867
56.9		0.084867
57		0.084867
57.1		0.0851106
57.2		0.0851106
57.3		0.0851106
57.4		0.0851106
57.5		0.0851106
57.6		0.0851106
57.7		0.0851106
57.8		0.0851106
57.9		0.0851106
58		0.0851106
58.1		0.088942
58.2		0.088942
58.3		0.088942
58.4		0.088942
58.5		0.088942
58.6		0.088942
58.7		0.088942
58.8		0.088942
58.9		0.088942
59		0.088942
59.1		0.0903594
59.2		0.0903594
59.3		0.0903594
59.4		0.0903594
59.5		0.0903594
59.6		0.0903594
59.7		0.0903594
59.8		0.0903594
59.9		0.0903594
60		0.0903594
60.1		0.0910903
60.2		0.0910903
60.3		0.0910903
60.4		0.0910903
60.5		0.0910903
60.6		0.0910903
60.7		0.0910903
60.8		0.0910903
60.9		0.0910903
61		0.0910903
61.1		0.091644
61.2		0.091644
61.3		0.091644
61.4		0.091644
61.5		0.091644
61.6		0.091644
61.7		0.091644
61.8		0.091644
61.9		0.091644
62		0.091644
62.1		0.0948996
62.2		0.0948996
62.3		0.0948996
62.4		0.0948996
62.5		0.0948996
62.6		0.0948996
62.7		0.0948996
62.8		0.0948996
62.9		0.0948996
63		0.0948996
63.1		0.0985095
63.2		0.0985095
63.3		0.0985095
63.4		0.0985095
63.5		0.0985095
63.6		0.0985095
63.7		0.0985095
63.8		0.0985095
63.9		0.0985095
64		0.0985095
64.1		0.101211
64.2		0.101211
64.3		0.101211
64.4		0.101211
64.5		0.101211
64.6		0.101211
64.7		0.101211
64.8		0.101211
64.9		0.101211
65		0.101211
65.1		0.102053
65.2		0.102053
65.3		0.102053
65.4		0.102053
65.5		0.102053
65.6		0.102053
65.7		0.102053
65.8		0.102053
65.9		0.102053
66		0.102053
66.1		0.102872
66.2		0.102872
66.3		0.102872
66.4		0.102872
66.5		0.102872
66.6		0.102872
66.7		0.102872
66.8		0.102872
66.9		0.102872
67		0.102872
67.1		0.10666
67.2		0.10666
67.3		0.10666
67.4		0.10666
67.5		0.10666
67.6		0.10666
67.7		0.10666
67.8		0.10666
67.9		0.10666
68		0.10666
68.1		0.107678
68.2		0.107678
68.3		0.107678
68.4		0.107678
68.5		0.107678
68.6		0.107678
68.7		0.107678
68.8		0.107678
68.9		0.107678
69		0.107678
69.1		0.109051
69.2		0.109051
69.3		0.109051
69.4		0.109051
69.5		0.109051
69.6		0.109051
69.7		0.109051
69.8		0.109051
69.9		0.109051
70		0.109051
70.1		0.112174
70.2		0.112174
70.3		0.112174
70.4		0.112174
70.5		0.112174
70.6		0.112174
70.7		0.112174
70.8		0.112174
70.9		0.112174
71		0.112174
71.1		0.113481
71.2		0.113481
71.3		0.113481
71.4		0.113481
71.5		0.113481
71.6		0.113481
71.7		0.113481
71.8		0.113481
71.9		0.113481
72		0.113481
72.1		0.116559
72.2		0.116559
72.3		0.116559
72.4		0.116559
72.5		0.116559
72.6		0.116559
72.7		0.116559
72.8		0.116559
72.9		0.116559
73		0.116559
73.1		0.117489
73.2		0.117489
73.3		0.117489
73.4		0.117489
73.5		0.117489
73.6		0.117489
73.7		0.117489
73.8		0.117489
73.9		0.117489
74		0.117489
74.1		0.117644
74.2		0.117644
74.3		0.117644
74.4		0.117644
74.5		0.117644
74.6		0.117644
74.7		0.117644
74.8		0.117644
74.9		0.117644
75		0.117644
75.1		0.121609
75.2		0.121609
75.3		0.121609
75.4		0.121609
75.5		0.121609
75.6		0.121609
75.7		0.121609
75.8		0.121609
75.9		0.121609
76		0.121609
76.1		0.122738
76.2		0.122738
76.3		0.122738
76.4		0.122738
76.5		0.122738
76.6		0.122738
76.7		0.122738
76.8		0.122738
76.9		0.122738
77		0.122738
77.1		0.123159
77.2		0.123159
77.3		0.123159
77.4		0.123159
77.5		0.123159
77.6		0.123159
77.7		0.123159
77.8		0.123159
77.9		0.123159
78		0.123159
78.1		0.125329
78.2		0.125329
78.3		0.125329
78.4		0.125329
78.5		0.125329
78.6		0.125329
78.7		0.125329
78.8		0.125329
78.9		0.125329
79		0.125329
79.1		0.128253
79.2		0.128253
79.3		0.128253
79.4		0.128253
79.5		0.128253
79.6		0.128253
79.7		0.128253
79.8		0.128253
79.9		0.128253
80		0.128253
80.1		0.12998
80.2		0.12998
80.3		0.12998
80.4		0.12998
80.5		0.12998
80.6		0.12998
80.7		0.12998
80.8		0.12998
80.9		0.12998
81		0.12998
81.1		0.131951
81.2		0.131951
81.3		0.131951
81.4		0.131951
81.5		0.131951
81.6		0.131951
81.7		0.131951
81.8		0.131951
81.9		0.131951
82		0.131951
82.1		0.133369
82.2		0.133369
82.3		0.133369
82.4		0.133369
82.5		0.133369
82.6		0.133369
82.7		0.133369
82.8		0.133369
82.9		0.133369
83		0.133369
83.1		0.133701
83.2		0.133701
83.3		0.133701
83.4		0.133701
83.5		0.133701
83.6		0.133701
83.7		0.133701
83.8		0.133701
83.9		0.133701
84		0.133701
84.1		0.136292
84.2		0.136292
84.3		0.136292
84.4		0.136292
84.5		0.136292
84.6		0.136292
84.7		0.136292
84.8		0.136292
84.9		0.136292
85		0.136292
85.1		0.139946
85.2		0.139946
85.3		0.139946
85.4		0.139946
85.5		0.139946
85.6		0.139946
85.7		0.139946
85.8		0.139946
85.9		0.139946
86		0.139946
86.1		0.14081
86.2		0.14081
86.3		0.14081
86.4		0.14081
86.5		0.14081
86.6		0.14081
86.7		0.14081
86.8		0.14081
86.9		0.14081
87		0.14081
87.1		0.141917
87.2		0.141917
87.3		0.141917
87.4		0.141917
87.5		0.141917
87.6		0.141917
87.7		0.141917
87.8		0.141917
87.9		0.141917
88		0.141917
88.1		0.143468
88.2		0.143468
88.3		0.143468
88.4		0.143468
88.5		0.143468
88.6		0.143468
88.7		0.143468
88.8		0.143468
88.9		0.143468
89		0.143468
89.1		0.145948
89.2		0.145948
89.3		0.145948
89.4		0.145948
89.5		0.145948
89.6		0.145948
89.7		0.145948
89.8		0.145948
89.9		0.145948
90		0.145948
90.1		0.147786
90.2		0.147786
90.3		0.147786
90.4		0.147786
90.5		0.147786
90.6		0.147786
90.7		0.147786
90.8		0.147786
90.9		0.147786
91		0.147786
91.1		0.152039
91.2		0.152039
91.3		0.152039
91.4		0.152039
91.5		0.152039
91.6		0.152039
91.7		0.152039
91.8		0.152039
91.9		0.152039
92		0.152039
92.1		0.15226
92.2		0.15226
92.3		0.15226
92.4		0.15226
92.5		0.15226
92.6		0.15226
92.7		0.15226
92.8		0.15226
92.9		0.15226
93		0.15226
93.1		0.153611
93.2		0.153611
93.3		0.153611
93.4		0.153611
93.5		0.153611
93.6		0.153611
93.7		0.153611
93.8		0.153611
93.9		0.153611
94		0.153611
94.1		0.155028
94.2		0.155028
94.3		0.155028
94.4		0.155028
94.5		0.155028
94.6		0.155028
94.7		0.155028
94.8		0.155028
94.9		0.155028
95		0.155028
95.1		0.156047
95.2		0.156047
95.3		0.156047
95.4		0.156047
95.5		0.156047
95.6		0.156047
95.7		0.156047
95.8		0.156047
95.9		0.156047
96		0.156047
96.1		0.159989
96.2		0.159989
96.3		0.159989
96.4		0.159989
96.5		0.159989
96.6		0.159989
96.7		0.159989
96.8		0.159989
96.9		0.159989
97		0.159989
97.1		0.163533
97.2		0.163533
97.3		0.163533
97.4		0.163533
97.5		0.163533
97.6		0.163533
97.7		0.163533
97.8		0.163533
97.9		0.163533
98		0.163533
98.1		0.164153
98.2		0.164153
98.3		0.164153
98.4		0.164153
98.5		0.164153
98.6		0.164153
98.7		0.164153
98.8		0.164153
98.9		0.164153
99		0.164153
99.1		0.165504
99.2		0.165504
99.3		0.165504
99.4		0.165504
99.5		0.165504
99.6		0.165504
99.7		0.165504
99.8		0.165504
99.9		0.165504
100		0.165504
100.1		0.166146
100.2		0.166146
100.3		0.166146
100.4		0.166146
100.5		0.166146
100.6		0.166146
100.7		0.166146
100.8		0.166146
100.9		0.166146
101		0.166146
101.1		0.166811
101.2		0.166811
101.3		0.166811
101.4		0.166811
101.5		0.166811
101.6		0.166811
101.7		0.166811
101.8		0.166811
101.9		0.166811
102		0.166811
102.1		0.172392
102.2		0.172392
102.3		0.172392
102.4		0.172392
102.5		0.172392
102.6		0.172392
102.7		0.172392
102.8		0.172392
102.9		0.172392
103		0.172392
103.1		0.175071
103.2		0.175071
103.3		0.175071
103.4		0.175071
103.5		0.175071
103.6		0.175071
103.7		0.175071
103.8		0.175071
103.9		0.175071
104		0.175071
104.1		0.175869
104.2		0.175869
104.3		0.175869
104.4		0.175869
104.5		0.175869
104.6		0.175869
104.7		0.175869
104.8		0.175869
104.9		0.175869
105		0.175869
105.1		0.178017
105.2		0.178017
105.3		0.178017
105.4		0.178017
105.5		0.178017
105.6		0.178017
105.7		0.178017
105.8		0.178017
105.9		0.178017
106		0.178017
106.1		0.178881
106.2		0.178881
106.3		0.178881
106.4		0.178881
106.5		0.178881
106.6		0.178881
106.7		0.178881
106.8		0.178881
106.9		0.178881
107		0.178881
107.1		0.18032
107.2		0.18032
107.3		0.18032
107.4		0.18032
107.5		0.18032
107.6		0.18032
107.7		0.18032
107.8		0.18032
107.9		0.18032
108		0.18032
108.1		0.183377
108.2		0.183377
108.3		0.183377
108.4		0.183377
108.5		0.183377
108.6		0.183377
108.7		0.183377
108.8		0.183377
108.9		0.183377
109		0.183377
109.1		0.18486
109.2		0.18486
109.3		0.18486
109.4		0.18486
109.5		0.18486
109.6		0.18486
109.7		0.18486
109.8		0.18486
109.9		0.18486
110		0.18486
110.1		0.185193
110.2		0.185193
110.3		0.185193
110.4		0.185193
110.5		0.185193
110.6		0.185193
110.7		0.185193
110.8		0.185193
110.9		0.185193
111		0.185193
111.1		0.188293
111.2		0.188293
111.3		0.188293
111.4		0.188293
111.5		0.188293
111.6		0.188293
111.7		0.188293
111.8		0.188293
111.9		0.188293
112		0.188293
112.1		0.190796
112.2		0.190796
112.3		0.190796
112.4		0.190796
112.5		0.190796
112.6		0.190796
112.7		0.190796
112.8		0.190796
112.9		0.190796
113		0.190796
113.1		0.191239
113.2		0.191239
113.3		0.191239
113.4		0.191239
113.5		0.191239
113.6		0.191239
113.7		0.191239
113.8		0.191239
113.9		0.191239
114		0.191239
114.1		0.193476
114.2		0.193476
114.3		0.193476
114.4		0.193476
114.5		0.193476
114.6		0.193476
114.7		0.193476
114.8		0.193476
114.9		0.193476
115		0.193476
115.1		0.195757
115.2		0.195757
115.3		0.195757
115.4		0.195757
115.5		0.195757
115.6		0.195757
115.7		0.195757
115.8		0.195757
115.9		0.195757
116		0.195757
116.1		0.196045
116.2		0.196045
116.3		0.196045
116.4		0.196045
116.5		0.196045
116.6		0.196045
116.7		0.196045
116.8		0.196045
116.9		0.196045
117		0.196045
117.1		0.200961
117.2		0.200961
117.3		0.200961
117.4		0.200961
117.5		0.200961
117.6		0.200961
117.7		0.200961
117.8		0.200961
117.9		0.200961
118		0.200961
118.1		0.201316
118.2		0.201316
118.3		0.201316
118.4		0.201316
118.5		0.201316
118.6		0.201316
118.7		0.201316
118.8		0.201316
118.9		0.201316
119		0.201316
119.1		0.201404
119.2		0.201404
119.3		0.201404
119.4		0.201404
119.5		0.201404
119.6		0.201404
119.7		0.201404
119.8		0.201404
119.9		0.201404
120		0.201404
120.1		0.204948
120.2		0.204948
120.3		0.204948
120.4		0.204948
120.5		0.204948
120.6		0.204948
120.7		0.204948
120.8		0.204948
120.9		0.204948
121		0.204948
121.1		0.205236
121.2		0.205236
121.3		0.205236
121.4		0.205236
121.5		0.205236
121.6		0.205236
121.7		0.205236
121.8		0.205236
121.9		0.205236
122		0.205236
122.1		0.20683
122.2		0.20683
122.3		0.20683
122.4		0.20683
122.5		0.20683
122.6		0.20683
122.7		0.20683
122.8		0.20683
122.9		0.20683
123		0.20683
123.1		0.211525
123.2		0.211525
123.3		0.211525
123.4		0.211525
123.5		0.211525
123.6		0.211525
123.7		0.211525
123.8		0.211525
123.9		0.211525
124		0.211525
124.1		0.212079
124.2		0.212079
124.3		0.212079
124.4		0.212079
124.5		0.212079
124.6		0.212079
124.7		0.212079
124.8		0.212079
124.9		0.212079
125		0.212079
125.1		0.215977
125.2		0.215977
125.3		0.215977
125.4		0.215977
125.5		0.215977
125.6		0.215977
125.7		0.215977
125.8		0.215977
125.9		0.215977
126		0.215977
126.1		0.217815
126.2		0.217815
126.3		0.217815
126.4		0.217815
126.5		0.217815
126.6		0.217815
126.7		0.217815
126.8		0.217815
126.9		0.217815
127		0.217815
127.1		0.218457
127.2		0.218457
127.3		0.218457
127.4		0.218457
127.5		0.218457
127.6		0.218457
127.7		0.218457
127.8		0.218457
127.9		0.218457
128		0.218457
128.1		0.219985
128.2		0.219985
128.3		0.219985
128.4		0.219985
128.5		0.219985
128.6		0.219985
128.7		0.219985
128.8		0.219985
128.9		0.219985
129		0.219985
129.1		0.224016
129.2		0.224016
129.3		0.224016
129.4		0.224016
129.5		0.224016
129.6		0.224016
129.7		0.224016
129.8		0.224016
129.9		0.224016
130		0.224016
130.1		0.224968
130.2		0.224968
130.3		0.224968
130.4		0.224968
130.5		0.224968
130.6		0.224968
130.7		0.224968
130.8		0.224968
130.9		0.224968
131		0.224968
131.1		0.226275
131.2		0.226275
131.3		0.226275
131.4		0.226275
131.5		0.226275
131.6		0.226275
131.7		0.226275
131.8		0.226275
131.9		0.226275
132		0.226275
132.1		0.226474
132.2		0.226474
132.3		0.226474
132.4		0.226474
132.5		0.226474
132.6		0.226474
132.7		0.226474
132.8		0.226474
132.9		0.226474
133		0.226474
133.1		0.228335
133.2		0.228335
133.3		0.228335
133.4		0.228335
133.5		0.228335
133.6		0.228335
133.7		0.228335
133.8		0.228335
133.9		0.228335
134		0.228335
134.1		0.229841
134.2		0.229841
134.3		0.229841
134.4		0.229841
134.5		0.229841
134.6		0.229841
134.7		0.229841
134.8		0.229841
134.9		0.229841
135		0.229841
135.1		0.231347
135.2		0.231347
135.3		0.231347
135.4		0.231347
135.5		0.231347
135.6		0.231347
135.7		0.231347
135.8		0.231347
135.9		0.231347
136		0.231347
136.1		0.236596
136.2		0.236596
136.3		0.236596
136.4		0.236596
136.5		0.236596
136.6		0.236596
136.7		0.236596
136.8		0.236596
136.9		0.236596
137		0.236596
137.1		0.236839
137.2		0.236839
137.3		0.236839
137.4		0.236839
137.5		0.236839
137.6		0.236839
137.7		0.236839
137.8		0.236839
137.9		0.236839
138		0.236839
138.1		0.237326
138.2		0.237326
138.3		0.237326
138.4		0.237326
138.5		0.237326
138.6		0.237326
138.7		0.237326
138.8		0.237326
138.9		0.237326
139		0.237326
139.1		0.237437
139.2		0.237437
139.3		0.237437
139.4		0.237437
139.5		0.237437
139.6		0.237437
139.7		0.237437
139.8		0.237437
139.9		0.237437
140		0.237437
140.1		0.242088
140.2		0.242088
140.3		0.242088
140.4		0.242088
140.5		0.242088
140.6		0.242088
140.7		0.242088
140.8		0.242088
140.9		0.242088
141		0.242088
141.1		0.243572
141.2		0.243572
141.3		0.243572
141.4		0.243572
141.5		0.243572
141.6		0.243572
141.7		0.243572
141.8		0.243572
141.9		0.243572
142		0.243572
142.1		0.247115
142.2		0.247115
142.3		0.247115
142.4		0.247115
142.5		0.247115
142.6		0.247115
142.7		0.247115
142.8		0.247115
142.9		0.247115
143		0.247115
143.1		0.247802
143.2		0.247802
143.3		0.247802
143.4		0.247802
143.5		0.247802
143.6		0.247802
143.7		0.247802
143.8		0.247802
143.9		0.247802
144		0.247802
144.1		0.24902
144.2		0.24902
144.3		0.24902
144.4		0.24902
144.5		0.24902
144.6		0.24902
144.7		0.24902
144.8		0.24902
144.9		0.24902
145		0.24902
145.1		0.25088
145.2		0.25088
145.3		0.25088
145.4		0.25088
145.5		0.25088
145.6		0.25088
145.7		0.25088
145.8		0.25088
145.9		0.25088
146		0.25088
146.1		0.251966
146.2		0.251966
146.3		0.251966
146.4		0.251966
146.5		0.251966
146.6		0.251966
146.7		0.251966
146.8		0.251966
146.9		0.251966
147		0.251966
147.1		0.255819
147.2		0.255819
147.3		0.255819
147.4		0.255819
147.5		0.255819
147.6		0.255819
147.7		0.255819
147.8		0.255819
147.9		0.255819
148		0.255819
148.1		0.258322
148.2		0.258322
148.3		0.258322
148.4		0.258322
148.5		0.258322
148.6		0.258322
148.7		0.258322
148.8		0.258322
148.9		0.258322
149		0.258322
149.1		0.258432
149.2		0.258432
149.3		0.258432
149.4		0.258432
149.5		0.258432
149.6		0.258432
149.7		0.258432
149.8		0.258432
149.9		0.258432
150		0.258432
150.1		0.2614
150.2		0.2614
150.3		0.2614
150.4		0.2614
150.5		0.2614
150.6		0.2614
150.7		0.2614
150.8		0.2614
150.9		0.2614
151		0.2614
151.1		0.261732
151.2		0.261732
151.3		0.261732
151.4		0.261732
151.5		0.261732
151.6		0.261732
151.7		0.261732
151.8		0.261732
151.9		0.261732
152		0.261732
152.1		0.265985
152.2		0.265985
152.3		0.265985
152.4		0.265985
152.5		0.265985
152.6		0.265985
152.7		0.265985
152.8		0.265985
152.9		0.265985
153		0.265985
153.1		0.266317
153.2		0.266317
153.3		0.266317
153.4		0.266317
153.5		0.266317
153.6		0.266317
153.7		0.266317
153.8		0.266317
153.9		0.266317
154		0.266317
154.1		0.267734
154.2		0.267734
154.3		0.267734
154.4		0.267734
154.5		0.267734
154.6		0.267734
154.7		0.267734
154.8		0.267734
154.9		0.267734
155		0.267734
155.1		0.269572
155.2		0.269572
155.3		0.269572
155.4		0.269572
155.5		0.269572
155.6		0.269572
155.7		0.269572
155.8		0.269572
155.9		0.269572
156		0.269572
156.1		0.271876
156.2		0.271876
156.3		0.271876
156.4		0.271876
156.5		0.271876
156.6		0.271876
156.7		0.271876
156.8		0.271876
156.9		0.271876
157		0.271876
157.1		0.273692
157.2		0.273692
157.3		0.273692
157.4		0.273692
157.5		0.273692
157.6		0.273692
157.7		0.273692
157.8		0.273692
157.9		0.273692
158		0.273692
158.1		0.275198
158.2		0.275198
158.3		0.275198
158.4		0.275198
158.5		0.275198
158.6		0.275198
158.7		0.275198
158.8		0.275198
158.9		0.275198
159		0.275198
159.1		0.277922
159.2		0.277922
159.3		0.277922
159.4		0.277922
159.5		0.277922
159.6		0.277922
159.7		0.277922
159.8		0.277922
159.9		0.277922
160		0.277922
160.1		0.278077
160.2		0.278077
160.3		0.278077
160.4		0.278077
160.5		0.278077
160.6		0.278077
160.7		0.278077
160.8		0.278077
160.9		0.278077
161		0.278077
161.1		0.280912
161.2		0.280912
161.3		0.280912
161.4		0.280912
161.5		0.280912
161.6		0.280912
161.7		0.280912
161.8		0.280912
161.9		0.280912
162		0.280912
162.1		0.284123
162.2		0.284123
162.3		0.284123
162.4		0.284123
162.5		0.284123
162.6		0.284123
162.7		0.284123
162.8		0.284123
162.9		0.284123
163		0.284123
163.1		0.284566
163.2		0.284566
163.3		0.284566
163.4		0.284566
163.5		0.284566
163.6		0.284566
163.7		0.284566
163.8		0.284566
163.9		0.284566
164		0.284566
164.1		0.286581
164.2		0.286581
164.3		0.286581
164.4		0.286581
164.5		0.286581
164.6		0.286581
164.7		0.286581
164.8		0.286581
164.9		0.286581
165		0.286581
165.1		0.288508
165.2		0.288508
165.3		0.288508
165.4		0.288508
165.5		0.288508
165.6		0.288508
165.7		0.288508
165.8		0.288508
165.9		0.288508
166		0.288508
166.1		0.291387
166.2		0.291387
166.3		0.291387
166.4		0.291387
166.5		0.291387
166.6		0.291387
166.7		0.291387
166.8		0.291387
166.9		0.291387
167		0.291387
167.1		0.293823
167.2		0.293823
167.3		0.293823
167.4		0.293823
167.5		0.293823
167.6		0.293823
167.7		0.293823
167.8		0.293823
167.9		0.293823
168		0.293823
168.1		0.294111
168.2		0.294111
168.3		0.294111
168.4		0.294111
168.5		0.294111
168.6		0.294111
168.7		0.294111
168.8		0.294111
168.9		0.294111
169		0.294111
169.1		0.296614
169.2		0.296614
169.3		0.296614
169.4		0.296614
169.5		0.296614
169.6		0.296614
169.7		0.296614
169.8		0.296614
169.9		0.296614
170		0.296614
170.1		0.300467
170.2		0.300467
170.3		0.300467
170.4		0.300467
170.5		0.300467
170.6		0.300467
170.7		0.300467
170.8		0.300467
170.9		0.300467
171		0.300467
171.1		0.300977
171.2		0.300977
171.3		0.300977
171.4		0.300977
171.5		0.300977
171.6		0.300977
171.7		0.300977
171.8		0.300977
171.9		0.300977
172		0.300977
172.1		0.30122
172.2		0.30122
172.3		0.30122
172.4		0.30122
172.5		0.30122
172.6		0.30122
172.7		0.30122
172.8		0.30122
172.9		0.30122
173		0.30122
173.1		0.304144
173.2		0.304144
173.3		0.304144
173.4		0.304144
173.5		0.304144
173.6		0.304144
173.7		0.304144
173.8		0.304144
173.9		0.304144
174		0.304144
174.1		0.306735
174.2		0.306735
174.3		0.306735
174.4		0.306735
174.5		0.306735
174.6		0.306735
174.7		0.306735
174.8		0.306735
174.9		0.306735
175		0.306735
175.1		0.309813
175.2		0.309813
175.3		0.309813
175.4		0.309813
175.5		0.309813
175.6		0.309813
175.7		0.309813
175.8		0.309813
175.9		0.309813
176		0.309813
176.1		0.310611
176.2		0.310611
176.3		0.310611
176.4		0.310611
176.5		0.310611
176.6		0.310611
176.7		0.310611
176.8		0.310611
176.9		0.310611
177		0.310611
177.1		0.311319
177.2		0.311319
177.3		0.311319
177.4		0.311319
177.5		0.311319
177.6		0.311319
177.7		0.311319
177.8		0.311319
177.9		0.311319
178		0.311319
178.1		0.31329
178.2		0.31329
178.3		0.31329
178.4		0.31329
178.5		0.31329
178.6		0.31329
178.7		0.31329
178.8		0.31329
178.9		0.31329
179		0.31329
179.1		0.316435
179.2		0.316435
179.3		0.316435
179.4		0.316435
179.5		0.316435
179.6		0.316435
179.7		0.316435
179.8		0.316435
179.9		0.316435
180		0.316435
180.1		0.317233
180.2		0.317233
180.3		0.317233
180.4		0.317233
180.5		0.317233
180.6		0.317233
180.7		0.317233
180.8		0.317233
180.9		0.317233
181		0.317233
181.1		0.320488
181.2		0.320488
181.3		0.320488
181.4		0.320488
181.5		0.320488
181.6		0.320488
181.7		0.320488
181.8		0.320488
181.9		0.320488
182		0.320488
182.1		0.321308
182.2		0.321308
182.3		0.321308
182.4		0.321308
182.5		0.321308
182.6		0.321308
182.7		0.321308
182.8		0.321308
182.9		0.321308
183		0.321308
183.1		0.322282
183.2		0.322282
183.3		0.322282
183.4		0.322282
183.5		0.322282
183.6		0.322282
183.7		0.322282
183.8		0.322282
183.9		0.322282
184		0.322282
184.1		0.322526
184.2		0.322526
184.3		0.322526
184.4		0.322526
184.5		0.322526
184.6		0.322526
184.7		0.322526
184.8		0.322526
184.9		0.322526
185		0.322526
185.1		0.326025
185.2		0.326025
185.3		0.326025
185.4		0.326025
185.5		0.326025
185.6		0.326025
185.7		0.326025
185.8		0.326025
185.9		0.326025
186		0.326025
186.1		0.327686
186.2		0.327686
186.3		0.327686
186.4		0.327686
186.5		0.327686
186.6		0.327686
186.7		0.327686
186.8		0.327686
186.9		0.327686
187		0.327686
187.1		0.331074
187.2		0.331074
187.3		0.331074
187.4		0.331074
187.5		0.331074
187.6		0.331074
187.7		0.331074
187.8		0.331074
187.9		0.331074
188		0.331074
188.1		0.33227
188.2		0.33227
188.3		0.33227
188.4		0.33227
188.5		0.33227
188.6		0.33227
188.7		0.33227
188.8		0.33227
188.9		0.33227
189		0.33227
189.1		0.332492
189.2		0.332492
189.3		0.332492
189.4		0.332492
189.5		0.332492
189.6		0.332492
189.7		0.332492
189.8		0.332492
189.9		0.332492
190		0.332492
190.1		0.332713
190.2		0.332713
190.3		0.332713
190.4		0.332713
190.5		0.332713
190.6		0.332713
190.7		0.332713
190.8		0.332713
190.9		0.332713
191		0.332713
191.1		0.335194
191.2		0.335194
191.3		0.335194
191.4		0.335194
191.5		0.335194
191.6		0.335194
191.7		0.335194
191.8		0.335194
191.9		0.335194
192		0.335194
192.1		0.341771
192.2		0.341771
192.3		0.341771
192.4		0.341771
192.5		0.341771
192.6		0.341771
192.7		0.341771
192.8		0.341771
192.9		0.341771
193		0.341771
193.1		0.342391
193.2		0.342391
193.3		0.342391
193.4		0.342391
193.5		0.342391
193.6		0.342391
193.7		0.342391
193.8		0.342391
193.9		0.342391
194		0.342391
194.1		0.342591
194.2		0.342591
194.3		0.342591
194.4		0.342591
194.5		0.342591
194.6		0.342591
194.7		0.342591
194.8		0.342591
194.9		0.342591
195		0.342591
195.1		0.344429
195.2		0.344429
195.3		0.344429
195.4		0.344429
195.5		0.344429
195.6		0.344429
195.7		0.344429
195.8		0.344429
195.9		0.344429
196		0.344429
196.1		0.347552
196.2		0.347552
196.3		0.347552
196.4		0.347552
196.5		0.347552
196.6		0.347552
196.7		0.347552
196.8		0.347552
196.9		0.347552
197		0.347552
197.1		0.347795
197.2		0.347795
197.3		0.347795
197.4		0.347795
197.5		0.347795
197.6		0.347795
197.7		0.347795
197.8		0.347795
197.9		0.347795
198		0.347795
198.1		0.352114
198.2		0.352114
198.3		0.352114
198.4		0.352114
198.5		0.352114
198.6		0.352114
198.7		0.352114
198.8		0.352114
198.9		0.352114
199		0.352114
199.1		0.352114
199.2		0.352114
199.3		0.352114
199.4		0.352114
199.5		0.352114
199.6		0.352114
199.7		0.352114
199.8		0.352114
199.9		0.352114
200		0.352114
200.1		0.353111
200.2		0.353111
200.3		0.353111
200.4		0.353111
200.5		0.353111
200.6		0.353111
200.7		0.353111
200.8		0.353111
200.9		0.353111
201		0.353111
201.1		0.357651
201.2		0.357651
201.3		0.357651
201.4		0.357651
201.5		0.357651
201.6		0.357651
201.7		0.357651
201.8		0.357651
201.9		0.357651
202		0.357651
202.1		0.358426
202.2		0.358426
202.3		0.358426
202.4		0.358426
202.5		0.358426
202.6		0.358426
202.7		0.358426
202.8		0.358426
202.9		0.358426
203		0.358426
203.1		0.358714
203.2		0.358714
203.3		0.358714
203.4		0.358714
203.5		0.358714
203.6		0.358714
203.7		0.358714
203.8		0.358714
203.9		0.358714
204		0.358714
204.1		0.361393
204.2		0.361393
204.3		0.361393
204.4		0.361393
204.5		0.361393
204.6		0.361393
204.7		0.361393
204.8		0.361393
204.9		0.361393
205		0.361393
205.1		0.364295
205.2		0.364295
205.3		0.364295
205.4		0.364295
205.5		0.364295
205.6		0.364295
205.7		0.364295
205.8		0.364295
205.9		0.364295
206		0.364295
206.1		0.364627
206.2		0.364627
206.3		0.364627
206.4		0.364627
206.5		0.364627
206.6		0.364627
206.7		0.364627
206.8		0.364627
206.9		0.364627
207		0.364627
207.1		0.368968
207.2		0.368968
207.3		0.368968
207.4		0.368968
207.5		0.368968
207.6		0.368968
207.7		0.368968
207.8		0.368968
207.9		0.368968
208		0.368968
208.1		0.370252
208.2		0.370252
208.3		0.370252
208.4		0.370252
208.5		0.370252
208.6		0.370252
208.7		0.370252
208.8		0.370252
208.9		0.370252
209		0.370252
209.1		0.37209
209.2		0.37209
209.3		0.37209
209.4		0.37209
209.5		0.37209
209.6		0.37209
209.7		0.37209
209.8		0.37209
209.9		0.37209
210		0.37209
210.1		0.373862
210.2		0.373862
210.3		0.373862
210.4		0.373862
210.5		0.373862
210.6		0.373862
210.7		0.373862
210.8		0.373862
210.9		0.373862
211		0.373862
211.1		0.374504
211.2		0.374504
211.3		0.374504
211.4		0.374504
211.5		0.374504
211.6		0.374504
211.7		0.374504
211.8		0.374504
211.9		0.374504
212		0.374504
212.1		0.374748
212.2		0.374748
212.3		0.374748
212.4		0.374748
212.5		0.374748
212.6		0.374748
212.7		0.374748
212.8		0.374748
212.9		0.374748
213		0.374748
213.1		0.380373
213.2		0.380373
213.3		0.380373
213.4		0.380373
213.5		0.380373
213.6		0.380373
213.7		0.380373
213.8		0.380373
213.9		0.380373
214		0.380373
214.1		0.383518
214.2		0.383518
214.3		0.383518
214.4		0.383518
214.5		0.383518
214.6		0.383518
214.7		0.383518
214.8		0.383518
214.9		0.383518
215		0.383518
215.1		0.384227
215.2		0.384227
215.3		0.384227
215.4		0.384227
215.5		0.384227
215.6		0.384227
215.7		0.384227
215.8		0.384227
215.9		0.384227
216		0.384227
216.1		0.384581
216.2		0.384581
216.3		0.384581
216.4		0.384581
216.5		0.384581
216.6		0.384581
216.7		0.384581
216.8		0.384581
216.9		0.384581
217		0.384581
217.1		0.385157
217.2		0.385157
217.3		0.385157
217.4		0.385157
217.5		0.385157
217.6		0.385157
217.7		0.385157
217.8		0.385157
217.9		0.385157
218		0.385157
218.1		0.39014
218.2		0.39014
218.3		0.39014
218.4		0.39014
218.5		0.39014
218.6		0.39014
218.7		0.39014
218.8		0.39014
218.9		0.39014
219		0.39014
219.1		0.390672
219.2		0.390672
219.3		0.390672
219.4		0.390672
219.5		0.390672
219.6		0.390672
219.7		0.390672
219.8		0.390672
219.9		0.390672
220		0.390672
220.1		0.395079
220.2		0.395079
220.3		0.395079
220.4		0.395079
220.5		0.395079
220.6		0.395079
220.7		0.395079
220.8		0.395079
220.9		0.395079
221		0.395079
221.1		0.396053
221.2		0.396053
221.3		0.396053
221.4		0.396053
221.5		0.396053
221.6		0.396053
221.7		0.396053
221.8		0.396053
221.9		0.396053
222		0.396053
222.1		0.396851
222.2		0.396851
222.3		0.396851
222.4		0.396851
222.5		0.396851
222.6		0.396851
222.7		0.396851
222.8		0.396851
222.9		0.396851
223		0.396851
223.1		0.397869
223.2		0.397869
223.3		0.397869
223.4		0.397869
223.5		0.397869
223.6		0.397869
223.7		0.397869
223.8		0.397869
223.9		0.397869
224		0.397869
224.1		0.401524
224.2		0.401524
224.3		0.401524
224.4		0.401524
224.5		0.401524
224.6		0.401524
224.7		0.401524
224.8		0.401524
224.9		0.401524
225		0.401524
225.1		0.402454
225.2		0.402454
225.3		0.402454
225.4		0.402454
225.5		0.402454
225.6		0.402454
225.7		0.402454
225.8		0.402454
225.9		0.402454
226		0.402454
226.1		0.405643
226.2		0.405643
226.3		0.405643
226.4		0.405643
226.5		0.405643
226.6		0.405643
226.7		0.405643
226.8		0.405643
226.9		0.405643
227		0.405643
227.1		0.406994
227.2		0.406994
227.3		0.406994
227.4		0.406994
227.5		0.406994
227.6		0.406994
227.7		0.406994
227.8		0.406994
227.9		0.406994
228		0.406994
228.1		0.407415
228.2		0.407415
228.3		0.407415
228.4		0.407415
228.5		0.407415
228.6		0.407415
228.7		0.407415
228.8		0.407415
228.9		0.407415
229		0.407415
229.1		0.407503
229.2		0.407503
229.3		0.407503
229.4		0.407503
229.5		0.407503
229.6		0.407503
229.7		0.407503
229.8		0.407503
229.9		0.407503
230		0.407503
230.1		0.412974
230.2		0.412974
230.3		0.412974
230.4		0.412974
230.5		0.412974
230.6		0.412974
230.7		0.412974
230.8		0.412974
230.9		0.412974
231		0.412974
231.1		0.413217
231.2		0.413217
231.3		0.413217
231.4		0.413217
231.5		0.413217
231.6		0.413217
231.7		0.413217
231.8		0.413217
231.9		0.413217
232		0.413217
232.1		0.416628
232.2		0.416628
232.3		0.416628
232.4		0.416628
232.5		0.416628
232.6		0.416628
232.7		0.416628
232.8		0.416628
232.9		0.416628
233		0.416628
233.1		0.41789
233.2		0.41789
233.3		0.41789
233.4		0.41789
233.5		0.41789
233.6		0.41789
233.7		0.41789
233.8		0.41789
233.9		0.41789
234		0.41789
234.1		0.418112
234.2		0.418112
234.3		0.418112
234.4		0.418112
234.5		0.418112
234.6		0.418112
234.7		0.418112
234.8		0.418112
234.9		0.418112
235		0.418112
235.1		0.420592
235.2		0.420592
235.3		0.420592
235.4		0.420592
235.5		0.420592
235.6		0.420592
235.7		0.420592
235.8		0.420592
235.9		0.420592
236		0.420592
236.1		0.422364
236.2		0.422364
236.3		0.422364
236.4		0.422364
236.5		0.422364
236.6		0.422364
236.7		0.422364
236.8		0.422364
236.9		0.422364
237		0.422364
237.1		0.423981
237.2		0.423981
237.3		0.423981
237.4		0.423981
237.5		0.423981
237.6		0.423981
237.7		0.423981
237.8		0.423981
237.9		0.423981
238		0.423981
238.1		0.427103
238.2		0.427103
238.3		0.427103
238.4		0.427103
238.5		0.427103
238.6		0.427103
238.7		0.427103
238.8		0.427103
238.9		0.427103
239		0.427103
239.1		0.427236
239.2		0.427236
239.3		0.427236
239.4		0.427236
239.5		0.427236
239.6		0.427236
239.7		0.427236
239.8		0.427236
239.9		0.427236
240		0.427236
240.1		0.430935
240.2		0.430935
240.3		0.430935
240.4		0.430935
240.5		0.430935
240.6		0.430935
240.7		0.430935
240.8		0.430935
240.9		0.430935
241		0.430935
241.1		0.432153
241.2		0.432153
241.3		0.432153
241.4		0.432153
241.5		0.432153
241.6		0.432153
241.7		0.432153
241.8		0.432153
241.9		0.432153
242		0.432153
242.1		0.433393
242.2		0.433393
242.3		0.433393
242.4		0.433393
242.5		0.433393
242.6		0.433393
242.7		0.433393
242.8		0.433393
242.9		0.433393
243		0.433393
243.1		0.437003
243.2		0.437003
243.3		0.437003
243.4		0.437003
243.5		0.437003
243.6		0.437003
243.7		0.437003
243.8		0.437003
243.9		0.437003
244		0.437003
244.1		0.438022
244.2		0.438022
244.3		0.438022
244.4		0.438022
244.5		0.438022
244.6		0.438022
244.7		0.438022
244.8		0.438022
244.9		0.438022
245		0.438022
245.1		0.43924
245.2		0.43924
245.3		0.43924
245.4		0.43924
245.5		0.43924
245.6		0.43924
245.7		0.43924
245.8		0.43924
245.9		0.43924
246		0.43924
246.1		0.441942
246.2		0.441942
246.3		0.441942
246.4		0.441942
246.5		0.441942
246.6		0.441942
246.7		0.441942
246.8		0.441942
246.9		0.441942
247		0.441942
247.1		0.443581
247.2		0.443581
247.3		0.443581
247.4		0.443581
247.5		0.443581
247.6		0.443581
247.7		0.443581
247.8		0.443581
247.9		0.443581
248		0.443581
248.1		0.443581
248.2		0.443581
248.3		0.443581
248.4		0.443581
248.5		0.443581
248.6		0.443581
248.7		0.443581
248.8		0.443581
248.9		0.443581
249		0.443581
249.1		0.446748
249.2		0.446748
249.3		0.446748
249.4		0.446748
249.5		0.446748
249.6		0.446748
249.7		0.446748
249.8		0.446748
249.9		0.446748
250		0.446748
250.1		0.448741
250.2		0.448741
250.3		0.448741
250.4		0.448741
250.5		0.448741
250.6		0.448741
250.7		0.448741
250.8		0.448741
250.9		0.448741
251		0.448741
251.1		0.449117
251.2		0.449117
251.3		0.449117
251.4		0.449117
251.5		0.449117
251.6		0.449117
251.7		0.449117
251.8		0.449117
251.9		0.449117
252		0.449117
252.1		0.454765
252.2		0.454765
252.3		0.454765
252.4		0.454765
252.5		0.454765
252.6		0.454765
252.7		0.454765
252.8		0.454765
252.9		0.454765
253		0.454765
253.1		0.45523
253.2		0.45523
253.3		0.45523
253.4		0.45523
253.5		0.45523
253.6		0.45523
253.7		0.45523
253.8		0.45523
253.9		0.45523
254		0.45523
254.1		0.457578
254.2		0.457578
254.3		0.457578
254.4		0.457578
254.5		0.457578
254.6		0.457578
254.7		0.457578
254.8		0.457578
254.9		0.457578
255		0.457578
255.1		0.459216
255.2		0.459216
255.3		0.459216
255.4		0.459216
255.5		0.459216
255.6		0.459216
255.7		0.459216
255.8		0.459216
255.9		0.459216
256		0.459216
256.1		0.459349
256.2		0.459349
256.3		0.459349
256.4		0.459349
256.5		0.459349
256.6		0.459349
256.7		0.459349
256.8		0.459349
256.9		0.459349
257		0.459349
257.1		0.46369
257.2		0.46369
257.3		0.46369
257.4		0.46369
257.5		0.46369
257.6		0.46369
257.7		0.46369
257.8		0.46369
257.9		0.46369
258		0.46369
258.1		0.46524
258.2		0.46524
258.3		0.46524
258.4		0.46524
258.5		0.46524
258.6		0.46524
258.7		0.46524
258.8		0.46524
258.9		0.46524
259		0.46524
259.1		0.468297
259.2		0.468297
259.3		0.468297
259.4		0.468297
259.5		0.468297
259.6		0.468297
259.7		0.468297
259.8		0.468297
259.9		0.468297
260		0.468297
260.1		0.46936
260.2		0.46936
260.3		0.46936
260.4		0.46936
260.5		0.46936
260.6		0.46936
260.7		0.46936
260.8		0.46936
260.9		0.46936
261		0.46936
261.1		0.469869
261.2		0.469869
261.3		0.469869
261.4		0.469869
261.5		0.469869
261.6		0.469869
261.7		0.469869
261.8		0.469869
261.9		0.469869
262		0.469869
262.1		0.470179
262.2		0.470179
262.3		0.470179
262.4		0.470179
262.5		0.470179
262.6		0.470179
262.7		0.470179
262.8		0.470179
262.9		0.470179
263		0.470179
263.1		0.473435
263.2		0.473435
263.3		0.473435
263.4		0.473435
263.5		0.473435
263.6		0.473435
263.7		0.473435
263.8		0.473435
263.9		0.473435
264		0.473435
264.1		0.474985
264.2		0.474985
264.3		0.474985
264.4		0.474985
264.5		0.474985
264.6		0.474985
264.7		0.474985
264.8		0.474985
264.9		0.474985
265		0.474985
265.1		0.47968
265.2		0.47968
265.3		0.47968
265.4		0.47968
265.5		0.47968
265.6		0.47968
265.7		0.47968
265.8		0.47968
265.9		0.47968
266		0.47968
266.1		0.480788
266.2		0.480788
266.3		0.480788
266.4		0.480788
266.5		0.480788
266.6		0.480788
266.7		0.480788
266.8		0.480788
266.9		0.480788
267		0.480788
267.1		0.480876
267.2		0.480876
267.3		0.480876
267.4		0.480876
267.5		0.480876
267.6		0.480876
267.7		0.480876
267.8		0.480876
267.9		0.480876
268		0.480876
268.1		0.480965
268.2		0.480965
268.3		0.480965
268.4		0.480965
268.5		0.480965
268.6		0.480965
268.7		0.480965
268.8		0.480965
268.9		0.480965
269		0.480965
269.1		0.484995
269.2		0.484995
269.3		0.484995
269.4		0.484995
269.5		0.484995
269.6		0.484995
269.7		0.484995
269.8		0.484995
269.9		0.484995
270		0.484995
270.1		0.486479
270.2		0.486479
270.3		0.486479
270.4		0.486479
270.5		0.486479
270.6		0.486479
270.7		0.486479
270.8		0.486479
270.9		0.486479
271		0.486479
271.1		0.488251
271.2		0.488251
271.3		0.488251
271.4		0.488251
271.5		0.488251
271.6		0.488251
271.7		0.488251
271.8		0.488251
271.9		0.488251
272		0.488251
272.1		0.490333
272.2		0.490333
272.3		0.490333
272.4		0.490333
272.5		0.490333
272.6		0.490333
272.7		0.490333
272.8		0.490333
272.9		0.490333
273		0.490333
273.1		0.491706
273.2		0.491706
273.3		0.491706
273.4		0.491706
273.5		0.491706
273.6		0.491706
273.7		0.491706
273.8		0.491706
273.9		0.491706
274		0.491706
274.1		0.493965
274.2		0.493965
274.3		0.493965
274.4		0.493965
274.5		0.493965
274.6		0.493965
274.7		0.493965
274.8		0.493965
274.9		0.493965
275		0.493965
275.1		0.49536
275.2		0.49536
275.3		0.49536
275.4		0.49536
275.5		0.49536
275.6		0.49536
275.7		0.49536
275.8		0.49536
275.9		0.49536
276		0.49536
276.1		0.498948
276.2		0.498948
276.3		0.498948
276.4		0.498948
276.5		0.498948
276.6		0.498948
276.7		0.498948
276.8		0.498948
276.9		0.498948
277		0.498948
277.1		0.500321
277.2		0.500321
277.3		0.500321
277.4		0.500321
277.5		0.500321
277.6		0.500321
277.7		0.500321
277.8		0.500321
277.9		0.500321
278		0.500321
278.1		0.502624
278.2		0.502624
278.3		0.502624
278.4		0.502624
278.5		0.502624
278.6		0.502624
278.7		0.502624
278.8		0.502624
278.9		0.502624
279		0.502624
279.1		0.505969
279.2		0.505969
279.3		0.505969
279.4		0.505969
279.5		0.505969
279.6		0.505969
279.7		0.505969
279.8		0.505969
279.9		0.505969
280		0.505969
280.1		0.506212
280.2		0.506212
280.3		0.506212
280.4		0.506212
280.5		0.506212
280.6		0.506212
280.7		0.506212
280.8		0.506212
280.9		0.506212
281		0.506212
281.1		0.507962
281.2		0.507962
281.3		0.507962
281.4		0.507962
281.5		0.507962
281.6		0.507962
281.7		0.507962
281.8		0.507962
281.9		0.507962
282		0.507962
282.1		0.510708
282.2		0.510708
282.3		0.510708
282.4		0.510708
282.5		0.510708
282.6		0.510708
282.7		0.510708
282.8		0.510708
282.9		0.510708
283		0.510708
283.1		0.513654
283.2		0.513654
283.3		0.513654
283.4		0.513654
283.5		0.513654
283.6		0.513654
283.7		0.513654
283.8		0.513654
283.9		0.513654
284		0.513654
284.1		0.516998
284.2		0.516998
284.3		0.516998
284.4		0.516998
284.5		0.516998
284.6		0.516998
284.7		0.516998
284.8		0.516998
284.9		0.516998
285		0.516998
285.1		0.519168
285.2		0.519168
285.3		0.519168
285.4		0.519168
285.5		0.519168
285.6		0.519168
285.7		0.519168
285.8		0.519168
285.9		0.519168
286		0.519168
286.1		0.522822
286.2		0.522822
286.3		0.522822
286.4		0.522822
286.5		0.522822
286.6		0.522822
286.7		0.522822
286.8		0.522822
286.9		0.522822
287		0.522822
287.1		0.523775
287.2		0.523775
287.3		0.523775
287.4		0.523775
287.5		0.523775
287.6		0.523775
287.7		0.523775
287.8		0.523775
287.9		0.523775
288		0.523775
288.1		0.525857
288.2		0.525857
288.3		0.525857
288.4		0.525857
288.5		0.525857
288.6		0.525857
288.7		0.525857
288.8		0.525857
288.9		0.525857
289		0.525857
289.1		0.528138
289.2		0.528138
289.3		0.528138
289.4		0.528138
289.5		0.528138
289.6		0.528138
289.7		0.528138
289.8		0.528138
289.9		0.528138
290		0.528138
290.1		0.528138
290.2		0.528138
290.3		0.528138
290.4		0.528138
290.5		0.528138
290.6		0.528138
290.7		0.528138
290.8		0.528138
290.9		0.528138
291		0.528138
291.1		0.530131
291.2		0.530131
291.3		0.530131
291.4		0.530131
291.5		0.530131
291.6		0.530131
291.7		0.530131
291.8		0.530131
291.9		0.530131
292		0.530131
292.1		0.531172
292.2		0.531172
292.3		0.531172
292.4		0.531172
292.5		0.531172
292.6		0.531172
292.7		0.531172
292.8		0.531172
292.9		0.531172
293		0.531172
293.1		0.533564
293.2		0.533564
293.3		0.533564
293.4		0.533564
293.5		0.533564
293.6		0.533564
293.7		0.533564
293.8		0.533564
293.9		0.533564
294		0.533564
294.1		0.535557
294.2		0.535557
294.3		0.535557
294.4		0.535557
294.5		0.535557
294.6		0.535557
294.7		0.535557
294.8		0.535557
294.9		0.535557
295		0.535557
295.1		0.539056
295.2		0.539056
295.3		0.539056
295.4		0.539056
295.5		0.539056
295.6		0.539056
295.7		0.539056
295.8		0.539056
295.9		0.539056
296		0.539056
296.1		0.542223
296.2		0.542223
296.3		0.542223
296.4		0.542223
296.5		0.542223
296.6		0.542223
296.7		0.542223
296.8		0.542223
296.9		0.542223
297		0.542223
297.1		0.54652
297.2		0.54652
297.3		0.54652
297.4		0.54652
297.5		0.54652
297.6		0.54652
297.7		0.54652
297.8		0.54652
297.9		0.54652
298		0.54652
298.1		0.548424
298.2		0.548424
298.3		0.548424
298.4		0.548424
298.5		0.548424
298.6		0.548424
298.7		0.548424
298.8		0.548424
298.9		0.548424
299		0.548424
299.1		0.553407
299.2		0.553407
299.3		0.553407
299.4		0.553407
299.5		0.553407
299.6		0.553407
299.7		0.553407
299.8		0.553407
299.9		0.553407
300		0.553407
300.1		0.555711
300.2		0.555711
300.3		0.555711
300.4		0.555711
300.5		0.555711
300.6		0.555711
300.7		0.555711
300.8		0.555711
300.9		0.555711
301		0.555711
301.1		0.556619
301.2		0.556619
301.3		0.556619
301.4		0.556619
301.5		0.556619
301.6		0.556619
301.7		0.556619
301.8		0.556619
301.9		0.556619
302		0.556619
302.1		0.559941
302.2		0.559941
302.3		0.559941
302.4		0.559941
302.5		0.559941
302.6		0.559941
302.7		0.559941
302.8		0.559941
302.9		0.559941
303		0.559941
303.1		0.562798
303.2		0.562798
303.3		0.562798
303.4		0.562798
303.5		0.562798
303.6		0.562798
303.7		0.562798
303.8		0.562798
303.9		0.562798
304		0.562798
304.1		0.565721
304.2		0.565721
304.3		0.565721
304.4		0.565721
304.5		0.565721
304.6		0.565721
304.7		0.565721
304.8		0.565721
304.9		0.565721
305		0.565721
305.1		0.565898
305.2		0.565898
305.3		0.565898
305.4		0.565898
305.5		0.565898
305.6		0.565898
305.7		0.565898
305.8		0.565898
305.9		0.565898
306		0.565898
306.1		0.567183
306.2		0.567183
306.3		0.567183
306.4		0.567183
306.5		0.567183
306.6		0.567183
306.7		0.567183
306.8		0.567183
306.9		0.567183
307		0.567183
307.1		0.568268
307.2		0.568268
307.3		0.568268
307.4		0.568268
307.5		0.568268
307.6		0.568268
307.7		0.568268
307.8		0.568268
307.9		0.568268
308		0.568268
308.1		0.570328
308.2		0.570328
308.3		0.570328
308.4		0.570328
308.5		0.570328
308.6		0.570328
308.7		0.570328
308.8		0.570328
308.9		0.570328
309		0.570328
309.1		0.573827
309.2		0.573827
309.3		0.573827
309.4		0.573827
309.5		0.573827
309.6		0.573827
309.7		0.573827
309.8		0.573827
309.9		0.573827
310		0.573827
310.1		0.574491
310.2		0.574491
310.3		0.574491
310.4		0.574491
310.5		0.574491
310.6		0.574491
310.7		0.574491
310.8		0.574491
310.9		0.574491
311		0.574491
311.1		0.575776
311.2		0.575776
311.3		0.575776
311.4		0.575776
311.5		0.575776
311.6		0.575776
311.7		0.575776
311.8		0.575776
311.9		0.575776
312		0.575776
312.1		0.578898
312.2		0.578898
312.3		0.578898
312.4		0.578898
312.5		0.578898
312.6		0.578898
312.7		0.578898
312.8		0.578898
312.9		0.578898
313		0.578898
313.1		0.579541
313.2		0.579541
313.3		0.579541
313.4		0.579541
313.5		0.579541
313.6		0.579541
313.7		0.579541
313.8		0.579541
313.9		0.579541
314		0.579541
314.1		0.581268
314.2		0.581268
314.3		0.581268
314.4		0.581268
314.5		0.581268
314.6		0.581268
314.7		0.581268
314.8		0.581268
314.9		0.581268
315		0.581268
315.1		0.584236
315.2		0.584236
315.3		0.584236
315.4		0.584236
315.5		0.584236
315.6		0.584236
315.7		0.584236
315.8		0.584236
315.9		0.584236
316		0.584236
316.1		0.585542
316.2		0.585542
316.3		0.585542
316.4		0.585542
316.5		0.585542
316.6		0.585542
316.7		0.585542
316.8		0.585542
316.9		0.585542
317		0.585542
317.1		0.58789
317.2		0.58789
317.3		0.58789
317.4		0.58789
317.5		0.58789
317.6		0.58789
317.7		0.58789
317.8		0.58789
317.9		0.58789
318		0.58789
318.1		0.590149
318.2		0.590149
318.3		0.590149
318.4		0.590149
318.5		0.590149
318.6		0.590149
318.7		0.590149
318.8		0.590149
318.9		0.590149
319		0.590149
319.1		0.590415
319.2		0.590415
319.3		0.590415
319.4		0.590415
319.5		0.590415
319.6		0.590415
319.7		0.590415
319.8		0.590415
319.9		0.590415
320		0.590415
320.1		0.593139
320.2		0.593139
320.3		0.593139
320.4		0.593139
320.5		0.593139
320.6		0.593139
320.7		0.593139
320.8		0.593139
320.9		0.593139
321		0.593139
321.1		0.596129
321.2		0.596129
321.3		0.596129
321.4		0.596129
321.5		0.596129
321.6		0.596129
321.7		0.596129
321.8		0.596129
321.9		0.596129
322		0.596129
322.1		0.59635
322.2		0.59635
322.3		0.59635
322.4		0.59635
322.5		0.59635
322.6		0.59635
322.7		0.59635
322.8		0.59635
322.9		0.59635
323		0.59635
323.1		0.59686
323.2		0.59686
323.3		0.59686
323.4		0.59686
323.5		0.59686
323.6		0.59686
323.7		0.59686
323.8		0.59686
323.9		0.59686
324		0.59686
324.1		0.60058
324.2		0.60058
324.3		0.60058
324.4		0.60058
324.5		0.60058
324.6		0.60058
324.7		0.60058
324.8		0.60058
324.9		0.60058
325		0.60058
325.1		0.60151
325.2		0.60151
325.3		0.60151
325.4		0.60151
325.5		0.60151
325.6		0.60151
325.7		0.60151
325.8		0.60151
325.9		0.60151
326		0.60151
326.1		0.604965
326.2		0.604965
326.3		0.604965
326.4		0.604965
326.5		0.604965
326.6		0.604965
326.7		0.604965
326.8		0.604965
326.9		0.604965
327		0.604965
327.1		0.607977
327.2		0.607977
327.3		0.607977
327.4		0.607977
327.5		0.607977
327.6		0.607977
327.7		0.607977
327.8		0.607977
327.9		0.607977
328		0.607977
328.1		0.607977
328.2		0.607977
328.3		0.607977
328.4		0.607977
328.5		0.607977
328.6		0.607977
328.7		0.607977
328.8		0.607977
328.9		0.607977
329		0.607977
329.1		0.60873
329.2		0.60873
329.3		0.60873
329.4		0.60873
329.5		0.60873
329.6		0.60873
329.7		0.60873
329.8		0.60873
329.9		0.60873
330		0.60873
330.1		0.610413
330.2		0.610413
330.3		0.610413
330.4		0.610413
330.5		0.610413
330.6		0.610413
330.7		0.610413
330.8		0.610413
330.9		0.610413
331		0.610413
331.1		0.612008
331.2		0.612008
331.3		0.612008
331.4		0.612008
331.5		0.612008
331.6		0.612008
331.7		0.612008
331.8		0.612008
331.9		0.612008
332		0.612008
332.1		0.616282
332.2		0.616282
332.3		0.616282
332.4		0.616282
332.5		0.616282
332.6		0.616282
332.7		0.616282
332.8		0.616282
332.9		0.616282
333		0.616282
333.1		0.617656
333.2		0.617656
333.3		0.617656
333.4		0.617656
333.5		0.617656
333.6		0.617656
333.7		0.617656
333.8		0.617656
333.9		0.617656
334		0.617656
334.1		0.617678
334.2		0.617678
334.3		0.617678
334.4		0.617678
334.5		0.617678
334.6		0.617678
334.7		0.617678
334.8		0.617678
334.9		0.617678
335		0.617678
335.1		0.620579
335.2		0.620579
335.3		0.620579
335.4		0.620579
335.5		0.620579
335.6		0.620579
335.7		0.620579
335.8		0.620579
335.9		0.620579
336		0.620579
336.1		0.623392
336.2		0.623392
336.3		0.623392
336.4		0.623392
336.5		0.623392
336.6		0.623392
336.7		0.623392
336.8		0.623392
336.9		0.623392
337		0.623392
337.1		0.625761
337.2		0.625761
337.3		0.625761
337.4		0.625761
337.5		0.625761
337.6		0.625761
337.7		0.625761
337.8		0.625761
337.9		0.625761
338		0.625761
338.1		0.62616
338.2		0.62616
338.3		0.62616
338.4		0.62616
338.5		0.62616
338.6		0.62616
338.7		0.62616
338.8		0.62616
338.9		0.62616
339		0.62616
339.1		0.62822
339.2		0.62822
339.3		0.62822
339.4		0.62822
339.5		0.62822
339.6		0.62822
339.7		0.62822
339.8		0.62822
339.9		0.62822
340		0.62822
340.1		0.632228
340.2		0.632228
340.3		0.632228
340.4		0.632228
340.5		0.632228
340.6		0.632228
340.7		0.632228
340.8		0.632228
340.9		0.632228
341		0.632228
341.1		0.637145
341.2		0.637145
341.3		0.637145
341.4		0.637145
341.5		0.637145
341.6		0.637145
341.7		0.637145
341.8		0.637145
341.9		0.637145
342		0.637145
342.1		0.639891
342.2		0.639891
342.3		0.639891
342.4		0.639891
342.5		0.639891
342.6		0.639891
342.7		0.639891
342.8		0.639891
342.9		0.639891
343		0.639891
343.1		0.640932
343.2		0.640932
343.3		0.640932
343.4		0.640932
343.5		0.640932
343.6		0.640932
343.7		0.640932
343.8		0.640932
343.9		0.640932
344		0.640932
344.1		0.643368
344.2		0.643368
344.3		0.643368
344.4		0.643368
344.5		0.643368
344.6		0.643368
344.7		0.643368
344.8		0.643368
344.9		0.643368
345		0.643368
345.1		0.643457
345.2		0.643457
345.3		0.643457
345.4		0.643457
345.5		0.643457
345.6		0.643457
345.7		0.643457
345.8		0.643457
345.9		0.643457
346		0.643457
346.1		0.647797
346.2		0.647797
346.3		0.647797
346.4		0.647797
346.5		0.647797
346.6		0.647797
346.7		0.647797
346.8		0.647797
346.9		0.647797
347		0.647797
347.1		0.648816
347.2		0.648816
347.3		0.648816
347.4		0.648816
347.5		0.648816
347.6		0.648816
347.7		0.648816
347.8		0.648816
347.9		0.648816
348		0.648816
348.1		0.648816
348.2		0.648816
348.3		0.648816
348.4		0.648816
348.5		0.648816
348.6		0.648816
348.7		0.648816
348.8		0.648816
348.9		0.648816
349		0.648816
349.1		0.649348
349.2		0.649348
349.3		0.649348
349.4		0.649348
349.5		0.649348
349.6		0.649348
349.7		0.649348
349.8		0.649348
349.9		0.649348
350		0.649348
350.1		0.654021
350.2		0.654021
350.3		0.654021
350.4		0.654021
350.5		0.654021
350.6		0.654021
350.7		0.654021
350.8		0.654021
350.9		0.654021
351		0.654021
351.1		0.654707
351.2		0.654707
351.3		0.654707
351.4		0.654707
351.5		0.654707
351.6		0.654707
351.7		0.654707
351.8		0.654707
351.9		0.654707
352		0.654707
352.1		0.659469
352.2		0.659469
352.3		0.659469
352.4		0.659469
352.5		0.659469
352.6		0.659469
352.7		0.659469
352.8		0.659469
352.9		0.659469
353		0.659469
353.1		0.659624
353.2		0.659624
353.3		0.659624
353.4		0.659624
353.5		0.659624
353.6		0.659624
353.7		0.659624
353.8		0.659624
353.9		0.659624
354		0.659624
354.1		0.660621
354.2		0.660621
354.3		0.660621
354.4		0.660621
354.5		0.660621
354.6		0.660621
354.7		0.660621
354.8		0.660621
354.9		0.660621
355		0.660621
355.1		0.666002
355.2		0.666002
355.3		0.666002
355.4		0.666002
355.5		0.666002
355.6		0.666002
355.7		0.666002
355.8		0.666002
355.9		0.666002
356		0.666002
356.1		0.668704
356.2		0.668704
356.3		0.668704
356.4		0.668704
356.5		0.668704
356.6		0.668704
356.7		0.668704
356.8		0.668704
356.9		0.668704
357		0.668704
357.1		0.672757
357.2		0.672757
357.3		0.672757
357.4		0.672757
357.5		0.672757
357.6		0.672757
357.7		0.672757
357.8		0.672757
357.9		0.672757
358		0.672757
358.1		0.675968
358.2		0.675968
358.3		0.675968
358.4		0.675968
358.5		0.675968
358.6		0.675968
358.7		0.675968
358.8		0.675968
358.9		0.675968
359		0.675968
359.1		0.676278
359.2		0.676278
359.3		0.676278
359.4		0.676278
359.5		0.676278
359.6		0.676278
359.7		0.676278
359.8		0.676278
359.9		0.676278
360		0.676278
360.1		0.680508
360.2		0.680508
360.3		0.680508
360.4		0.680508
360.5		0.680508
360.6		0.680508
360.7		0.680508
360.8		0.680508
360.9		0.680508
361		0.680508
361.1		0.682612
361.2		0.682612
361.3		0.682612
361.4		0.682612
361.5		0.682612
361.6		0.682612
361.7		0.682612
361.8		0.682612
361.9		0.682612
362		0.682612
362.1		0.683277
362.2		0.683277
362.3		0.683277
362.4		0.683277
362.5		0.683277
362.6		0.683277
362.7		0.683277
362.8		0.683277
362.9		0.683277
363		0.683277
363.1		0.687706
363.2		0.687706
363.3		0.687706
363.4		0.687706
363.5		0.687706
363.6		0.687706
363.7		0.687706
363.8		0.687706
363.9		0.687706
364		0.687706
364.1		0.688105
364.2		0.688105
364.3		0.688105
364.4		0.688105
364.5		0.688105
364.6		0.688105
364.7		0.688105
364.8		0.688105
364.9		0.688105
365		0.688105
365.1		0.689035
365.2		0.689035
365.3		0.689035
365.4		0.689035
365.5		0.689035
365.6		0.689035
365.7		0.689035
365.8		0.689035
365.9		0.689035
366		0.689035
366.1		0.690807
366.2		0.690807
366.3		0.690807
366.4		0.690807
366.5		0.690807
366.6		0.690807
366.7		0.690807
366.8		0.690807
366.9		0.690807
367		0.690807
367.1		0.692113
367.2		0.692113
367.3		0.692113
367.4		0.692113
367.5		0.692113
367.6		0.692113
367.7		0.692113
367.8		0.692113
367.9		0.692113
368		0.692113
368.1		0.694727
368.2		0.694727
368.3		0.694727
368.4		0.694727
368.5		0.694727
368.6		0.694727
368.7		0.694727
368.8		0.694727
368.9		0.694727
369		0.694727
369.1		0.697296
369.2		0.697296
369.3		0.697296
369.4		0.697296
369.5		0.697296
369.6		0.697296
369.7		0.697296
369.8		0.697296
369.9		0.697296
370		0.697296
370.1		0.698802
370.2		0.698802
370.3		0.698802
370.4		0.698802
370.5		0.698802
370.6		0.698802
370.7		0.698802
370.8		0.698802
370.9		0.698802
371		0.698802
371.1		0.700131
371.2		0.700131
371.3		0.700131
371.4		0.700131
371.5		0.700131
371.6		0.700131
371.7		0.700131
371.8		0.700131
371.9		0.700131
372		0.700131
372.1		0.703718
372.2		0.703718
372.3		0.703718
372.4		0.703718
372.5		0.703718
372.6		0.703718
372.7		0.703718
372.8		0.703718
372.9		0.703718
373		0.703718
373.1		0.70569
373.2		0.70569
373.3		0.70569
373.4		0.70569
373.5		0.70569
373.6		0.70569
373.7		0.70569
373.8		0.70569
373.9		0.70569
374		0.70569
374.1		0.708126
374.2		0.708126
374.3		0.708126
374.4		0.708126
374.5		0.708126
374.6		0.708126
374.7		0.708126
374.8		0.708126
374.9		0.708126
375		0.708126
375.1		0.708569
375.2		0.708569
375.3		0.708569
375.4		0.708569
375.5		0.708569
375.6		0.708569
375.7		0.708569
375.8		0.708569
375.9		0.708569
376		0.708569
376.1		0.710407
376.2		0.710407
376.3		0.710407
376.4		0.710407
376.5		0.710407
376.6		0.710407
376.7		0.710407
376.8		0.710407
376.9		0.710407
377		0.710407
377.1		0.712754
377.2		0.712754
377.3		0.712754
377.4		0.712754
377.5		0.712754
377.6		0.712754
377.7		0.712754
377.8		0.712754
377.9		0.712754
378		0.712754
378.1		0.713264
378.2		0.713264
378.3		0.713264
378.4		0.713264
378.5		0.713264
378.6		0.713264
378.7		0.713264
378.8		0.713264
378.9		0.713264
379		0.713264
379.1		0.713862
379.2		0.713862
379.3		0.713862
379.4		0.713862
379.5		0.713862
379.6		0.713862
379.7		0.713862
379.8		0.713862
379.9		0.713862
380		0.713862
380.1		0.717073
380.2		0.717073
380.3		0.717073
380.4		0.717073
380.5		0.717073
380.6		0.717073
380.7		0.717073
380.8		0.717073
380.9		0.717073
381		0.717073
381.1		0.71745
381.2		0.71745
381.3		0.71745
381.4		0.71745
381.5		0.71745
381.6		0.71745
381.7		0.71745
381.8		0.71745
381.9		0.71745
382		0.71745
382.1		0.722765
382.2		0.722765
382.3		0.722765
382.4		0.722765
382.5		0.722765
382.6		0.722765
382.7		0.722765
382.8		0.722765
382.9		0.722765
383		0.722765
383.1		0.723562
383.2		0.723562
383.3		0.723562
383.4		0.723562
383.5		0.723562
383.6		0.723562
383.7		0.723562
383.8		0.723562
383.9		0.723562
384		0.723562
384.1		0.724315
384.2		0.724315
384.3		0.724315
384.4		0.724315
384.5		0.724315
384.6		0.724315
384.7		0.724315
384.8		0.724315
384.9		0.724315
385		0.724315
385.1		0.726308
385.2		0.726308
385.3		0.726308
385.4		0.726308
385.5		0.726308
385.6		0.726308
385.7		0.726308
385.8		0.726308
385.9		0.726308
386		0.726308
386.1		0.726906
386.2		0.726906
386.3		0.726906
386.4		0.726906
386.5		0.726906
386.6		0.726906
386.7		0.726906
386.8		0.726906
386.9		0.726906
387		0.726906
387.1		0.731491
387.2		0.731491
387.3		0.731491
387.4		0.731491
387.5		0.731491
387.6		0.731491
387.7		0.731491
387.8		0.731491
387.9		0.731491
388		0.731491
388.1		0.732532
388.2		0.732532
388.3		0.732532
388.4		0.732532
388.5		0.732532
388.6		0.732532
388.7		0.732532
388.8		0.732532
388.9		0.732532
389		0.732532
389.1		0.733772
389.2		0.733772
389.3		0.733772
389.4		0.733772
389.5		0.733772
389.6		0.733772
389.7		0.733772
389.8		0.733772
389.9		0.733772
390		0.733772
390.1		0.736429
390.2		0.736429
390.3		0.736429
390.4		0.736429
390.5		0.736429
390.6		0.736429
390.7		0.736429
390.8		0.736429
390.9		0.736429
391		0.736429
391.1		0.737581
391.2		0.737581
391.3		0.737581
391.4		0.737581
391.5		0.737581
391.6		0.737581
391.7		0.737581
391.8		0.737581
391.9		0.737581
392		0.737581
392.1		0.737736
392.2		0.737736
392.3		0.737736
392.4		0.737736
392.5		0.737736
392.6		0.737736
392.7		0.737736
392.8		0.737736
392.9		0.737736
393		0.737736
393.1		0.740549
393.2		0.740549
393.3		0.740549
393.4		0.740549
393.5		0.740549
393.6		0.740549
393.7		0.740549
393.8		0.740549
393.9		0.740549
394		0.740549
394.1		0.74314
394.2		0.74314
394.3		0.74314
394.4		0.74314
394.5		0.74314
394.6		0.74314
394.7		0.74314
394.8		0.74314
394.9		0.74314
395		0.74314
395.1		0.744026
395.2		0.744026
395.3		0.744026
395.4		0.744026
395.5		0.744026
395.6		0.744026
395.7		0.744026
395.8		0.744026
395.9		0.744026
396		0.744026
396.1		0.746706
396.2		0.746706
396.3		0.746706
396.4		0.746706
396.5		0.746706
396.6		0.746706
396.7		0.746706
396.8		0.746706
396.9		0.746706
397		0.746706
397.1		0.748234
397.2		0.748234
397.3		0.748234
397.4		0.748234
397.5		0.748234
397.6		0.748234
397.7		0.748234
397.8		0.748234
397.9		0.748234
398		0.748234
398.1		0.751512
398.2		0.751512
398.3		0.751512
398.4		0.751512
398.5		0.751512
398.6		0.751512
398.7		0.751512
398.8		0.751512
398.9		0.751512
399		0.751512
399.1		0.754501
399.2		0.754501
399.3		0.754501
399.4		0.754501
399.5		0.754501
399.6		0.754501
399.7		0.754501
399.8		0.754501
399.9		0.754501
400		0.754501
400.1		0.754701
400.2		0.754701
400.3		0.754701
400.4		0.754701
400.5		0.754701
400.6		0.754701
400.7		0.754701
400.8		0.754701
400.9		0.754701
401		0.754701
401.1		0.756052
401.2		0.756052
401.3		0.756052
401.4		0.756052
401.5		0.756052
401.6		0.756052
401.7		0.756052
401.8		0.756052
401.9		0.756052
402		0.756052
402.1		0.759462
402.2		0.759462
402.3		0.759462
402.4		0.759462
402.5		0.759462
402.6		0.759462
402.7		0.759462
402.8		0.759462
402.9		0.759462
403		0.759462
403.1		0.76119
403.2		0.76119
403.3		0.76119
403.4		0.76119
403.5		0.76119
403.6		0.76119
403.7		0.76119
403.8		0.76119
403.9		0.76119
404		0.76119
404.1		0.761433
404.2		0.761433
404.3		0.761433
404.4		0.761433
404.5		0.761433
404.6		0.761433
404.7		0.761433
404.8		0.761433
404.9		0.761433
405		0.761433
405.1		0.765774
405.2		0.765774
405.3		0.765774
405.4		0.765774
405.5		0.765774
405.6		0.765774
405.7		0.765774
405.8		0.765774
405.9		0.765774
406		0.765774
406.1		0.766638
406.2		0.766638
406.3		0.766638
406.4		0.766638
406.5		0.766638
406.6		0.766638
406.7		0.766638
406.8		0.766638
406.9		0.766638
407		0.766638
407.1		0.767812
407.2		0.767812
407.3		0.767812
407.4		0.767812
407.5		0.767812
407.6		0.767812
407.7		0.767812
407.8		0.767812
407.9		0.767812
408		0.767812
408.1		0.771222
408.2		0.771222
408.3		0.771222
408.4		0.771222
408.5		0.771222
408.6		0.771222
408.7		0.771222
408.8		0.771222
408.9		0.771222
409		0.771222
409.1		0.771311
409.2		0.771311
409.3		0.771311
409.4		0.771311
409.5		0.771311
409.6		0.771311
409.7		0.771311
409.8		0.771311
409.9		0.771311
410		0.771311
410.1		0.772374
410.2		0.772374
410.3		0.772374
410.4		0.772374
410.5		0.772374
410.6		0.772374
410.7		0.772374
410.8		0.772374
410.9		0.772374
411		0.772374
411.1		0.775674
411.2		0.775674
411.3		0.775674
411.4		0.775674
411.5		0.775674
411.6		0.775674
411.7		0.775674
411.8		0.775674
411.9		0.775674
412		0.775674
412.1		0.778021
412.2		0.778021
412.3		0.778021
412.4		0.778021
412.5		0.778021
412.6		0.778021
412.7		0.778021
412.8		0.778021
412.9		0.778021
413		0.778021
413.1		0.778354
413.2		0.778354
413.3		0.778354
413.4		0.778354
413.5		0.778354
413.6		0.778354
413.7		0.778354
413.8		0.778354
413.9		0.778354
414		0.778354
414.1		0.779527
414.2		0.779527
414.3		0.779527
414.4		0.779527
414.5		0.779527
414.6		0.779527
414.7		0.779527
414.8		0.779527
414.9		0.779527
415		0.779527
415.1		0.779904
415.2		0.779904
415.3		0.779904
415.4		0.779904
415.5		0.779904
415.6		0.779904
415.7		0.779904
415.8		0.779904
415.9		0.779904
416		0.779904
416.1		0.781853
416.2		0.781853
416.3		0.781853
416.4		0.781853
416.5		0.781853
416.6		0.781853
416.7		0.781853
416.8		0.781853
416.9		0.781853
417		0.781853
417.1		0.786105
417.2		0.786105
417.3		0.786105
417.4		0.786105
417.5		0.786105
417.6		0.786105
417.7		0.786105
417.8		0.786105
417.9		0.786105
418		0.786105
418.1		0.786902
418.2		0.786902
418.3		0.786902
418.4		0.786902
418.5		0.786902
418.6		0.786902
418.7		0.786902
418.8		0.786902
418.9		0.786902
419		0.786902
419.1		0.789361
419.2		0.789361
419.3		0.789361
419.4		0.789361
419.5		0.789361
419.6		0.789361
419.7		0.789361
419.8		0.789361
419.9		0.789361
420		0.789361
420.1		0.792306
420.2		0.792306
420.3		0.792306
420.4		0.792306
420.5		0.792306
420.6		0.792306
420.7		0.792306
420.8		0.792306
420.9		0.792306
421		0.792306
421.1		0.7941
421.2		0.7941
421.3		0.7941
421.4		0.7941
421.5		0.7941
421.6		0.7941
421.7		0.7941
421.8		0.7941
421.9		0.7941
422		0.7941
422.1		0.796536
422.2		0.796536
422.3		0.796536
422.4		0.796536
422.5		0.796536
422.6		0.796536
422.7		0.796536
422.8		0.796536
422.9		0.796536
423		0.796536
423.1		0.797223
423.2		0.797223
423.3		0.797223
423.4		0.797223
423.5		0.797223
423.6		0.797223
423.7		0.797223
423.8		0.797223
423.9		0.797223
424		0.797223
424.1		0.800345
424.2		0.800345
424.3		0.800345
424.4		0.800345
424.5		0.800345
424.6		0.800345
424.7		0.800345
424.8		0.800345
424.9		0.800345
425		0.800345
425.1		0.802405
425.2		0.802405
425.3		0.802405
425.4		0.802405
425.5		0.802405
425.6		0.802405
425.7		0.802405
425.8		0.802405
425.9		0.802405
426		0.802405
426.1		0.802671
426.2		0.802671
426.3		0.802671
426.4		0.802671
426.5		0.802671
426.6		0.802671
426.7		0.802671
426.8		0.802671
426.9		0.802671
427		0.802671
427.1		0.805993
427.2		0.805993
427.3		0.805993
427.4		0.805993
427.5		0.805993
427.6		0.805993
427.7		0.805993
427.8		0.805993
427.9		0.805993
428		0.805993
428.1		0.806436
428.2		0.806436
428.3		0.806436
428.4		0.806436
428.5		0.806436
428.6		0.806436
428.7		0.806436
428.8		0.806436
428.9		0.806436
429		0.806436
429.1		0.808695
429.2		0.808695
429.3		0.808695
429.4		0.808695
429.5		0.808695
429.6		0.808695
429.7		0.808695
429.8		0.808695
429.9		0.808695
430		0.808695
430.1		0.809669
430.2		0.809669
430.3		0.809669
430.4		0.809669
430.5		0.809669
430.6		0.809669
430.7		0.809669
430.8		0.809669
430.9		0.809669
431		0.809669
431.1		0.812571
431.2		0.812571
431.3		0.812571
431.4		0.812571
431.5		0.812571
431.6		0.812571
431.7		0.812571
431.8		0.812571
431.9		0.812571
432		0.812571
432.1		0.813589
432.2		0.813589
432.3		0.813589
432.4		0.813589
432.5		0.813589
432.6		0.813589
432.7		0.813589
432.8		0.813589
432.9		0.813589
433		0.813589
433.1		0.816535
433.2		0.816535
433.3		0.816535
433.4		0.816535
433.5		0.816535
433.6		0.816535
433.7		0.816535
433.8		0.816535
433.9		0.816535
434		0.816535
434.1		0.818905
434.2		0.818905
434.3		0.818905
434.4		0.818905
434.5		0.818905
434.6		0.818905
434.7		0.818905
434.8		0.818905
434.9		0.818905
435		0.818905
435.1		0.819392
435.2		0.819392
435.3		0.819392
435.4		0.819392
435.5		0.819392
435.6		0.819392
435.7		0.819392
435.8		0.819392
435.9		0.819392
436		0.819392
436.1		0.820366
436.2		0.820366
436.3		0.820366
436.4		0.820366
436.5		0.820366
436.6		0.820366
436.7		0.820366
436.8		0.820366
436.9		0.820366
437		0.820366
437.1		0.824995
437.2		0.824995
437.3		0.824995
437.4		0.824995
437.5		0.824995
437.6		0.824995
437.7		0.824995
437.8		0.824995
437.9		0.824995
438		0.824995
438.1		0.825859
438.2		0.825859
438.3		0.825859
438.4		0.825859
438.5		0.825859
438.6		0.825859
438.7		0.825859
438.8		0.825859
438.9		0.825859
439		0.825859
439.1		0.829225
439.2		0.829225
439.3		0.829225
439.4		0.829225
439.5		0.829225
439.6		0.829225
439.7		0.829225
439.8		0.829225
439.9		0.829225
440		0.829225
440.1		0.829336
440.2		0.829336
440.3		0.829336
440.4		0.829336
440.5		0.829336
440.6		0.829336
440.7		0.829336
440.8		0.829336
440.9		0.829336
441		0.829336
441.1		0.829912
441.2		0.829912
441.3		0.829912
441.4		0.829912
441.5		0.829912
441.6		0.829912
441.7		0.829912
441.8		0.829912
441.9		0.829912
442		0.829912
442.1		0.833544
442.2		0.833544
442.3		0.833544
442.4		0.833544
442.5		0.833544
442.6		0.833544
442.7		0.833544
442.8		0.833544
442.9		0.833544
443		0.833544
443.1		0.834718
443.2		0.834718
443.3		0.834718
443.4		0.834718
443.5		0.834718
443.6		0.834718
443.7		0.834718
443.8		0.834718
443.9		0.834718
444		0.834718
444.1		0.835515
444.2		0.835515
444.3		0.835515
444.4		0.835515
444.5		0.835515
444.6		0.835515
444.7		0.835515
444.8		0.835515
444.9		0.835515
445		0.835515
445.1		0.839302
445.2		0.839302
445.3		0.839302
445.4		0.839302
445.5		0.839302
445.6		0.839302
445.7		0.839302
445.8		0.839302
445.9		0.839302
446		0.839302
446.1		0.839856
446.2		0.839856
446.3		0.839856
446.4		0.839856
446.5		0.839856
446.6		0.839856
446.7		0.839856
446.8		0.839856
446.9		0.839856
447		0.839856
447.1		0.843997
447.2		0.843997
447.3		0.843997
447.4		0.843997
447.5		0.843997
447.6		0.843997
447.7		0.843997
447.8		0.843997
447.9		0.843997
448		0.843997
448.1		0.845326
448.2		0.845326
448.3		0.845326
448.4		0.845326
448.5		0.845326
448.6		0.845326
448.7		0.845326
448.8		0.845326
448.9		0.845326
449		0.845326
449.1		0.847031
449.2		0.847031
449.3		0.847031
449.4		0.847031
449.5		0.847031
449.6		0.847031
449.7		0.847031
449.8		0.847031
449.9		0.847031
450		0.847031
450.1		0.849002
450.2		0.849002
450.3		0.849002
450.4		0.849002
450.5		0.849002
450.6		0.849002
450.7		0.849002
450.8		0.849002
450.9		0.849002
451		0.849002
451.1		0.850663
451.2		0.850663
451.3		0.850663
451.4		0.850663
451.5		0.850663
451.6		0.850663
451.7		0.850663
451.8		0.850663
451.9		0.850663
452		0.850663
452.1		0.851018
452.2		0.851018
452.3		0.851018
452.4		0.851018
452.5		0.851018
452.6		0.851018
452.7		0.851018
452.8		0.851018
452.9		0.851018
453		0.851018
453.1		0.855115
453.2		0.855115
453.3		0.855115
453.4		0.855115
453.5		0.855115
453.6		0.855115
453.7		0.855115
453.8		0.855115
453.9		0.855115
454		0.855115
454.1		0.856997
454.2		0.856997
454.3		0.856997
454.4		0.856997
454.5		0.856997
454.6		0.856997
454.7		0.856997
454.8		0.856997
454.9		0.856997
455		0.856997
455.1		0.85744
455.2		0.85744
455.3		0.85744
455.4		0.85744
455.5		0.85744
455.6		0.85744
455.7		0.85744
455.8		0.85744
455.9		0.85744
456		0.85744
456.1		0.860873
456.2		0.860873
456.3		0.860873
456.4		0.860873
456.5		0.860873
456.6		0.860873
456.7		0.860873
456.8		0.860873
456.9		0.860873
457		0.860873
457.1		0.861117
457.2		0.861117
457.3		0.861117
457.4		0.861117
457.5		0.861117
457.6		0.861117
457.7		0.861117
457.8		0.861117
457.9		0.861117
458		0.861117
458.1		0.862313
458.2		0.862313
458.3		0.862313
458.4		0.862313
458.5		0.862313
458.6		0.862313
458.7		0.862313
458.8		0.862313
458.9		0.862313
459		0.862313
459.1		0.86497
459.2		0.86497
459.3		0.86497
459.4		0.86497
459.5		0.86497
459.6		0.86497
459.7		0.86497
459.8		0.86497
459.9		0.86497
460		0.86497
460.1		0.867539
460.2		0.867539
460.3		0.867539
460.4		0.867539
460.5		0.867539
460.6		0.867539
460.7		0.867539
460.8		0.867539
460.9		0.867539
461		0.867539
461.1		0.868492
461.2		0.868492
461.3		0.868492
461.4		0.868492
461.5		0.868492
461.6		0.868492
461.7		0.868492
461.8		0.868492
461.9		0.868492
462		0.868492
462.1		0.871946
462.2		0.871946
462.3		0.871946
462.4		0.871946
462.5		0.871946
462.6		0.871946
462.7		0.871946
462.8		0.871946
462.9		0.871946
463		0.871946
463.1		0.872522
463.2		0.872522
463.3		0.872522
463.4		0.872522
463.5		0.872522
463.6		0.872522
463.7		0.872522
463.8		0.872522
463.9		0.872522
464		0.872522
464.1		0.873032
464.2		0.873032
464.3		0.873032
464.4		0.873032
464.5		0.873032
464.6		0.873032
464.7		0.873032
464.8		0.873032
464.9		0.873032
465		0.873032
465.1		0.879144
465.2		0.879144
465.3		0.879144
465.4		0.879144
465.5		0.879144
465.6		0.879144
465.7		0.879144
465.8		0.879144
465.9		0.879144
466		0.879144
466.1		0.879631
466.2		0.879631
466.3		0.879631
466.4		0.879631
466.5		0.879631
466.6		0.879631
466.7		0.879631
466.8		0.879631
466.9		0.879631
467		0.879631
467.1		0.88065
467.2		0.88065
467.3		0.88065
467.4		0.88065
467.5		0.88065
467.6		0.88065
467.7		0.88065
467.8		0.88065
467.9		0.88065
468		0.88065
468.1		0.88116
468.2		0.88116
468.3		0.88116
468.4		0.88116
468.5		0.88116
468.6		0.88116
468.7		0.88116
468.8		0.88116
468.9		0.88116
469		0.88116
469.1		0.883529
469.2		0.883529
469.3		0.883529
469.4		0.883529
469.5		0.883529
469.6		0.883529
469.7		0.883529
469.8		0.883529
469.9		0.883529
470		0.883529
470.1		0.883773
470.2		0.883773
470.3		0.883773
470.4		0.883773
470.5		0.883773
470.6		0.883773
470.7		0.883773
470.8		0.883773
470.9		0.883773
471		0.883773
471.1		0.889708
471.2		0.889708
471.3		0.889708
471.4		0.889708
471.5		0.889708
471.6		0.889708
471.7		0.889708
471.8		0.889708
471.9		0.889708
472		0.889708
472.1		0.890063
472.2		0.890063
472.3		0.890063
472.4		0.890063
472.5		0.890063
472.6		0.890063
472.7		0.890063
472.8		0.890063
472.9		0.890063
473		0.890063
473.1		0.890218
473.2		0.890218
473.3		0.890218
473.4		0.890218
473.5		0.890218
473.6		0.890218
473.7		0.890218
473.8		0.890218
473.9		0.890218
474		0.890218
474.1		0.892765
474.2		0.892765
474.3		0.892765
474.4		0.892765
474.5		0.892765
474.6		0.892765
474.7		0.892765
474.8		0.892765
474.9		0.892765
475		0.892765
475.1		0.893119
475.2		0.893119
475.3		0.893119
475.4		0.893119
475.5		0.893119
475.6		0.893119
475.7		0.893119
475.8		0.893119
475.9		0.893119
476		0.893119
476.1		0.897017
476.2		0.897017
476.3		0.897017
476.4		0.897017
476.5		0.897017
476.6		0.897017
476.7		0.897017
476.8		0.897017
476.9		0.897017
477		0.897017
477.1		0.898434
477.2		0.898434
477.3		0.898434
477.4		0.898434
477.5		0.898434
477.6		0.898434
477.7		0.898434
477.8		0.898434
477.9		0.898434
478		0.898434
478.1		0.899409
478.2		0.899409
478.3		0.899409
478.4		0.899409
478.5		0.899409
478.6		0.899409
478.7		0.899409
478.8		0.899409
478.9		0.899409
479		0.899409
479.1		0.902841
479.2		0.902841
479.3		0.902841
479.4		0.902841
479.5		0.902841
479.6		0.902841
479.7		0.902841
479.8		0.902841
479.9		0.902841
480		0.902841
480.1		0.903085
480.2		0.903085
480.3		0.903085
480.4		0.903085
480.5		0.903085
480.6		0.903085
480.7		0.903085
480.8		0.903085
480.9		0.903085
481		0.903085
481.1		0.903594
481.2		0.903594
481.3		0.903594
481.4		0.903594
481.5		0.903594
481.6		0.903594
481.7		0.903594
481.8		0.903594
481.9		0.903594
482		0.903594
482.1		0.905255
482.2		0.905255
482.3		0.905255
482.4		0.905255
482.5		0.905255
482.6		0.905255
482.7		0.905255
482.8		0.905255
482.9		0.905255
483		0.905255
483.1		0.908799
483.2		0.908799
483.3		0.908799
483.4		0.908799
483.5		0.908799
483.6		0.908799
483.7		0.908799
483.8		0.908799
483.9		0.908799
484		0.908799
484.1		0.911169
484.2		0.911169
484.3		0.911169
484.4		0.911169
484.5		0.911169
484.6		0.911169
484.7		0.911169
484.8		0.911169
484.9		0.911169
485		0.911169
485.1		0.911789
485.2		0.911789
485.3		0.911789
485.4		0.911789
485.5		0.911789
485.6		0.911789
485.7		0.911789
485.8		0.911789
485.9		0.911789
486		0.911789
486.1		0.914446
486.2		0.914446
486.3		0.914446
486.4		0.914446
486.5		0.914446
486.6		0.914446
486.7		0.914446
486.8		0.914446
486.9		0.914446
487		0.914446
487.1		0.91686
487.2		0.91686
487.3		0.91686
487.4		0.91686
487.5		0.91686
487.6		0.91686
487.7		0.91686
487.8		0.91686
487.9		0.91686
488		0.91686
488.1		0.9183
488.2		0.9183
488.3		0.9183
488.4		0.9183
488.5		0.9183
488.6		0.9183
488.7		0.9183
488.8		0.9183
488.9		0.9183
489		0.9183
489.1		0.920227
489.2		0.920227
489.3		0.920227
489.4		0.920227
489.5		0.920227
489.6		0.920227
489.7		0.920227
489.8		0.920227
489.9		0.920227
490		0.920227
490.1		0.920803
490.2		0.920803
490.3		0.920803
490.4		0.920803
490.5		0.920803
490.6		0.920803
490.7		0.920803
490.8		0.920803
490.9		0.920803
491		0.920803
491.1		0.922419
491.2		0.922419
491.3		0.922419
491.4		0.922419
491.5		0.922419
491.6		0.922419
491.7		0.922419
491.8		0.922419
491.9		0.922419
492		0.922419
492.1		0.927314
492.2		0.927314
492.3		0.927314
492.4		0.927314
492.5		0.927314
492.6		0.927314
492.7		0.927314
492.8		0.927314
492.9		0.927314
493		0.927314
493.1		0.927491
493.2		0.927491
493.3		0.927491
493.4		0.927491
493.5		0.927491
493.6		0.927491
493.7		0.927491
493.8		0.927491
493.9		0.927491
494		0.927491
494.1		0.929506
494.2		0.929506
494.3		0.929506
494.4		0.929506
494.5		0.929506
494.6		0.929506
494.7		0.929506
494.8		0.929506
494.9		0.929506
495		0.929506
495.1		0.931588
495.2		0.931588
495.3		0.931588
495.4		0.931588
495.5		0.931588
495.6		0.931588
495.7		0.931588
495.8		0.931588
495.9		0.931588
496		0.931588
496.1		0.932142
496.2		0.932142
496.3		0.932142
496.4		0.932142
496.5		0.932142
496.6		0.932142
496.7		0.932142
496.8		0.932142
496.9		0.932142
497		0.932142
497.1		0.933936
497.2		0.933936
497.3		0.933936
497.4		0.933936
497.5		0.933936
497.6		0.933936
497.7		0.933936
497.8		0.933936
497.9		0.933936
498		0.933936
498.1		0.939207
498.2		0.939207
498.3		0.939207
498.4		0.939207
498.5		0.939207
498.6		0.939207
498.7		0.939207
498.8		0.939207
498.9		0.939207
499		0.939207
499.1		0.939938
499.2		0.939938
499.3		0.939938
499.4		0.939938
499.5		0.939938
499.6		0.939938
499.7		0.939938
499.8		0.939938
499.9		0.939938
500		0.939938
500.1		0.940203
500.2		0.940203
500.3		0.940203
500.4		0.940203
500.5		0.940203
500.6		0.940203
500.7		0.940203
500.8		0.940203
500.9		0.940203
501		0.940203
501.1		0.942772
501.2		0.942772
501.3		0.942772
501.4		0.942772
501.5		0.942772
501.6		0.942772
501.7		0.942772
501.8		0.942772
501.9		0.942772
502		0.942772
502.1		0.945917
502.2		0.945917
502.3		0.945917
502.4		0.945917
502.5		0.945917
502.6		0.945917
502.7		0.945917
502.8		0.945917
502.9		0.945917
503		0.945917
503.1		0.946227
503.2		0.946227
503.3		0.946227
503.4		0.946227
503.5		0.946227
503.6		0.946227
503.7		0.946227
503.8		0.946227
503.9		0.946227
504		0.946227
504.1		0.949882
504.2		0.949882
504.3		0.949882
504.4		0.949882
504.5		0.949882
504.6		0.949882
504.7		0.949882
504.8		0.949882
504.9		0.949882
505		0.949882
505.1		0.950081
505.2		0.950081
505.3		0.950081
505.4		0.950081
505.5		0.950081
505.6		0.950081
505.7		0.950081
505.8		0.950081
505.9		0.950081
506		0.950081
506.1		0.953491
506.2		0.953491
506.3		0.953491
506.4		0.953491
506.5		0.953491
506.6		0.953491
506.7		0.953491
506.8		0.953491
506.9		0.953491
507		0.953491
507.1		0.953846
507.2		0.953846
507.3		0.953846
507.4		0.953846
507.5		0.953846
507.6		0.953846
507.7		0.953846
507.8		0.953846
507.9		0.953846
508		0.953846
508.1		0.955972
508.2		0.955972
508.3		0.955972
508.4		0.955972
508.5		0.955972
508.6		0.955972
508.7		0.955972
508.8		0.955972
508.9		0.955972
509		0.955972
509.1		0.956393
509.2		0.956393
509.3		0.956393
509.4		0.956393
509.5		0.956393
509.6		0.956393
509.7		0.956393
509.8		0.956393
509.9		0.956393
510		0.956393
510.1		0.957921
510.2		0.957921
510.3		0.957921
510.4		0.957921
510.5		0.957921
510.6		0.957921
510.7		0.957921
510.8		0.957921
510.9		0.957921
511		0.957921
511.1		0.961509
511.2		0.961509
511.3		0.961509
511.4		0.961509
511.5		0.961509
511.6		0.961509
511.7		0.961509
511.8		0.961509
511.9		0.961509
512		0.961509
512.1		0.963059
512.2		0.963059
512.3		0.963059
512.4		0.963059
512.5		0.963059
512.6		0.963059
512.7		0.963059
512.8		0.963059
512.9		0.963059
513		0.963059
513.1		0.96359
513.2		0.96359
513.3		0.96359
513.4		0.96359
513.5		0.96359
513.6		0.96359
513.7		0.96359
513.8		0.96359
513.9		0.96359
514		0.96359
514.1		0.965783
514.2		0.965783
514.3		0.965783
514.4		0.965783
514.5		0.965783
514.6		0.965783
514.7		0.965783
514.8		0.965783
514.9		0.965783
515		0.965783
515.1		0.966315
515.2		0.966315
515.3		0.966315
515.4		0.966315
515.5		0.966315
515.6		0.966315
515.7		0.966315
515.8		0.966315
515.9		0.966315
516		0.966315
516.1		0.968618
516.2		0.968618
516.3		0.968618
516.4		0.968618
516.5		0.968618
516.6		0.968618
516.7		0.968618
516.8		0.968618
516.9		0.968618
517		0.968618
517.1		0.971962
517.2		0.971962
517.3		0.971962
517.4		0.971962
517.5		0.971962
517.6		0.971962
517.7		0.971962
517.8		0.971962
517.9		0.971962
518		0.971962
518.1		0.975173
518.2		0.975173
518.3		0.975173
518.4		0.975173
518.5		0.975173
518.6		0.975173
518.7		0.975173
518.8		0.975173
518.9		0.975173
519		0.975173
519.1		0.975528
519.2		0.975528
519.3		0.975528
519.4		0.975528
519.5		0.975528
519.6		0.975528
519.7		0.975528
519.8		0.975528
519.9		0.975528
520		0.975528
520.1		0.975904
520.2		0.975904
520.3		0.975904
520.4		0.975904
520.5		0.975904
520.6		0.975904
520.7		0.975904
520.8		0.975904
520.9		0.975904
521		0.975904
521.1		0.978451
521.2		0.978451
521.3		0.978451
521.4		0.978451
521.5		0.978451
521.6		0.978451
521.7		0.978451
521.8		0.978451
521.9		0.978451
522		0.978451
522.1		0.981906
522.2		0.981906
522.3		0.981906
522.4		0.981906
522.5		0.981906
522.6		0.981906
522.7		0.981906
522.8		0.981906
522.9		0.981906
523		0.981906
523.1		0.983412
523.2		0.983412
523.3		0.983412
523.4		0.983412
523.5		0.983412
523.6		0.983412
523.7		0.983412
523.8		0.983412
523.9		0.983412
524		0.983412
524.1		0.98576
524.2		0.98576
524.3		0.98576
524.4		0.98576
524.5		0.98576
524.6		0.98576
524.7		0.98576
524.8		0.98576
524.9		0.98576
525		0.98576
525.1		0.987088
525.2		0.987088
525.3		0.987088
525.4		0.987088
525.5		0.987088
525.6		0.987088
525.7		0.987088
525.8		0.987088
525.9		0.987088
526		0.987088
526.1		0.988262
526.2		0.988262
526.3		0.988262
526.4		0.988262
526.5		0.988262
526.6		0.988262
526.7		0.988262
526.8		0.988262
526.9		0.988262
527		0.988262
527.1		0.991473
527.2		0.991473
527.3		0.991473
527.4		0.991473
527.5		0.991473
527.6		0.991473
527.7		0.991473
527.8		0.991473
527.9		0.991473
528		0.991473
528.1		0.991961
528.2		0.991961
528.3		0.991961
528.4		0.991961
528.5		0.991961
528.6		0.991961
528.7		0.991961
528.8		0.991961
528.9		0.991961
529		0.991961
529.1		0.99732
529.2		0.99732
529.3		0.99732
529.4		0.99732
529.5		0.99732
529.6		0.99732
529.7		0.99732
529.8		0.99732
529.9		0.99732
530		0.99732
530.1		0.999978
530.2		0.999978
530.3		0.999978
530.4		0.999978
530.5		0.999978
530.6		0.999978
530.7		0.999978
530.8		0.999978
530.9		0.999978
531		0.999978
531.1		1
531.2		1
531.3		1
531.4		1
531.5		1
531.6		1
531.7		1
531.8		1
531.9		1
532		1
532.1		1
532.2		1
532.3		1
532.4		1
532.5		1
532.6		1
532.7		1
532.8		1
532.9		1
533		1
533.1		1
533.2		1
533.3		1
533.4		1
533.5		1
533.6		1
533.7		1
533.8		1
533.9		1
534		1
534.1		1
534.2		1
534.3		1
534.4		1
534.5		1
534.6		1
534.7		1
534.8		1
534.9		1
535		1
535.1		1
535.2		1
535.3		1
535.4		1
535.5		1
535.6		1
535.7		1
535.8		1
535.9		1
536		1
536.1		1
536.2		1
536.3		1
536.4		1
536.5		1
536.6		1
536.7		1
536.8		1
536.9		1
537		1
537.1		1
537.2		1
537.3		1
537.4		1
537.5		1
537.6		1
537.7		1
537.8		1
537.9		1
538		1
538.1		1
538.2		1
538.3		1
538.4		1
538.5		1
538.6		1
538.7		1
538.8		1
538.9		1
539		1
539.1		1
539.2		1
539.3		1
539.4		1
539.5		1
539.6		1
539.7		1
539.8		1
539.9		1
540		1
540.1		1
540.2		1
540.3		1
540.4		1
540.5		1
540.6		1
540.7		1
540.8		1
540.9		1
541		1
541.1		1
541.2		1
541.3		1
541.4		1
541.5		1
541.6		1
541.7		1
541.8		1
541.9		1
542		1
542.1		1
542.2		1
542.3		1
542.4		1
542.5		1
542.6		1
542.7		1
542.8		1
542.9		1
543		1
543.1		1
543.2		1
543.3		1
543.4		1
543.5		1
543.6		1
543.7		1
543.8		1
543.9		1
544		1
544.1		1
544.2		1
544.3		1
544.4		1
544.5		1
544.6		1
544.7		1
544.8		1
544.9		1
545		1
545.1		1
545.2		1
545.3		1
545.4		1
545.5		1
545.6		1
545.7		1
545.8		1
545.9		1
546		1
546.1		1
546.2		1
546.3		1
546.4		1
546.5		1
546.6		1
546.7		1
546.8		1
546.9		1
547		1
547.1		1
547.2		1
547.3		1
547.4		1
547.5		1
547.6		1
547.7		1
547.8		1
547.9		1
548		1
548.1		1
548.2		1
548.3		1
548.4		1
548.5		1
548.6		1
548.7		1
548.8		1
548.9		1
549		1
549.1		1
549.2		1
549.3		1
549.4		1
549.5		1
549.6		1
549.7		1
549.8		1
549.9		1
550		1
550.1		1
550.2		1
550.3		1
550.4		1
550.5		1
550.6		1
550.7		1
550.8		1
550.9		1
551		1
551.1		1
551.2		1
551.3		1
551.4		1
551.5		1
551.6		1
551.7		1
551.8		1
551.9		1
552		1
552.1		1
552.2		1
552.3		1
552.4		1
552.5		1
552.6		1
552.7		1
552.8		1
552.9		1
553		1
553.1		1
553.2		1
553.3		1
553.4		1
553.5		1
553.6		1
553.7		1
553.8		1
553.9		1
554		1
554.1		1
554.2		1
554.3		1
554.4		1
554.5		1
554.6		1
554.7		1
554.8		1
554.9		1
555		1
555.1		1
555.2		1
555.3		1
555.4		1
555.5		1
555.6		1
555.7		1
555.8		1
555.9		1
556		1
556.1		1
556.2		1
556.3		1
556.4		1
556.5		1
556.6		1
556.7		1
556.8		1
556.9		1
557		1
557.1		1
557.2		1
557.3		1
557.4		1
557.5		1
557.6		1
557.7		1
557.8		1
557.9		1
558		1
558.1		1
558.2		1
558.3		1
558.4		1
558.5		1
558.6		1
558.7		1
558.8		1
558.9		1
559		1
559.1		1
559.2		1
559.3		1
559.4		1
559.5		1
559.6		1
559.7		1
559.8		1
559.9		1
560		1
560.1		1
560.2		1
560.3		1
560.4		1
560.5		1
560.6		1
560.7		1
560.8		1
560.9		1
561		1
561.1		1
561.2		1
561.3		1
561.4		1
561.5		1
561.6		1
561.7		1
561.8		1
561.9		1
562		1
562.1		1
562.2		1
562.3		1
562.4		1
562.5		1
562.6		1
562.7		1
562.8		1
562.9		1
563		1
563.1		1
563.2		1
563.3		1
563.4		1
563.5		1
563.6		1
563.7		1
563.8		1
563.9		1
564		1
564.1		1
564.2		1
564.3		1
564.4		1
564.5		1
564.6		1
564.7		1
564.8		1
564.9		1
565		1
565.1		1
565.2		1
565.3		1
565.4		1
565.5		1
565.6		1
565.7		1
565.8		1
565.9		1
566		1
566.1		1
566.2		1
566.3		1
566.4		1
566.5		1
566.6		1
566.7		1
566.8		1
566.9		1
567		1
567.1		1
567.2		1
567.3		1
567.4		1
567.5		1
567.6		1
567.7		1
567.8		1
567.9		1
568		1
568.1		1
568.2		1
568.3		1
568.4		1
568.5		1
568.6		1
568.7		1
568.8		1
568.9		1
569		1
569.1		1
569.2		1
569.3		1
569.4		1
569.5		1
569.6		1
569.7		1
569.8		1
569.9		1
570		1
570.1		1
570.2		1
570.3		1
570.4		1
570.5		1
570.6		1
570.7		1
570.8		1
570.9		1
571		1
571.1		1
571.2		1
571.3		1
571.4		1
571.5		1
571.6		1
571.7		1
571.8		1
571.9		1
572		1
572.1		1
572.2		1
572.3		1
572.4		1
572.5		1
572.6		1
572.7		1
572.8		1
572.9		1
573		1
573.1		1
573.2		1
573.3		1
573.4		1
573.5		1
573.6		1
573.7		1
573.8		1
573.9		1
574		1
574.1		1
574.2		1
574.3		1
574.4		1
574.5		1
574.6		1
574.7		1
574.8		1
574.9		1
575		1
575.1		1
575.2		1
575.3		1
575.4		1
575.5		1
575.6		1
575.7		1
575.8		1
575.9		1
576		1
576.1		1
576.2		1
576.3		1
576.4		1
576.5		1
576.6		1
576.7		1
576.8		1
576.9		1
577		1
577.1		1
577.2		1
577.3		1
577.4		1
577.5		1
577.6		1
577.7		1
577.8		1
577.9		1
578		1
578.1		1
578.2		1
578.3		1
578.4		1
578.5		1
578.6		1
578.7		1
578.8		1
578.9		1
579		1
579.1		1
579.2		1
579.3		1
579.4		1
579.5		1
579.6		1
579.7		1
579.8		1
579.9		1
580		1
580.1		1
580.2		1
580.3		1
580.4		1
580.5		1
580.6		1
580.7		1
580.8		1
580.9		1
581		1
581.1		1
581.2		1
581.3		1
581.4		1
581.5		1
581.6		1
581.7		1
581.8		1
581.9		1
582		1
582.1		1
582.2		1
582.3		1
582.4		1
582.5		1
582.6		1
582.7		1
582.8		1
582.9		1
583		1
583.1		1
583.2		1
583.3		1
583.4		1
583.5		1
583.6		1
583.7		1
583.8		1
583.9		1
584		1
584.1		1
584.2		1
584.3		1
584.4		1
584.5		1
584.6		1
584.7		1
584.8		1
584.9		1
585		1
585.1		1
585.2		1
585.3		1
585.4		1
585.5		1
585.6		1
585.7		1
585.8		1
585.9		1
586		1
586.1		1
586.2		1
586.3		1
586.4		1
586.5		1
586.6		1
586.7		1
586.8		1
586.9		1
587		1
587.1		1
587.2		1
587.3		1
587.4		1
587.5		1
587.6		1
587.7		1
587.8		1
587.9		1
588		1
588.1		1
588.2		1
588.3		1
588.4		1
588.5		1
588.6		1
588.7		1
588.8		1
588.9		1
589		1
589.1		1
589.2		1
589.3		1
589.4		1
589.5		1
589.6		1
589.7		1
589.8		1
589.9		1
590		1
590.1		1
590.2		1
590.3		1
590.4		1
590.5		1
590.6		1
590.7		1
590.8		1
590.9		1
591		1
591.1		1
591.2		1
591.3		1
591.4		1
591.5		1
591.6		1
591.7		1
591.8		1
591.9		1
592		1
592.1		1
592.2		1
592.3		1
592.4		1
592.5		1
592.6		1
592.7		1
592.8		1
592.9		1
593		1
593.1		1
593.2		1
593.3		1
593.4		1
593.5		1
593.6		1
593.7		1
593.8		1
593.9		1
594		1
594.1		1
594.2		1
594.3		1
594.4		1
594.5		1
594.6		1
594.7		1
594.8		1
594.9		1
595		1
595.1		1
595.2		1
595.3		1
595.4		1
595.5		1
595.6		1
595.7		1
595.8		1
595.9		1
596		1
596.1		1
596.2		1
596.3		1
596.4		1
596.5		1
596.6		1
596.7		1
596.8		1
596.9		1
597		1
597.1		1
597.2		1
597.3		1
597.4		1
597.5		1
597.6		1
597.7		1
597.8		1
597.9		1
598		1
598.1		1
598.2		1
598.3		1
598.4		1
598.5		1
598.6		1
598.7		1
598.8		1
598.9		1
599		1
599.1		1
599.2		1
599.3		1
599.4		1
599.5		1
599.6		1
599.7		1
599.8		1
599.9		1
600		1
