# Calibration file of tamex_id 1 @ channel 56
# fine_T bin		 Calibration value
0.1		0
0.2		0
0.3		0
0.4		0
0.5		0
0.6		0
0.7		0
0.8		0
0.9		0
1		0
1.1		0
1.2		0
1.3		0
1.4		0
1.5		0
1.6		0
1.7		0
1.8		0
1.9		0
2		0
2.1		0
2.2		0
2.3		0
2.4		0
2.5		0
2.6		0
2.7		0
2.8		0
2.9		0
3		0
3.1		0
3.2		0
3.3		0
3.4		0
3.5		0
3.6		0
3.7		0
3.8		0
3.9		0
4		0
4.1		0
4.2		0
4.3		0
4.4		0
4.5		0
4.6		0
4.7		0
4.8		0
4.9		0
5		0
5.1		0
5.2		0
5.3		0
5.4		0
5.5		0
5.6		0
5.7		0
5.8		0
5.9		0
6		0
6.1		0
6.2		0
6.3		0
6.4		0
6.5		0
6.6		0
6.7		0
6.8		0
6.9		0
7		0
7.1		0
7.2		0
7.3		0
7.4		0
7.5		0
7.6		0
7.7		0
7.8		0
7.9		0
8		0
8.1		0
8.2		0
8.3		0
8.4		0
8.5		0
8.6		0
8.7		0
8.8		0
8.9		0
9		0
9.1		0
9.2		0
9.3		0
9.4		0
9.5		0
9.6		0
9.7		0
9.8		0
9.9		0
10		0
10.1		0
10.2		0
10.3		0
10.4		0
10.5		0
10.6		0
10.7		0
10.8		0
10.9		0
11		0
11.1		0
11.2		0
11.3		0
11.4		0
11.5		0
11.6		0
11.7		0
11.8		0
11.9		0
12		0
12.1		0
12.2		0
12.3		0
12.4		0
12.5		0
12.6		0
12.7		0
12.8		0
12.9		0
13		0
13.1		0
13.2		0
13.3		0
13.4		0
13.5		0
13.6		0
13.7		0
13.8		0
13.9		0
14		0
14.1		0
14.2		0
14.3		0
14.4		0
14.5		0
14.6		0
14.7		0
14.8		0
14.9		0
15		0
15.1		0
15.2		0
15.3		0
15.4		0
15.5		0
15.6		0
15.7		0
15.8		0
15.9		0
16		0
16.1		0
16.2		0
16.3		0
16.4		0
16.5		0
16.6		0
16.7		0
16.8		0
16.9		0
17		0
17.1		0.00358469
17.2		0.00358469
17.3		0.00358469
17.4		0.00358469
17.5		0.00358469
17.6		0.00358469
17.7		0.00358469
17.8		0.00358469
17.9		0.00358469
18		0.00358469
18.1		0.0052372
18.2		0.0052372
18.3		0.0052372
18.4		0.0052372
18.5		0.0052372
18.6		0.0052372
18.7		0.0052372
18.8		0.0052372
18.9		0.0052372
19		0.0052372
19.1		0.00961001
19.2		0.00961001
19.3		0.00961001
19.4		0.00961001
19.5		0.00961001
19.6		0.00961001
19.7		0.00961001
19.8		0.00961001
19.9		0.00961001
20		0.00961001
20.1		0.0117201
20.2		0.0117201
20.3		0.0117201
20.4		0.0117201
20.5		0.0117201
20.6		0.0117201
20.7		0.0117201
20.8		0.0117201
20.9		0.0117201
21		0.0117201
21.1		0.0133727
21.2		0.0133727
21.3		0.0133727
21.4		0.0133727
21.5		0.0133727
21.6		0.0133727
21.7		0.0133727
21.8		0.0133727
21.9		0.0133727
22		0.0133727
22.1		0.0151014
22.2		0.0151014
22.3		0.0151014
22.4		0.0151014
22.5		0.0151014
22.6		0.0151014
22.7		0.0151014
22.8		0.0151014
22.9		0.0151014
23		0.0151014
23.1		0.0161438
23.2		0.0161438
23.3		0.0161438
23.4		0.0161438
23.5		0.0161438
23.6		0.0161438
23.7		0.0161438
23.8		0.0161438
23.9		0.0161438
24		0.0161438
24.1		0.020059
24.2		0.020059
24.3		0.020059
24.4		0.020059
24.5		0.020059
24.6		0.020059
24.7		0.020059
24.8		0.020059
24.9		0.020059
25		0.020059
25.1		0.0238979
25.2		0.0238979
25.3		0.0238979
25.4		0.0238979
25.5		0.0238979
25.6		0.0238979
25.7		0.0238979
25.8		0.0238979
25.9		0.0238979
26		0.0238979
26.1		0.0243301
26.2		0.0243301
26.3		0.0243301
26.4		0.0243301
26.5		0.0243301
26.6		0.0243301
26.7		0.0243301
26.8		0.0243301
26.9		0.0243301
27		0.0243301
27.1		0.0254233
27.2		0.0254233
27.3		0.0254233
27.4		0.0254233
27.5		0.0254233
27.6		0.0254233
27.7		0.0254233
27.8		0.0254233
27.9		0.0254233
28		0.0254233
28.1		0.0283978
28.2		0.0283978
28.3		0.0283978
28.4		0.0283978
28.5		0.0283978
28.6		0.0283978
28.7		0.0283978
28.8		0.0283978
28.9		0.0283978
29		0.0283978
29.1		0.0301266
29.2		0.0301266
29.3		0.0301266
29.4		0.0301266
29.5		0.0301266
29.6		0.0301266
29.7		0.0301266
29.8		0.0301266
29.9		0.0301266
30		0.0301266
30.1		0.031169
30.2		0.031169
30.3		0.031169
30.4		0.031169
30.5		0.031169
30.6		0.031169
30.7		0.031169
30.8		0.031169
30.9		0.031169
31		0.031169
31.1		0.0350333
31.2		0.0350333
31.3		0.0350333
31.4		0.0350333
31.5		0.0350333
31.6		0.0350333
31.7		0.0350333
31.8		0.0350333
31.9		0.0350333
32		0.0350333
32.1		0.0357706
32.2		0.0357706
32.3		0.0357706
32.4		0.0357706
32.5		0.0357706
32.6		0.0357706
32.7		0.0357706
32.8		0.0357706
32.9		0.0357706
33		0.0357706
33.1		0.0388468
33.2		0.0388468
33.3		0.0388468
33.4		0.0388468
33.5		0.0388468
33.6		0.0388468
33.7		0.0388468
33.8		0.0388468
33.9		0.0388468
34		0.0388468
34.1		0.0402451
34.2		0.0402451
34.3		0.0402451
34.4		0.0402451
34.5		0.0402451
34.6		0.0402451
34.7		0.0402451
34.8		0.0402451
34.9		0.0402451
35		0.0402451
35.1		0.0412874
35.2		0.0412874
35.3		0.0412874
35.4		0.0412874
35.5		0.0412874
35.6		0.0412874
35.7		0.0412874
35.8		0.0412874
35.9		0.0412874
36		0.0412874
36.1		0.0427874
36.2		0.0427874
36.3		0.0427874
36.4		0.0427874
36.5		0.0427874
36.6		0.0427874
36.7		0.0427874
36.8		0.0427874
36.9		0.0427874
37		0.0427874
37.1		0.0444908
37.2		0.0444908
37.3		0.0444908
37.4		0.0444908
37.5		0.0444908
37.6		0.0444908
37.7		0.0444908
37.8		0.0444908
37.9		0.0444908
38		0.0444908
38.1		0.0474145
38.2		0.0474145
38.3		0.0474145
38.4		0.0474145
38.5		0.0474145
38.6		0.0474145
38.7		0.0474145
38.8		0.0474145
38.9		0.0474145
39		0.0474145
39.1		0.0499314
39.2		0.0499314
39.3		0.0499314
39.4		0.0499314
39.5		0.0499314
39.6		0.0499314
39.7		0.0499314
39.8		0.0499314
39.9		0.0499314
40		0.0499314
40.1		0.0506686
40.2		0.0506686
40.3		0.0506686
40.4		0.0506686
40.5		0.0506686
40.6		0.0506686
40.7		0.0506686
40.8		0.0506686
40.9		0.0506686
41		0.0506686
41.1		0.0514059
41.2		0.0514059
41.3		0.0514059
41.4		0.0514059
41.5		0.0514059
41.6		0.0514059
41.7		0.0514059
41.8		0.0514059
41.9		0.0514059
42		0.0514059
42.1		0.0559821
42.2		0.0559821
42.3		0.0559821
42.4		0.0559821
42.5		0.0559821
42.6		0.0559821
42.7		0.0559821
42.8		0.0559821
42.9		0.0559821
43		0.0559821
43.1		0.056338
43.2		0.056338
43.3		0.056338
43.4		0.056338
43.5		0.056338
43.6		0.056338
43.7		0.056338
43.8		0.056338
43.9		0.056338
44		0.056338
44.1		0.0571516
44.2		0.0571516
44.3		0.0571516
44.4		0.0571516
44.5		0.0571516
44.6		0.0571516
44.7		0.0571516
44.8		0.0571516
44.9		0.0571516
45		0.0571516
45.1		0.057838
45.2		0.057838
45.3		0.057838
45.4		0.057838
45.5		0.057838
45.6		0.057838
45.7		0.057838
45.8		0.057838
45.9		0.057838
46		0.057838
46.1		0.0630498
46.2		0.0630498
46.3		0.0630498
46.4		0.0630498
46.5		0.0630498
46.6		0.0630498
46.7		0.0630498
46.8		0.0630498
46.9		0.0630498
47		0.0630498
47.1		0.064804
47.2		0.064804
47.3		0.064804
47.4		0.064804
47.5		0.064804
47.6		0.064804
47.7		0.064804
47.8		0.064804
47.9		0.064804
48		0.064804
48.1		0.0657446
48.2		0.0657446
48.3		0.0657446
48.4		0.0657446
48.5		0.0657446
48.6		0.0657446
48.7		0.0657446
48.8		0.0657446
48.9		0.0657446
49		0.0657446
49.1		0.0673209
49.2		0.0673209
49.3		0.0673209
49.4		0.0673209
49.5		0.0673209
49.6		0.0673209
49.7		0.0673209
49.8		0.0673209
49.9		0.0673209
50		0.0673209
50.1		0.0709818
50.2		0.0709818
50.3		0.0709818
50.4		0.0709818
50.5		0.0709818
50.6		0.0709818
50.7		0.0709818
50.8		0.0709818
50.9		0.0709818
51		0.0709818
51.1		0.0747191
51.2		0.0747191
51.3		0.0747191
51.4		0.0747191
51.5		0.0747191
51.6		0.0747191
51.7		0.0747191
51.8		0.0747191
51.9		0.0747191
52		0.0747191
52.1		0.075736
52.2		0.075736
52.3		0.075736
52.4		0.075736
52.5		0.075736
52.6		0.075736
52.7		0.075736
52.8		0.075736
52.9		0.075736
53		0.075736
53.1		0.0770834
53.2		0.0770834
53.3		0.0770834
53.4		0.0770834
53.5		0.0770834
53.6		0.0770834
53.7		0.0770834
53.8		0.0770834
53.9		0.0770834
54		0.0770834
54.1		0.079041
54.2		0.079041
54.3		0.079041
54.4		0.079041
54.5		0.079041
54.6		0.079041
54.7		0.079041
54.8		0.079041
54.9		0.079041
55		0.079041
55.1		0.0809224
55.2		0.0809224
55.3		0.0809224
55.4		0.0809224
55.5		0.0809224
55.6		0.0809224
55.7		0.0809224
55.8		0.0809224
55.9		0.0809224
56		0.0809224
56.1		0.0818884
56.2		0.0818884
56.3		0.0818884
56.4		0.0818884
56.5		0.0818884
56.6		0.0818884
56.7		0.0818884
56.8		0.0818884
56.9		0.0818884
57		0.0818884
57.1		0.0842274
57.2		0.0842274
57.3		0.0842274
57.4		0.0842274
57.5		0.0842274
57.6		0.0842274
57.7		0.0842274
57.8		0.0842274
57.9		0.0842274
58		0.0842274
58.1		0.0874307
58.2		0.0874307
58.3		0.0874307
58.4		0.0874307
58.5		0.0874307
58.6		0.0874307
58.7		0.0874307
58.8		0.0874307
58.9		0.0874307
59		0.0874307
59.1		0.0904307
59.2		0.0904307
59.3		0.0904307
59.4		0.0904307
59.5		0.0904307
59.6		0.0904307
59.7		0.0904307
59.8		0.0904307
59.9		0.0904307
60		0.0904307
60.1		0.091473
60.2		0.091473
60.3		0.091473
60.4		0.091473
60.5		0.091473
60.6		0.091473
60.7		0.091473
60.8		0.091473
60.9		0.091473
61		0.091473
61.1		0.0915747
61.2		0.0915747
61.3		0.0915747
61.4		0.0915747
61.5		0.0915747
61.6		0.0915747
61.7		0.0915747
61.8		0.0915747
61.9		0.0915747
62		0.0915747
62.1		0.0932781
62.2		0.0932781
62.3		0.0932781
62.4		0.0932781
62.5		0.0932781
62.6		0.0932781
62.7		0.0932781
62.8		0.0932781
62.9		0.0932781
63		0.0932781
63.1		0.0968119
63.2		0.0968119
63.3		0.0968119
63.4		0.0968119
63.5		0.0968119
63.6		0.0968119
63.7		0.0968119
63.8		0.0968119
63.9		0.0968119
64		0.0968119
64.1		0.0978797
64.2		0.0978797
64.3		0.0978797
64.4		0.0978797
64.5		0.0978797
64.6		0.0978797
64.7		0.0978797
64.8		0.0978797
64.9		0.0978797
65		0.0978797
65.1		0.100575
65.2		0.100575
65.3		0.100575
65.4		0.100575
65.5		0.100575
65.6		0.100575
65.7		0.100575
65.8		0.100575
65.9		0.100575
66		0.100575
66.1		0.1006
66.2		0.1006
66.3		0.1006
66.4		0.1006
66.5		0.1006
66.6		0.1006
66.7		0.1006
66.8		0.1006
66.9		0.1006
67		0.1006
67.1		0.101388
67.2		0.101388
67.3		0.101388
67.4		0.101388
67.5		0.101388
67.6		0.101388
67.7		0.101388
67.8		0.101388
67.9		0.101388
68		0.101388
68.1		0.105735
68.2		0.105735
68.3		0.105735
68.4		0.105735
68.5		0.105735
68.6		0.105735
68.7		0.105735
68.8		0.105735
68.9		0.105735
69		0.105735
69.1		0.108888
69.2		0.108888
69.3		0.108888
69.4		0.108888
69.5		0.108888
69.6		0.108888
69.7		0.108888
69.8		0.108888
69.9		0.108888
70		0.108888
70.1		0.110337
70.2		0.110337
70.3		0.110337
70.4		0.110337
70.5		0.110337
70.6		0.110337
70.7		0.110337
70.8		0.110337
70.9		0.110337
71		0.110337
71.1		0.111863
71.2		0.111863
71.3		0.111863
71.4		0.111863
71.5		0.111863
71.6		0.111863
71.7		0.111863
71.8		0.111863
71.9		0.111863
72		0.111863
72.1		0.117049
72.2		0.117049
72.3		0.117049
72.4		0.117049
72.5		0.117049
72.6		0.117049
72.7		0.117049
72.8		0.117049
72.9		0.117049
73		0.117049
73.1		0.117659
73.2		0.117659
73.3		0.117659
73.4		0.117659
73.5		0.117659
73.6		0.117659
73.7		0.117659
73.8		0.117659
73.9		0.117659
74		0.117659
74.1		0.117888
74.2		0.117888
74.3		0.117888
74.4		0.117888
74.5		0.117888
74.6		0.117888
74.7		0.117888
74.8		0.117888
74.9		0.117888
75		0.117888
75.1		0.121117
75.2		0.121117
75.3		0.121117
75.4		0.121117
75.5		0.121117
75.6		0.121117
75.7		0.121117
75.8		0.121117
75.9		0.121117
76		0.121117
76.1		0.124269
76.2		0.124269
76.3		0.124269
76.4		0.124269
76.5		0.124269
76.6		0.124269
76.7		0.124269
76.8		0.124269
76.9		0.124269
77		0.124269
77.1		0.125489
77.2		0.125489
77.3		0.125489
77.4		0.125489
77.5		0.125489
77.6		0.125489
77.7		0.125489
77.8		0.125489
77.9		0.125489
78		0.125489
78.1		0.126354
78.2		0.126354
78.3		0.126354
78.4		0.126354
78.5		0.126354
78.6		0.126354
78.7		0.126354
78.8		0.126354
78.9		0.126354
79		0.126354
79.1		0.128184
79.2		0.128184
79.3		0.128184
79.4		0.128184
79.5		0.128184
79.6		0.128184
79.7		0.128184
79.8		0.128184
79.9		0.128184
80		0.128184
80.1		0.132989
80.2		0.132989
80.3		0.132989
80.4		0.132989
80.5		0.132989
80.6		0.132989
80.7		0.132989
80.8		0.132989
80.9		0.132989
81		0.132989
81.1		0.133421
81.2		0.133421
81.3		0.133421
81.4		0.133421
81.5		0.133421
81.6		0.133421
81.7		0.133421
81.8		0.133421
81.9		0.133421
82		0.133421
82.1		0.13426
82.2		0.13426
82.3		0.13426
82.4		0.13426
82.5		0.13426
82.6		0.13426
82.7		0.13426
82.8		0.13426
82.9		0.13426
83		0.13426
83.1		0.135227
83.2		0.135227
83.3		0.135227
83.4		0.135227
83.5		0.135227
83.6		0.135227
83.7		0.135227
83.8		0.135227
83.9		0.135227
84		0.135227
84.1		0.140998
84.2		0.140998
84.3		0.140998
84.4		0.140998
84.5		0.140998
84.6		0.140998
84.7		0.140998
84.8		0.140998
84.9		0.140998
85		0.140998
85.1		0.142421
85.2		0.142421
85.3		0.142421
85.4		0.142421
85.5		0.142421
85.6		0.142421
85.7		0.142421
85.8		0.142421
85.9		0.142421
86		0.142421
86.1		0.14265
86.2		0.14265
86.3		0.14265
86.4		0.14265
86.5		0.14265
86.6		0.14265
86.7		0.14265
86.8		0.14265
86.9		0.14265
87		0.14265
87.1		0.143159
87.2		0.143159
87.3		0.143159
87.4		0.143159
87.5		0.143159
87.6		0.143159
87.7		0.143159
87.8		0.143159
87.9		0.143159
88		0.143159
88.1		0.146972
88.2		0.146972
88.3		0.146972
88.4		0.146972
88.5		0.146972
88.6		0.146972
88.7		0.146972
88.8		0.146972
88.9		0.146972
89		0.146972
89.1		0.147226
89.2		0.147226
89.3		0.147226
89.4		0.147226
89.5		0.147226
89.6		0.147226
89.7		0.147226
89.8		0.147226
89.9		0.147226
90		0.147226
90.1		0.151472
90.2		0.151472
90.3		0.151472
90.4		0.151472
90.5		0.151472
90.6		0.151472
90.7		0.151472
90.8		0.151472
90.9		0.151472
91		0.151472
91.1		0.153226
91.2		0.153226
91.3		0.153226
91.4		0.153226
91.5		0.153226
91.6		0.153226
91.7		0.153226
91.8		0.153226
91.9		0.153226
92		0.153226
92.1		0.154777
92.2		0.154777
92.3		0.154777
92.4		0.154777
92.5		0.154777
92.6		0.154777
92.7		0.154777
92.8		0.154777
92.9		0.154777
93		0.154777
93.1		0.15704
93.2		0.15704
93.3		0.15704
93.4		0.15704
93.5		0.15704
93.6		0.15704
93.7		0.15704
93.8		0.15704
93.9		0.15704
94		0.15704
94.1		0.157269
94.2		0.157269
94.3		0.157269
94.4		0.157269
94.5		0.157269
94.6		0.157269
94.7		0.157269
94.8		0.157269
94.9		0.157269
95		0.157269
95.1		0.158514
95.2		0.158514
95.3		0.158514
95.4		0.158514
95.5		0.158514
95.6		0.158514
95.7		0.158514
95.8		0.158514
95.9		0.158514
96		0.158514
96.1		0.162582
96.2		0.162582
96.3		0.162582
96.4		0.162582
96.5		0.162582
96.6		0.162582
96.7		0.162582
96.8		0.162582
96.9		0.162582
97		0.162582
97.1		0.165201
97.2		0.165201
97.3		0.165201
97.4		0.165201
97.5		0.165201
97.6		0.165201
97.7		0.165201
97.8		0.165201
97.9		0.165201
98		0.165201
98.1		0.168277
98.2		0.168277
98.3		0.168277
98.4		0.168277
98.5		0.168277
98.6		0.168277
98.7		0.168277
98.8		0.168277
98.9		0.168277
99		0.168277
99.1		0.169116
99.2		0.169116
99.3		0.169116
99.4		0.169116
99.5		0.169116
99.6		0.169116
99.7		0.169116
99.8		0.169116
99.9		0.169116
100		0.169116
100.1		0.170845
100.2		0.170845
100.3		0.170845
100.4		0.170845
100.5		0.170845
100.6		0.170845
100.7		0.170845
100.8		0.170845
100.9		0.170845
101		0.170845
101.1		0.173489
101.2		0.173489
101.3		0.173489
101.4		0.173489
101.5		0.173489
101.6		0.173489
101.7		0.173489
101.8		0.173489
101.9		0.173489
102		0.173489
102.1		0.175497
102.2		0.175497
102.3		0.175497
102.4		0.175497
102.5		0.175497
102.6		0.175497
102.7		0.175497
102.8		0.175497
102.9		0.175497
103		0.175497
103.1		0.176997
103.2		0.176997
103.3		0.176997
103.4		0.176997
103.5		0.176997
103.6		0.176997
103.7		0.176997
103.8		0.176997
103.9		0.176997
104		0.176997
104.1		0.179209
104.2		0.179209
104.3		0.179209
104.4		0.179209
104.5		0.179209
104.6		0.179209
104.7		0.179209
104.8		0.179209
104.9		0.179209
105		0.179209
105.1		0.179717
105.2		0.179717
105.3		0.179717
105.4		0.179717
105.5		0.179717
105.6		0.179717
105.7		0.179717
105.8		0.179717
105.9		0.179717
106		0.179717
106.1		0.184675
106.2		0.184675
106.3		0.184675
106.4		0.184675
106.5		0.184675
106.6		0.184675
106.7		0.184675
106.8		0.184675
106.9		0.184675
107		0.184675
107.1		0.185361
107.2		0.185361
107.3		0.185361
107.4		0.185361
107.5		0.185361
107.6		0.185361
107.7		0.185361
107.8		0.185361
107.9		0.185361
108		0.185361
108.1		0.185768
108.2		0.185768
108.3		0.185768
108.4		0.185768
108.5		0.185768
108.6		0.185768
108.7		0.185768
108.8		0.185768
108.9		0.185768
109		0.185768
109.1		0.187471
109.2		0.187471
109.3		0.187471
109.4		0.187471
109.5		0.187471
109.6		0.187471
109.7		0.187471
109.8		0.187471
109.9		0.187471
110		0.187471
110.1		0.191641
110.2		0.191641
110.3		0.191641
110.4		0.191641
110.5		0.191641
110.6		0.191641
110.7		0.191641
110.8		0.191641
110.9		0.191641
111		0.191641
111.1		0.194997
111.2		0.194997
111.3		0.194997
111.4		0.194997
111.5		0.194997
111.6		0.194997
111.7		0.194997
111.8		0.194997
111.9		0.194997
112		0.194997
112.1		0.19548
112.2		0.19548
112.3		0.19548
112.4		0.19548
112.5		0.19548
112.6		0.19548
112.7		0.19548
112.8		0.19548
112.9		0.19548
113		0.19548
113.1		0.195759
113.2		0.195759
113.3		0.195759
113.4		0.195759
113.5		0.195759
113.6		0.195759
113.7		0.195759
113.8		0.195759
113.9		0.195759
114		0.195759
114.1		0.199217
114.2		0.199217
114.3		0.199217
114.4		0.199217
114.5		0.199217
114.6		0.199217
114.7		0.199217
114.8		0.199217
114.9		0.199217
115		0.199217
115.1		0.202369
115.2		0.202369
115.3		0.202369
115.4		0.202369
115.5		0.202369
115.6		0.202369
115.7		0.202369
115.8		0.202369
115.9		0.202369
116		0.202369
116.1		0.205471
116.2		0.205471
116.3		0.205471
116.4		0.205471
116.5		0.205471
116.6		0.205471
116.7		0.205471
116.8		0.205471
116.9		0.205471
117		0.205471
117.1		0.206005
117.2		0.206005
117.3		0.206005
117.4		0.206005
117.5		0.206005
117.6		0.206005
117.7		0.206005
117.8		0.206005
117.9		0.206005
118		0.206005
118.1		0.208878
118.2		0.208878
118.3		0.208878
118.4		0.208878
118.5		0.208878
118.6		0.208878
118.7		0.208878
118.8		0.208878
118.9		0.208878
119		0.208878
119.1		0.211013
119.2		0.211013
119.3		0.211013
119.4		0.211013
119.5		0.211013
119.6		0.211013
119.7		0.211013
119.8		0.211013
119.9		0.211013
120		0.211013
120.1		0.212844
120.2		0.212844
120.3		0.212844
120.4		0.212844
120.5		0.212844
120.6		0.212844
120.7		0.212844
120.8		0.212844
120.9		0.212844
121		0.212844
121.1		0.215234
121.2		0.215234
121.3		0.215234
121.4		0.215234
121.5		0.215234
121.6		0.215234
121.7		0.215234
121.8		0.215234
121.9		0.215234
122		0.215234
122.1		0.216352
122.2		0.216352
122.3		0.216352
122.4		0.216352
122.5		0.216352
122.6		0.216352
122.7		0.216352
122.8		0.216352
122.9		0.216352
123		0.216352
123.1		0.2177
123.2		0.2177
123.3		0.2177
123.4		0.2177
123.5		0.2177
123.6		0.2177
123.7		0.2177
123.8		0.2177
123.9		0.2177
124		0.2177
124.1		0.220649
124.2		0.220649
124.3		0.220649
124.4		0.220649
124.5		0.220649
124.6		0.220649
124.7		0.220649
124.8		0.220649
124.9		0.220649
125		0.220649
125.1		0.222784
125.2		0.222784
125.3		0.222784
125.4		0.222784
125.5		0.222784
125.6		0.222784
125.7		0.222784
125.8		0.222784
125.9		0.222784
126		0.222784
126.1		0.223471
126.2		0.223471
126.3		0.223471
126.4		0.223471
126.5		0.223471
126.6		0.223471
126.7		0.223471
126.8		0.223471
126.9		0.223471
127		0.223471
127.1		0.224742
127.2		0.224742
127.3		0.224742
127.4		0.224742
127.5		0.224742
127.6		0.224742
127.7		0.224742
127.8		0.224742
127.9		0.224742
128		0.224742
128.1		0.229547
128.2		0.229547
128.3		0.229547
128.4		0.229547
128.5		0.229547
128.6		0.229547
128.7		0.229547
128.8		0.229547
128.9		0.229547
129		0.229547
129.1		0.231327
129.2		0.231327
129.3		0.231327
129.4		0.231327
129.5		0.231327
129.6		0.231327
129.7		0.231327
129.8		0.231327
129.9		0.231327
130		0.231327
130.1		0.232598
130.2		0.232598
130.3		0.232598
130.4		0.232598
130.5		0.232598
130.6		0.232598
130.7		0.232598
130.8		0.232598
130.9		0.232598
131		0.232598
131.1		0.232725
131.2		0.232725
131.3		0.232725
131.4		0.232725
131.5		0.232725
131.6		0.232725
131.7		0.232725
131.8		0.232725
131.9		0.232725
132		0.232725
132.1		0.237682
132.2		0.237682
132.3		0.237682
132.4		0.237682
132.5		0.237682
132.6		0.237682
132.7		0.237682
132.8		0.237682
132.9		0.237682
133		0.237682
133.1		0.238801
133.2		0.238801
133.3		0.238801
133.4		0.238801
133.5		0.238801
133.6		0.238801
133.7		0.238801
133.8		0.238801
133.9		0.238801
134		0.238801
134.1		0.240148
134.2		0.240148
134.3		0.240148
134.4		0.240148
134.5		0.240148
134.6		0.240148
134.7		0.240148
134.8		0.240148
134.9		0.240148
135		0.240148
135.1		0.241394
135.2		0.241394
135.3		0.241394
135.4		0.241394
135.5		0.241394
135.6		0.241394
135.7		0.241394
135.8		0.241394
135.9		0.241394
136		0.241394
136.1		0.245411
136.2		0.245411
136.3		0.245411
136.4		0.245411
136.5		0.245411
136.6		0.245411
136.7		0.245411
136.8		0.245411
136.9		0.245411
137		0.245411
137.1		0.248081
137.2		0.248081
137.3		0.248081
137.4		0.248081
137.5		0.248081
137.6		0.248081
137.7		0.248081
137.8		0.248081
137.9		0.248081
138		0.248081
138.1		0.248996
138.2		0.248996
138.3		0.248996
138.4		0.248996
138.5		0.248996
138.6		0.248996
138.7		0.248996
138.8		0.248996
138.9		0.248996
139		0.248996
139.1		0.249225
139.2		0.249225
139.3		0.249225
139.4		0.249225
139.5		0.249225
139.6		0.249225
139.7		0.249225
139.8		0.249225
139.9		0.249225
140		0.249225
140.1		0.254563
140.2		0.254563
140.3		0.254563
140.4		0.254563
140.5		0.254563
140.6		0.254563
140.7		0.254563
140.8		0.254563
140.9		0.254563
141		0.254563
141.1		0.257335
141.2		0.257335
141.3		0.257335
141.4		0.257335
141.5		0.257335
141.6		0.257335
141.7		0.257335
141.8		0.257335
141.9		0.257335
142		0.257335
142.1		0.257614
142.2		0.257614
142.3		0.257614
142.4		0.257614
142.5		0.257614
142.6		0.257614
142.7		0.257614
142.8		0.257614
142.9		0.257614
143		0.257614
143.1		0.258072
143.2		0.258072
143.3		0.258072
143.4		0.258072
143.5		0.258072
143.6		0.258072
143.7		0.258072
143.8		0.258072
143.9		0.258072
144		0.258072
144.1		0.259572
144.2		0.259572
144.3		0.259572
144.4		0.259572
144.5		0.259572
144.6		0.259572
144.7		0.259572
144.8		0.259572
144.9		0.259572
145		0.259572
145.1		0.262623
145.2		0.262623
145.3		0.262623
145.4		0.262623
145.5		0.262623
145.6		0.262623
145.7		0.262623
145.8		0.262623
145.9		0.262623
146		0.262623
146.1		0.262699
146.2		0.262699
146.3		0.262699
146.4		0.262699
146.5		0.262699
146.6		0.262699
146.7		0.262699
146.8		0.262699
146.9		0.262699
147		0.262699
147.1		0.264809
147.2		0.264809
147.3		0.264809
147.4		0.264809
147.5		0.264809
147.6		0.264809
147.7		0.264809
147.8		0.264809
147.9		0.264809
148		0.264809
148.1		0.268292
148.2		0.268292
148.3		0.268292
148.4		0.268292
148.5		0.268292
148.6		0.268292
148.7		0.268292
148.8		0.268292
148.9		0.268292
149		0.268292
149.1		0.26847
149.2		0.26847
149.3		0.26847
149.4		0.26847
149.5		0.26847
149.6		0.26847
149.7		0.26847
149.8		0.26847
149.9		0.26847
150		0.26847
150.1		0.272614
150.2		0.272614
150.3		0.272614
150.4		0.272614
150.5		0.272614
150.6		0.272614
150.7		0.272614
150.8		0.272614
150.9		0.272614
151		0.272614
151.1		0.27325
151.2		0.27325
151.3		0.27325
151.4		0.27325
151.5		0.27325
151.6		0.27325
151.7		0.27325
151.8		0.27325
151.9		0.27325
152		0.27325
152.1		0.27569
152.2		0.27569
152.3		0.27569
152.4		0.27569
152.5		0.27569
152.6		0.27569
152.7		0.27569
152.8		0.27569
152.9		0.27569
153		0.27569
153.1		0.279173
153.2		0.279173
153.3		0.279173
153.4		0.279173
153.5		0.279173
153.6		0.279173
153.7		0.279173
153.8		0.279173
153.9		0.279173
154		0.279173
154.1		0.282732
154.2		0.282732
154.3		0.282732
154.4		0.282732
154.5		0.282732
154.6		0.282732
154.7		0.282732
154.8		0.282732
154.9		0.282732
155		0.282732
155.1		0.283343
155.2		0.283343
155.3		0.283343
155.4		0.283343
155.5		0.283343
155.6		0.283343
155.7		0.283343
155.8		0.283343
155.9		0.283343
156		0.283343
156.1		0.283673
156.2		0.283673
156.3		0.283673
156.4		0.283673
156.5		0.283673
156.6		0.283673
156.7		0.283673
156.8		0.283673
156.9		0.283673
157		0.283673
157.1		0.287029
157.2		0.287029
157.3		0.287029
157.4		0.287029
157.5		0.287029
157.6		0.287029
157.7		0.287029
157.8		0.287029
157.9		0.287029
158		0.287029
158.1		0.29008
158.2		0.29008
158.3		0.29008
158.4		0.29008
158.5		0.29008
158.6		0.29008
158.7		0.29008
158.8		0.29008
158.9		0.29008
159		0.29008
159.1		0.291453
159.2		0.291453
159.3		0.291453
159.4		0.291453
159.5		0.291453
159.6		0.291453
159.7		0.291453
159.8		0.291453
159.9		0.291453
160		0.291453
160.1		0.294173
160.2		0.294173
160.3		0.294173
160.4		0.294173
160.5		0.294173
160.6		0.294173
160.7		0.294173
160.8		0.294173
160.9		0.294173
161		0.294173
161.1		0.296003
161.2		0.296003
161.3		0.296003
161.4		0.296003
161.5		0.296003
161.6		0.296003
161.7		0.296003
161.8		0.296003
161.9		0.296003
162		0.296003
162.1		0.298317
162.2		0.298317
162.3		0.298317
162.4		0.298317
162.5		0.298317
162.6		0.298317
162.7		0.298317
162.8		0.298317
162.9		0.298317
163		0.298317
163.1		0.300071
163.2		0.300071
163.3		0.300071
163.4		0.300071
163.5		0.300071
163.6		0.300071
163.7		0.300071
163.8		0.300071
163.9		0.300071
164		0.300071
164.1		0.300605
164.2		0.300605
164.3		0.300605
164.4		0.300605
164.5		0.300605
164.6		0.300605
164.7		0.300605
164.8		0.300605
164.9		0.300605
165		0.300605
165.1		0.303554
165.2		0.303554
165.3		0.303554
165.4		0.303554
165.5		0.303554
165.6		0.303554
165.7		0.303554
165.8		0.303554
165.9		0.303554
166		0.303554
166.1		0.306707
166.2		0.306707
166.3		0.306707
166.4		0.306707
166.5		0.306707
166.6		0.306707
166.7		0.306707
166.8		0.306707
166.9		0.306707
167		0.306707
167.1		0.307622
167.2		0.307622
167.3		0.307622
167.4		0.307622
167.5		0.307622
167.6		0.307622
167.7		0.307622
167.8		0.307622
167.9		0.307622
168		0.307622
168.1		0.308613
168.2		0.308613
168.3		0.308613
168.4		0.308613
168.5		0.308613
168.6		0.308613
168.7		0.308613
168.8		0.308613
168.9		0.308613
169		0.308613
169.1		0.310902
169.2		0.310902
169.3		0.310902
169.4		0.310902
169.5		0.310902
169.6		0.310902
169.7		0.310902
169.8		0.310902
169.9		0.310902
170		0.310902
170.1		0.31469
170.2		0.31469
170.3		0.31469
170.4		0.31469
170.5		0.31469
170.6		0.31469
170.7		0.31469
170.8		0.31469
170.9		0.31469
171		0.31469
171.1		0.315681
171.2		0.315681
171.3		0.315681
171.4		0.315681
171.5		0.315681
171.6		0.315681
171.7		0.315681
171.8		0.315681
171.9		0.315681
172		0.315681
172.1		0.317715
172.2		0.317715
172.3		0.317715
172.4		0.317715
172.5		0.317715
172.6		0.317715
172.7		0.317715
172.8		0.317715
172.9		0.317715
173		0.317715
173.1		0.319749
173.2		0.319749
173.3		0.319749
173.4		0.319749
173.5		0.319749
173.6		0.319749
173.7		0.319749
173.8		0.319749
173.9		0.319749
174		0.319749
174.1		0.323105
174.2		0.323105
174.3		0.323105
174.4		0.323105
174.5		0.323105
174.6		0.323105
174.7		0.323105
174.8		0.323105
174.9		0.323105
175		0.323105
175.1		0.325622
175.2		0.325622
175.3		0.325622
175.4		0.325622
175.5		0.325622
175.6		0.325622
175.7		0.325622
175.8		0.325622
175.9		0.325622
176		0.325622
176.1		0.325876
176.2		0.325876
176.3		0.325876
176.4		0.325876
176.5		0.325876
176.6		0.325876
176.7		0.325876
176.8		0.325876
176.9		0.325876
177		0.325876
177.1		0.327655
177.2		0.327655
177.3		0.327655
177.4		0.327655
177.5		0.327655
177.6		0.327655
177.7		0.327655
177.8		0.327655
177.9		0.327655
178		0.327655
178.1		0.329079
178.2		0.329079
178.3		0.329079
178.4		0.329079
178.5		0.329079
178.6		0.329079
178.7		0.329079
178.8		0.329079
178.9		0.329079
179		0.329079
179.1		0.331596
179.2		0.331596
179.3		0.331596
179.4		0.331596
179.5		0.331596
179.6		0.331596
179.7		0.331596
179.8		0.331596
179.9		0.331596
180		0.331596
180.1		0.332435
180.2		0.332435
180.3		0.332435
180.4		0.332435
180.5		0.332435
180.6		0.332435
180.7		0.332435
180.8		0.332435
180.9		0.332435
181		0.332435
181.1		0.336859
181.2		0.336859
181.3		0.336859
181.4		0.336859
181.5		0.336859
181.6		0.336859
181.7		0.336859
181.8		0.336859
181.9		0.336859
182		0.336859
182.1		0.338664
182.2		0.338664
182.3		0.338664
182.4		0.338664
182.5		0.338664
182.6		0.338664
182.7		0.338664
182.8		0.338664
182.9		0.338664
183		0.338664
183.1		0.338816
183.2		0.338816
183.3		0.338816
183.4		0.338816
183.5		0.338816
183.6		0.338816
183.7		0.338816
183.8		0.338816
183.9		0.338816
184		0.338816
184.1		0.341333
184.2		0.341333
184.3		0.341333
184.4		0.341333
184.5		0.341333
184.6		0.341333
184.7		0.341333
184.8		0.341333
184.9		0.341333
185		0.341333
185.1		0.341816
185.2		0.341816
185.3		0.341816
185.4		0.341816
185.5		0.341816
185.6		0.341816
185.7		0.341816
185.8		0.341816
185.9		0.341816
186		0.341816
186.1		0.343876
186.2		0.343876
186.3		0.343876
186.4		0.343876
186.5		0.343876
186.6		0.343876
186.7		0.343876
186.8		0.343876
186.9		0.343876
187		0.343876
187.1		0.349926
187.2		0.349926
187.3		0.349926
187.4		0.349926
187.5		0.349926
187.6		0.349926
187.7		0.349926
187.8		0.349926
187.9		0.349926
188		0.349926
188.1		0.350282
188.2		0.350282
188.3		0.350282
188.4		0.350282
188.5		0.350282
188.6		0.350282
188.7		0.350282
188.8		0.350282
188.9		0.350282
189		0.350282
189.1		0.350689
189.2		0.350689
189.3		0.350689
189.4		0.350689
189.5		0.350689
189.6		0.350689
189.7		0.350689
189.8		0.350689
189.9		0.350689
190		0.350689
190.1		0.351808
190.2		0.351808
190.3		0.351808
190.4		0.351808
190.5		0.351808
190.6		0.351808
190.7		0.351808
190.8		0.351808
190.9		0.351808
191		0.351808
191.1		0.354096
191.2		0.354096
191.3		0.354096
191.4		0.354096
191.5		0.354096
191.6		0.354096
191.7		0.354096
191.8		0.354096
191.9		0.354096
192		0.354096
192.1		0.358875
192.2		0.358875
192.3		0.358875
192.4		0.358875
192.5		0.358875
192.6		0.358875
192.7		0.358875
192.8		0.358875
192.9		0.358875
193		0.358875
193.1		0.360223
193.2		0.360223
193.3		0.360223
193.4		0.360223
193.5		0.360223
193.6		0.360223
193.7		0.360223
193.8		0.360223
193.9		0.360223
194		0.360223
194.1		0.361875
194.2		0.361875
194.3		0.361875
194.4		0.361875
194.5		0.361875
194.6		0.361875
194.7		0.361875
194.8		0.361875
194.9		0.361875
195		0.361875
195.1		0.362968
195.2		0.362968
195.3		0.362968
195.4		0.362968
195.5		0.362968
195.6		0.362968
195.7		0.362968
195.8		0.362968
195.9		0.362968
196		0.362968
196.1		0.365816
196.2		0.365816
196.3		0.365816
196.4		0.365816
196.5		0.365816
196.6		0.365816
196.7		0.365816
196.8		0.365816
196.9		0.365816
197		0.365816
197.1		0.366019
197.2		0.366019
197.3		0.366019
197.4		0.366019
197.5		0.366019
197.6		0.366019
197.7		0.366019
197.8		0.366019
197.9		0.366019
198		0.366019
198.1		0.368714
198.2		0.368714
198.3		0.368714
198.4		0.368714
198.5		0.368714
198.6		0.368714
198.7		0.368714
198.8		0.368714
198.9		0.368714
199		0.368714
199.1		0.372629
199.2		0.372629
199.3		0.372629
199.4		0.372629
199.5		0.372629
199.6		0.372629
199.7		0.372629
199.8		0.372629
199.9		0.372629
200		0.372629
200.1		0.374307
200.2		0.374307
200.3		0.374307
200.4		0.374307
200.5		0.374307
200.6		0.374307
200.7		0.374307
200.8		0.374307
200.9		0.374307
201		0.374307
201.1		0.376189
201.2		0.376189
201.3		0.376189
201.4		0.376189
201.5		0.376189
201.6		0.376189
201.7		0.376189
201.8		0.376189
201.9		0.376189
202		0.376189
202.1		0.376926
202.2		0.376926
202.3		0.376926
202.4		0.376926
202.5		0.376926
202.6		0.376926
202.7		0.376926
202.8		0.376926
202.9		0.376926
203		0.376926
203.1		0.378604
203.2		0.378604
203.3		0.378604
203.4		0.378604
203.5		0.378604
203.6		0.378604
203.7		0.378604
203.8		0.378604
203.9		0.378604
204		0.378604
204.1		0.383053
204.2		0.383053
204.3		0.383053
204.4		0.383053
204.5		0.383053
204.6		0.383053
204.7		0.383053
204.8		0.383053
204.9		0.383053
205		0.383053
205.1		0.385087
205.2		0.385087
205.3		0.385087
205.4		0.385087
205.5		0.385087
205.6		0.385087
205.7		0.385087
205.8		0.385087
205.9		0.385087
206		0.385087
206.1		0.386053
206.2		0.386053
206.3		0.386053
206.4		0.386053
206.5		0.386053
206.6		0.386053
206.7		0.386053
206.8		0.386053
206.9		0.386053
207		0.386053
207.1		0.390959
207.2		0.390959
207.3		0.390959
207.4		0.390959
207.5		0.390959
207.6		0.390959
207.7		0.390959
207.8		0.390959
207.9		0.390959
208		0.390959
208.1		0.391061
208.2		0.391061
208.3		0.391061
208.4		0.391061
208.5		0.391061
208.6		0.391061
208.7		0.391061
208.8		0.391061
208.9		0.391061
209		0.391061
209.1		0.393375
209.2		0.393375
209.3		0.393375
209.4		0.393375
209.5		0.393375
209.6		0.393375
209.7		0.393375
209.8		0.393375
209.9		0.393375
210		0.393375
210.1		0.395459
210.2		0.395459
210.3		0.395459
210.4		0.395459
210.5		0.395459
210.6		0.395459
210.7		0.395459
210.8		0.395459
210.9		0.395459
211		0.395459
211.1		0.396476
211.2		0.396476
211.3		0.396476
211.4		0.396476
211.5		0.396476
211.6		0.396476
211.7		0.396476
211.8		0.396476
211.9		0.396476
212		0.396476
212.1		0.401307
212.2		0.401307
212.3		0.401307
212.4		0.401307
212.5		0.401307
212.6		0.401307
212.7		0.401307
212.8		0.401307
212.9		0.401307
213		0.401307
213.1		0.401968
213.2		0.401968
213.3		0.401968
213.4		0.401968
213.5		0.401968
213.6		0.401968
213.7		0.401968
213.8		0.401968
213.9		0.401968
214		0.401968
214.1		0.40418
214.2		0.40418
214.3		0.40418
214.4		0.40418
214.5		0.40418
214.6		0.40418
214.7		0.40418
214.8		0.40418
214.9		0.40418
215		0.40418
215.1		0.405781
215.2		0.405781
215.3		0.405781
215.4		0.405781
215.5		0.405781
215.6		0.405781
215.7		0.405781
215.8		0.405781
215.9		0.405781
216		0.405781
216.1		0.408807
216.2		0.408807
216.3		0.408807
216.4		0.408807
216.5		0.408807
216.6		0.408807
216.7		0.408807
216.8		0.408807
216.9		0.408807
217		0.408807
217.1		0.410663
217.2		0.410663
217.3		0.410663
217.4		0.410663
217.5		0.410663
217.6		0.410663
217.7		0.410663
217.8		0.410663
217.9		0.410663
218		0.410663
218.1		0.410866
218.2		0.410866
218.3		0.410866
218.4		0.410866
218.5		0.410866
218.6		0.410866
218.7		0.410866
218.8		0.410866
218.9		0.410866
219		0.410866
219.1		0.415645
219.2		0.415645
219.3		0.415645
219.4		0.415645
219.5		0.415645
219.6		0.415645
219.7		0.415645
219.8		0.415645
219.9		0.415645
220		0.415645
220.1		0.415976
220.2		0.415976
220.3		0.415976
220.4		0.415976
220.5		0.415976
220.6		0.415976
220.7		0.415976
220.8		0.415976
220.9		0.415976
221		0.415976
221.1		0.419332
221.2		0.419332
221.3		0.419332
221.4		0.419332
221.5		0.419332
221.6		0.419332
221.7		0.419332
221.8		0.419332
221.9		0.419332
222		0.419332
222.1		0.419561
222.2		0.419561
222.3		0.419561
222.4		0.419561
222.5		0.419561
222.6		0.419561
222.7		0.419561
222.8		0.419561
222.9		0.419561
223		0.419561
223.1		0.422815
223.2		0.422815
223.3		0.422815
223.4		0.422815
223.5		0.422815
223.6		0.422815
223.7		0.422815
223.8		0.422815
223.9		0.422815
224		0.422815
224.1		0.423476
224.2		0.423476
224.3		0.423476
224.4		0.423476
224.5		0.423476
224.6		0.423476
224.7		0.423476
224.8		0.423476
224.9		0.423476
225		0.423476
225.1		0.42645
225.2		0.42645
225.3		0.42645
225.4		0.42645
225.5		0.42645
225.6		0.42645
225.7		0.42645
225.8		0.42645
225.9		0.42645
226		0.42645
226.1		0.428764
226.2		0.428764
226.3		0.428764
226.4		0.428764
226.5		0.428764
226.6		0.428764
226.7		0.428764
226.8		0.428764
226.9		0.428764
227		0.428764
227.1		0.430416
227.2		0.430416
227.3		0.430416
227.4		0.430416
227.5		0.430416
227.6		0.430416
227.7		0.430416
227.8		0.430416
227.9		0.430416
228		0.430416
228.1		0.431484
228.2		0.431484
228.3		0.431484
228.4		0.431484
228.5		0.431484
228.6		0.431484
228.7		0.431484
228.8		0.431484
228.9		0.431484
229		0.431484
229.1		0.433569
229.2		0.433569
229.3		0.433569
229.4		0.433569
229.5		0.433569
229.6		0.433569
229.7		0.433569
229.8		0.433569
229.9		0.433569
230		0.433569
230.1		0.437077
230.2		0.437077
230.3		0.437077
230.4		0.437077
230.5		0.437077
230.6		0.437077
230.7		0.437077
230.8		0.437077
230.9		0.437077
231		0.437077
231.1		0.437306
231.2		0.437306
231.3		0.437306
231.4		0.437306
231.5		0.437306
231.6		0.437306
231.7		0.437306
231.8		0.437306
231.9		0.437306
232		0.437306
232.1		0.438628
232.2		0.438628
232.3		0.438628
232.4		0.438628
232.5		0.438628
232.6		0.438628
232.7		0.438628
232.8		0.438628
232.9		0.438628
233		0.438628
233.1		0.441781
233.2		0.441781
233.3		0.441781
233.4		0.441781
233.5		0.441781
233.6		0.441781
233.7		0.441781
233.8		0.441781
233.9		0.441781
234		0.441781
234.1		0.443815
234.2		0.443815
234.3		0.443815
234.4		0.443815
234.5		0.443815
234.6		0.443815
234.7		0.443815
234.8		0.443815
234.9		0.443815
235		0.443815
235.1		0.444653
235.2		0.444653
235.3		0.444653
235.4		0.444653
235.5		0.444653
235.6		0.444653
235.7		0.444653
235.8		0.444653
235.9		0.444653
236		0.444653
236.1		0.44656
236.2		0.44656
236.3		0.44656
236.4		0.44656
236.5		0.44656
236.6		0.44656
236.7		0.44656
236.8		0.44656
236.9		0.44656
237		0.44656
237.1		0.447857
237.2		0.447857
237.3		0.447857
237.4		0.447857
237.5		0.447857
237.6		0.447857
237.7		0.447857
237.8		0.447857
237.9		0.447857
238		0.447857
238.1		0.453755
238.2		0.453755
238.3		0.453755
238.4		0.453755
238.5		0.453755
238.6		0.453755
238.7		0.453755
238.8		0.453755
238.9		0.453755
239		0.453755
239.1		0.454619
239.2		0.454619
239.3		0.454619
239.4		0.454619
239.5		0.454619
239.6		0.454619
239.7		0.454619
239.8		0.454619
239.9		0.454619
240		0.454619
240.1		0.455687
240.2		0.455687
240.3		0.455687
240.4		0.455687
240.5		0.455687
240.6		0.455687
240.7		0.455687
240.8		0.455687
240.9		0.455687
241		0.455687
241.1		0.456424
241.2		0.456424
241.3		0.456424
241.4		0.456424
241.5		0.456424
241.6		0.456424
241.7		0.456424
241.8		0.456424
241.9		0.456424
242		0.456424
242.1		0.459653
242.2		0.459653
242.3		0.459653
242.4		0.459653
242.5		0.459653
242.6		0.459653
242.7		0.459653
242.8		0.459653
242.9		0.459653
243		0.459653
243.1		0.462119
243.2		0.462119
243.3		0.462119
243.4		0.462119
243.5		0.462119
243.6		0.462119
243.7		0.462119
243.8		0.462119
243.9		0.462119
244		0.462119
244.1		0.462729
244.2		0.462729
244.3		0.462729
244.4		0.462729
244.5		0.462729
244.6		0.462729
244.7		0.462729
244.8		0.462729
244.9		0.462729
245		0.462729
245.1		0.46606
245.2		0.46606
245.3		0.46606
245.4		0.46606
245.5		0.46606
245.6		0.46606
245.7		0.46606
245.8		0.46606
245.9		0.46606
246		0.46606
246.1		0.467992
246.2		0.467992
246.3		0.467992
246.4		0.467992
246.5		0.467992
246.6		0.467992
246.7		0.467992
246.8		0.467992
246.9		0.467992
247		0.467992
247.1		0.469416
247.2		0.469416
247.3		0.469416
247.4		0.469416
247.5		0.469416
247.6		0.469416
247.7		0.469416
247.8		0.469416
247.9		0.469416
248		0.469416
248.1		0.471602
248.2		0.471602
248.3		0.471602
248.4		0.471602
248.5		0.471602
248.6		0.471602
248.7		0.471602
248.8		0.471602
248.9		0.471602
249		0.471602
249.1		0.472873
249.2		0.472873
249.3		0.472873
249.4		0.472873
249.5		0.472873
249.6		0.472873
249.7		0.472873
249.8		0.472873
249.9		0.472873
250		0.472873
250.1		0.476585
250.2		0.476585
250.3		0.476585
250.4		0.476585
250.5		0.476585
250.6		0.476585
250.7		0.476585
250.8		0.476585
250.9		0.476585
251		0.476585
251.1		0.476916
251.2		0.476916
251.3		0.476916
251.4		0.476916
251.5		0.476916
251.6		0.476916
251.7		0.476916
251.8		0.476916
251.9		0.476916
252		0.476916
252.1		0.482407
252.2		0.482407
252.3		0.482407
252.4		0.482407
252.5		0.482407
252.6		0.482407
252.7		0.482407
252.8		0.482407
252.9		0.482407
253		0.482407
253.1		0.483221
253.2		0.483221
253.3		0.483221
253.4		0.483221
253.5		0.483221
253.6		0.483221
253.7		0.483221
253.8		0.483221
253.9		0.483221
254		0.483221
254.1		0.483399
254.2		0.483399
254.3		0.483399
254.4		0.483399
254.5		0.483399
254.6		0.483399
254.7		0.483399
254.8		0.483399
254.9		0.483399
255		0.483399
255.1		0.487009
255.2		0.487009
255.3		0.487009
255.4		0.487009
255.5		0.487009
255.6		0.487009
255.7		0.487009
255.8		0.487009
255.9		0.487009
256		0.487009
256.1		0.491331
256.2		0.491331
256.3		0.491331
256.4		0.491331
256.5		0.491331
256.6		0.491331
256.7		0.491331
256.8		0.491331
256.9		0.491331
257		0.491331
257.1		0.491458
257.2		0.491458
257.3		0.491458
257.4		0.491458
257.5		0.491458
257.6		0.491458
257.7		0.491458
257.8		0.491458
257.9		0.491458
258		0.491458
258.1		0.492246
258.2		0.492246
258.3		0.492246
258.4		0.492246
258.5		0.492246
258.6		0.492246
258.7		0.492246
258.8		0.492246
258.9		0.492246
259		0.492246
259.1		0.495831
259.2		0.495831
259.3		0.495831
259.4		0.495831
259.5		0.495831
259.6		0.495831
259.7		0.495831
259.8		0.495831
259.9		0.495831
260		0.495831
260.1		0.5015
260.2		0.5015
260.3		0.5015
260.4		0.5015
260.5		0.5015
260.6		0.5015
260.7		0.5015
260.8		0.5015
260.9		0.5015
261		0.5015
261.1		0.501551
261.2		0.501551
261.3		0.501551
261.4		0.501551
261.5		0.501551
261.6		0.501551
261.7		0.501551
261.8		0.501551
261.9		0.501551
262		0.501551
262.1		0.501678
262.2		0.501678
262.3		0.501678
262.4		0.501678
262.5		0.501678
262.6		0.501678
262.7		0.501678
262.8		0.501678
262.9		0.501678
263		0.501678
263.1		0.50328
263.2		0.50328
263.3		0.50328
263.4		0.50328
263.5		0.50328
263.6		0.50328
263.7		0.50328
263.8		0.50328
263.9		0.50328
264		0.50328
264.1		0.507678
264.2		0.507678
264.3		0.507678
264.4		0.507678
264.5		0.507678
264.6		0.507678
264.7		0.507678
264.8		0.507678
264.9		0.507678
265		0.507678
265.1		0.512559
265.2		0.512559
265.3		0.512559
265.4		0.512559
265.5		0.512559
265.6		0.512559
265.7		0.512559
265.8		0.512559
265.9		0.512559
266		0.512559
266.1		0.513754
266.2		0.513754
266.3		0.513754
266.4		0.513754
266.5		0.513754
266.6		0.513754
266.7		0.513754
266.8		0.513754
266.9		0.513754
267		0.513754
267.1		0.514313
267.2		0.514313
267.3		0.514313
267.4		0.514313
267.5		0.514313
267.6		0.514313
267.7		0.514313
267.8		0.514313
267.9		0.514313
268		0.514313
268.1		0.51533
268.2		0.51533
268.3		0.51533
268.4		0.51533
268.5		0.51533
268.6		0.51533
268.7		0.51533
268.8		0.51533
268.9		0.51533
269		0.51533
269.1		0.515991
269.2		0.515991
269.3		0.515991
269.4		0.515991
269.5		0.515991
269.6		0.515991
269.7		0.515991
269.8		0.515991
269.9		0.515991
270		0.515991
270.1		0.521
270.2		0.521
270.3		0.521
270.4		0.521
270.5		0.521
270.6		0.521
270.7		0.521
270.8		0.521
270.9		0.521
271		0.521
271.1		0.521228
271.2		0.521228
271.3		0.521228
271.4		0.521228
271.5		0.521228
271.6		0.521228
271.7		0.521228
271.8		0.521228
271.9		0.521228
272		0.521228
272.1		0.524025
272.2		0.524025
272.3		0.524025
272.4		0.524025
272.5		0.524025
272.6		0.524025
272.7		0.524025
272.8		0.524025
272.9		0.524025
273		0.524025
273.1		0.524228
273.2		0.524228
273.3		0.524228
273.4		0.524228
273.5		0.524228
273.6		0.524228
273.7		0.524228
273.8		0.524228
273.9		0.524228
274		0.524228
274.1		0.527864
274.2		0.527864
274.3		0.527864
274.4		0.527864
274.5		0.527864
274.6		0.527864
274.7		0.527864
274.8		0.527864
274.9		0.527864
275		0.527864
275.1		0.528169
275.2		0.528169
275.3		0.528169
275.4		0.528169
275.5		0.528169
275.6		0.528169
275.7		0.528169
275.8		0.528169
275.9		0.528169
276		0.528169
276.1		0.529491
276.2		0.529491
276.3		0.529491
276.4		0.529491
276.5		0.529491
276.6		0.529491
276.7		0.529491
276.8		0.529491
276.9		0.529491
277		0.529491
277.1		0.53272
277.2		0.53272
277.3		0.53272
277.4		0.53272
277.5		0.53272
277.6		0.53272
277.7		0.53272
277.8		0.53272
277.9		0.53272
278		0.53272
278.1		0.536127
278.2		0.536127
278.3		0.536127
278.4		0.536127
278.5		0.536127
278.6		0.536127
278.7		0.536127
278.8		0.536127
278.9		0.536127
279		0.536127
279.1		0.537271
279.2		0.537271
279.3		0.537271
279.4		0.537271
279.5		0.537271
279.6		0.537271
279.7		0.537271
279.8		0.537271
279.9		0.537271
280		0.537271
280.1		0.537601
280.2		0.537601
280.3		0.537601
280.4		0.537601
280.5		0.537601
280.6		0.537601
280.7		0.537601
280.8		0.537601
280.9		0.537601
281		0.537601
281.1		0.538313
281.2		0.538313
281.3		0.538313
281.4		0.538313
281.5		0.538313
281.6		0.538313
281.7		0.538313
281.8		0.538313
281.9		0.538313
282		0.538313
282.1		0.54505
282.2		0.54505
282.3		0.54505
282.4		0.54505
282.5		0.54505
282.6		0.54505
282.7		0.54505
282.8		0.54505
282.9		0.54505
283		0.54505
283.1		0.545253
283.2		0.545253
283.3		0.545253
283.4		0.545253
283.5		0.545253
283.6		0.545253
283.7		0.545253
283.8		0.545253
283.9		0.545253
284		0.545253
284.1		0.547262
284.2		0.547262
284.3		0.547262
284.4		0.547262
284.5		0.547262
284.6		0.547262
284.7		0.547262
284.8		0.547262
284.9		0.547262
285		0.547262
285.1		0.55138
285.2		0.55138
285.3		0.55138
285.4		0.55138
285.5		0.55138
285.6		0.55138
285.7		0.55138
285.8		0.55138
285.9		0.55138
286		0.55138
286.1		0.551736
286.2		0.551736
286.3		0.551736
286.4		0.551736
286.5		0.551736
286.6		0.551736
286.7		0.551736
286.8		0.551736
286.9		0.551736
287		0.551736
287.1		0.554177
287.2		0.554177
287.3		0.554177
287.4		0.554177
287.5		0.554177
287.6		0.554177
287.7		0.554177
287.8		0.554177
287.9		0.554177
288		0.554177
288.1		0.559338
288.2		0.559338
288.3		0.559338
288.4		0.559338
288.5		0.559338
288.6		0.559338
288.7		0.559338
288.8		0.559338
288.9		0.559338
289		0.559338
289.1		0.561575
289.2		0.561575
289.3		0.561575
289.4		0.561575
289.5		0.561575
289.6		0.561575
289.7		0.561575
289.8		0.561575
289.9		0.561575
290		0.561575
290.1		0.562796
290.2		0.562796
290.3		0.562796
290.4		0.562796
290.5		0.562796
290.6		0.562796
290.7		0.562796
290.8		0.562796
290.9		0.562796
291		0.562796
291.1		0.562974
291.2		0.562974
291.3		0.562974
291.4		0.562974
291.5		0.562974
291.6		0.562974
291.7		0.562974
291.8		0.562974
291.9		0.562974
292		0.562974
292.1		0.562974
292.2		0.562974
292.3		0.562974
292.4		0.562974
292.5		0.562974
292.6		0.562974
292.7		0.562974
292.8		0.562974
292.9		0.562974
293		0.562974
293.1		0.562974
293.2		0.562974
293.3		0.562974
293.4		0.562974
293.5		0.562974
293.6		0.562974
293.7		0.562974
293.8		0.562974
293.9		0.562974
294		0.562974
294.1		0.563431
294.2		0.563431
294.3		0.563431
294.4		0.563431
294.5		0.563431
294.6		0.563431
294.7		0.563431
294.8		0.563431
294.9		0.563431
295		0.563431
295.1		0.568719
295.2		0.568719
295.3		0.568719
295.4		0.568719
295.5		0.568719
295.6		0.568719
295.7		0.568719
295.8		0.568719
295.9		0.568719
296		0.568719
296.1		0.569838
296.2		0.569838
296.3		0.569838
296.4		0.569838
296.5		0.569838
296.6		0.569838
296.7		0.569838
296.8		0.569838
296.9		0.569838
297		0.569838
297.1		0.572151
297.2		0.572151
297.3		0.572151
297.4		0.572151
297.5		0.572151
297.6		0.572151
297.7		0.572151
297.8		0.572151
297.9		0.572151
298		0.572151
298.1		0.572406
298.2		0.572406
298.3		0.572406
298.4		0.572406
298.5		0.572406
298.6		0.572406
298.7		0.572406
298.8		0.572406
298.9		0.572406
299		0.572406
299.1		0.574541
299.2		0.574541
299.3		0.574541
299.4		0.574541
299.5		0.574541
299.6		0.574541
299.7		0.574541
299.8		0.574541
299.9		0.574541
300		0.574541
300.1		0.576956
300.2		0.576956
300.3		0.576956
300.4		0.576956
300.5		0.576956
300.6		0.576956
300.7		0.576956
300.8		0.576956
300.9		0.576956
301		0.576956
301.1		0.57777
301.2		0.57777
301.3		0.57777
301.4		0.57777
301.5		0.57777
301.6		0.57777
301.7		0.57777
301.8		0.57777
301.9		0.57777
302		0.57777
302.1		0.579016
302.2		0.579016
302.3		0.579016
302.4		0.579016
302.5		0.579016
302.6		0.579016
302.7		0.579016
302.8		0.579016
302.9		0.579016
303		0.579016
303.1		0.579321
303.2		0.579321
303.3		0.579321
303.4		0.579321
303.5		0.579321
303.6		0.579321
303.7		0.579321
303.8		0.579321
303.9		0.579321
304		0.579321
304.1		0.586744
304.2		0.586744
304.3		0.586744
304.4		0.586744
304.5		0.586744
304.6		0.586744
304.7		0.586744
304.8		0.586744
304.9		0.586744
305		0.586744
305.1		0.587583
305.2		0.587583
305.3		0.587583
305.4		0.587583
305.5		0.587583
305.6		0.587583
305.7		0.587583
305.8		0.587583
305.9		0.587583
306		0.587583
306.1		0.587914
306.2		0.587914
306.3		0.587914
306.4		0.587914
306.5		0.587914
306.6		0.587914
306.7		0.587914
306.8		0.587914
306.9		0.587914
307		0.587914
307.1		0.588905
307.2		0.588905
307.3		0.588905
307.4		0.588905
307.5		0.588905
307.6		0.588905
307.7		0.588905
307.8		0.588905
307.9		0.588905
308		0.588905
308.1		0.592795
308.2		0.592795
308.3		0.592795
308.4		0.592795
308.5		0.592795
308.6		0.592795
308.7		0.592795
308.8		0.592795
308.9		0.592795
309		0.592795
309.1		0.595109
309.2		0.595109
309.3		0.595109
309.4		0.595109
309.5		0.595109
309.6		0.595109
309.7		0.595109
309.8		0.595109
309.9		0.595109
310		0.595109
310.1		0.595668
310.2		0.595668
310.3		0.595668
310.4		0.595668
310.5		0.595668
310.6		0.595668
310.7		0.595668
310.8		0.595668
310.9		0.595668
311		0.595668
311.1		0.599507
311.2		0.599507
311.3		0.599507
311.4		0.599507
311.5		0.599507
311.6		0.599507
311.7		0.599507
311.8		0.599507
311.9		0.599507
312		0.599507
312.1		0.600829
312.2		0.600829
312.3		0.600829
312.4		0.600829
312.5		0.600829
312.6		0.600829
312.7		0.600829
312.8		0.600829
312.9		0.600829
313		0.600829
313.1		0.603981
313.2		0.603981
313.3		0.603981
313.4		0.603981
313.5		0.603981
313.6		0.603981
313.7		0.603981
313.8		0.603981
313.9		0.603981
314		0.603981
314.1		0.606371
314.2		0.606371
314.3		0.606371
314.4		0.606371
314.5		0.606371
314.6		0.606371
314.7		0.606371
314.8		0.606371
314.9		0.606371
315		0.606371
315.1		0.606625
315.2		0.606625
315.3		0.606625
315.4		0.606625
315.5		0.606625
315.6		0.606625
315.7		0.606625
315.8		0.606625
315.9		0.606625
316		0.606625
316.1		0.607719
316.2		0.607719
316.3		0.607719
316.4		0.607719
316.5		0.607719
316.6		0.607719
316.7		0.607719
316.8		0.607719
316.9		0.607719
317		0.607719
317.1		0.610108
317.2		0.610108
317.3		0.610108
317.4		0.610108
317.5		0.610108
317.6		0.610108
317.7		0.610108
317.8		0.610108
317.9		0.610108
318		0.610108
318.1		0.614456
318.2		0.614456
318.3		0.614456
318.4		0.614456
318.5		0.614456
318.6		0.614456
318.7		0.614456
318.8		0.614456
318.9		0.614456
319		0.614456
319.1		0.615473
319.2		0.615473
319.3		0.615473
319.4		0.615473
319.5		0.615473
319.6		0.615473
319.7		0.615473
319.8		0.615473
319.9		0.615473
320		0.615473
320.1		0.615981
320.2		0.615981
320.3		0.615981
320.4		0.615981
320.5		0.615981
320.6		0.615981
320.7		0.615981
320.8		0.615981
320.9		0.615981
321		0.615981
321.1		0.618854
321.2		0.618854
321.3		0.618854
321.4		0.618854
321.5		0.618854
321.6		0.618854
321.7		0.618854
321.8		0.618854
321.9		0.618854
322		0.618854
322.1		0.621625
322.2		0.621625
322.3		0.621625
322.4		0.621625
322.5		0.621625
322.6		0.621625
322.7		0.621625
322.8		0.621625
322.9		0.621625
323		0.621625
323.1		0.623913
323.2		0.623913
323.3		0.623913
323.4		0.623913
323.5		0.623913
323.6		0.623913
323.7		0.623913
323.8		0.623913
323.9		0.623913
324		0.623913
324.1		0.625108
324.2		0.625108
324.3		0.625108
324.4		0.625108
324.5		0.625108
324.6		0.625108
324.7		0.625108
324.8		0.625108
324.9		0.625108
325		0.625108
325.1		0.627371
325.2		0.627371
325.3		0.627371
325.4		0.627371
325.5		0.627371
325.6		0.627371
325.7		0.627371
325.8		0.627371
325.9		0.627371
326		0.627371
326.1		0.63004
326.2		0.63004
326.3		0.63004
326.4		0.63004
326.5		0.63004
326.6		0.63004
326.7		0.63004
326.8		0.63004
326.9		0.63004
327		0.63004
327.1		0.631362
327.2		0.631362
327.3		0.631362
327.4		0.631362
327.5		0.631362
327.6		0.631362
327.7		0.631362
327.8		0.631362
327.9		0.631362
328		0.631362
328.1		0.632684
328.2		0.632684
328.3		0.632684
328.4		0.632684
328.5		0.632684
328.6		0.632684
328.7		0.632684
328.8		0.632684
328.9		0.632684
329		0.632684
329.1		0.635074
329.2		0.635074
329.3		0.635074
329.4		0.635074
329.5		0.635074
329.6		0.635074
329.7		0.635074
329.8		0.635074
329.9		0.635074
330		0.635074
330.1		0.638582
330.2		0.638582
330.3		0.638582
330.4		0.638582
330.5		0.638582
330.6		0.638582
330.7		0.638582
330.8		0.638582
330.9		0.638582
331		0.638582
331.1		0.640896
331.2		0.640896
331.3		0.640896
331.4		0.640896
331.5		0.640896
331.6		0.640896
331.7		0.640896
331.8		0.640896
331.9		0.640896
332		0.640896
332.1		0.641659
332.2		0.641659
332.3		0.641659
332.4		0.641659
332.5		0.641659
332.6		0.641659
332.7		0.641659
332.8		0.641659
332.9		0.641659
333		0.641659
333.1		0.641938
333.2		0.641938
333.3		0.641938
333.4		0.641938
333.5		0.641938
333.6		0.641938
333.7		0.641938
333.8		0.641938
333.9		0.641938
334		0.641938
334.1		0.644404
334.2		0.644404
334.3		0.644404
334.4		0.644404
334.5		0.644404
334.6		0.644404
334.7		0.644404
334.8		0.644404
334.9		0.644404
335		0.644404
335.1		0.647023
335.2		0.647023
335.3		0.647023
335.4		0.647023
335.5		0.647023
335.6		0.647023
335.7		0.647023
335.8		0.647023
335.9		0.647023
336		0.647023
336.1		0.64743
336.2		0.64743
336.3		0.64743
336.4		0.64743
336.5		0.64743
336.6		0.64743
336.7		0.64743
336.8		0.64743
336.9		0.64743
337		0.64743
337.1		0.649642
337.2		0.649642
337.3		0.649642
337.4		0.649642
337.5		0.649642
337.6		0.649642
337.7		0.649642
337.8		0.649642
337.9		0.649642
338		0.649642
338.1		0.65437
338.2		0.65437
338.3		0.65437
338.4		0.65437
338.5		0.65437
338.6		0.65437
338.7		0.65437
338.8		0.65437
338.9		0.65437
339		0.65437
339.1		0.655209
339.2		0.655209
339.3		0.655209
339.4		0.655209
339.5		0.655209
339.6		0.655209
339.7		0.655209
339.8		0.655209
339.9		0.655209
340		0.655209
340.1		0.657497
340.2		0.657497
340.3		0.657497
340.4		0.657497
340.5		0.657497
340.6		0.657497
340.7		0.657497
340.8		0.657497
340.9		0.657497
341		0.657497
341.1		0.657752
341.2		0.657752
341.3		0.657752
341.4		0.657752
341.5		0.657752
341.6		0.657752
341.7		0.657752
341.8		0.657752
341.9		0.657752
342		0.657752
342.1		0.660294
342.2		0.660294
342.3		0.660294
342.4		0.660294
342.5		0.660294
342.6		0.660294
342.7		0.660294
342.8		0.660294
342.9		0.660294
343		0.660294
343.1		0.664031
343.2		0.664031
343.3		0.664031
343.4		0.664031
343.5		0.664031
343.6		0.664031
343.7		0.664031
343.8		0.664031
343.9		0.664031
344		0.664031
344.1		0.667997
344.2		0.667997
344.3		0.667997
344.4		0.667997
344.5		0.667997
344.6		0.667997
344.7		0.667997
344.8		0.667997
344.9		0.667997
345		0.667997
345.1		0.668862
345.2		0.668862
345.3		0.668862
345.4		0.668862
345.5		0.668862
345.6		0.668862
345.7		0.668862
345.8		0.668862
345.9		0.668862
346		0.668862
346.1		0.672141
346.2		0.672141
346.3		0.672141
346.4		0.672141
346.5		0.672141
346.6		0.672141
346.7		0.672141
346.8		0.672141
346.9		0.672141
347		0.672141
347.1		0.676107
347.2		0.676107
347.3		0.676107
347.4		0.676107
347.5		0.676107
347.6		0.676107
347.7		0.676107
347.8		0.676107
347.9		0.676107
348		0.676107
348.1		0.678777
348.2		0.678777
348.3		0.678777
348.4		0.678777
348.5		0.678777
348.6		0.678777
348.7		0.678777
348.8		0.678777
348.9		0.678777
349		0.678777
349.1		0.679997
349.2		0.679997
349.3		0.679997
349.4		0.679997
349.5		0.679997
349.6		0.679997
349.7		0.679997
349.8		0.679997
349.9		0.679997
350		0.679997
350.1		0.683887
350.2		0.683887
350.3		0.683887
350.4		0.683887
350.5		0.683887
350.6		0.683887
350.7		0.683887
350.8		0.683887
350.9		0.683887
351		0.683887
351.1		0.684751
351.2		0.684751
351.3		0.684751
351.4		0.684751
351.5		0.684751
351.6		0.684751
351.7		0.684751
351.8		0.684751
351.9		0.684751
352		0.684751
352.1		0.687751
352.2		0.687751
352.3		0.687751
352.4		0.687751
352.5		0.687751
352.6		0.687751
352.7		0.687751
352.8		0.687751
352.9		0.687751
353		0.687751
353.1		0.687853
353.2		0.687853
353.3		0.687853
353.4		0.687853
353.5		0.687853
353.6		0.687853
353.7		0.687853
353.8		0.687853
353.9		0.687853
354		0.687853
354.1		0.687853
354.2		0.687853
354.3		0.687853
354.4		0.687853
354.5		0.687853
354.6		0.687853
354.7		0.687853
354.8		0.687853
354.9		0.687853
355		0.687853
355.1		0.689709
355.2		0.689709
355.3		0.689709
355.4		0.689709
355.5		0.689709
355.6		0.689709
355.7		0.689709
355.8		0.689709
355.9		0.689709
356		0.689709
356.1		0.689709
356.2		0.689709
356.3		0.689709
356.4		0.689709
356.5		0.689709
356.6		0.689709
356.7		0.689709
356.8		0.689709
356.9		0.689709
357		0.689709
357.1		0.692556
357.2		0.692556
357.3		0.692556
357.4		0.692556
357.5		0.692556
357.6		0.692556
357.7		0.692556
357.8		0.692556
357.9		0.692556
358		0.692556
358.1		0.693802
358.2		0.693802
358.3		0.693802
358.4		0.693802
358.5		0.693802
358.6		0.693802
358.7		0.693802
358.8		0.693802
358.9		0.693802
359		0.693802
359.1		0.696522
359.2		0.696522
359.3		0.696522
359.4		0.696522
359.5		0.696522
359.6		0.696522
359.7		0.696522
359.8		0.696522
359.9		0.696522
360		0.696522
360.1		0.696522
360.2		0.696522
360.3		0.696522
360.4		0.696522
360.5		0.696522
360.6		0.696522
360.7		0.696522
360.8		0.696522
360.9		0.696522
361		0.696522
361.1		0.700107
361.2		0.700107
361.3		0.700107
361.4		0.700107
361.5		0.700107
361.6		0.700107
361.7		0.700107
361.8		0.700107
361.9		0.700107
362		0.700107
362.1		0.700717
362.2		0.700717
362.3		0.700717
362.4		0.700717
362.5		0.700717
362.6		0.700717
362.7		0.700717
362.8		0.700717
362.9		0.700717
363		0.700717
363.1		0.700844
363.2		0.700844
363.3		0.700844
363.4		0.700844
363.5		0.700844
363.6		0.700844
363.7		0.700844
363.8		0.700844
363.9		0.700844
364		0.700844
364.1		0.704378
364.2		0.704378
364.3		0.704378
364.4		0.704378
364.5		0.704378
364.6		0.704378
364.7		0.704378
364.8		0.704378
364.9		0.704378
365		0.704378
365.1		0.704937
365.2		0.704937
365.3		0.704937
365.4		0.704937
365.5		0.704937
365.6		0.704937
365.7		0.704937
365.8		0.704937
365.9		0.704937
366		0.704937
366.1		0.706081
366.2		0.706081
366.3		0.706081
366.4		0.706081
366.5		0.706081
366.6		0.706081
366.7		0.706081
366.8		0.706081
366.9		0.706081
367		0.706081
367.1		0.708598
367.2		0.708598
367.3		0.708598
367.4		0.708598
367.5		0.708598
367.6		0.708598
367.7		0.708598
367.8		0.708598
367.9		0.708598
368		0.708598
368.1		0.713861
368.2		0.713861
368.3		0.713861
368.4		0.713861
368.5		0.713861
368.6		0.713861
368.7		0.713861
368.8		0.713861
368.9		0.713861
369		0.713861
369.1		0.715335
369.2		0.715335
369.3		0.715335
369.4		0.715335
369.5		0.715335
369.6		0.715335
369.7		0.715335
369.8		0.715335
369.9		0.715335
370		0.715335
370.1		0.715564
370.2		0.715564
370.3		0.715564
370.4		0.715564
370.5		0.715564
370.6		0.715564
370.7		0.715564
370.8		0.715564
370.9		0.715564
371		0.715564
371.1		0.716556
371.2		0.716556
371.3		0.716556
371.4		0.716556
371.5		0.716556
371.6		0.716556
371.7		0.716556
371.8		0.716556
371.9		0.716556
372		0.716556
372.1		0.721183
372.2		0.721183
372.3		0.721183
372.4		0.721183
372.5		0.721183
372.6		0.721183
372.7		0.721183
372.8		0.721183
372.9		0.721183
373		0.721183
373.1		0.72281
373.2		0.72281
373.3		0.72281
373.4		0.72281
373.5		0.72281
373.6		0.72281
373.7		0.72281
373.8		0.72281
373.9		0.72281
374		0.72281
374.1		0.723089
374.2		0.723089
374.3		0.723089
374.4		0.723089
374.5		0.723089
374.6		0.723089
374.7		0.723089
374.8		0.723089
374.9		0.723089
375		0.723089
375.1		0.725988
375.2		0.725988
375.3		0.725988
375.4		0.725988
375.5		0.725988
375.6		0.725988
375.7		0.725988
375.8		0.725988
375.9		0.725988
376		0.725988
376.1		0.728835
376.2		0.728835
376.3		0.728835
376.4		0.728835
376.5		0.728835
376.6		0.728835
376.7		0.728835
376.8		0.728835
376.9		0.728835
377		0.728835
377.1		0.730894
377.2		0.730894
377.3		0.730894
377.4		0.730894
377.5		0.730894
377.6		0.730894
377.7		0.730894
377.8		0.730894
377.9		0.730894
378		0.730894
378.1		0.731149
378.2		0.731149
378.3		0.731149
378.4		0.731149
378.5		0.731149
378.6		0.731149
378.7		0.731149
378.8		0.731149
378.9		0.731149
379		0.731149
379.1		0.731962
379.2		0.731962
379.3		0.731962
379.4		0.731962
379.5		0.731962
379.6		0.731962
379.7		0.731962
379.8		0.731962
379.9		0.731962
380		0.731962
380.1		0.734428
380.2		0.734428
380.3		0.734428
380.4		0.734428
380.5		0.734428
380.6		0.734428
380.7		0.734428
380.8		0.734428
380.9		0.734428
381		0.734428
381.1		0.738013
381.2		0.738013
381.3		0.738013
381.4		0.738013
381.5		0.738013
381.6		0.738013
381.7		0.738013
381.8		0.738013
381.9		0.738013
382		0.738013
382.1		0.741877
382.2		0.741877
382.3		0.741877
382.4		0.741877
382.5		0.741877
382.6		0.741877
382.7		0.741877
382.8		0.741877
382.9		0.741877
383		0.741877
383.1		0.742233
383.2		0.742233
383.3		0.742233
383.4		0.742233
383.5		0.742233
383.6		0.742233
383.7		0.742233
383.8		0.742233
383.9		0.742233
384		0.742233
384.1		0.744013
384.2		0.744013
384.3		0.744013
384.4		0.744013
384.5		0.744013
384.6		0.744013
384.7		0.744013
384.8		0.744013
384.9		0.744013
385		0.744013
385.1		0.746301
385.2		0.746301
385.3		0.746301
385.4		0.746301
385.5		0.746301
385.6		0.746301
385.7		0.746301
385.8		0.746301
385.9		0.746301
386		0.746301
386.1		0.749453
386.2		0.749453
386.3		0.749453
386.4		0.749453
386.5		0.749453
386.6		0.749453
386.7		0.749453
386.8		0.749453
386.9		0.749453
387		0.749453
387.1		0.749987
387.2		0.749987
387.3		0.749987
387.4		0.749987
387.5		0.749987
387.6		0.749987
387.7		0.749987
387.8		0.749987
387.9		0.749987
388		0.749987
388.1		0.751767
388.2		0.751767
388.3		0.751767
388.4		0.751767
388.5		0.751767
388.6		0.751767
388.7		0.751767
388.8		0.751767
388.9		0.751767
389		0.751767
389.1		0.755657
389.2		0.755657
389.3		0.755657
389.4		0.755657
389.5		0.755657
389.6		0.755657
389.7		0.755657
389.8		0.755657
389.9		0.755657
390		0.755657
390.1		0.758479
390.2		0.758479
390.3		0.758479
390.4		0.758479
390.5		0.758479
390.6		0.758479
390.7		0.758479
390.8		0.758479
390.9		0.758479
391		0.758479
391.1		0.758758
391.2		0.758758
391.3		0.758758
391.4		0.758758
391.5		0.758758
391.6		0.758758
391.7		0.758758
391.8		0.758758
391.9		0.758758
392		0.758758
392.1		0.758987
392.2		0.758987
392.3		0.758987
392.4		0.758987
392.5		0.758987
392.6		0.758987
392.7		0.758987
392.8		0.758987
392.9		0.758987
393		0.758987
393.1		0.759445
393.2		0.759445
393.3		0.759445
393.4		0.759445
393.5		0.759445
393.6		0.759445
393.7		0.759445
393.8		0.759445
393.9		0.759445
394		0.759445
394.1		0.767072
394.2		0.767072
394.3		0.767072
394.4		0.767072
394.5		0.767072
394.6		0.767072
394.7		0.767072
394.8		0.767072
394.9		0.767072
395		0.767072
395.1		0.767224
395.2		0.767224
395.3		0.767224
395.4		0.767224
395.5		0.767224
395.6		0.767224
395.7		0.767224
395.8		0.767224
395.9		0.767224
396		0.767224
396.1		0.768394
396.2		0.768394
396.3		0.768394
396.4		0.768394
396.5		0.768394
396.6		0.768394
396.7		0.768394
396.8		0.768394
396.9		0.768394
397		0.768394
397.1		0.77058
397.2		0.77058
397.3		0.77058
397.4		0.77058
397.5		0.77058
397.6		0.77058
397.7		0.77058
397.8		0.77058
397.9		0.77058
398		0.77058
398.1		0.772639
398.2		0.772639
398.3		0.772639
398.4		0.772639
398.5		0.772639
398.6		0.772639
398.7		0.772639
398.8		0.772639
398.9		0.772639
399		0.772639
399.1		0.775436
399.2		0.775436
399.3		0.775436
399.4		0.775436
399.5		0.775436
399.6		0.775436
399.7		0.775436
399.8		0.775436
399.9		0.775436
400		0.775436
400.1		0.776834
400.2		0.776834
400.3		0.776834
400.4		0.776834
400.5		0.776834
400.6		0.776834
400.7		0.776834
400.8		0.776834
400.9		0.776834
401		0.776834
401.1		0.778385
401.2		0.778385
401.3		0.778385
401.4		0.778385
401.5		0.778385
401.6		0.778385
401.7		0.778385
401.8		0.778385
401.9		0.778385
402		0.778385
402.1		0.779809
402.2		0.779809
402.3		0.779809
402.4		0.779809
402.5		0.779809
402.6		0.779809
402.7		0.779809
402.8		0.779809
402.9		0.779809
403		0.779809
403.1		0.781385
403.2		0.781385
403.3		0.781385
403.4		0.781385
403.5		0.781385
403.6		0.781385
403.7		0.781385
403.8		0.781385
403.9		0.781385
404		0.781385
404.1		0.783343
404.2		0.783343
404.3		0.783343
404.4		0.783343
404.5		0.783343
404.6		0.783343
404.7		0.783343
404.8		0.783343
404.9		0.783343
405		0.783343
405.1		0.7868
405.2		0.7868
405.3		0.7868
405.4		0.7868
405.5		0.7868
405.6		0.7868
405.7		0.7868
405.8		0.7868
405.9		0.7868
406		0.7868
406.1		0.788961
406.2		0.788961
406.3		0.788961
406.4		0.788961
406.5		0.788961
406.6		0.788961
406.7		0.788961
406.8		0.788961
406.9		0.788961
407		0.788961
407.1		0.79102
407.2		0.79102
407.3		0.79102
407.4		0.79102
407.5		0.79102
407.6		0.79102
407.7		0.79102
407.8		0.79102
407.9		0.79102
408		0.79102
408.1		0.794046
408.2		0.794046
408.3		0.794046
408.4		0.794046
408.5		0.794046
408.6		0.794046
408.7		0.794046
408.8		0.794046
408.9		0.794046
409		0.794046
409.1		0.794148
409.2		0.794148
409.3		0.794148
409.4		0.794148
409.5		0.794148
409.6		0.794148
409.7		0.794148
409.8		0.794148
409.9		0.794148
410		0.794148
410.1		0.797605
410.2		0.797605
410.3		0.797605
410.4		0.797605
410.5		0.797605
410.6		0.797605
410.7		0.797605
410.8		0.797605
410.9		0.797605
411		0.797605
411.1		0.79969
411.2		0.79969
411.3		0.79969
411.4		0.79969
411.5		0.79969
411.6		0.79969
411.7		0.79969
411.8		0.79969
411.9		0.79969
412		0.79969
412.1		0.800783
412.2		0.800783
412.3		0.800783
412.4		0.800783
412.5		0.800783
412.6		0.800783
412.7		0.800783
412.8		0.800783
412.9		0.800783
413		0.800783
413.1		0.804749
413.2		0.804749
413.3		0.804749
413.4		0.804749
413.5		0.804749
413.6		0.804749
413.7		0.804749
413.8		0.804749
413.9		0.804749
414		0.804749
414.1		0.80602
414.2		0.80602
414.3		0.80602
414.4		0.80602
414.5		0.80602
414.6		0.80602
414.7		0.80602
414.8		0.80602
414.9		0.80602
415		0.80602
415.1		0.807037
415.2		0.807037
415.3		0.807037
415.4		0.807037
415.5		0.807037
415.6		0.807037
415.7		0.807037
415.8		0.807037
415.9		0.807037
416		0.807037
416.1		0.810291
416.2		0.810291
416.3		0.810291
416.4		0.810291
416.5		0.810291
416.6		0.810291
416.7		0.810291
416.8		0.810291
416.9		0.810291
417		0.810291
417.1		0.810418
417.2		0.810418
417.3		0.810418
417.4		0.810418
417.5		0.810418
417.6		0.810418
417.7		0.810418
417.8		0.810418
417.9		0.810418
418		0.810418
418.1		0.811054
418.2		0.811054
418.3		0.811054
418.4		0.811054
418.5		0.811054
418.6		0.811054
418.7		0.811054
418.8		0.811054
418.9		0.811054
419		0.811054
419.1		0.815681
419.2		0.815681
419.3		0.815681
419.4		0.815681
419.5		0.815681
419.6		0.815681
419.7		0.815681
419.8		0.815681
419.9		0.815681
420		0.815681
420.1		0.8183
420.2		0.8183
420.3		0.8183
420.4		0.8183
420.5		0.8183
420.6		0.8183
420.7		0.8183
420.8		0.8183
420.9		0.8183
421		0.8183
421.1		0.818579
421.2		0.818579
421.3		0.818579
421.4		0.818579
421.5		0.818579
421.6		0.818579
421.7		0.818579
421.8		0.818579
421.9		0.818579
422		0.818579
422.1		0.819647
422.2		0.819647
422.3		0.819647
422.4		0.819647
422.5		0.819647
422.6		0.819647
422.7		0.819647
422.8		0.819647
422.9		0.819647
423		0.819647
423.1		0.823003
423.2		0.823003
423.3		0.823003
423.4		0.823003
423.5		0.823003
423.6		0.823003
423.7		0.823003
423.8		0.823003
423.9		0.823003
424		0.823003
424.1		0.825113
424.2		0.825113
424.3		0.825113
424.4		0.825113
424.5		0.825113
424.6		0.825113
424.7		0.825113
424.8		0.825113
424.9		0.825113
425		0.825113
425.1		0.825978
425.2		0.825978
425.3		0.825978
425.4		0.825978
425.5		0.825978
425.6		0.825978
425.7		0.825978
425.8		0.825978
425.9		0.825978
426		0.825978
426.1		0.82824
426.2		0.82824
426.3		0.82824
426.4		0.82824
426.5		0.82824
426.6		0.82824
426.7		0.82824
426.8		0.82824
426.9		0.82824
427		0.82824
427.1		0.831011
427.2		0.831011
427.3		0.831011
427.4		0.831011
427.5		0.831011
427.6		0.831011
427.7		0.831011
427.8		0.831011
427.9		0.831011
428		0.831011
428.1		0.835054
428.2		0.835054
428.3		0.835054
428.4		0.835054
428.5		0.835054
428.6		0.835054
428.7		0.835054
428.8		0.835054
428.9		0.835054
429		0.835054
429.1		0.835486
429.2		0.835486
429.3		0.835486
429.4		0.835486
429.5		0.835486
429.6		0.835486
429.7		0.835486
429.8		0.835486
429.9		0.835486
430		0.835486
430.1		0.836045
430.2		0.836045
430.3		0.836045
430.4		0.836045
430.5		0.836045
430.6		0.836045
430.7		0.836045
430.8		0.836045
430.9		0.836045
431		0.836045
431.1		0.837113
431.2		0.837113
431.3		0.837113
431.4		0.837113
431.5		0.837113
431.6		0.837113
431.7		0.837113
431.8		0.837113
431.9		0.837113
432		0.837113
432.1		0.842248
432.2		0.842248
432.3		0.842248
432.4		0.842248
432.5		0.842248
432.6		0.842248
432.7		0.842248
432.8		0.842248
432.9		0.842248
433		0.842248
433.1		0.843062
433.2		0.843062
433.3		0.843062
433.4		0.843062
433.5		0.843062
433.6		0.843062
433.7		0.843062
433.8		0.843062
433.9		0.843062
434		0.843062
434.1		0.844003
434.2		0.844003
434.3		0.844003
434.4		0.844003
434.5		0.844003
434.6		0.844003
434.7		0.844003
434.8		0.844003
434.9		0.844003
435		0.844003
435.1		0.844333
435.2		0.844333
435.3		0.844333
435.4		0.844333
435.5		0.844333
435.6		0.844333
435.7		0.844333
435.8		0.844333
435.9		0.844333
436		0.844333
436.1		0.849291
436.2		0.849291
436.3		0.849291
436.4		0.849291
436.5		0.849291
436.6		0.849291
436.7		0.849291
436.8		0.849291
436.9		0.849291
437		0.849291
437.1		0.851325
437.2		0.851325
437.3		0.851325
437.4		0.851325
437.5		0.851325
437.6		0.851325
437.7		0.851325
437.8		0.851325
437.9		0.851325
438		0.851325
438.1		0.853663
438.2		0.853663
438.3		0.853663
438.4		0.853663
438.5		0.853663
438.6		0.853663
438.7		0.853663
438.8		0.853663
438.9		0.853663
439		0.853663
439.1		0.854706
439.2		0.854706
439.3		0.854706
439.4		0.854706
439.5		0.854706
439.6		0.854706
439.7		0.854706
439.8		0.854706
439.9		0.854706
440		0.854706
440.1		0.857426
440.2		0.857426
440.3		0.857426
440.4		0.857426
440.5		0.857426
440.6		0.857426
440.7		0.857426
440.8		0.857426
440.9		0.857426
441		0.857426
441.1		0.859587
441.2		0.859587
441.3		0.859587
441.4		0.859587
441.5		0.859587
441.6		0.859587
441.7		0.859587
441.8		0.859587
441.9		0.859587
442		0.859587
442.1		0.860909
442.2		0.860909
442.3		0.860909
442.4		0.860909
442.5		0.860909
442.6		0.860909
442.7		0.860909
442.8		0.860909
442.9		0.860909
443		0.860909
443.1		0.864112
443.2		0.864112
443.3		0.864112
443.4		0.864112
443.5		0.864112
443.6		0.864112
443.7		0.864112
443.8		0.864112
443.9		0.864112
444		0.864112
444.1		0.864367
444.2		0.864367
444.3		0.864367
444.4		0.864367
444.5		0.864367
444.6		0.864367
444.7		0.864367
444.8		0.864367
444.9		0.864367
445		0.864367
445.1		0.865358
445.2		0.865358
445.3		0.865358
445.4		0.865358
445.5		0.865358
445.6		0.865358
445.7		0.865358
445.8		0.865358
445.9		0.865358
446		0.865358
446.1		0.869375
446.2		0.869375
446.3		0.869375
446.4		0.869375
446.5		0.869375
446.6		0.869375
446.7		0.869375
446.8		0.869375
446.9		0.869375
447		0.869375
447.1		0.869807
447.2		0.869807
447.3		0.869807
447.4		0.869807
447.5		0.869807
447.6		0.869807
447.7		0.869807
447.8		0.869807
447.9		0.869807
448		0.869807
448.1		0.872273
448.2		0.872273
448.3		0.872273
448.4		0.872273
448.5		0.872273
448.6		0.872273
448.7		0.872273
448.8		0.872273
448.9		0.872273
449		0.872273
449.1		0.873011
449.2		0.873011
449.3		0.873011
449.4		0.873011
449.5		0.873011
449.6		0.873011
449.7		0.873011
449.8		0.873011
449.9		0.873011
450		0.873011
450.1		0.875705
450.2		0.875705
450.3		0.875705
450.4		0.875705
450.5		0.875705
450.6		0.875705
450.7		0.875705
450.8		0.875705
450.9		0.875705
451		0.875705
451.1		0.878756
451.2		0.878756
451.3		0.878756
451.4		0.878756
451.5		0.878756
451.6		0.878756
451.7		0.878756
451.8		0.878756
451.9		0.878756
452		0.878756
452.1		0.879138
452.2		0.879138
452.3		0.879138
452.4		0.879138
452.5		0.879138
452.6		0.879138
452.7		0.879138
452.8		0.879138
452.9		0.879138
453		0.879138
453.1		0.882951
453.2		0.882951
453.3		0.882951
453.4		0.882951
453.5		0.882951
453.6		0.882951
453.7		0.882951
453.8		0.882951
453.9		0.882951
454		0.882951
454.1		0.885112
454.2		0.885112
454.3		0.885112
454.4		0.885112
454.5		0.885112
454.6		0.885112
454.7		0.885112
454.8		0.885112
454.9		0.885112
455		0.885112
455.1		0.885366
455.2		0.885366
455.3		0.885366
455.4		0.885366
455.5		0.885366
455.6		0.885366
455.7		0.885366
455.8		0.885366
455.9		0.885366
456		0.885366
456.1		0.88557
456.2		0.88557
456.3		0.88557
456.4		0.88557
456.5		0.88557
456.6		0.88557
456.7		0.88557
456.8		0.88557
456.9		0.88557
457		0.88557
457.1		0.888163
457.2		0.888163
457.3		0.888163
457.4		0.888163
457.5		0.888163
457.6		0.888163
457.7		0.888163
457.8		0.888163
457.9		0.888163
458		0.888163
458.1		0.890756
458.2		0.890756
458.3		0.890756
458.4		0.890756
458.5		0.890756
458.6		0.890756
458.7		0.890756
458.8		0.890756
458.9		0.890756
459		0.890756
459.1		0.893756
459.2		0.893756
459.3		0.893756
459.4		0.893756
459.5		0.893756
459.6		0.893756
459.7		0.893756
459.8		0.893756
459.9		0.893756
460		0.893756
460.1		0.894976
460.2		0.894976
460.3		0.894976
460.4		0.894976
460.5		0.894976
460.6		0.894976
460.7		0.894976
460.8		0.894976
460.9		0.894976
461		0.894976
461.1		0.895917
461.2		0.895917
461.3		0.895917
461.4		0.895917
461.5		0.895917
461.6		0.895917
461.7		0.895917
461.8		0.895917
461.9		0.895917
462		0.895917
462.1		0.898688
462.2		0.898688
462.3		0.898688
462.4		0.898688
462.5		0.898688
462.6		0.898688
462.7		0.898688
462.8		0.898688
462.9		0.898688
463		0.898688
463.1		0.901459
463.2		0.901459
463.3		0.901459
463.4		0.901459
463.5		0.901459
463.6		0.901459
463.7		0.901459
463.8		0.901459
463.9		0.901459
464		0.901459
464.1		0.901917
464.2		0.901917
464.3		0.901917
464.4		0.901917
464.5		0.901917
464.6		0.901917
464.7		0.901917
464.8		0.901917
464.9		0.901917
465		0.901917
465.1		0.904256
465.2		0.904256
465.3		0.904256
465.4		0.904256
465.5		0.904256
465.6		0.904256
465.7		0.904256
465.8		0.904256
465.9		0.904256
466		0.904256
466.1		0.905654
466.2		0.905654
466.3		0.905654
466.4		0.905654
466.5		0.905654
466.6		0.905654
466.7		0.905654
466.8		0.905654
466.9		0.905654
467		0.905654
467.1		0.909213
467.2		0.909213
467.3		0.909213
467.4		0.909213
467.5		0.909213
467.6		0.909213
467.7		0.909213
467.8		0.909213
467.9		0.909213
468		0.909213
468.1		0.90962
468.2		0.90962
468.3		0.90962
468.4		0.90962
468.5		0.90962
468.6		0.90962
468.7		0.90962
468.8		0.90962
468.9		0.90962
469		0.90962
469.1		0.912264
469.2		0.912264
469.3		0.912264
469.4		0.912264
469.5		0.912264
469.6		0.912264
469.7		0.912264
469.8		0.912264
469.9		0.912264
470		0.912264
470.1		0.915696
470.2		0.915696
470.3		0.915696
470.4		0.915696
470.5		0.915696
470.6		0.915696
470.7		0.915696
470.8		0.915696
470.9		0.915696
471		0.915696
471.1		0.917552
471.2		0.917552
471.3		0.917552
471.4		0.917552
471.5		0.917552
471.6		0.917552
471.7		0.917552
471.8		0.917552
471.9		0.917552
472		0.917552
472.1		0.920069
472.2		0.920069
472.3		0.920069
472.4		0.920069
472.5		0.920069
472.6		0.920069
472.7		0.920069
472.8		0.920069
472.9		0.920069
473		0.920069
473.1		0.920756
473.2		0.920756
473.3		0.920756
473.4		0.920756
473.5		0.920756
473.6		0.920756
473.7		0.920756
473.8		0.920756
473.9		0.920756
474		0.920756
474.1		0.924493
474.2		0.924493
474.3		0.924493
474.4		0.924493
474.5		0.924493
474.6		0.924493
474.7		0.924493
474.8		0.924493
474.9		0.924493
475		0.924493
475.1		0.926933
475.2		0.926933
475.3		0.926933
475.4		0.926933
475.5		0.926933
475.6		0.926933
475.7		0.926933
475.8		0.926933
475.9		0.926933
476		0.926933
476.1		0.92851
476.2		0.92851
476.3		0.92851
476.4		0.92851
476.5		0.92851
476.6		0.92851
476.7		0.92851
476.8		0.92851
476.9		0.92851
477		0.92851
477.1		0.929094
477.2		0.929094
477.3		0.929094
477.4		0.929094
477.5		0.929094
477.6		0.929094
477.7		0.929094
477.8		0.929094
477.9		0.929094
478		0.929094
478.1		0.932552
478.2		0.932552
478.3		0.932552
478.4		0.932552
478.5		0.932552
478.6		0.932552
478.7		0.932552
478.8		0.932552
478.9		0.932552
479		0.932552
479.1		0.935323
479.2		0.935323
479.3		0.935323
479.4		0.935323
479.5		0.935323
479.6		0.935323
479.7		0.935323
479.8		0.935323
479.9		0.935323
480		0.935323
480.1		0.936264
480.2		0.936264
480.3		0.936264
480.4		0.936264
480.5		0.936264
480.6		0.936264
480.7		0.936264
480.8		0.936264
480.9		0.936264
481		0.936264
481.1		0.937662
481.2		0.937662
481.3		0.937662
481.4		0.937662
481.5		0.937662
481.6		0.937662
481.7		0.937662
481.8		0.937662
481.9		0.937662
482		0.937662
482.1		0.940586
482.2		0.940586
482.3		0.940586
482.4		0.940586
482.5		0.940586
482.6		0.940586
482.7		0.940586
482.8		0.940586
482.9		0.940586
483		0.940586
483.1		0.940713
483.2		0.940713
483.3		0.940713
483.4		0.940713
483.5		0.940713
483.6		0.940713
483.7		0.940713
483.8		0.940713
483.9		0.940713
484		0.940713
484.1		0.946382
484.2		0.946382
484.3		0.946382
484.4		0.946382
484.5		0.946382
484.6		0.946382
484.7		0.946382
484.8		0.946382
484.9		0.946382
485		0.946382
485.1		0.946611
485.2		0.946611
485.3		0.946611
485.4		0.946611
485.5		0.946611
485.6		0.946611
485.7		0.946611
485.8		0.946611
485.9		0.946611
486		0.946611
486.1		0.947755
486.2		0.947755
486.3		0.947755
486.4		0.947755
486.5		0.947755
486.6		0.947755
486.7		0.947755
486.8		0.947755
486.9		0.947755
487		0.947755
487.1		0.950603
487.2		0.950603
487.3		0.950603
487.4		0.950603
487.5		0.950603
487.6		0.950603
487.7		0.950603
487.8		0.950603
487.9		0.950603
488		0.950603
488.1		0.953501
488.2		0.953501
488.3		0.953501
488.4		0.953501
488.5		0.953501
488.6		0.953501
488.7		0.953501
488.8		0.953501
488.9		0.953501
489		0.953501
489.1		0.955941
489.2		0.955941
489.3		0.955941
489.4		0.955941
489.5		0.955941
489.6		0.955941
489.7		0.955941
489.8		0.955941
489.9		0.955941
490		0.955941
490.1		0.957619
490.2		0.957619
490.3		0.957619
490.4		0.957619
490.5		0.957619
490.6		0.957619
490.7		0.957619
490.8		0.957619
490.9		0.957619
491		0.957619
491.1		0.958585
491.2		0.958585
491.3		0.958585
491.4		0.958585
491.5		0.958585
491.6		0.958585
491.7		0.958585
491.8		0.958585
491.9		0.958585
492		0.958585
492.1		0.961941
492.2		0.961941
492.3		0.961941
492.4		0.961941
492.5		0.961941
492.6		0.961941
492.7		0.961941
492.8		0.961941
492.9		0.961941
493		0.961941
493.1		0.963136
493.2		0.963136
493.3		0.963136
493.4		0.963136
493.5		0.963136
493.6		0.963136
493.7		0.963136
493.8		0.963136
493.9		0.963136
494		0.963136
494.1		0.964636
494.2		0.964636
494.3		0.964636
494.4		0.964636
494.5		0.964636
494.6		0.964636
494.7		0.964636
494.8		0.964636
494.9		0.964636
495		0.964636
495.1		0.965196
495.2		0.965196
495.3		0.965196
495.4		0.965196
495.5		0.965196
495.6		0.965196
495.7		0.965196
495.8		0.965196
495.9		0.965196
496		0.965196
496.1		0.969238
496.2		0.969238
496.3		0.969238
496.4		0.969238
496.5		0.969238
496.6		0.969238
496.7		0.969238
496.8		0.969238
496.9		0.969238
497		0.969238
497.1		0.972263
497.2		0.972263
497.3		0.972263
497.4		0.972263
497.5		0.972263
497.6		0.972263
497.7		0.972263
497.8		0.972263
497.9		0.972263
498		0.972263
498.1		0.973331
498.2		0.973331
498.3		0.973331
498.4		0.973331
498.5		0.973331
498.6		0.973331
498.7		0.973331
498.8		0.973331
498.9		0.973331
499		0.973331
499.1		0.97567
499.2		0.97567
499.3		0.97567
499.4		0.97567
499.5		0.97567
499.6		0.97567
499.7		0.97567
499.8		0.97567
499.9		0.97567
500		0.97567
500.1		0.977551
500.2		0.977551
500.3		0.977551
500.4		0.977551
500.5		0.977551
500.6		0.977551
500.7		0.977551
500.8		0.977551
500.9		0.977551
501		0.977551
501.1		0.979204
501.2		0.979204
501.3		0.979204
501.4		0.979204
501.5		0.979204
501.6		0.979204
501.7		0.979204
501.8		0.979204
501.9		0.979204
502		0.979204
502.1		0.979611
502.2		0.979611
502.3		0.979611
502.4		0.979611
502.5		0.979611
502.6		0.979611
502.7		0.979611
502.8		0.979611
502.9		0.979611
503		0.979611
503.1		0.982661
503.2		0.982661
503.3		0.982661
503.4		0.982661
503.5		0.982661
503.6		0.982661
503.7		0.982661
503.8		0.982661
503.9		0.982661
504		0.982661
504.1		0.983399
504.2		0.983399
504.3		0.983399
504.4		0.983399
504.5		0.983399
504.6		0.983399
504.7		0.983399
504.8		0.983399
504.9		0.983399
505		0.983399
505.1		0.986475
505.2		0.986475
505.3		0.986475
505.4		0.986475
505.5		0.986475
505.6		0.986475
505.7		0.986475
505.8		0.986475
505.9		0.986475
506		0.986475
506.1		0.989958
506.2		0.989958
506.3		0.989958
506.4		0.989958
506.5		0.989958
506.6		0.989958
506.7		0.989958
506.8		0.989958
506.9		0.989958
507		0.989958
507.1		0.991432
507.2		0.991432
507.3		0.991432
507.4		0.991432
507.5		0.991432
507.6		0.991432
507.7		0.991432
507.8		0.991432
507.9		0.991432
508		0.991432
508.1		0.992983
508.2		0.992983
508.3		0.992983
508.4		0.992983
508.5		0.992983
508.6		0.992983
508.7		0.992983
508.8		0.992983
508.9		0.992983
509		0.992983
509.1		0.994356
509.2		0.994356
509.3		0.994356
509.4		0.994356
509.5		0.994356
509.6		0.994356
509.7		0.994356
509.8		0.994356
509.9		0.994356
510		0.994356
510.1		0.998195
510.2		0.998195
510.3		0.998195
510.4		0.998195
510.5		0.998195
510.6		0.998195
510.7		0.998195
510.8		0.998195
510.9		0.998195
511		0.998195
511.1		0.99972
511.2		0.99972
511.3		0.99972
511.4		0.99972
511.5		0.99972
511.6		0.99972
511.7		0.99972
511.8		0.99972
511.9		0.99972
512		0.99972
512.1		1
512.2		1
512.3		1
512.4		1
512.5		1
512.6		1
512.7		1
512.8		1
512.9		1
513		1
513.1		1
513.2		1
513.3		1
513.4		1
513.5		1
513.6		1
513.7		1
513.8		1
513.9		1
514		1
514.1		1
514.2		1
514.3		1
514.4		1
514.5		1
514.6		1
514.7		1
514.8		1
514.9		1
515		1
515.1		1
515.2		1
515.3		1
515.4		1
515.5		1
515.6		1
515.7		1
515.8		1
515.9		1
516		1
516.1		1
516.2		1
516.3		1
516.4		1
516.5		1
516.6		1
516.7		1
516.8		1
516.9		1
517		1
517.1		1
517.2		1
517.3		1
517.4		1
517.5		1
517.6		1
517.7		1
517.8		1
517.9		1
518		1
518.1		1
518.2		1
518.3		1
518.4		1
518.5		1
518.6		1
518.7		1
518.8		1
518.9		1
519		1
519.1		1
519.2		1
519.3		1
519.4		1
519.5		1
519.6		1
519.7		1
519.8		1
519.9		1
520		1
520.1		1
520.2		1
520.3		1
520.4		1
520.5		1
520.6		1
520.7		1
520.8		1
520.9		1
521		1
521.1		1
521.2		1
521.3		1
521.4		1
521.5		1
521.6		1
521.7		1
521.8		1
521.9		1
522		1
522.1		1
522.2		1
522.3		1
522.4		1
522.5		1
522.6		1
522.7		1
522.8		1
522.9		1
523		1
523.1		1
523.2		1
523.3		1
523.4		1
523.5		1
523.6		1
523.7		1
523.8		1
523.9		1
524		1
524.1		1
524.2		1
524.3		1
524.4		1
524.5		1
524.6		1
524.7		1
524.8		1
524.9		1
525		1
525.1		1
525.2		1
525.3		1
525.4		1
525.5		1
525.6		1
525.7		1
525.8		1
525.9		1
526		1
526.1		1
526.2		1
526.3		1
526.4		1
526.5		1
526.6		1
526.7		1
526.8		1
526.9		1
527		1
527.1		1
527.2		1
527.3		1
527.4		1
527.5		1
527.6		1
527.7		1
527.8		1
527.9		1
528		1
528.1		1
528.2		1
528.3		1
528.4		1
528.5		1
528.6		1
528.7		1
528.8		1
528.9		1
529		1
529.1		1
529.2		1
529.3		1
529.4		1
529.5		1
529.6		1
529.7		1
529.8		1
529.9		1
530		1
530.1		1
530.2		1
530.3		1
530.4		1
530.5		1
530.6		1
530.7		1
530.8		1
530.9		1
531		1
531.1		1
531.2		1
531.3		1
531.4		1
531.5		1
531.6		1
531.7		1
531.8		1
531.9		1
532		1
532.1		1
532.2		1
532.3		1
532.4		1
532.5		1
532.6		1
532.7		1
532.8		1
532.9		1
533		1
533.1		1
533.2		1
533.3		1
533.4		1
533.5		1
533.6		1
533.7		1
533.8		1
533.9		1
534		1
534.1		1
534.2		1
534.3		1
534.4		1
534.5		1
534.6		1
534.7		1
534.8		1
534.9		1
535		1
535.1		1
535.2		1
535.3		1
535.4		1
535.5		1
535.6		1
535.7		1
535.8		1
535.9		1
536		1
536.1		1
536.2		1
536.3		1
536.4		1
536.5		1
536.6		1
536.7		1
536.8		1
536.9		1
537		1
537.1		1
537.2		1
537.3		1
537.4		1
537.5		1
537.6		1
537.7		1
537.8		1
537.9		1
538		1
538.1		1
538.2		1
538.3		1
538.4		1
538.5		1
538.6		1
538.7		1
538.8		1
538.9		1
539		1
539.1		1
539.2		1
539.3		1
539.4		1
539.5		1
539.6		1
539.7		1
539.8		1
539.9		1
540		1
540.1		1
540.2		1
540.3		1
540.4		1
540.5		1
540.6		1
540.7		1
540.8		1
540.9		1
541		1
541.1		1
541.2		1
541.3		1
541.4		1
541.5		1
541.6		1
541.7		1
541.8		1
541.9		1
542		1
542.1		1
542.2		1
542.3		1
542.4		1
542.5		1
542.6		1
542.7		1
542.8		1
542.9		1
543		1
543.1		1
543.2		1
543.3		1
543.4		1
543.5		1
543.6		1
543.7		1
543.8		1
543.9		1
544		1
544.1		1
544.2		1
544.3		1
544.4		1
544.5		1
544.6		1
544.7		1
544.8		1
544.9		1
545		1
545.1		1
545.2		1
545.3		1
545.4		1
545.5		1
545.6		1
545.7		1
545.8		1
545.9		1
546		1
546.1		1
546.2		1
546.3		1
546.4		1
546.5		1
546.6		1
546.7		1
546.8		1
546.9		1
547		1
547.1		1
547.2		1
547.3		1
547.4		1
547.5		1
547.6		1
547.7		1
547.8		1
547.9		1
548		1
548.1		1
548.2		1
548.3		1
548.4		1
548.5		1
548.6		1
548.7		1
548.8		1
548.9		1
549		1
549.1		1
549.2		1
549.3		1
549.4		1
549.5		1
549.6		1
549.7		1
549.8		1
549.9		1
550		1
550.1		1
550.2		1
550.3		1
550.4		1
550.5		1
550.6		1
550.7		1
550.8		1
550.9		1
551		1
551.1		1
551.2		1
551.3		1
551.4		1
551.5		1
551.6		1
551.7		1
551.8		1
551.9		1
552		1
552.1		1
552.2		1
552.3		1
552.4		1
552.5		1
552.6		1
552.7		1
552.8		1
552.9		1
553		1
553.1		1
553.2		1
553.3		1
553.4		1
553.5		1
553.6		1
553.7		1
553.8		1
553.9		1
554		1
554.1		1
554.2		1
554.3		1
554.4		1
554.5		1
554.6		1
554.7		1
554.8		1
554.9		1
555		1
555.1		1
555.2		1
555.3		1
555.4		1
555.5		1
555.6		1
555.7		1
555.8		1
555.9		1
556		1
556.1		1
556.2		1
556.3		1
556.4		1
556.5		1
556.6		1
556.7		1
556.8		1
556.9		1
557		1
557.1		1
557.2		1
557.3		1
557.4		1
557.5		1
557.6		1
557.7		1
557.8		1
557.9		1
558		1
558.1		1
558.2		1
558.3		1
558.4		1
558.5		1
558.6		1
558.7		1
558.8		1
558.9		1
559		1
559.1		1
559.2		1
559.3		1
559.4		1
559.5		1
559.6		1
559.7		1
559.8		1
559.9		1
560		1
560.1		1
560.2		1
560.3		1
560.4		1
560.5		1
560.6		1
560.7		1
560.8		1
560.9		1
561		1
561.1		1
561.2		1
561.3		1
561.4		1
561.5		1
561.6		1
561.7		1
561.8		1
561.9		1
562		1
562.1		1
562.2		1
562.3		1
562.4		1
562.5		1
562.6		1
562.7		1
562.8		1
562.9		1
563		1
563.1		1
563.2		1
563.3		1
563.4		1
563.5		1
563.6		1
563.7		1
563.8		1
563.9		1
564		1
564.1		1
564.2		1
564.3		1
564.4		1
564.5		1
564.6		1
564.7		1
564.8		1
564.9		1
565		1
565.1		1
565.2		1
565.3		1
565.4		1
565.5		1
565.6		1
565.7		1
565.8		1
565.9		1
566		1
566.1		1
566.2		1
566.3		1
566.4		1
566.5		1
566.6		1
566.7		1
566.8		1
566.9		1
567		1
567.1		1
567.2		1
567.3		1
567.4		1
567.5		1
567.6		1
567.7		1
567.8		1
567.9		1
568		1
568.1		1
568.2		1
568.3		1
568.4		1
568.5		1
568.6		1
568.7		1
568.8		1
568.9		1
569		1
569.1		1
569.2		1
569.3		1
569.4		1
569.5		1
569.6		1
569.7		1
569.8		1
569.9		1
570		1
570.1		1
570.2		1
570.3		1
570.4		1
570.5		1
570.6		1
570.7		1
570.8		1
570.9		1
571		1
571.1		1
571.2		1
571.3		1
571.4		1
571.5		1
571.6		1
571.7		1
571.8		1
571.9		1
572		1
572.1		1
572.2		1
572.3		1
572.4		1
572.5		1
572.6		1
572.7		1
572.8		1
572.9		1
573		1
573.1		1
573.2		1
573.3		1
573.4		1
573.5		1
573.6		1
573.7		1
573.8		1
573.9		1
574		1
574.1		1
574.2		1
574.3		1
574.4		1
574.5		1
574.6		1
574.7		1
574.8		1
574.9		1
575		1
575.1		1
575.2		1
575.3		1
575.4		1
575.5		1
575.6		1
575.7		1
575.8		1
575.9		1
576		1
576.1		1
576.2		1
576.3		1
576.4		1
576.5		1
576.6		1
576.7		1
576.8		1
576.9		1
577		1
577.1		1
577.2		1
577.3		1
577.4		1
577.5		1
577.6		1
577.7		1
577.8		1
577.9		1
578		1
578.1		1
578.2		1
578.3		1
578.4		1
578.5		1
578.6		1
578.7		1
578.8		1
578.9		1
579		1
579.1		1
579.2		1
579.3		1
579.4		1
579.5		1
579.6		1
579.7		1
579.8		1
579.9		1
580		1
580.1		1
580.2		1
580.3		1
580.4		1
580.5		1
580.6		1
580.7		1
580.8		1
580.9		1
581		1
581.1		1
581.2		1
581.3		1
581.4		1
581.5		1
581.6		1
581.7		1
581.8		1
581.9		1
582		1
582.1		1
582.2		1
582.3		1
582.4		1
582.5		1
582.6		1
582.7		1
582.8		1
582.9		1
583		1
583.1		1
583.2		1
583.3		1
583.4		1
583.5		1
583.6		1
583.7		1
583.8		1
583.9		1
584		1
584.1		1
584.2		1
584.3		1
584.4		1
584.5		1
584.6		1
584.7		1
584.8		1
584.9		1
585		1
585.1		1
585.2		1
585.3		1
585.4		1
585.5		1
585.6		1
585.7		1
585.8		1
585.9		1
586		1
586.1		1
586.2		1
586.3		1
586.4		1
586.5		1
586.6		1
586.7		1
586.8		1
586.9		1
587		1
587.1		1
587.2		1
587.3		1
587.4		1
587.5		1
587.6		1
587.7		1
587.8		1
587.9		1
588		1
588.1		1
588.2		1
588.3		1
588.4		1
588.5		1
588.6		1
588.7		1
588.8		1
588.9		1
589		1
589.1		1
589.2		1
589.3		1
589.4		1
589.5		1
589.6		1
589.7		1
589.8		1
589.9		1
590		1
590.1		1
590.2		1
590.3		1
590.4		1
590.5		1
590.6		1
590.7		1
590.8		1
590.9		1
591		1
591.1		1
591.2		1
591.3		1
591.4		1
591.5		1
591.6		1
591.7		1
591.8		1
591.9		1
592		1
592.1		1
592.2		1
592.3		1
592.4		1
592.5		1
592.6		1
592.7		1
592.8		1
592.9		1
593		1
593.1		1
593.2		1
593.3		1
593.4		1
593.5		1
593.6		1
593.7		1
593.8		1
593.9		1
594		1
594.1		1
594.2		1
594.3		1
594.4		1
594.5		1
594.6		1
594.7		1
594.8		1
594.9		1
595		1
595.1		1
595.2		1
595.3		1
595.4		1
595.5		1
595.6		1
595.7		1
595.8		1
595.9		1
596		1
596.1		1
596.2		1
596.3		1
596.4		1
596.5		1
596.6		1
596.7		1
596.8		1
596.9		1
597		1
597.1		1
597.2		1
597.3		1
597.4		1
597.5		1
597.6		1
597.7		1
597.8		1
597.9		1
598		1
598.1		1
598.2		1
598.3		1
598.4		1
598.5		1
598.6		1
598.7		1
598.8		1
598.9		1
599		1
599.1		1
599.2		1
599.3		1
599.4		1
599.5		1
599.6		1
599.7		1
599.8		1
599.9		1
600		1
