# Calibration file of tamex_id 0 @ channel 8
# fine_T bin		 Calibration value
0.1		0
0.2		0
0.3		0
0.4		0
0.5		0
0.6		0
0.7		0
0.8		0
0.9		0
1		0
1.1		0
1.2		0
1.3		0
1.4		0
1.5		0
1.6		0
1.7		0
1.8		0
1.9		0
2		0
2.1		0
2.2		0
2.3		0
2.4		0
2.5		0
2.6		0
2.7		0
2.8		0
2.9		0
3		0
3.1		0
3.2		0
3.3		0
3.4		0
3.5		0
3.6		0
3.7		0
3.8		0
3.9		0
4		0
4.1		0
4.2		0
4.3		0
4.4		0
4.5		0
4.6		0
4.7		0
4.8		0
4.9		0
5		0
5.1		0
5.2		0
5.3		0
5.4		0
5.5		0
5.6		0
5.7		0
5.8		0
5.9		0
6		0
6.1		0
6.2		0
6.3		0
6.4		0
6.5		0
6.6		0
6.7		0
6.8		0
6.9		0
7		0
7.1		0
7.2		0
7.3		0
7.4		0
7.5		0
7.6		0
7.7		0
7.8		0
7.9		0
8		0
8.1		0
8.2		0
8.3		0
8.4		0
8.5		0
8.6		0
8.7		0
8.8		0
8.9		0
9		0
9.1		0
9.2		0
9.3		0
9.4		0
9.5		0
9.6		0
9.7		0
9.8		0
9.9		0
10		0
10.1		0
10.2		0
10.3		0
10.4		0
10.5		0
10.6		0
10.7		0
10.8		0
10.9		0
11		0
11.1		0
11.2		0
11.3		0
11.4		0
11.5		0
11.6		0
11.7		0
11.8		0
11.9		0
12		0
12.1		0
12.2		0
12.3		0
12.4		0
12.5		0
12.6		0
12.7		0
12.8		0
12.9		0
13		0
13.1		0
13.2		0
13.3		0
13.4		0
13.5		0
13.6		0
13.7		0
13.8		0
13.9		0
14		0
14.1		0
14.2		0
14.3		0
14.4		0
14.5		0
14.6		0
14.7		0
14.8		0
14.9		0
15		0
15.1		0
15.2		0
15.3		0
15.4		0
15.5		0
15.6		0
15.7		0
15.8		0
15.9		0
16		0
16.1		0
16.2		0
16.3		0
16.4		0
16.5		0
16.6		0
16.7		0
16.8		0
16.9		0
17		0
17.1		0.00599583
17.2		0.00599583
17.3		0.00599583
17.4		0.00599583
17.5		0.00599583
17.6		0.00599583
17.7		0.00599583
17.8		0.00599583
17.9		0.00599583
18		0.00599583
18.1		0.006691
18.2		0.006691
18.3		0.006691
18.4		0.006691
18.5		0.006691
18.6		0.006691
18.7		0.006691
18.8		0.006691
18.9		0.006691
19		0.006691
19.1		0.00960202
19.2		0.00960202
19.3		0.00960202
19.4		0.00960202
19.5		0.00960202
19.6		0.00960202
19.7		0.00960202
19.8		0.00960202
19.9		0.00960202
20		0.00960202
20.1		0.0138165
20.2		0.0138165
20.3		0.0138165
20.4		0.0138165
20.5		0.0138165
20.6		0.0138165
20.7		0.0138165
20.8		0.0138165
20.9		0.0138165
21		0.0138165
21.1		0.0156413
21.2		0.0156413
21.3		0.0156413
21.4		0.0156413
21.5		0.0156413
21.6		0.0156413
21.7		0.0156413
21.8		0.0156413
21.9		0.0156413
22		0.0156413
22.1		0.0169447
22.2		0.0169447
22.3		0.0169447
22.4		0.0169447
22.5		0.0169447
22.6		0.0169447
22.7		0.0169447
22.8		0.0169447
22.9		0.0169447
23		0.0169447
23.1		0.0185958
23.2		0.0185958
23.3		0.0185958
23.4		0.0185958
23.5		0.0185958
23.6		0.0185958
23.7		0.0185958
23.8		0.0185958
23.9		0.0185958
24		0.0185958
24.1		0.0191171
24.2		0.0191171
24.3		0.0191171
24.4		0.0191171
24.5		0.0191171
24.6		0.0191171
24.7		0.0191171
24.8		0.0191171
24.9		0.0191171
25		0.0191171
25.1		0.0261992
25.2		0.0261992
25.3		0.0261992
25.4		0.0261992
25.5		0.0261992
25.6		0.0261992
25.7		0.0261992
25.8		0.0261992
25.9		0.0261992
26		0.0261992
26.1		0.0281978
26.2		0.0281978
26.3		0.0281978
26.4		0.0281978
26.5		0.0281978
26.6		0.0281978
26.7		0.0281978
26.8		0.0281978
26.9		0.0281978
27		0.0281978
27.1		0.0290233
27.2		0.0290233
27.3		0.0290233
27.4		0.0290233
27.5		0.0290233
27.6		0.0290233
27.7		0.0290233
27.8		0.0290233
27.9		0.0290233
28		0.0290233
28.1		0.0298054
28.2		0.0298054
28.3		0.0298054
28.4		0.0298054
28.5		0.0298054
28.6		0.0298054
28.7		0.0298054
28.8		0.0298054
28.9		0.0298054
29		0.0298054
29.1		0.0326295
29.2		0.0326295
29.3		0.0326295
29.4		0.0326295
29.5		0.0326295
29.6		0.0326295
29.7		0.0326295
29.8		0.0326295
29.9		0.0326295
30		0.0326295
30.1		0.0351495
30.2		0.0351495
30.3		0.0351495
30.4		0.0351495
30.5		0.0351495
30.6		0.0351495
30.7		0.0351495
30.8		0.0351495
30.9		0.0351495
31		0.0351495
31.1		0.0365398
31.2		0.0365398
31.3		0.0365398
31.4		0.0365398
31.5		0.0365398
31.6		0.0365398
31.7		0.0365398
31.8		0.0365398
31.9		0.0365398
32		0.0365398
32.1		0.0382777
32.2		0.0382777
32.3		0.0382777
32.4		0.0382777
32.5		0.0382777
32.6		0.0382777
32.7		0.0382777
32.8		0.0382777
32.9		0.0382777
33		0.0382777
33.1		0.0390163
33.2		0.0390163
33.3		0.0390163
33.4		0.0390163
33.5		0.0390163
33.6		0.0390163
33.7		0.0390163
33.8		0.0390163
33.9		0.0390163
34		0.0390163
34.1		0.0454032
34.2		0.0454032
34.3		0.0454032
34.4		0.0454032
34.5		0.0454032
34.6		0.0454032
34.7		0.0454032
34.8		0.0454032
34.9		0.0454032
35		0.0454032
35.1		0.0462287
35.2		0.0462287
35.3		0.0462287
35.4		0.0462287
35.5		0.0462287
35.6		0.0462287
35.7		0.0462287
35.8		0.0462287
35.9		0.0462287
36		0.0462287
36.1		0.0474453
36.2		0.0474453
36.3		0.0474453
36.4		0.0474453
36.5		0.0474453
36.6		0.0474453
36.7		0.0474453
36.8		0.0474453
36.9		0.0474453
37		0.0474453
37.1		0.0477059
37.2		0.0477059
37.3		0.0477059
37.4		0.0477059
37.5		0.0477059
37.6		0.0477059
37.7		0.0477059
37.8		0.0477059
37.9		0.0477059
38		0.0477059
38.1		0.0527025
38.2		0.0527025
38.3		0.0527025
38.4		0.0527025
38.5		0.0527025
38.6		0.0527025
38.7		0.0527025
38.8		0.0527025
38.9		0.0527025
39		0.0527025
39.1		0.0532238
39.2		0.0532238
39.3		0.0532238
39.4		0.0532238
39.5		0.0532238
39.6		0.0532238
39.7		0.0532238
39.8		0.0532238
39.9		0.0532238
40		0.0532238
40.1		0.0534845
40.2		0.0534845
40.3		0.0534845
40.4		0.0534845
40.5		0.0534845
40.6		0.0534845
40.7		0.0534845
40.8		0.0534845
40.9		0.0534845
41		0.0534845
41.1		0.057308
41.2		0.057308
41.3		0.057308
41.4		0.057308
41.5		0.057308
41.6		0.057308
41.7		0.057308
41.8		0.057308
41.9		0.057308
42		0.057308
42.1		0.061001
42.2		0.061001
42.3		0.061001
42.4		0.061001
42.5		0.061001
42.6		0.061001
42.7		0.061001
42.8		0.061001
42.9		0.061001
43		0.061001
43.1		0.0623479
43.2		0.0623479
43.3		0.0623479
43.4		0.0623479
43.5		0.0623479
43.6		0.0623479
43.7		0.0623479
43.8		0.0623479
43.9		0.0623479
44		0.0623479
44.1		0.0645203
44.2		0.0645203
44.3		0.0645203
44.4		0.0645203
44.5		0.0645203
44.6		0.0645203
44.7		0.0645203
44.8		0.0645203
44.9		0.0645203
45		0.0645203
45.1		0.0659107
45.2		0.0659107
45.3		0.0659107
45.4		0.0659107
45.5		0.0659107
45.6		0.0659107
45.7		0.0659107
45.8		0.0659107
45.9		0.0659107
46		0.0659107
46.1		0.068561
46.2		0.068561
46.3		0.068561
46.4		0.068561
46.5		0.068561
46.6		0.068561
46.7		0.068561
46.8		0.068561
46.9		0.068561
47		0.068561
47.1		0.0704293
47.2		0.0704293
47.3		0.0704293
47.4		0.0704293
47.5		0.0704293
47.6		0.0704293
47.7		0.0704293
47.8		0.0704293
47.9		0.0704293
48		0.0704293
48.1		0.0705162
48.2		0.0705162
48.3		0.0705162
48.4		0.0705162
48.5		0.0705162
48.6		0.0705162
48.7		0.0705162
48.8		0.0705162
48.9		0.0705162
49		0.0705162
49.1		0.0759472
49.2		0.0759472
49.3		0.0759472
49.4		0.0759472
49.5		0.0759472
49.6		0.0759472
49.7		0.0759472
49.8		0.0759472
49.9		0.0759472
50		0.0759472
50.1		0.0763382
50.2		0.0763382
50.3		0.0763382
50.4		0.0763382
50.5		0.0763382
50.6		0.0763382
50.7		0.0763382
50.8		0.0763382
50.9		0.0763382
51		0.0763382
51.1		0.080683
51.2		0.080683
51.3		0.080683
51.4		0.080683
51.5		0.080683
51.6		0.080683
51.7		0.080683
51.8		0.080683
51.9		0.080683
52		0.080683
52.1		0.0808568
52.2		0.0808568
52.3		0.0808568
52.4		0.0808568
52.5		0.0808568
52.6		0.0808568
52.7		0.0808568
52.8		0.0808568
52.9		0.0808568
53		0.0808568
53.1		0.0816823
53.2		0.0816823
53.3		0.0816823
53.4		0.0816823
53.5		0.0816823
53.6		0.0816823
53.7		0.0816823
53.8		0.0816823
53.9		0.0816823
54		0.0816823
54.1		0.0860706
54.2		0.0860706
54.3		0.0860706
54.4		0.0860706
54.5		0.0860706
54.6		0.0860706
54.7		0.0860706
54.8		0.0860706
54.9		0.0860706
55		0.0860706
55.1		0.087765
55.2		0.087765
55.3		0.087765
55.4		0.087765
55.5		0.087765
55.6		0.087765
55.7		0.087765
55.8		0.087765
55.9		0.087765
56		0.087765
56.1		0.0881126
56.2		0.0881126
56.3		0.0881126
56.4		0.0881126
56.5		0.0881126
56.6		0.0881126
56.7		0.0881126
56.8		0.0881126
56.9		0.0881126
57		0.0881126
57.1		0.0931526
57.2		0.0931526
57.3		0.0931526
57.4		0.0931526
57.5		0.0931526
57.6		0.0931526
57.7		0.0931526
57.8		0.0931526
57.9		0.0931526
58		0.0931526
58.1		0.0941519
58.2		0.0941519
58.3		0.0941519
58.4		0.0941519
58.5		0.0941519
58.6		0.0941519
58.7		0.0941519
58.8		0.0941519
58.9		0.0941519
59		0.0941519
59.1		0.0978015
59.2		0.0978015
59.3		0.0978015
59.4		0.0978015
59.5		0.0978015
59.6		0.0978015
59.7		0.0978015
59.8		0.0978015
59.9		0.0978015
60		0.0978015
60.1		0.100756
60.2		0.100756
60.3		0.100756
60.4		0.100756
60.5		0.100756
60.6		0.100756
60.7		0.100756
60.8		0.100756
60.9		0.100756
61		0.100756
61.1		0.101321
61.2		0.101321
61.3		0.101321
61.4		0.101321
61.5		0.101321
61.6		0.101321
61.7		0.101321
61.8		0.101321
61.9		0.101321
62		0.101321
62.1		0.101929
62.2		0.101929
62.3		0.101929
62.4		0.101929
62.5		0.101929
62.6		0.101929
62.7		0.101929
62.8		0.101929
62.9		0.101929
63		0.101929
63.1		0.105318
63.2		0.105318
63.3		0.105318
63.4		0.105318
63.5		0.105318
63.6		0.105318
63.7		0.105318
63.8		0.105318
63.9		0.105318
64		0.105318
64.1		0.107447
64.2		0.107447
64.3		0.107447
64.4		0.107447
64.5		0.107447
64.6		0.107447
64.7		0.107447
64.8		0.107447
64.9		0.107447
65		0.107447
65.1		0.108924
65.2		0.108924
65.3		0.108924
65.4		0.108924
65.5		0.108924
65.6		0.108924
65.7		0.108924
65.8		0.108924
65.9		0.108924
66		0.108924
66.1		0.111053
66.2		0.111053
66.3		0.111053
66.4		0.111053
66.5		0.111053
66.6		0.111053
66.7		0.111053
66.8		0.111053
66.9		0.111053
67		0.111053
67.1		0.11253
67.2		0.11253
67.3		0.11253
67.4		0.11253
67.5		0.11253
67.6		0.11253
67.7		0.11253
67.8		0.11253
67.9		0.11253
68		0.11253
68.1		0.117266
68.2		0.117266
68.3		0.117266
68.4		0.117266
68.5		0.117266
68.6		0.117266
68.7		0.117266
68.8		0.117266
68.9		0.117266
69		0.117266
69.1		0.119178
69.2		0.119178
69.3		0.119178
69.4		0.119178
69.5		0.119178
69.6		0.119178
69.7		0.119178
69.8		0.119178
69.9		0.119178
70		0.119178
70.1		0.119395
70.2		0.119395
70.3		0.119395
70.4		0.119395
70.5		0.119395
70.6		0.119395
70.7		0.119395
70.8		0.119395
70.9		0.119395
71		0.119395
71.1		0.120742
71.2		0.120742
71.3		0.120742
71.4		0.120742
71.5		0.120742
71.6		0.120742
71.7		0.120742
71.8		0.120742
71.9		0.120742
72		0.120742
72.1		0.122263
72.2		0.122263
72.3		0.122263
72.4		0.122263
72.5		0.122263
72.6		0.122263
72.7		0.122263
72.8		0.122263
72.9		0.122263
73		0.122263
73.1		0.126694
73.2		0.126694
73.3		0.126694
73.4		0.126694
73.5		0.126694
73.6		0.126694
73.7		0.126694
73.8		0.126694
73.9		0.126694
74		0.126694
74.1		0.127911
74.2		0.127911
74.3		0.127911
74.4		0.127911
74.5		0.127911
74.6		0.127911
74.7		0.127911
74.8		0.127911
74.9		0.127911
75		0.127911
75.1		0.128215
75.2		0.128215
75.3		0.128215
75.4		0.128215
75.5		0.128215
75.6		0.128215
75.7		0.128215
75.8		0.128215
75.9		0.128215
76		0.128215
76.1		0.131126
76.2		0.131126
76.3		0.131126
76.4		0.131126
76.5		0.131126
76.6		0.131126
76.7		0.131126
76.8		0.131126
76.9		0.131126
77		0.131126
77.1		0.131257
77.2		0.131257
77.3		0.131257
77.4		0.131257
77.5		0.131257
77.6		0.131257
77.7		0.131257
77.8		0.131257
77.9		0.131257
78		0.131257
78.1		0.133907
78.2		0.133907
78.3		0.133907
78.4		0.133907
78.5		0.133907
78.6		0.133907
78.7		0.133907
78.8		0.133907
78.9		0.133907
79		0.133907
79.1		0.139034
79.2		0.139034
79.3		0.139034
79.4		0.139034
79.5		0.139034
79.6		0.139034
79.7		0.139034
79.8		0.139034
79.9		0.139034
80		0.139034
80.1		0.141423
80.2		0.141423
80.3		0.141423
80.4		0.141423
80.5		0.141423
80.6		0.141423
80.7		0.141423
80.8		0.141423
80.9		0.141423
81		0.141423
81.1		0.143379
81.2		0.143379
81.3		0.143379
81.4		0.143379
81.5		0.143379
81.6		0.143379
81.7		0.143379
81.8		0.143379
81.9		0.143379
82		0.143379
82.1		0.144725
82.2		0.144725
82.3		0.144725
82.4		0.144725
82.5		0.144725
82.6		0.144725
82.7		0.144725
82.8		0.144725
82.9		0.144725
83		0.144725
83.1		0.144856
83.2		0.144856
83.3		0.144856
83.4		0.144856
83.5		0.144856
83.6		0.144856
83.7		0.144856
83.8		0.144856
83.9		0.144856
84		0.144856
84.1		0.148679
84.2		0.148679
84.3		0.148679
84.4		0.148679
84.5		0.148679
84.6		0.148679
84.7		0.148679
84.8		0.148679
84.9		0.148679
85		0.148679
85.1		0.152676
85.2		0.152676
85.3		0.152676
85.4		0.152676
85.5		0.152676
85.6		0.152676
85.7		0.152676
85.8		0.152676
85.9		0.152676
86		0.152676
86.1		0.152937
86.2		0.152937
86.3		0.152937
86.4		0.152937
86.5		0.152937
86.6		0.152937
86.7		0.152937
86.8		0.152937
86.9		0.152937
87		0.152937
87.1		0.155066
87.2		0.155066
87.3		0.155066
87.4		0.155066
87.5		0.155066
87.6		0.155066
87.7		0.155066
87.8		0.155066
87.9		0.155066
88		0.155066
88.1		0.156022
88.2		0.156022
88.3		0.156022
88.4		0.156022
88.5		0.156022
88.6		0.156022
88.7		0.156022
88.8		0.156022
88.9		0.156022
89		0.156022
89.1		0.158455
89.2		0.158455
89.3		0.158455
89.4		0.158455
89.5		0.158455
89.6		0.158455
89.7		0.158455
89.8		0.158455
89.9		0.158455
90		0.158455
90.1		0.158803
90.2		0.158803
90.3		0.158803
90.4		0.158803
90.5		0.158803
90.6		0.158803
90.7		0.158803
90.8		0.158803
90.9		0.158803
91		0.158803
91.1		0.161627
91.2		0.161627
91.3		0.161627
91.4		0.161627
91.5		0.161627
91.6		0.161627
91.7		0.161627
91.8		0.161627
91.9		0.161627
92		0.161627
92.1		0.163452
92.2		0.163452
92.3		0.163452
92.4		0.163452
92.5		0.163452
92.6		0.163452
92.7		0.163452
92.8		0.163452
92.9		0.163452
93		0.163452
93.1		0.163669
93.2		0.163669
93.3		0.163669
93.4		0.163669
93.5		0.163669
93.6		0.163669
93.7		0.163669
93.8		0.163669
93.9		0.163669
94		0.163669
94.1		0.168839
94.2		0.168839
94.3		0.168839
94.4		0.168839
94.5		0.168839
94.6		0.168839
94.7		0.168839
94.8		0.168839
94.9		0.168839
95		0.168839
95.1		0.170012
95.2		0.170012
95.3		0.170012
95.4		0.170012
95.5		0.170012
95.6		0.170012
95.7		0.170012
95.8		0.170012
95.9		0.170012
96		0.170012
96.1		0.171185
96.2		0.171185
96.3		0.171185
96.4		0.171185
96.5		0.171185
96.6		0.171185
96.7		0.171185
96.8		0.171185
96.9		0.171185
97		0.171185
97.1		0.173401
97.2		0.173401
97.3		0.173401
97.4		0.173401
97.5		0.173401
97.6		0.173401
97.7		0.173401
97.8		0.173401
97.9		0.173401
98		0.173401
98.1		0.177094
98.2		0.177094
98.3		0.177094
98.4		0.177094
98.5		0.177094
98.6		0.177094
98.7		0.177094
98.8		0.177094
98.9		0.177094
99		0.177094
99.1		0.179093
99.2		0.179093
99.3		0.179093
99.4		0.179093
99.5		0.179093
99.6		0.179093
99.7		0.179093
99.8		0.179093
99.9		0.179093
100		0.179093
100.1		0.180049
100.2		0.180049
100.3		0.180049
100.4		0.180049
100.5		0.180049
100.6		0.180049
100.7		0.180049
100.8		0.180049
100.9		0.180049
101		0.180049
101.1		0.18196
101.2		0.18196
101.3		0.18196
101.4		0.18196
101.5		0.18196
101.6		0.18196
101.7		0.18196
101.8		0.18196
101.9		0.18196
102		0.18196
102.1		0.18548
102.2		0.18548
102.3		0.18548
102.4		0.18548
102.5		0.18548
102.6		0.18548
102.7		0.18548
102.8		0.18548
102.9		0.18548
103		0.18548
103.1		0.18687
103.2		0.18687
103.3		0.18687
103.4		0.18687
103.5		0.18687
103.6		0.18687
103.7		0.18687
103.8		0.18687
103.9		0.18687
104		0.18687
104.1		0.188478
104.2		0.188478
104.3		0.188478
104.4		0.188478
104.5		0.188478
104.6		0.188478
104.7		0.188478
104.8		0.188478
104.9		0.188478
105		0.188478
105.1		0.19065
105.2		0.19065
105.3		0.19065
105.4		0.19065
105.5		0.19065
105.6		0.19065
105.7		0.19065
105.8		0.19065
105.9		0.19065
106		0.19065
106.1		0.193387
106.2		0.193387
106.3		0.193387
106.4		0.193387
106.5		0.193387
106.6		0.193387
106.7		0.193387
106.8		0.193387
106.9		0.193387
107		0.193387
107.1		0.195386
107.2		0.195386
107.3		0.195386
107.4		0.195386
107.5		0.195386
107.6		0.195386
107.7		0.195386
107.8		0.195386
107.9		0.195386
108		0.195386
108.1		0.195647
108.2		0.195647
108.3		0.195647
108.4		0.195647
108.5		0.195647
108.6		0.195647
108.7		0.195647
108.8		0.195647
108.9		0.195647
109		0.195647
109.1		0.198123
109.2		0.198123
109.3		0.198123
109.4		0.198123
109.5		0.198123
109.6		0.198123
109.7		0.198123
109.8		0.198123
109.9		0.198123
110		0.198123
110.1		0.202207
110.2		0.202207
110.3		0.202207
110.4		0.202207
110.5		0.202207
110.6		0.202207
110.7		0.202207
110.8		0.202207
110.9		0.202207
111		0.202207
111.1		0.203033
111.2		0.203033
111.3		0.203033
111.4		0.203033
111.5		0.203033
111.6		0.203033
111.7		0.203033
111.8		0.203033
111.9		0.203033
112		0.203033
112.1		0.206291
112.2		0.206291
112.3		0.206291
112.4		0.206291
112.5		0.206291
112.6		0.206291
112.7		0.206291
112.8		0.206291
112.9		0.206291
113		0.206291
113.1		0.207073
113.2		0.207073
113.3		0.207073
113.4		0.207073
113.5		0.207073
113.6		0.207073
113.7		0.207073
113.8		0.207073
113.9		0.207073
114		0.207073
114.1		0.210158
114.2		0.210158
114.3		0.210158
114.4		0.210158
114.5		0.210158
114.6		0.210158
114.7		0.210158
114.8		0.210158
114.9		0.210158
115		0.210158
115.1		0.21333
115.2		0.21333
115.3		0.21333
115.4		0.21333
115.5		0.21333
115.6		0.21333
115.7		0.21333
115.8		0.21333
115.9		0.21333
116		0.21333
116.1		0.213982
116.2		0.213982
116.3		0.213982
116.4		0.213982
116.5		0.213982
116.6		0.213982
116.7		0.213982
116.8		0.213982
116.9		0.213982
117		0.213982
117.1		0.216762
117.2		0.216762
117.3		0.216762
117.4		0.216762
117.5		0.216762
117.6		0.216762
117.7		0.216762
117.8		0.216762
117.9		0.216762
118		0.216762
118.1		0.217284
118.2		0.217284
118.3		0.217284
118.4		0.217284
118.5		0.217284
118.6		0.217284
118.7		0.217284
118.8		0.217284
118.9		0.217284
119		0.217284
119.1		0.220933
119.2		0.220933
119.3		0.220933
119.4		0.220933
119.5		0.220933
119.6		0.220933
119.7		0.220933
119.8		0.220933
119.9		0.220933
120		0.220933
120.1		0.221151
120.2		0.221151
120.3		0.221151
120.4		0.221151
120.5		0.221151
120.6		0.221151
120.7		0.221151
120.8		0.221151
120.9		0.221151
121		0.221151
121.1		0.224887
121.2		0.224887
121.3		0.224887
121.4		0.224887
121.5		0.224887
121.6		0.224887
121.7		0.224887
121.8		0.224887
121.9		0.224887
122		0.224887
122.1		0.226538
122.2		0.226538
122.3		0.226538
122.4		0.226538
122.5		0.226538
122.6		0.226538
122.7		0.226538
122.8		0.226538
122.9		0.226538
123		0.226538
123.1		0.22745
123.2		0.22745
123.3		0.22745
123.4		0.22745
123.5		0.22745
123.6		0.22745
123.7		0.22745
123.8		0.22745
123.9		0.22745
124		0.22745
124.1		0.232621
124.2		0.232621
124.3		0.232621
124.4		0.232621
124.5		0.232621
124.6		0.232621
124.7		0.232621
124.8		0.232621
124.9		0.232621
125		0.232621
125.1		0.232708
125.2		0.232708
125.3		0.232708
125.4		0.232708
125.5		0.232708
125.6		0.232708
125.7		0.232708
125.8		0.232708
125.9		0.232708
126		0.232708
126.1		0.235619
126.2		0.235619
126.3		0.235619
126.4		0.235619
126.5		0.235619
126.6		0.235619
126.7		0.235619
126.8		0.235619
126.9		0.235619
127		0.235619
127.1		0.238139
127.2		0.238139
127.3		0.238139
127.4		0.238139
127.5		0.238139
127.6		0.238139
127.7		0.238139
127.8		0.238139
127.9		0.238139
128		0.238139
128.1		0.239877
128.2		0.239877
128.3		0.239877
128.4		0.239877
128.5		0.239877
128.6		0.239877
128.7		0.239877
128.8		0.239877
128.9		0.239877
129		0.239877
129.1		0.241223
129.2		0.241223
129.3		0.241223
129.4		0.241223
129.5		0.241223
129.6		0.241223
129.7		0.241223
129.8		0.241223
129.9		0.241223
130		0.241223
130.1		0.244569
130.2		0.244569
130.3		0.244569
130.4		0.244569
130.5		0.244569
130.6		0.244569
130.7		0.244569
130.8		0.244569
130.9		0.244569
131		0.244569
131.1		0.246785
131.2		0.246785
131.3		0.246785
131.4		0.246785
131.5		0.246785
131.6		0.246785
131.7		0.246785
131.8		0.246785
131.9		0.246785
132		0.246785
132.1		0.248132
132.2		0.248132
132.3		0.248132
132.4		0.248132
132.5		0.248132
132.6		0.248132
132.7		0.248132
132.8		0.248132
132.9		0.248132
133		0.248132
133.1		0.251086
133.2		0.251086
133.3		0.251086
133.4		0.251086
133.5		0.251086
133.6		0.251086
133.7		0.251086
133.8		0.251086
133.9		0.251086
134		0.251086
134.1		0.251651
134.2		0.251651
134.3		0.251651
134.4		0.251651
134.5		0.251651
134.6		0.251651
134.7		0.251651
134.8		0.251651
134.9		0.251651
135		0.251651
135.1		0.252998
135.2		0.252998
135.3		0.252998
135.4		0.252998
135.5		0.252998
135.6		0.252998
135.7		0.252998
135.8		0.252998
135.9		0.252998
136		0.252998
136.1		0.257734
136.2		0.257734
136.3		0.257734
136.4		0.257734
136.5		0.257734
136.6		0.257734
136.7		0.257734
136.8		0.257734
136.9		0.257734
137		0.257734
137.1		0.257951
137.2		0.257951
137.3		0.257951
137.4		0.257951
137.5		0.257951
137.6		0.257951
137.7		0.257951
137.8		0.257951
137.9		0.257951
138		0.257951
138.1		0.260949
138.2		0.260949
138.3		0.260949
138.4		0.260949
138.5		0.260949
138.6		0.260949
138.7		0.260949
138.8		0.260949
138.9		0.260949
139		0.260949
139.1		0.261774
139.2		0.261774
139.3		0.261774
139.4		0.261774
139.5		0.261774
139.6		0.261774
139.7		0.261774
139.8		0.261774
139.9		0.261774
140		0.261774
140.1		0.265076
140.2		0.265076
140.3		0.265076
140.4		0.265076
140.5		0.265076
140.6		0.265076
140.7		0.265076
140.8		0.265076
140.9		0.265076
141		0.265076
141.1		0.265902
141.2		0.265902
141.3		0.265902
141.4		0.265902
141.5		0.265902
141.6		0.265902
141.7		0.265902
141.8		0.265902
141.9		0.265902
142		0.265902
142.1		0.268943
142.2		0.268943
142.3		0.268943
142.4		0.268943
142.5		0.268943
142.6		0.268943
142.7		0.268943
142.8		0.268943
142.9		0.268943
143		0.268943
143.1		0.271376
143.2		0.271376
143.3		0.271376
143.4		0.271376
143.5		0.271376
143.6		0.271376
143.7		0.271376
143.8		0.271376
143.9		0.271376
144		0.271376
144.1		0.273375
144.2		0.273375
144.3		0.273375
144.4		0.273375
144.5		0.273375
144.6		0.273375
144.7		0.273375
144.8		0.273375
144.9		0.273375
145		0.273375
145.1		0.275374
145.2		0.275374
145.3		0.275374
145.4		0.275374
145.5		0.275374
145.6		0.275374
145.7		0.275374
145.8		0.275374
145.9		0.275374
146		0.275374
146.1		0.276112
146.2		0.276112
146.3		0.276112
146.4		0.276112
146.5		0.276112
146.6		0.276112
146.7		0.276112
146.8		0.276112
146.9		0.276112
147		0.276112
147.1		0.277198
147.2		0.277198
147.3		0.277198
147.4		0.277198
147.5		0.277198
147.6		0.277198
147.7		0.277198
147.8		0.277198
147.9		0.277198
148		0.277198
148.1		0.282934
148.2		0.282934
148.3		0.282934
148.4		0.282934
148.5		0.282934
148.6		0.282934
148.7		0.282934
148.8		0.282934
148.9		0.282934
149		0.282934
149.1		0.283889
149.2		0.283889
149.3		0.283889
149.4		0.283889
149.5		0.283889
149.6		0.283889
149.7		0.283889
149.8		0.283889
149.9		0.283889
150		0.283889
150.1		0.284976
150.2		0.284976
150.3		0.284976
150.4		0.284976
150.5		0.284976
150.6		0.284976
150.7		0.284976
150.8		0.284976
150.9		0.284976
151		0.284976
151.1		0.285367
151.2		0.285367
151.3		0.285367
151.4		0.285367
151.5		0.285367
151.6		0.285367
151.7		0.285367
151.8		0.285367
151.9		0.285367
152		0.285367
152.1		0.288669
152.2		0.288669
152.3		0.288669
152.4		0.288669
152.5		0.288669
152.6		0.288669
152.7		0.288669
152.8		0.288669
152.9		0.288669
153		0.288669
153.1		0.2931
153.2		0.2931
153.3		0.2931
153.4		0.2931
153.5		0.2931
153.6		0.2931
153.7		0.2931
153.8		0.2931
153.9		0.2931
154		0.2931
154.1		0.293405
154.2		0.293405
154.3		0.293405
154.4		0.293405
154.5		0.293405
154.6		0.293405
154.7		0.293405
154.8		0.293405
154.9		0.293405
155		0.293405
155.1		0.295968
155.2		0.295968
155.3		0.295968
155.4		0.295968
155.5		0.295968
155.6		0.295968
155.7		0.295968
155.8		0.295968
155.9		0.295968
156		0.295968
156.1		0.296229
156.2		0.296229
156.3		0.296229
156.4		0.296229
156.5		0.296229
156.6		0.296229
156.7		0.296229
156.8		0.296229
156.9		0.296229
157		0.296229
157.1		0.298531
157.2		0.298531
157.3		0.298531
157.4		0.298531
157.5		0.298531
157.6		0.298531
157.7		0.298531
157.8		0.298531
157.9		0.298531
158		0.298531
158.1		0.302702
158.2		0.302702
158.3		0.302702
158.4		0.302702
158.5		0.302702
158.6		0.302702
158.7		0.302702
158.8		0.302702
158.9		0.302702
159		0.302702
159.1		0.30431
159.2		0.30431
159.3		0.30431
159.4		0.30431
159.5		0.30431
159.6		0.30431
159.7		0.30431
159.8		0.30431
159.9		0.30431
160		0.30431
160.1		0.305266
160.2		0.305266
160.3		0.305266
160.4		0.305266
160.5		0.305266
160.6		0.305266
160.7		0.305266
160.8		0.305266
160.9		0.305266
161		0.305266
161.1		0.30696
161.2		0.30696
161.3		0.30696
161.4		0.30696
161.5		0.30696
161.6		0.30696
161.7		0.30696
161.8		0.30696
161.9		0.30696
162		0.30696
162.1		0.31048
162.2		0.31048
162.3		0.31048
162.4		0.31048
162.5		0.31048
162.6		0.31048
162.7		0.31048
162.8		0.31048
162.9		0.31048
163		0.31048
163.1		0.314216
163.2		0.314216
163.3		0.314216
163.4		0.314216
163.5		0.314216
163.6		0.314216
163.7		0.314216
163.8		0.314216
163.9		0.314216
164		0.314216
164.1		0.314955
164.2		0.314955
164.3		0.314955
164.4		0.314955
164.5		0.314955
164.6		0.314955
164.7		0.314955
164.8		0.314955
164.9		0.314955
165		0.314955
165.1		0.315911
165.2		0.315911
165.3		0.315911
165.4		0.315911
165.5		0.315911
165.6		0.315911
165.7		0.315911
165.8		0.315911
165.9		0.315911
166		0.315911
166.1		0.318604
166.2		0.318604
166.3		0.318604
166.4		0.318604
166.5		0.318604
166.6		0.318604
166.7		0.318604
166.8		0.318604
166.9		0.318604
167		0.318604
167.1		0.319343
167.2		0.319343
167.3		0.319343
167.4		0.319343
167.5		0.319343
167.6		0.319343
167.7		0.319343
167.8		0.319343
167.9		0.319343
168		0.319343
168.1		0.321038
168.2		0.321038
168.3		0.321038
168.4		0.321038
168.5		0.321038
168.6		0.321038
168.7		0.321038
168.8		0.321038
168.9		0.321038
169		0.321038
169.1		0.3246
169.2		0.3246
169.3		0.3246
169.4		0.3246
169.5		0.3246
169.6		0.3246
169.7		0.3246
169.8		0.3246
169.9		0.3246
170		0.3246
170.1		0.329032
170.2		0.329032
170.3		0.329032
170.4		0.329032
170.5		0.329032
170.6		0.329032
170.7		0.329032
170.8		0.329032
170.9		0.329032
171		0.329032
171.1		0.32964
171.2		0.32964
171.3		0.32964
171.4		0.32964
171.5		0.32964
171.6		0.32964
171.7		0.32964
171.8		0.32964
171.9		0.32964
172		0.32964
172.1		0.329684
172.2		0.329684
172.3		0.329684
172.4		0.329684
172.5		0.329684
172.6		0.329684
172.7		0.329684
172.8		0.329684
172.9		0.329684
173		0.329684
173.1		0.330162
173.2		0.330162
173.3		0.330162
173.4		0.330162
173.5		0.330162
173.6		0.330162
173.7		0.330162
173.8		0.330162
173.9		0.330162
174		0.330162
174.1		0.335332
174.2		0.335332
174.3		0.335332
174.4		0.335332
174.5		0.335332
174.6		0.335332
174.7		0.335332
174.8		0.335332
174.9		0.335332
175		0.335332
175.1		0.338721
175.2		0.338721
175.3		0.338721
175.4		0.338721
175.5		0.338721
175.6		0.338721
175.7		0.338721
175.8		0.338721
175.9		0.338721
176		0.338721
176.1		0.340372
176.2		0.340372
176.3		0.340372
176.4		0.340372
176.5		0.340372
176.6		0.340372
176.7		0.340372
176.8		0.340372
176.9		0.340372
177		0.340372
177.1		0.340589
177.2		0.340589
177.3		0.340589
177.4		0.340589
177.5		0.340589
177.6		0.340589
177.7		0.340589
177.8		0.340589
177.9		0.340589
178		0.340589
178.1		0.342631
178.2		0.342631
178.3		0.342631
178.4		0.342631
178.5		0.342631
178.6		0.342631
178.7		0.342631
178.8		0.342631
178.9		0.342631
179		0.342631
179.1		0.345499
179.2		0.345499
179.3		0.345499
179.4		0.345499
179.5		0.345499
179.6		0.345499
179.7		0.345499
179.8		0.345499
179.9		0.345499
180		0.345499
180.1		0.345716
180.2		0.345716
180.3		0.345716
180.4		0.345716
180.5		0.345716
180.6		0.345716
180.7		0.345716
180.8		0.345716
180.9		0.345716
181		0.345716
181.1		0.349018
181.2		0.349018
181.3		0.349018
181.4		0.349018
181.5		0.349018
181.6		0.349018
181.7		0.349018
181.8		0.349018
181.9		0.349018
182		0.349018
182.1		0.350017
182.2		0.350017
182.3		0.350017
182.4		0.350017
182.5		0.350017
182.6		0.350017
182.7		0.350017
182.8		0.350017
182.9		0.350017
183		0.350017
183.1		0.353884
183.2		0.353884
183.3		0.353884
183.4		0.353884
183.5		0.353884
183.6		0.353884
183.7		0.353884
183.8		0.353884
183.9		0.353884
184		0.353884
184.1		0.356013
184.2		0.356013
184.3		0.356013
184.4		0.356013
184.5		0.356013
184.6		0.356013
184.7		0.356013
184.8		0.356013
184.9		0.356013
185		0.356013
185.1		0.357881
185.2		0.357881
185.3		0.357881
185.4		0.357881
185.5		0.357881
185.6		0.357881
185.7		0.357881
185.8		0.357881
185.9		0.357881
186		0.357881
186.1		0.358924
186.2		0.358924
186.3		0.358924
186.4		0.358924
186.5		0.358924
186.6		0.358924
186.7		0.358924
186.8		0.358924
186.9		0.358924
187		0.358924
187.1		0.363399
187.2		0.363399
187.3		0.363399
187.4		0.363399
187.5		0.363399
187.6		0.363399
187.7		0.363399
187.8		0.363399
187.9		0.363399
188		0.363399
188.1		0.367223
188.2		0.367223
188.3		0.367223
188.4		0.367223
188.5		0.367223
188.6		0.367223
188.7		0.367223
188.8		0.367223
188.9		0.367223
189		0.367223
189.1		0.36857
189.2		0.36857
189.3		0.36857
189.4		0.36857
189.5		0.36857
189.6		0.36857
189.7		0.36857
189.8		0.36857
189.9		0.36857
190		0.36857
190.1		0.368657
190.2		0.368657
190.3		0.368657
190.4		0.368657
190.5		0.368657
190.6		0.368657
190.7		0.368657
190.8		0.368657
190.9		0.368657
191		0.368657
191.1		0.368787
191.2		0.368787
191.3		0.368787
191.4		0.368787
191.5		0.368787
191.6		0.368787
191.7		0.368787
191.8		0.368787
191.9		0.368787
192		0.368787
192.1		0.375217
192.2		0.375217
192.3		0.375217
192.4		0.375217
192.5		0.375217
192.6		0.375217
192.7		0.375217
192.8		0.375217
192.9		0.375217
193		0.375217
193.1		0.376999
193.2		0.376999
193.3		0.376999
193.4		0.376999
193.5		0.376999
193.6		0.376999
193.7		0.376999
193.8		0.376999
193.9		0.376999
194		0.376999
194.1		0.378389
194.2		0.378389
194.3		0.378389
194.4		0.378389
194.5		0.378389
194.6		0.378389
194.7		0.378389
194.8		0.378389
194.9		0.378389
195		0.378389
195.1		0.37878
195.2		0.37878
195.3		0.37878
195.4		0.37878
195.5		0.37878
195.6		0.37878
195.7		0.37878
195.8		0.37878
195.9		0.37878
196		0.37878
196.1		0.383429
196.2		0.383429
196.3		0.383429
196.4		0.383429
196.5		0.383429
196.6		0.383429
196.7		0.383429
196.8		0.383429
196.9		0.383429
197		0.383429
197.1		0.385297
197.2		0.385297
197.3		0.385297
197.4		0.385297
197.5		0.385297
197.6		0.385297
197.7		0.385297
197.8		0.385297
197.9		0.385297
198		0.385297
198.1		0.385819
198.2		0.385819
198.3		0.385819
198.4		0.385819
198.5		0.385819
198.6		0.385819
198.7		0.385819
198.8		0.385819
198.9		0.385819
199		0.385819
199.1		0.38621
199.2		0.38621
199.3		0.38621
199.4		0.38621
199.5		0.38621
199.6		0.38621
199.7		0.38621
199.8		0.38621
199.9		0.38621
200		0.38621
200.1		0.392162
200.2		0.392162
200.3		0.392162
200.4		0.392162
200.5		0.392162
200.6		0.392162
200.7		0.392162
200.8		0.392162
200.9		0.392162
201		0.392162
201.1		0.394291
201.2		0.394291
201.3		0.394291
201.4		0.394291
201.5		0.394291
201.6		0.394291
201.7		0.394291
201.8		0.394291
201.9		0.394291
202		0.394291
202.1		0.394508
202.2		0.394508
202.3		0.394508
202.4		0.394508
202.5		0.394508
202.6		0.394508
202.7		0.394508
202.8		0.394508
202.9		0.394508
203		0.394508
203.1		0.394769
203.2		0.394769
203.3		0.394769
203.4		0.394769
203.5		0.394769
203.6		0.394769
203.7		0.394769
203.8		0.394769
203.9		0.394769
204		0.394769
204.1		0.400287
204.2		0.400287
204.3		0.400287
204.4		0.400287
204.5		0.400287
204.6		0.400287
204.7		0.400287
204.8		0.400287
204.9		0.400287
205		0.400287
205.1		0.40133
205.2		0.40133
205.3		0.40133
205.4		0.40133
205.5		0.40133
205.6		0.40133
205.7		0.40133
205.8		0.40133
205.9		0.40133
206		0.40133
206.1		0.402242
206.2		0.402242
206.3		0.402242
206.4		0.402242
206.5		0.402242
206.6		0.402242
206.7		0.402242
206.8		0.402242
206.9		0.402242
207		0.402242
207.1		0.404936
207.2		0.404936
207.3		0.404936
207.4		0.404936
207.5		0.404936
207.6		0.404936
207.7		0.404936
207.8		0.404936
207.9		0.404936
208		0.404936
208.1		0.406283
208.2		0.406283
208.3		0.406283
208.4		0.406283
208.5		0.406283
208.6		0.406283
208.7		0.406283
208.8		0.406283
208.9		0.406283
209		0.406283
209.1		0.408933
209.2		0.408933
209.3		0.408933
209.4		0.408933
209.5		0.408933
209.6		0.408933
209.7		0.408933
209.8		0.408933
209.9		0.408933
210		0.408933
210.1		0.408933
210.2		0.408933
210.3		0.408933
210.4		0.408933
210.5		0.408933
210.6		0.408933
210.7		0.408933
210.8		0.408933
210.9		0.408933
211		0.408933
211.1		0.409237
211.2		0.409237
211.3		0.409237
211.4		0.409237
211.5		0.409237
211.6		0.409237
211.7		0.409237
211.8		0.409237
211.9		0.409237
212		0.409237
212.1		0.414451
212.2		0.414451
212.3		0.414451
212.4		0.414451
212.5		0.414451
212.6		0.414451
212.7		0.414451
212.8		0.414451
212.9		0.414451
213		0.414451
213.1		0.414668
213.2		0.414668
213.3		0.414668
213.4		0.414668
213.5		0.414668
213.6		0.414668
213.7		0.414668
213.8		0.414668
213.9		0.414668
214		0.414668
214.1		0.418144
214.2		0.418144
214.3		0.418144
214.4		0.418144
214.5		0.418144
214.6		0.418144
214.7		0.418144
214.8		0.418144
214.9		0.418144
215		0.418144
215.1		0.418535
215.2		0.418535
215.3		0.418535
215.4		0.418535
215.5		0.418535
215.6		0.418535
215.7		0.418535
215.8		0.418535
215.9		0.418535
216		0.418535
216.1		0.422532
216.2		0.422532
216.3		0.422532
216.4		0.422532
216.5		0.422532
216.6		0.422532
216.7		0.422532
216.8		0.422532
216.9		0.422532
217		0.422532
217.1		0.423792
217.2		0.423792
217.3		0.423792
217.4		0.423792
217.5		0.423792
217.6		0.423792
217.7		0.423792
217.8		0.423792
217.9		0.423792
218		0.423792
218.1		0.426529
218.2		0.426529
218.3		0.426529
218.4		0.426529
218.5		0.426529
218.6		0.426529
218.7		0.426529
218.8		0.426529
218.9		0.426529
219		0.426529
219.1		0.428919
219.2		0.428919
219.3		0.428919
219.4		0.428919
219.5		0.428919
219.6		0.428919
219.7		0.428919
219.8		0.428919
219.9		0.428919
220		0.428919
220.1		0.429223
220.2		0.429223
220.3		0.429223
220.4		0.429223
220.5		0.429223
220.6		0.429223
220.7		0.429223
220.8		0.429223
220.9		0.429223
221		0.429223
221.1		0.433611
221.2		0.433611
221.3		0.433611
221.4		0.433611
221.5		0.433611
221.6		0.433611
221.7		0.433611
221.8		0.433611
221.9		0.433611
222		0.433611
222.1		0.434611
222.2		0.434611
222.3		0.434611
222.4		0.434611
222.5		0.434611
222.6		0.434611
222.7		0.434611
222.8		0.434611
222.9		0.434611
223		0.434611
223.1		0.435567
223.2		0.435567
223.3		0.435567
223.4		0.435567
223.5		0.435567
223.6		0.435567
223.7		0.435567
223.8		0.435567
223.9		0.435567
224		0.435567
224.1		0.436131
224.2		0.436131
224.3		0.436131
224.4		0.436131
224.5		0.436131
224.6		0.436131
224.7		0.436131
224.8		0.436131
224.9		0.436131
225		0.436131
225.1		0.439651
225.2		0.439651
225.3		0.439651
225.4		0.439651
225.5		0.439651
225.6		0.439651
225.7		0.439651
225.8		0.439651
225.9		0.439651
226		0.439651
226.1		0.442649
226.2		0.442649
226.3		0.442649
226.4		0.442649
226.5		0.442649
226.6		0.442649
226.7		0.442649
226.8		0.442649
226.9		0.442649
227		0.442649
227.1		0.44443
227.2		0.44443
227.3		0.44443
227.4		0.44443
227.5		0.44443
227.6		0.44443
227.7		0.44443
227.8		0.44443
227.9		0.44443
228		0.44443
228.1		0.445516
228.2		0.445516
228.3		0.445516
228.4		0.445516
228.5		0.445516
228.6		0.445516
228.7		0.445516
228.8		0.445516
228.9		0.445516
229		0.445516
229.1		0.447949
229.2		0.447949
229.3		0.447949
229.4		0.447949
229.5		0.447949
229.6		0.447949
229.7		0.447949
229.8		0.447949
229.9		0.447949
230		0.447949
230.1		0.449991
230.2		0.449991
230.3		0.449991
230.4		0.449991
230.5		0.449991
230.6		0.449991
230.7		0.449991
230.8		0.449991
230.9		0.449991
231		0.449991
231.1		0.450209
231.2		0.450209
231.3		0.450209
231.4		0.450209
231.5		0.450209
231.6		0.450209
231.7		0.450209
231.8		0.450209
231.9		0.450209
232		0.450209
232.1		0.45338
232.2		0.45338
232.3		0.45338
232.4		0.45338
232.5		0.45338
232.6		0.45338
232.7		0.45338
232.8		0.45338
232.9		0.45338
233		0.45338
233.1		0.457551
233.2		0.457551
233.3		0.457551
233.4		0.457551
233.5		0.457551
233.6		0.457551
233.7		0.457551
233.8		0.457551
233.9		0.457551
234		0.457551
234.1		0.458985
234.2		0.458985
234.3		0.458985
234.4		0.458985
234.5		0.458985
234.6		0.458985
234.7		0.458985
234.8		0.458985
234.9		0.458985
235		0.458985
235.1		0.459767
235.2		0.459767
235.3		0.459767
235.4		0.459767
235.5		0.459767
235.6		0.459767
235.7		0.459767
235.8		0.459767
235.9		0.459767
236		0.459767
236.1		0.460115
236.2		0.460115
236.3		0.460115
236.4		0.460115
236.5		0.460115
236.6		0.460115
236.7		0.460115
236.8		0.460115
236.9		0.460115
237		0.460115
237.1		0.460897
237.2		0.460897
237.3		0.460897
237.4		0.460897
237.5		0.460897
237.6		0.460897
237.7		0.460897
237.8		0.460897
237.9		0.460897
238		0.460897
238.1		0.469022
238.2		0.469022
238.3		0.469022
238.4		0.469022
238.5		0.469022
238.6		0.469022
238.7		0.469022
238.8		0.469022
238.9		0.469022
239		0.469022
239.1		0.46976
239.2		0.46976
239.3		0.46976
239.4		0.46976
239.5		0.46976
239.6		0.46976
239.7		0.46976
239.8		0.46976
239.9		0.46976
240		0.46976
240.1		0.470629
240.2		0.470629
240.3		0.470629
240.4		0.470629
240.5		0.470629
240.6		0.470629
240.7		0.470629
240.8		0.470629
240.9		0.470629
241		0.470629
241.1		0.472367
241.2		0.472367
241.3		0.472367
241.4		0.472367
241.5		0.472367
241.6		0.472367
241.7		0.472367
241.8		0.472367
241.9		0.472367
242		0.472367
242.1		0.473106
242.2		0.473106
242.3		0.473106
242.4		0.473106
242.5		0.473106
242.6		0.473106
242.7		0.473106
242.8		0.473106
242.9		0.473106
243		0.473106
243.1		0.477624
243.2		0.477624
243.3		0.477624
243.4		0.477624
243.5		0.477624
243.6		0.477624
243.7		0.477624
243.8		0.477624
243.9		0.477624
244		0.477624
244.1		0.479232
244.2		0.479232
244.3		0.479232
244.4		0.479232
244.5		0.479232
244.6		0.479232
244.7		0.479232
244.8		0.479232
244.9		0.479232
245		0.479232
245.1		0.47984
245.2		0.47984
245.3		0.47984
245.4		0.47984
245.5		0.47984
245.6		0.47984
245.7		0.47984
245.8		0.47984
245.9		0.47984
246		0.47984
246.1		0.481839
246.2		0.481839
246.3		0.481839
246.4		0.481839
246.5		0.481839
246.6		0.481839
246.7		0.481839
246.8		0.481839
246.9		0.481839
247		0.481839
247.1		0.48236
247.2		0.48236
247.3		0.48236
247.4		0.48236
247.5		0.48236
247.6		0.48236
247.7		0.48236
247.8		0.48236
247.9		0.48236
248		0.48236
248.1		0.486661
248.2		0.486661
248.3		0.486661
248.4		0.486661
248.5		0.486661
248.6		0.486661
248.7		0.486661
248.8		0.486661
248.9		0.486661
249		0.486661
249.1		0.489312
249.2		0.489312
249.3		0.489312
249.4		0.489312
249.5		0.489312
249.6		0.489312
249.7		0.489312
249.8		0.489312
249.9		0.489312
250		0.489312
250.1		0.491701
250.2		0.491701
250.3		0.491701
250.4		0.491701
250.5		0.491701
250.6		0.491701
250.7		0.491701
250.8		0.491701
250.9		0.491701
251		0.491701
251.1		0.493917
251.2		0.493917
251.3		0.493917
251.4		0.493917
251.5		0.493917
251.6		0.493917
251.7		0.493917
251.8		0.493917
251.9		0.493917
252		0.493917
252.1		0.496524
252.2		0.496524
252.3		0.496524
252.4		0.496524
252.5		0.496524
252.6		0.496524
252.7		0.496524
252.8		0.496524
252.9		0.496524
253		0.496524
253.1		0.498262
253.2		0.498262
253.3		0.498262
253.4		0.498262
253.5		0.498262
253.6		0.498262
253.7		0.498262
253.8		0.498262
253.9		0.498262
254		0.498262
254.1		0.498349
254.2		0.498349
254.3		0.498349
254.4		0.498349
254.5		0.498349
254.6		0.498349
254.7		0.498349
254.8		0.498349
254.9		0.498349
255		0.498349
255.1		0.50265
255.2		0.50265
255.3		0.50265
255.4		0.50265
255.5		0.50265
255.6		0.50265
255.7		0.50265
255.8		0.50265
255.9		0.50265
256		0.50265
256.1		0.504953
256.2		0.504953
256.3		0.504953
256.4		0.504953
256.5		0.504953
256.6		0.504953
256.7		0.504953
256.8		0.504953
256.9		0.504953
257		0.504953
257.1		0.50517
257.2		0.50517
257.3		0.50517
257.4		0.50517
257.5		0.50517
257.6		0.50517
257.7		0.50517
257.8		0.50517
257.9		0.50517
258		0.50517
258.1		0.506213
258.2		0.506213
258.3		0.506213
258.4		0.506213
258.5		0.506213
258.6		0.506213
258.7		0.506213
258.8		0.506213
258.9		0.506213
259		0.506213
259.1		0.509863
259.2		0.509863
259.3		0.509863
259.4		0.509863
259.5		0.509863
259.6		0.509863
259.7		0.509863
259.8		0.509863
259.9		0.509863
260		0.509863
260.1		0.512513
260.2		0.512513
260.3		0.512513
260.4		0.512513
260.5		0.512513
260.6		0.512513
260.7		0.512513
260.8		0.512513
260.9		0.512513
261		0.512513
261.1		0.512556
261.2		0.512556
261.3		0.512556
261.4		0.512556
261.5		0.512556
261.6		0.512556
261.7		0.512556
261.8		0.512556
261.9		0.512556
262		0.512556
262.1		0.514772
262.2		0.514772
262.3		0.514772
262.4		0.514772
262.5		0.514772
262.6		0.514772
262.7		0.514772
262.8		0.514772
262.9		0.514772
263		0.514772
263.1		0.51512
263.2		0.51512
263.3		0.51512
263.4		0.51512
263.5		0.51512
263.6		0.51512
263.7		0.51512
263.8		0.51512
263.9		0.51512
264		0.51512
264.1		0.518856
264.2		0.518856
264.3		0.518856
264.4		0.518856
264.5		0.518856
264.6		0.518856
264.7		0.518856
264.8		0.518856
264.9		0.518856
265		0.518856
265.1		0.522723
265.2		0.522723
265.3		0.522723
265.4		0.522723
265.5		0.522723
265.6		0.522723
265.7		0.522723
265.8		0.522723
265.9		0.522723
266		0.522723
266.1		0.523071
266.2		0.523071
266.3		0.523071
266.4		0.523071
266.5		0.523071
266.6		0.523071
266.7		0.523071
266.8		0.523071
266.9		0.523071
267		0.523071
267.1		0.523158
267.2		0.523158
267.3		0.523158
267.4		0.523158
267.5		0.523158
267.6		0.523158
267.7		0.523158
267.8		0.523158
267.9		0.523158
268		0.523158
268.1		0.529632
268.2		0.529632
268.3		0.529632
268.4		0.529632
268.5		0.529632
268.6		0.529632
268.7		0.529632
268.8		0.529632
268.9		0.529632
269		0.529632
269.1		0.53037
269.2		0.53037
269.3		0.53037
269.4		0.53037
269.5		0.53037
269.6		0.53037
269.7		0.53037
269.8		0.53037
269.9		0.53037
270		0.53037
270.1		0.531804
270.2		0.531804
270.3		0.531804
270.4		0.531804
270.5		0.531804
270.6		0.531804
270.7		0.531804
270.8		0.531804
270.9		0.531804
271		0.531804
271.1		0.538278
271.2		0.538278
271.3		0.538278
271.4		0.538278
271.5		0.538278
271.6		0.538278
271.7		0.538278
271.8		0.538278
271.9		0.538278
272		0.538278
272.1		0.538799
272.2		0.538799
272.3		0.538799
272.4		0.538799
272.5		0.538799
272.6		0.538799
272.7		0.538799
272.8		0.538799
272.9		0.538799
273		0.538799
273.1		0.542623
273.2		0.542623
273.3		0.542623
273.4		0.542623
273.5		0.542623
273.6		0.542623
273.7		0.542623
273.8		0.542623
273.9		0.542623
274		0.542623
274.1		0.543578
274.2		0.543578
274.3		0.543578
274.4		0.543578
274.5		0.543578
274.6		0.543578
274.7		0.543578
274.8		0.543578
274.9		0.543578
275		0.543578
275.1		0.54436
275.2		0.54436
275.3		0.54436
275.4		0.54436
275.5		0.54436
275.6		0.54436
275.7		0.54436
275.8		0.54436
275.9		0.54436
276		0.54436
276.1		0.545881
276.2		0.545881
276.3		0.545881
276.4		0.545881
276.5		0.545881
276.6		0.545881
276.7		0.545881
276.8		0.545881
276.9		0.545881
277		0.545881
277.1		0.548227
277.2		0.548227
277.3		0.548227
277.4		0.548227
277.5		0.548227
277.6		0.548227
277.7		0.548227
277.8		0.548227
277.9		0.548227
278		0.548227
278.1		0.552616
278.2		0.552616
278.3		0.552616
278.4		0.552616
278.5		0.552616
278.6		0.552616
278.7		0.552616
278.8		0.552616
278.9		0.552616
279		0.552616
279.1		0.554962
279.2		0.554962
279.3		0.554962
279.4		0.554962
279.5		0.554962
279.6		0.554962
279.7		0.554962
279.8		0.554962
279.9		0.554962
280		0.554962
280.1		0.555396
280.2		0.555396
280.3		0.555396
280.4		0.555396
280.5		0.555396
280.6		0.555396
280.7		0.555396
280.8		0.555396
280.9		0.555396
281		0.555396
281.1		0.55557
281.2		0.55557
281.3		0.55557
281.4		0.55557
281.5		0.55557
281.6		0.55557
281.7		0.55557
281.8		0.55557
281.9		0.55557
282		0.55557
282.1		0.559133
282.2		0.559133
282.3		0.559133
282.4		0.559133
282.5		0.559133
282.6		0.559133
282.7		0.559133
282.8		0.559133
282.9		0.559133
283		0.559133
283.1		0.565172
283.2		0.565172
283.3		0.565172
283.4		0.565172
283.5		0.565172
283.6		0.565172
283.7		0.565172
283.8		0.565172
283.9		0.565172
284		0.565172
284.1		0.566128
284.2		0.566128
284.3		0.566128
284.4		0.566128
284.5		0.566128
284.6		0.566128
284.7		0.566128
284.8		0.566128
284.9		0.566128
285		0.566128
285.1		0.56691
285.2		0.56691
285.3		0.56691
285.4		0.56691
285.5		0.56691
285.6		0.56691
285.7		0.56691
285.8		0.56691
285.9		0.56691
286		0.56691
286.1		0.569039
286.2		0.569039
286.3		0.569039
286.4		0.569039
286.5		0.569039
286.6		0.569039
286.7		0.569039
286.8		0.569039
286.9		0.569039
287		0.569039
287.1		0.569517
287.2		0.569517
287.3		0.569517
287.4		0.569517
287.5		0.569517
287.6		0.569517
287.7		0.569517
287.8		0.569517
287.9		0.569517
288		0.569517
288.1		0.572689
288.2		0.572689
288.3		0.572689
288.4		0.572689
288.5		0.572689
288.6		0.572689
288.7		0.572689
288.8		0.572689
288.9		0.572689
289		0.572689
289.1		0.579162
289.2		0.579162
289.3		0.579162
289.4		0.579162
289.5		0.579162
289.6		0.579162
289.7		0.579162
289.8		0.579162
289.9		0.579162
290		0.579162
290.1		0.579727
290.2		0.579727
290.3		0.579727
290.4		0.579727
290.5		0.579727
290.6		0.579727
290.7		0.579727
290.8		0.579727
290.9		0.579727
291		0.579727
291.1		0.581595
291.2		0.581595
291.3		0.581595
291.4		0.581595
291.5		0.581595
291.6		0.581595
291.7		0.581595
291.8		0.581595
291.9		0.581595
292		0.581595
292.1		0.582986
292.2		0.582986
292.3		0.582986
292.4		0.582986
292.5		0.582986
292.6		0.582986
292.7		0.582986
292.8		0.582986
292.9		0.582986
293		0.582986
293.1		0.583637
293.2		0.583637
293.3		0.583637
293.4		0.583637
293.5		0.583637
293.6		0.583637
293.7		0.583637
293.8		0.583637
293.9		0.583637
294		0.583637
294.1		0.584767
294.2		0.584767
294.3		0.584767
294.4		0.584767
294.5		0.584767
294.6		0.584767
294.7		0.584767
294.8		0.584767
294.9		0.584767
295		0.584767
295.1		0.591588
295.2		0.591588
295.3		0.591588
295.4		0.591588
295.5		0.591588
295.6		0.591588
295.7		0.591588
295.8		0.591588
295.9		0.591588
296		0.591588
296.1		0.591979
296.2		0.591979
296.3		0.591979
296.4		0.591979
296.5		0.591979
296.6		0.591979
296.7		0.591979
296.8		0.591979
296.9		0.591979
297		0.591979
297.1		0.594239
297.2		0.594239
297.3		0.594239
297.4		0.594239
297.5		0.594239
297.6		0.594239
297.7		0.594239
297.8		0.594239
297.9		0.594239
298		0.594239
298.1		0.595064
298.2		0.595064
298.3		0.595064
298.4		0.595064
298.5		0.595064
298.6		0.595064
298.7		0.595064
298.8		0.595064
298.9		0.595064
299		0.595064
299.1		0.601104
299.2		0.601104
299.3		0.601104
299.4		0.601104
299.5		0.601104
299.6		0.601104
299.7		0.601104
299.8		0.601104
299.9		0.601104
300		0.601104
300.1		0.603971
300.2		0.603971
300.3		0.603971
300.4		0.603971
300.5		0.603971
300.6		0.603971
300.7		0.603971
300.8		0.603971
300.9		0.603971
301		0.603971
301.1		0.606404
301.2		0.606404
301.3		0.606404
301.4		0.606404
301.5		0.606404
301.6		0.606404
301.7		0.606404
301.8		0.606404
301.9		0.606404
302		0.606404
302.1		0.608577
302.2		0.608577
302.3		0.608577
302.4		0.608577
302.5		0.608577
302.6		0.608577
302.7		0.608577
302.8		0.608577
302.9		0.608577
303		0.608577
303.1		0.610575
303.2		0.610575
303.3		0.610575
303.4		0.610575
303.5		0.610575
303.6		0.610575
303.7		0.610575
303.8		0.610575
303.9		0.610575
304		0.610575
304.1		0.610792
304.2		0.610792
304.3		0.610792
304.4		0.610792
304.5		0.610792
304.6		0.610792
304.7		0.610792
304.8		0.610792
304.9		0.610792
305		0.610792
305.1		0.615702
305.2		0.615702
305.3		0.615702
305.4		0.615702
305.5		0.615702
305.6		0.615702
305.7		0.615702
305.8		0.615702
305.9		0.615702
306		0.615702
306.1		0.617657
306.2		0.617657
306.3		0.617657
306.4		0.617657
306.5		0.617657
306.6		0.617657
306.7		0.617657
306.8		0.617657
306.9		0.617657
307		0.617657
307.1		0.618657
307.2		0.618657
307.3		0.618657
307.4		0.618657
307.5		0.618657
307.6		0.618657
307.7		0.618657
307.8		0.618657
307.9		0.618657
308		0.618657
308.1		0.620655
308.2		0.620655
308.3		0.620655
308.4		0.620655
308.5		0.620655
308.6		0.620655
308.7		0.620655
308.8		0.620655
308.9		0.620655
309		0.620655
309.1		0.621394
309.2		0.621394
309.3		0.621394
309.4		0.621394
309.5		0.621394
309.6		0.621394
309.7		0.621394
309.8		0.621394
309.9		0.621394
310		0.621394
310.1		0.624218
310.2		0.624218
310.3		0.624218
310.4		0.624218
310.5		0.624218
310.6		0.624218
310.7		0.624218
310.8		0.624218
310.9		0.624218
311		0.624218
311.1		0.626608
311.2		0.626608
311.3		0.626608
311.4		0.626608
311.5		0.626608
311.6		0.626608
311.7		0.626608
311.8		0.626608
311.9		0.626608
312		0.626608
312.1		0.62891
312.2		0.62891
312.3		0.62891
312.4		0.62891
312.5		0.62891
312.6		0.62891
312.7		0.62891
312.8		0.62891
312.9		0.62891
313		0.62891
313.1		0.629519
313.2		0.629519
313.3		0.629519
313.4		0.629519
313.5		0.629519
313.6		0.629519
313.7		0.629519
313.8		0.629519
313.9		0.629519
314		0.629519
314.1		0.629649
314.2		0.629649
314.3		0.629649
314.4		0.629649
314.5		0.629649
314.6		0.629649
314.7		0.629649
314.8		0.629649
314.9		0.629649
315		0.629649
315.1		0.632994
315.2		0.632994
315.3		0.632994
315.4		0.632994
315.5		0.632994
315.6		0.632994
315.7		0.632994
315.8		0.632994
315.9		0.632994
316		0.632994
316.1		0.635819
316.2		0.635819
316.3		0.635819
316.4		0.635819
316.5		0.635819
316.6		0.635819
316.7		0.635819
316.8		0.635819
316.9		0.635819
317		0.635819
317.1		0.638903
317.2		0.638903
317.3		0.638903
317.4		0.638903
317.5		0.638903
317.6		0.638903
317.7		0.638903
317.8		0.638903
317.9		0.638903
318		0.638903
318.1		0.640076
318.2		0.640076
318.3		0.640076
318.4		0.640076
318.5		0.640076
318.6		0.640076
318.7		0.640076
318.8		0.640076
318.9		0.640076
319		0.640076
319.1		0.640381
319.2		0.640381
319.3		0.640381
319.4		0.640381
319.5		0.640381
319.6		0.640381
319.7		0.640381
319.8		0.640381
319.9		0.640381
320		0.640381
320.1		0.646246
320.2		0.646246
320.3		0.646246
320.4		0.646246
320.5		0.646246
320.6		0.646246
320.7		0.646246
320.8		0.646246
320.9		0.646246
321		0.646246
321.1		0.646724
321.2		0.646724
321.3		0.646724
321.4		0.646724
321.5		0.646724
321.6		0.646724
321.7		0.646724
321.8		0.646724
321.9		0.646724
322		0.646724
322.1		0.647332
322.2		0.647332
322.3		0.647332
322.4		0.647332
322.5		0.647332
322.6		0.647332
322.7		0.647332
322.8		0.647332
322.9		0.647332
323		0.647332
323.1		0.649505
323.2		0.649505
323.3		0.649505
323.4		0.649505
323.5		0.649505
323.6		0.649505
323.7		0.649505
323.8		0.649505
323.9		0.649505
324		0.649505
324.1		0.654762
324.2		0.654762
324.3		0.654762
324.4		0.654762
324.5		0.654762
324.6		0.654762
324.7		0.654762
324.8		0.654762
324.9		0.654762
325		0.654762
325.1		0.655023
325.2		0.655023
325.3		0.655023
325.4		0.655023
325.5		0.655023
325.6		0.655023
325.7		0.655023
325.8		0.655023
325.9		0.655023
326		0.655023
326.1		0.656283
326.2		0.656283
326.3		0.656283
326.4		0.656283
326.5		0.656283
326.6		0.656283
326.7		0.656283
326.8		0.656283
326.9		0.656283
327		0.656283
327.1		0.656847
327.2		0.656847
327.3		0.656847
327.4		0.656847
327.5		0.656847
327.6		0.656847
327.7		0.656847
327.8		0.656847
327.9		0.656847
328		0.656847
328.1		0.661323
328.2		0.661323
328.3		0.661323
328.4		0.661323
328.5		0.661323
328.6		0.661323
328.7		0.661323
328.8		0.661323
328.9		0.661323
329		0.661323
329.1		0.661844
329.2		0.661844
329.3		0.661844
329.4		0.661844
329.5		0.661844
329.6		0.661844
329.7		0.661844
329.8		0.661844
329.9		0.661844
330		0.661844
330.1		0.664972
330.2		0.664972
330.3		0.664972
330.4		0.664972
330.5		0.664972
330.6		0.664972
330.7		0.664972
330.8		0.664972
330.9		0.664972
331		0.664972
331.1		0.665233
331.2		0.665233
331.3		0.665233
331.4		0.665233
331.5		0.665233
331.6		0.665233
331.7		0.665233
331.8		0.665233
331.9		0.665233
332		0.665233
332.1		0.670577
332.2		0.670577
332.3		0.670577
332.4		0.670577
332.5		0.670577
332.6		0.670577
332.7		0.670577
332.8		0.670577
332.9		0.670577
333		0.670577
333.1		0.672228
333.2		0.672228
333.3		0.672228
333.4		0.672228
333.5		0.672228
333.6		0.672228
333.7		0.672228
333.8		0.672228
333.9		0.672228
334		0.672228
334.1		0.672532
334.2		0.672532
334.3		0.672532
334.4		0.672532
334.5		0.672532
334.6		0.672532
334.7		0.672532
334.8		0.672532
334.9		0.672532
335		0.672532
335.1		0.674183
335.2		0.674183
335.3		0.674183
335.4		0.674183
335.5		0.674183
335.6		0.674183
335.7		0.674183
335.8		0.674183
335.9		0.674183
336		0.674183
336.1		0.676399
336.2		0.676399
336.3		0.676399
336.4		0.676399
336.5		0.676399
336.6		0.676399
336.7		0.676399
336.8		0.676399
336.9		0.676399
337		0.676399
337.1		0.680353
337.2		0.680353
337.3		0.680353
337.4		0.680353
337.5		0.680353
337.6		0.680353
337.7		0.680353
337.8		0.680353
337.9		0.680353
338		0.680353
338.1		0.683829
338.2		0.683829
338.3		0.683829
338.4		0.683829
338.5		0.683829
338.6		0.683829
338.7		0.683829
338.8		0.683829
338.9		0.683829
339		0.683829
339.1		0.684176
339.2		0.684176
339.3		0.684176
339.4		0.684176
339.5		0.684176
339.6		0.684176
339.7		0.684176
339.8		0.684176
339.9		0.684176
340		0.684176
340.1		0.685784
340.2		0.685784
340.3		0.685784
340.4		0.685784
340.5		0.685784
340.6		0.685784
340.7		0.685784
340.8		0.685784
340.9		0.685784
341		0.685784
341.1		0.691519
341.2		0.691519
341.3		0.691519
341.4		0.691519
341.5		0.691519
341.6		0.691519
341.7		0.691519
341.8		0.691519
341.9		0.691519
342		0.691519
342.1		0.693778
342.2		0.693778
342.3		0.693778
342.4		0.693778
342.5		0.693778
342.6		0.693778
342.7		0.693778
342.8		0.693778
342.9		0.693778
343		0.693778
343.1		0.694778
343.2		0.694778
343.3		0.694778
343.4		0.694778
343.5		0.694778
343.6		0.694778
343.7		0.694778
343.8		0.694778
343.9		0.694778
344		0.694778
344.1		0.694908
344.2		0.694908
344.3		0.694908
344.4		0.694908
344.5		0.694908
344.6		0.694908
344.7		0.694908
344.8		0.694908
344.9		0.694908
345		0.694908
345.1		0.698123
345.2		0.698123
345.3		0.698123
345.4		0.698123
345.5		0.698123
345.6		0.698123
345.7		0.698123
345.8		0.698123
345.9		0.698123
346		0.698123
346.1		0.70312
346.2		0.70312
346.3		0.70312
346.4		0.70312
346.5		0.70312
346.6		0.70312
346.7		0.70312
346.8		0.70312
346.9		0.70312
347		0.70312
347.1		0.704336
347.2		0.704336
347.3		0.704336
347.4		0.704336
347.5		0.704336
347.6		0.704336
347.7		0.704336
347.8		0.704336
347.9		0.704336
348		0.704336
348.1		0.704336
348.2		0.704336
348.3		0.704336
348.4		0.704336
348.5		0.704336
348.6		0.704336
348.7		0.704336
348.8		0.704336
348.9		0.704336
349		0.704336
349.1		0.706074
349.2		0.706074
349.3		0.706074
349.4		0.706074
349.5		0.706074
349.6		0.706074
349.7		0.706074
349.8		0.706074
349.9		0.706074
350		0.706074
350.1		0.708333
350.2		0.708333
350.3		0.708333
350.4		0.708333
350.5		0.708333
350.6		0.708333
350.7		0.708333
350.8		0.708333
350.9		0.708333
351		0.708333
351.1		0.708637
351.2		0.708637
351.3		0.708637
351.4		0.708637
351.5		0.708637
351.6		0.708637
351.7		0.708637
351.8		0.708637
351.9		0.708637
352		0.708637
352.1		0.715155
352.2		0.715155
352.3		0.715155
352.4		0.715155
352.5		0.715155
352.6		0.715155
352.7		0.715155
352.8		0.715155
352.9		0.715155
353		0.715155
353.1		0.71598
353.2		0.71598
353.3		0.71598
353.4		0.71598
353.5		0.71598
353.6		0.71598
353.7		0.71598
353.8		0.71598
353.9		0.71598
354		0.71598
354.1		0.719586
354.2		0.719586
354.3		0.719586
354.4		0.719586
354.5		0.719586
354.6		0.719586
354.7		0.719586
354.8		0.719586
354.9		0.719586
355		0.719586
355.1		0.722541
355.2		0.722541
355.3		0.722541
355.4		0.722541
355.5		0.722541
355.6		0.722541
355.7		0.722541
355.8		0.722541
355.9		0.722541
356		0.722541
356.1		0.723453
356.2		0.723453
356.3		0.723453
356.4		0.723453
356.5		0.723453
356.6		0.723453
356.7		0.723453
356.8		0.723453
356.9		0.723453
357		0.723453
357.1		0.726495
357.2		0.726495
357.3		0.726495
357.4		0.726495
357.5		0.726495
357.6		0.726495
357.7		0.726495
357.8		0.726495
357.9		0.726495
358		0.726495
358.1		0.730753
358.2		0.730753
358.3		0.730753
358.4		0.730753
358.5		0.730753
358.6		0.730753
358.7		0.730753
358.8		0.730753
358.9		0.730753
359		0.730753
359.1		0.733099
359.2		0.733099
359.3		0.733099
359.4		0.733099
359.5		0.733099
359.6		0.733099
359.7		0.733099
359.8		0.733099
359.9		0.733099
360		0.733099
360.1		0.736879
360.2		0.736879
360.3		0.736879
360.4		0.736879
360.5		0.736879
360.6		0.736879
360.7		0.736879
360.8		0.736879
360.9		0.736879
361		0.736879
361.1		0.737791
361.2		0.737791
361.3		0.737791
361.4		0.737791
361.5		0.737791
361.6		0.737791
361.7		0.737791
361.8		0.737791
361.9		0.737791
362		0.737791
362.1		0.739964
362.2		0.739964
362.3		0.739964
362.4		0.739964
362.5		0.739964
362.6		0.739964
362.7		0.739964
362.8		0.739964
362.9		0.739964
363		0.739964
363.1		0.741658
363.2		0.741658
363.3		0.741658
363.4		0.741658
363.5		0.741658
363.6		0.741658
363.7		0.741658
363.8		0.741658
363.9		0.741658
364		0.741658
364.1		0.744178
364.2		0.744178
364.3		0.744178
364.4		0.744178
364.5		0.744178
364.6		0.744178
364.7		0.744178
364.8		0.744178
364.9		0.744178
365		0.744178
365.1		0.746568
365.2		0.746568
365.3		0.746568
365.4		0.746568
365.5		0.746568
365.6		0.746568
365.7		0.746568
365.8		0.746568
365.9		0.746568
366		0.746568
366.1		0.747046
366.2		0.747046
366.3		0.747046
366.4		0.747046
366.5		0.747046
366.6		0.747046
366.7		0.747046
366.8		0.747046
366.9		0.747046
367		0.747046
367.1		0.747958
367.2		0.747958
367.3		0.747958
367.4		0.747958
367.5		0.747958
367.6		0.747958
367.7		0.747958
367.8		0.747958
367.9		0.747958
368		0.747958
368.1		0.752694
368.2		0.752694
368.3		0.752694
368.4		0.752694
368.5		0.752694
368.6		0.752694
368.7		0.752694
368.8		0.752694
368.9		0.752694
369		0.752694
369.1		0.753867
369.2		0.753867
369.3		0.753867
369.4		0.753867
369.5		0.753867
369.6		0.753867
369.7		0.753867
369.8		0.753867
369.9		0.753867
370		0.753867
370.1		0.75504
370.2		0.75504
370.3		0.75504
370.4		0.75504
370.5		0.75504
370.6		0.75504
370.7		0.75504
370.8		0.75504
370.9		0.75504
371		0.75504
371.1		0.756257
371.2		0.756257
371.3		0.756257
371.4		0.756257
371.5		0.756257
371.6		0.756257
371.7		0.756257
371.8		0.756257
371.9		0.756257
372		0.756257
372.1		0.761905
372.2		0.761905
372.3		0.761905
372.4		0.761905
372.5		0.761905
372.6		0.761905
372.7		0.761905
372.8		0.761905
372.9		0.761905
373		0.761905
373.1		0.762339
373.2		0.762339
373.3		0.762339
373.4		0.762339
373.5		0.762339
373.6		0.762339
373.7		0.762339
373.8		0.762339
373.9		0.762339
374		0.762339
374.1		0.764164
374.2		0.764164
374.3		0.764164
374.4		0.764164
374.5		0.764164
374.6		0.764164
374.7		0.764164
374.8		0.764164
374.9		0.764164
375		0.764164
375.1		0.764512
375.2		0.764512
375.3		0.764512
375.4		0.764512
375.5		0.764512
375.6		0.764512
375.7		0.764512
375.8		0.764512
375.9		0.764512
376		0.764512
376.1		0.769639
376.2		0.769639
376.3		0.769639
376.4		0.769639
376.5		0.769639
376.6		0.769639
376.7		0.769639
376.8		0.769639
376.9		0.769639
377		0.769639
377.1		0.770855
377.2		0.770855
377.3		0.770855
377.4		0.770855
377.5		0.770855
377.6		0.770855
377.7		0.770855
377.8		0.770855
377.9		0.770855
378		0.770855
378.1		0.771594
378.2		0.771594
378.3		0.771594
378.4		0.771594
378.5		0.771594
378.6		0.771594
378.7		0.771594
378.8		0.771594
378.9		0.771594
379		0.771594
379.1		0.774548
379.2		0.774548
379.3		0.774548
379.4		0.774548
379.5		0.774548
379.6		0.774548
379.7		0.774548
379.8		0.774548
379.9		0.774548
380		0.774548
380.1		0.774548
380.2		0.774548
380.3		0.774548
380.4		0.774548
380.5		0.774548
380.6		0.774548
380.7		0.774548
380.8		0.774548
380.9		0.774548
381		0.774548
381.1		0.780674
381.2		0.780674
381.3		0.780674
381.4		0.780674
381.5		0.780674
381.6		0.780674
381.7		0.780674
381.8		0.780674
381.9		0.780674
382		0.780674
382.1		0.782586
382.2		0.782586
382.3		0.782586
382.4		0.782586
382.5		0.782586
382.6		0.782586
382.7		0.782586
382.8		0.782586
382.9		0.782586
383		0.782586
383.1		0.782629
383.2		0.782629
383.3		0.782629
383.4		0.782629
383.5		0.782629
383.6		0.782629
383.7		0.782629
383.8		0.782629
383.9		0.782629
384		0.782629
384.1		0.783325
384.2		0.783325
384.3		0.783325
384.4		0.783325
384.5		0.783325
384.6		0.783325
384.7		0.783325
384.8		0.783325
384.9		0.783325
385		0.783325
385.1		0.787322
385.2		0.787322
385.3		0.787322
385.4		0.787322
385.5		0.787322
385.6		0.787322
385.7		0.787322
385.8		0.787322
385.9		0.787322
386		0.787322
386.1		0.789625
386.2		0.789625
386.3		0.789625
386.4		0.789625
386.5		0.789625
386.6		0.789625
386.7		0.789625
386.8		0.789625
386.9		0.789625
387		0.789625
387.1		0.792101
387.2		0.792101
387.3		0.792101
387.4		0.792101
387.5		0.792101
387.6		0.792101
387.7		0.792101
387.8		0.792101
387.9		0.792101
388		0.792101
388.1		0.793014
388.2		0.793014
388.3		0.793014
388.4		0.793014
388.5		0.793014
388.6		0.793014
388.7		0.793014
388.8		0.793014
388.9		0.793014
389		0.793014
389.1		0.793361
389.2		0.793361
389.3		0.793361
389.4		0.793361
389.5		0.793361
389.6		0.793361
389.7		0.793361
389.8		0.793361
389.9		0.793361
390		0.793361
390.1		0.798358
390.2		0.798358
390.3		0.798358
390.4		0.798358
390.5		0.798358
390.6		0.798358
390.7		0.798358
390.8		0.798358
390.9		0.798358
391		0.798358
391.1		0.798836
391.2		0.798836
391.3		0.798836
391.4		0.798836
391.5		0.798836
391.6		0.798836
391.7		0.798836
391.8		0.798836
391.9		0.798836
392		0.798836
392.1		0.799835
392.2		0.799835
392.3		0.799835
392.4		0.799835
392.5		0.799835
392.6		0.799835
392.7		0.799835
392.8		0.799835
392.9		0.799835
393		0.799835
393.1		0.80192
393.2		0.80192
393.3		0.80192
393.4		0.80192
393.5		0.80192
393.6		0.80192
393.7		0.80192
393.8		0.80192
393.9		0.80192
394		0.80192
394.1		0.805309
394.2		0.805309
394.3		0.805309
394.4		0.805309
394.5		0.805309
394.6		0.805309
394.7		0.805309
394.8		0.805309
394.9		0.805309
395		0.805309
395.1		0.807873
395.2		0.807873
395.3		0.807873
395.4		0.807873
395.5		0.807873
395.6		0.807873
395.7		0.807873
395.8		0.807873
395.9		0.807873
396		0.807873
396.1		0.808264
396.2		0.808264
396.3		0.808264
396.4		0.808264
396.5		0.808264
396.6		0.808264
396.7		0.808264
396.8		0.808264
396.9		0.808264
397		0.808264
397.1		0.809176
397.2		0.809176
397.3		0.809176
397.4		0.809176
397.5		0.809176
397.6		0.809176
397.7		0.809176
397.8		0.809176
397.9		0.809176
398		0.809176
398.1		0.812696
398.2		0.812696
398.3		0.812696
398.4		0.812696
398.5		0.812696
398.6		0.812696
398.7		0.812696
398.8		0.812696
398.9		0.812696
399		0.812696
399.1		0.813912
399.2		0.813912
399.3		0.813912
399.4		0.813912
399.5		0.813912
399.6		0.813912
399.7		0.813912
399.8		0.813912
399.9		0.813912
400		0.813912
400.1		0.816258
400.2		0.816258
400.3		0.816258
400.4		0.816258
400.5		0.816258
400.6		0.816258
400.7		0.816258
400.8		0.816258
400.9		0.816258
401		0.816258
401.1		0.819039
401.2		0.819039
401.3		0.819039
401.4		0.819039
401.5		0.819039
401.6		0.819039
401.7		0.819039
401.8		0.819039
401.9		0.819039
402		0.819039
402.1		0.822862
402.2		0.822862
402.3		0.822862
402.4		0.822862
402.5		0.822862
402.6		0.822862
402.7		0.822862
402.8		0.822862
402.9		0.822862
403		0.822862
403.1		0.82434
403.2		0.82434
403.3		0.82434
403.4		0.82434
403.5		0.82434
403.6		0.82434
403.7		0.82434
403.8		0.82434
403.9		0.82434
404		0.82434
404.1		0.8246
404.2		0.8246
404.3		0.8246
404.4		0.8246
404.5		0.8246
404.6		0.8246
404.7		0.8246
404.8		0.8246
404.9		0.8246
405		0.8246
405.1		0.824818
405.2		0.824818
405.3		0.824818
405.4		0.824818
405.5		0.824818
405.6		0.824818
405.7		0.824818
405.8		0.824818
405.9		0.824818
406		0.824818
406.1		0.831074
406.2		0.831074
406.3		0.831074
406.4		0.831074
406.5		0.831074
406.6		0.831074
406.7		0.831074
406.8		0.831074
406.9		0.831074
407		0.831074
407.1		0.832117
407.2		0.832117
407.3		0.832117
407.4		0.832117
407.5		0.832117
407.6		0.832117
407.7		0.832117
407.8		0.832117
407.9		0.832117
408		0.832117
408.1		0.833637
408.2		0.833637
408.3		0.833637
408.4		0.833637
408.5		0.833637
408.6		0.833637
408.7		0.833637
408.8		0.833637
408.9		0.833637
409		0.833637
409.1		0.837113
409.2		0.837113
409.3		0.837113
409.4		0.837113
409.5		0.837113
409.6		0.837113
409.7		0.837113
409.8		0.837113
409.9		0.837113
410		0.837113
410.1		0.839633
410.2		0.839633
410.3		0.839633
410.4		0.839633
410.5		0.839633
410.6		0.839633
410.7		0.839633
410.8		0.839633
410.9		0.839633
411		0.839633
411.1		0.84098
411.2		0.84098
411.3		0.84098
411.4		0.84098
411.5		0.84098
411.6		0.84098
411.7		0.84098
411.8		0.84098
411.9		0.84098
412		0.84098
412.1		0.842544
412.2		0.842544
412.3		0.842544
412.4		0.842544
412.5		0.842544
412.6		0.842544
412.7		0.842544
412.8		0.842544
412.9		0.842544
413		0.842544
413.1		0.845238
413.2		0.845238
413.3		0.845238
413.4		0.845238
413.5		0.845238
413.6		0.845238
413.7		0.845238
413.8		0.845238
413.9		0.845238
414		0.845238
414.1		0.846846
414.2		0.846846
414.3		0.846846
414.4		0.846846
414.5		0.846846
414.6		0.846846
414.7		0.846846
414.8		0.846846
414.9		0.846846
415		0.846846
415.1		0.849539
415.2		0.849539
415.3		0.849539
415.4		0.849539
415.5		0.849539
415.6		0.849539
415.7		0.849539
415.8		0.849539
415.9		0.849539
416		0.849539
416.1		0.853233
416.2		0.853233
416.3		0.853233
416.4		0.853233
416.5		0.853233
416.6		0.853233
416.7		0.853233
416.8		0.853233
416.9		0.853233
417		0.853233
417.1		0.854145
417.2		0.854145
417.3		0.854145
417.4		0.854145
417.5		0.854145
417.6		0.854145
417.7		0.854145
417.8		0.854145
417.9		0.854145
418		0.854145
418.1		0.855666
418.2		0.855666
418.3		0.855666
418.4		0.855666
418.5		0.855666
418.6		0.855666
418.7		0.855666
418.8		0.855666
418.9		0.855666
419		0.855666
419.1		0.858577
419.2		0.858577
419.3		0.858577
419.4		0.858577
419.5		0.858577
419.6		0.858577
419.7		0.858577
419.8		0.858577
419.9		0.858577
420		0.858577
420.1		0.8624
420.2		0.8624
420.3		0.8624
420.4		0.8624
420.5		0.8624
420.6		0.8624
420.7		0.8624
420.8		0.8624
420.9		0.8624
421		0.8624
421.1		0.86366
421.2		0.86366
421.3		0.86366
421.4		0.86366
421.5		0.86366
421.6		0.86366
421.7		0.86366
421.8		0.86366
421.9		0.86366
422		0.86366
422.1		0.863921
422.2		0.863921
422.3		0.863921
422.4		0.863921
422.5		0.863921
422.6		0.863921
422.7		0.863921
422.8		0.863921
422.9		0.863921
423		0.863921
423.1		0.86505
423.2		0.86505
423.3		0.86505
423.4		0.86505
423.5		0.86505
423.6		0.86505
423.7		0.86505
423.8		0.86505
423.9		0.86505
424		0.86505
424.1		0.869743
424.2		0.869743
424.3		0.869743
424.4		0.869743
424.5		0.869743
424.6		0.869743
424.7		0.869743
424.8		0.869743
424.9		0.869743
425		0.869743
425.1		0.870568
425.2		0.870568
425.3		0.870568
425.4		0.870568
425.5		0.870568
425.6		0.870568
425.7		0.870568
425.8		0.870568
425.9		0.870568
426		0.870568
426.1		0.872046
426.2		0.872046
426.3		0.872046
426.4		0.872046
426.5		0.872046
426.6		0.872046
426.7		0.872046
426.8		0.872046
426.9		0.872046
427		0.872046
427.1		0.872697
427.2		0.872697
427.3		0.872697
427.4		0.872697
427.5		0.872697
427.6		0.872697
427.7		0.872697
427.8		0.872697
427.9		0.872697
428		0.872697
428.1		0.878389
428.2		0.878389
428.3		0.878389
428.4		0.878389
428.5		0.878389
428.6		0.878389
428.7		0.878389
428.8		0.878389
428.9		0.878389
429		0.878389
429.1		0.878737
429.2		0.878737
429.3		0.878737
429.4		0.878737
429.5		0.878737
429.6		0.878737
429.7		0.878737
429.8		0.878737
429.9		0.878737
430		0.878737
430.1		0.879866
430.2		0.879866
430.3		0.879866
430.4		0.879866
430.5		0.879866
430.6		0.879866
430.7		0.879866
430.8		0.879866
430.9		0.879866
431		0.879866
431.1		0.881474
431.2		0.881474
431.3		0.881474
431.4		0.881474
431.5		0.881474
431.6		0.881474
431.7		0.881474
431.8		0.881474
431.9		0.881474
432		0.881474
432.1		0.885036
432.2		0.885036
432.3		0.885036
432.4		0.885036
432.5		0.885036
432.6		0.885036
432.7		0.885036
432.8		0.885036
432.9		0.885036
433		0.885036
433.1		0.886948
433.2		0.886948
433.3		0.886948
433.4		0.886948
433.5		0.886948
433.6		0.886948
433.7		0.886948
433.8		0.886948
433.9		0.886948
434		0.886948
434.1		0.888382
434.2		0.888382
434.3		0.888382
434.4		0.888382
434.5		0.888382
434.6		0.888382
434.7		0.888382
434.8		0.888382
434.9		0.888382
435		0.888382
435.1		0.888556
435.2		0.888556
435.3		0.888556
435.4		0.888556
435.5		0.888556
435.6		0.888556
435.7		0.888556
435.8		0.888556
435.9		0.888556
436		0.888556
436.1		0.893465
436.2		0.893465
436.3		0.893465
436.4		0.893465
436.5		0.893465
436.6		0.893465
436.7		0.893465
436.8		0.893465
436.9		0.893465
437		0.893465
437.1		0.894117
437.2		0.894117
437.3		0.894117
437.4		0.894117
437.5		0.894117
437.6		0.894117
437.7		0.894117
437.8		0.894117
437.9		0.894117
438		0.894117
438.1		0.896203
438.2		0.896203
438.3		0.896203
438.4		0.896203
438.5		0.896203
438.6		0.896203
438.7		0.896203
438.8		0.896203
438.9		0.896203
439		0.896203
439.1		0.899114
439.2		0.899114
439.3		0.899114
439.4		0.899114
439.5		0.899114
439.6		0.899114
439.7		0.899114
439.8		0.899114
439.9		0.899114
440		0.899114
440.1		0.899244
440.2		0.899244
440.3		0.899244
440.4		0.899244
440.5		0.899244
440.6		0.899244
440.7		0.899244
440.8		0.899244
440.9		0.899244
441		0.899244
441.1		0.903328
441.2		0.903328
441.3		0.903328
441.4		0.903328
441.5		0.903328
441.6		0.903328
441.7		0.903328
441.8		0.903328
441.9		0.903328
442		0.903328
442.1		0.904371
442.2		0.904371
442.3		0.904371
442.4		0.904371
442.5		0.904371
442.6		0.904371
442.7		0.904371
442.8		0.904371
442.9		0.904371
443		0.904371
443.1		0.906761
443.2		0.906761
443.3		0.906761
443.4		0.906761
443.5		0.906761
443.6		0.906761
443.7		0.906761
443.8		0.906761
443.9		0.906761
444		0.906761
444.1		0.908281
444.2		0.908281
444.3		0.908281
444.4		0.908281
444.5		0.908281
444.6		0.908281
444.7		0.908281
444.8		0.908281
444.9		0.908281
445		0.908281
445.1		0.911627
445.2		0.911627
445.3		0.911627
445.4		0.911627
445.5		0.911627
445.6		0.911627
445.7		0.911627
445.8		0.911627
445.9		0.911627
446		0.911627
446.1		0.91419
446.2		0.91419
446.3		0.91419
446.4		0.91419
446.5		0.91419
446.6		0.91419
446.7		0.91419
446.8		0.91419
446.9		0.91419
447		0.91419
447.1		0.914842
447.2		0.914842
447.3		0.914842
447.4		0.914842
447.5		0.914842
447.6		0.914842
447.7		0.914842
447.8		0.914842
447.9		0.914842
448		0.914842
448.1		0.915494
448.2		0.915494
448.3		0.915494
448.4		0.915494
448.5		0.915494
448.6		0.915494
448.7		0.915494
448.8		0.915494
448.9		0.915494
449		0.915494
449.1		0.9191
449.2		0.9191
449.3		0.9191
449.4		0.9191
449.5		0.9191
449.6		0.9191
449.7		0.9191
449.8		0.9191
449.9		0.9191
450		0.9191
450.1		0.923401
450.2		0.923401
450.3		0.923401
450.4		0.923401
450.5		0.923401
450.6		0.923401
450.7		0.923401
450.8		0.923401
450.9		0.923401
451		0.923401
451.1		0.923575
451.2		0.923575
451.3		0.923575
451.4		0.923575
451.5		0.923575
451.6		0.923575
451.7		0.923575
451.8		0.923575
451.9		0.923575
452		0.923575
452.1		0.926138
452.2		0.926138
452.3		0.926138
452.4		0.926138
452.5		0.926138
452.6		0.926138
452.7		0.926138
452.8		0.926138
452.9		0.926138
453		0.926138
453.1		0.927789
453.2		0.927789
453.3		0.927789
453.4		0.927789
453.5		0.927789
453.6		0.927789
453.7		0.927789
453.8		0.927789
453.9		0.927789
454		0.927789
454.1		0.929527
454.2		0.929527
454.3		0.929527
454.4		0.929527
454.5		0.929527
454.6		0.929527
454.7		0.929527
454.8		0.929527
454.9		0.929527
455		0.929527
455.1		0.932004
455.2		0.932004
455.3		0.932004
455.4		0.932004
455.5		0.932004
455.6		0.932004
455.7		0.932004
455.8		0.932004
455.9		0.932004
456		0.932004
456.1		0.934046
456.2		0.934046
456.3		0.934046
456.4		0.934046
456.5		0.934046
456.6		0.934046
456.7		0.934046
456.8		0.934046
456.9		0.934046
457		0.934046
457.1		0.935871
457.2		0.935871
457.3		0.935871
457.4		0.935871
457.5		0.935871
457.6		0.935871
457.7		0.935871
457.8		0.935871
457.9		0.935871
458		0.935871
458.1		0.937478
458.2		0.937478
458.3		0.937478
458.4		0.937478
458.5		0.937478
458.6		0.937478
458.7		0.937478
458.8		0.937478
458.9		0.937478
459		0.937478
459.1		0.938956
459.2		0.938956
459.3		0.938956
459.4		0.938956
459.5		0.938956
459.6		0.938956
459.7		0.938956
459.8		0.938956
459.9		0.938956
460		0.938956
460.1		0.93926
460.2		0.93926
460.3		0.93926
460.4		0.93926
460.5		0.93926
460.6		0.93926
460.7		0.93926
460.8		0.93926
460.9		0.93926
461		0.93926
461.1		0.941215
461.2		0.941215
461.3		0.941215
461.4		0.941215
461.5		0.941215
461.6		0.941215
461.7		0.941215
461.8		0.941215
461.9		0.941215
462		0.941215
462.1		0.94695
462.2		0.94695
462.3		0.94695
462.4		0.94695
462.5		0.94695
462.6		0.94695
462.7		0.94695
462.8		0.94695
462.9		0.94695
463		0.94695
463.1		0.948384
463.2		0.948384
463.3		0.948384
463.4		0.948384
463.5		0.948384
463.6		0.948384
463.7		0.948384
463.8		0.948384
463.9		0.948384
464		0.948384
464.1		0.948688
464.2		0.948688
464.3		0.948688
464.4		0.948688
464.5		0.948688
464.6		0.948688
464.7		0.948688
464.8		0.948688
464.9		0.948688
465		0.948688
465.1		0.949818
465.2		0.949818
465.3		0.949818
465.4		0.949818
465.5		0.949818
465.6		0.949818
465.7		0.949818
465.8		0.949818
465.9		0.949818
466		0.949818
466.1		0.955249
466.2		0.955249
466.3		0.955249
466.4		0.955249
466.5		0.955249
466.6		0.955249
466.7		0.955249
466.8		0.955249
466.9		0.955249
467		0.955249
467.1		0.95564
467.2		0.95564
467.3		0.95564
467.4		0.95564
467.5		0.95564
467.6		0.95564
467.7		0.95564
467.8		0.95564
467.9		0.95564
468		0.95564
468.1		0.958855
468.2		0.958855
468.3		0.958855
468.4		0.958855
468.5		0.958855
468.6		0.958855
468.7		0.958855
468.8		0.958855
468.9		0.958855
469		0.958855
469.1		0.959115
469.2		0.959115
469.3		0.959115
469.4		0.959115
469.5		0.959115
469.6		0.959115
469.7		0.959115
469.8		0.959115
469.9		0.959115
470		0.959115
470.1		0.963851
470.2		0.963851
470.3		0.963851
470.4		0.963851
470.5		0.963851
470.6		0.963851
470.7		0.963851
470.8		0.963851
470.9		0.963851
471		0.963851
471.1		0.964329
471.2		0.964329
471.3		0.964329
471.4		0.964329
471.5		0.964329
471.6		0.964329
471.7		0.964329
471.8		0.964329
471.9		0.964329
472		0.964329
472.1		0.965459
472.2		0.965459
472.3		0.965459
472.4		0.965459
472.5		0.965459
472.6		0.965459
472.7		0.965459
472.8		0.965459
472.9		0.965459
473		0.965459
473.1		0.966675
473.2		0.966675
473.3		0.966675
473.4		0.966675
473.5		0.966675
473.6		0.966675
473.7		0.966675
473.8		0.966675
473.9		0.966675
474		0.966675
474.1		0.970325
474.2		0.970325
474.3		0.970325
474.4		0.970325
474.5		0.970325
474.6		0.970325
474.7		0.970325
474.8		0.970325
474.9		0.970325
475		0.970325
475.1		0.972845
475.2		0.972845
475.3		0.972845
475.4		0.972845
475.5		0.972845
475.6		0.972845
475.7		0.972845
475.8		0.972845
475.9		0.972845
476		0.972845
476.1		0.974192
476.2		0.974192
476.3		0.974192
476.4		0.974192
476.5		0.974192
476.6		0.974192
476.7		0.974192
476.8		0.974192
476.9		0.974192
477		0.974192
477.1		0.975148
477.2		0.975148
477.3		0.975148
477.4		0.975148
477.5		0.975148
477.6		0.975148
477.7		0.975148
477.8		0.975148
477.9		0.975148
478		0.975148
478.1		0.977146
478.2		0.977146
478.3		0.977146
478.4		0.977146
478.5		0.977146
478.6		0.977146
478.7		0.977146
478.8		0.977146
478.9		0.977146
479		0.977146
479.1		0.97997
479.2		0.97997
479.3		0.97997
479.4		0.97997
479.5		0.97997
479.6		0.97997
479.7		0.97997
479.8		0.97997
479.9		0.97997
480		0.97997
480.1		0.981926
480.2		0.981926
480.3		0.981926
480.4		0.981926
480.5		0.981926
480.6		0.981926
480.7		0.981926
480.8		0.981926
480.9		0.981926
481		0.981926
481.1		0.98223
481.2		0.98223
481.3		0.98223
481.4		0.98223
481.5		0.98223
481.6		0.98223
481.7		0.98223
481.8		0.98223
481.9		0.98223
482		0.98223
482.1		0.984185
482.2		0.984185
482.3		0.984185
482.4		0.984185
482.5		0.984185
482.6		0.984185
482.7		0.984185
482.8		0.984185
482.9		0.984185
483		0.984185
483.1		0.987357
483.2		0.987357
483.3		0.987357
483.4		0.987357
483.5		0.987357
483.6		0.987357
483.7		0.987357
483.8		0.987357
483.9		0.987357
484		0.987357
484.1		0.990094
484.2		0.990094
484.3		0.990094
484.4		0.990094
484.5		0.990094
484.6		0.990094
484.7		0.990094
484.8		0.990094
484.9		0.990094
485		0.990094
485.1		0.990268
485.2		0.990268
485.3		0.990268
485.4		0.990268
485.5		0.990268
485.6		0.990268
485.7		0.990268
485.8		0.990268
485.9		0.990268
486		0.990268
486.1		0.993048
486.2		0.993048
486.3		0.993048
486.4		0.993048
486.5		0.993048
486.6		0.993048
486.7		0.993048
486.8		0.993048
486.9		0.993048
487		0.993048
487.1		0.995612
487.2		0.995612
487.3		0.995612
487.4		0.995612
487.5		0.995612
487.6		0.995612
487.7		0.995612
487.8		0.995612
487.9		0.995612
488		0.995612
488.1		0.997784
488.2		0.997784
488.3		0.997784
488.4		0.997784
488.5		0.997784
488.6		0.997784
488.7		0.997784
488.8		0.997784
488.9		0.997784
489		0.997784
489.1		0.999696
489.2		0.999696
489.3		0.999696
489.4		0.999696
489.5		0.999696
489.6		0.999696
489.7		0.999696
489.8		0.999696
489.9		0.999696
490		0.999696
490.1		1
490.2		1
490.3		1
490.4		1
490.5		1
490.6		1
490.7		1
490.8		1
490.9		1
491		1
491.1		1
491.2		1
491.3		1
491.4		1
491.5		1
491.6		1
491.7		1
491.8		1
491.9		1
492		1
492.1		1
492.2		1
492.3		1
492.4		1
492.5		1
492.6		1
492.7		1
492.8		1
492.9		1
493		1
493.1		1
493.2		1
493.3		1
493.4		1
493.5		1
493.6		1
493.7		1
493.8		1
493.9		1
494		1
494.1		1
494.2		1
494.3		1
494.4		1
494.5		1
494.6		1
494.7		1
494.8		1
494.9		1
495		1
495.1		1
495.2		1
495.3		1
495.4		1
495.5		1
495.6		1
495.7		1
495.8		1
495.9		1
496		1
496.1		1
496.2		1
496.3		1
496.4		1
496.5		1
496.6		1
496.7		1
496.8		1
496.9		1
497		1
497.1		1
497.2		1
497.3		1
497.4		1
497.5		1
497.6		1
497.7		1
497.8		1
497.9		1
498		1
498.1		1
498.2		1
498.3		1
498.4		1
498.5		1
498.6		1
498.7		1
498.8		1
498.9		1
499		1
499.1		1
499.2		1
499.3		1
499.4		1
499.5		1
499.6		1
499.7		1
499.8		1
499.9		1
500		1
500.1		1
500.2		1
500.3		1
500.4		1
500.5		1
500.6		1
500.7		1
500.8		1
500.9		1
501		1
501.1		1
501.2		1
501.3		1
501.4		1
501.5		1
501.6		1
501.7		1
501.8		1
501.9		1
502		1
502.1		1
502.2		1
502.3		1
502.4		1
502.5		1
502.6		1
502.7		1
502.8		1
502.9		1
503		1
503.1		1
503.2		1
503.3		1
503.4		1
503.5		1
503.6		1
503.7		1
503.8		1
503.9		1
504		1
504.1		1
504.2		1
504.3		1
504.4		1
504.5		1
504.6		1
504.7		1
504.8		1
504.9		1
505		1
505.1		1
505.2		1
505.3		1
505.4		1
505.5		1
505.6		1
505.7		1
505.8		1
505.9		1
506		1
506.1		1
506.2		1
506.3		1
506.4		1
506.5		1
506.6		1
506.7		1
506.8		1
506.9		1
507		1
507.1		1
507.2		1
507.3		1
507.4		1
507.5		1
507.6		1
507.7		1
507.8		1
507.9		1
508		1
508.1		1
508.2		1
508.3		1
508.4		1
508.5		1
508.6		1
508.7		1
508.8		1
508.9		1
509		1
509.1		1
509.2		1
509.3		1
509.4		1
509.5		1
509.6		1
509.7		1
509.8		1
509.9		1
510		1
510.1		1
510.2		1
510.3		1
510.4		1
510.5		1
510.6		1
510.7		1
510.8		1
510.9		1
511		1
511.1		1
511.2		1
511.3		1
511.4		1
511.5		1
511.6		1
511.7		1
511.8		1
511.9		1
512		1
512.1		1
512.2		1
512.3		1
512.4		1
512.5		1
512.6		1
512.7		1
512.8		1
512.9		1
513		1
513.1		1
513.2		1
513.3		1
513.4		1
513.5		1
513.6		1
513.7		1
513.8		1
513.9		1
514		1
514.1		1
514.2		1
514.3		1
514.4		1
514.5		1
514.6		1
514.7		1
514.8		1
514.9		1
515		1
515.1		1
515.2		1
515.3		1
515.4		1
515.5		1
515.6		1
515.7		1
515.8		1
515.9		1
516		1
516.1		1
516.2		1
516.3		1
516.4		1
516.5		1
516.6		1
516.7		1
516.8		1
516.9		1
517		1
517.1		1
517.2		1
517.3		1
517.4		1
517.5		1
517.6		1
517.7		1
517.8		1
517.9		1
518		1
518.1		1
518.2		1
518.3		1
518.4		1
518.5		1
518.6		1
518.7		1
518.8		1
518.9		1
519		1
519.1		1
519.2		1
519.3		1
519.4		1
519.5		1
519.6		1
519.7		1
519.8		1
519.9		1
520		1
520.1		1
520.2		1
520.3		1
520.4		1
520.5		1
520.6		1
520.7		1
520.8		1
520.9		1
521		1
521.1		1
521.2		1
521.3		1
521.4		1
521.5		1
521.6		1
521.7		1
521.8		1
521.9		1
522		1
522.1		1
522.2		1
522.3		1
522.4		1
522.5		1
522.6		1
522.7		1
522.8		1
522.9		1
523		1
523.1		1
523.2		1
523.3		1
523.4		1
523.5		1
523.6		1
523.7		1
523.8		1
523.9		1
524		1
524.1		1
524.2		1
524.3		1
524.4		1
524.5		1
524.6		1
524.7		1
524.8		1
524.9		1
525		1
525.1		1
525.2		1
525.3		1
525.4		1
525.5		1
525.6		1
525.7		1
525.8		1
525.9		1
526		1
526.1		1
526.2		1
526.3		1
526.4		1
526.5		1
526.6		1
526.7		1
526.8		1
526.9		1
527		1
527.1		1
527.2		1
527.3		1
527.4		1
527.5		1
527.6		1
527.7		1
527.8		1
527.9		1
528		1
528.1		1
528.2		1
528.3		1
528.4		1
528.5		1
528.6		1
528.7		1
528.8		1
528.9		1
529		1
529.1		1
529.2		1
529.3		1
529.4		1
529.5		1
529.6		1
529.7		1
529.8		1
529.9		1
530		1
530.1		1
530.2		1
530.3		1
530.4		1
530.5		1
530.6		1
530.7		1
530.8		1
530.9		1
531		1
531.1		1
531.2		1
531.3		1
531.4		1
531.5		1
531.6		1
531.7		1
531.8		1
531.9		1
532		1
532.1		1
532.2		1
532.3		1
532.4		1
532.5		1
532.6		1
532.7		1
532.8		1
532.9		1
533		1
533.1		1
533.2		1
533.3		1
533.4		1
533.5		1
533.6		1
533.7		1
533.8		1
533.9		1
534		1
534.1		1
534.2		1
534.3		1
534.4		1
534.5		1
534.6		1
534.7		1
534.8		1
534.9		1
535		1
535.1		1
535.2		1
535.3		1
535.4		1
535.5		1
535.6		1
535.7		1
535.8		1
535.9		1
536		1
536.1		1
536.2		1
536.3		1
536.4		1
536.5		1
536.6		1
536.7		1
536.8		1
536.9		1
537		1
537.1		1
537.2		1
537.3		1
537.4		1
537.5		1
537.6		1
537.7		1
537.8		1
537.9		1
538		1
538.1		1
538.2		1
538.3		1
538.4		1
538.5		1
538.6		1
538.7		1
538.8		1
538.9		1
539		1
539.1		1
539.2		1
539.3		1
539.4		1
539.5		1
539.6		1
539.7		1
539.8		1
539.9		1
540		1
540.1		1
540.2		1
540.3		1
540.4		1
540.5		1
540.6		1
540.7		1
540.8		1
540.9		1
541		1
541.1		1
541.2		1
541.3		1
541.4		1
541.5		1
541.6		1
541.7		1
541.8		1
541.9		1
542		1
542.1		1
542.2		1
542.3		1
542.4		1
542.5		1
542.6		1
542.7		1
542.8		1
542.9		1
543		1
543.1		1
543.2		1
543.3		1
543.4		1
543.5		1
543.6		1
543.7		1
543.8		1
543.9		1
544		1
544.1		1
544.2		1
544.3		1
544.4		1
544.5		1
544.6		1
544.7		1
544.8		1
544.9		1
545		1
545.1		1
545.2		1
545.3		1
545.4		1
545.5		1
545.6		1
545.7		1
545.8		1
545.9		1
546		1
546.1		1
546.2		1
546.3		1
546.4		1
546.5		1
546.6		1
546.7		1
546.8		1
546.9		1
547		1
547.1		1
547.2		1
547.3		1
547.4		1
547.5		1
547.6		1
547.7		1
547.8		1
547.9		1
548		1
548.1		1
548.2		1
548.3		1
548.4		1
548.5		1
548.6		1
548.7		1
548.8		1
548.9		1
549		1
549.1		1
549.2		1
549.3		1
549.4		1
549.5		1
549.6		1
549.7		1
549.8		1
549.9		1
550		1
550.1		1
550.2		1
550.3		1
550.4		1
550.5		1
550.6		1
550.7		1
550.8		1
550.9		1
551		1
551.1		1
551.2		1
551.3		1
551.4		1
551.5		1
551.6		1
551.7		1
551.8		1
551.9		1
552		1
552.1		1
552.2		1
552.3		1
552.4		1
552.5		1
552.6		1
552.7		1
552.8		1
552.9		1
553		1
553.1		1
553.2		1
553.3		1
553.4		1
553.5		1
553.6		1
553.7		1
553.8		1
553.9		1
554		1
554.1		1
554.2		1
554.3		1
554.4		1
554.5		1
554.6		1
554.7		1
554.8		1
554.9		1
555		1
555.1		1
555.2		1
555.3		1
555.4		1
555.5		1
555.6		1
555.7		1
555.8		1
555.9		1
556		1
556.1		1
556.2		1
556.3		1
556.4		1
556.5		1
556.6		1
556.7		1
556.8		1
556.9		1
557		1
557.1		1
557.2		1
557.3		1
557.4		1
557.5		1
557.6		1
557.7		1
557.8		1
557.9		1
558		1
558.1		1
558.2		1
558.3		1
558.4		1
558.5		1
558.6		1
558.7		1
558.8		1
558.9		1
559		1
559.1		1
559.2		1
559.3		1
559.4		1
559.5		1
559.6		1
559.7		1
559.8		1
559.9		1
560		1
560.1		1
560.2		1
560.3		1
560.4		1
560.5		1
560.6		1
560.7		1
560.8		1
560.9		1
561		1
561.1		1
561.2		1
561.3		1
561.4		1
561.5		1
561.6		1
561.7		1
561.8		1
561.9		1
562		1
562.1		1
562.2		1
562.3		1
562.4		1
562.5		1
562.6		1
562.7		1
562.8		1
562.9		1
563		1
563.1		1
563.2		1
563.3		1
563.4		1
563.5		1
563.6		1
563.7		1
563.8		1
563.9		1
564		1
564.1		1
564.2		1
564.3		1
564.4		1
564.5		1
564.6		1
564.7		1
564.8		1
564.9		1
565		1
565.1		1
565.2		1
565.3		1
565.4		1
565.5		1
565.6		1
565.7		1
565.8		1
565.9		1
566		1
566.1		1
566.2		1
566.3		1
566.4		1
566.5		1
566.6		1
566.7		1
566.8		1
566.9		1
567		1
567.1		1
567.2		1
567.3		1
567.4		1
567.5		1
567.6		1
567.7		1
567.8		1
567.9		1
568		1
568.1		1
568.2		1
568.3		1
568.4		1
568.5		1
568.6		1
568.7		1
568.8		1
568.9		1
569		1
569.1		1
569.2		1
569.3		1
569.4		1
569.5		1
569.6		1
569.7		1
569.8		1
569.9		1
570		1
570.1		1
570.2		1
570.3		1
570.4		1
570.5		1
570.6		1
570.7		1
570.8		1
570.9		1
571		1
571.1		1
571.2		1
571.3		1
571.4		1
571.5		1
571.6		1
571.7		1
571.8		1
571.9		1
572		1
572.1		1
572.2		1
572.3		1
572.4		1
572.5		1
572.6		1
572.7		1
572.8		1
572.9		1
573		1
573.1		1
573.2		1
573.3		1
573.4		1
573.5		1
573.6		1
573.7		1
573.8		1
573.9		1
574		1
574.1		1
574.2		1
574.3		1
574.4		1
574.5		1
574.6		1
574.7		1
574.8		1
574.9		1
575		1
575.1		1
575.2		1
575.3		1
575.4		1
575.5		1
575.6		1
575.7		1
575.8		1
575.9		1
576		1
576.1		1
576.2		1
576.3		1
576.4		1
576.5		1
576.6		1
576.7		1
576.8		1
576.9		1
577		1
577.1		1
577.2		1
577.3		1
577.4		1
577.5		1
577.6		1
577.7		1
577.8		1
577.9		1
578		1
578.1		1
578.2		1
578.3		1
578.4		1
578.5		1
578.6		1
578.7		1
578.8		1
578.9		1
579		1
579.1		1
579.2		1
579.3		1
579.4		1
579.5		1
579.6		1
579.7		1
579.8		1
579.9		1
580		1
580.1		1
580.2		1
580.3		1
580.4		1
580.5		1
580.6		1
580.7		1
580.8		1
580.9		1
581		1
581.1		1
581.2		1
581.3		1
581.4		1
581.5		1
581.6		1
581.7		1
581.8		1
581.9		1
582		1
582.1		1
582.2		1
582.3		1
582.4		1
582.5		1
582.6		1
582.7		1
582.8		1
582.9		1
583		1
583.1		1
583.2		1
583.3		1
583.4		1
583.5		1
583.6		1
583.7		1
583.8		1
583.9		1
584		1
584.1		1
584.2		1
584.3		1
584.4		1
584.5		1
584.6		1
584.7		1
584.8		1
584.9		1
585		1
585.1		1
585.2		1
585.3		1
585.4		1
585.5		1
585.6		1
585.7		1
585.8		1
585.9		1
586		1
586.1		1
586.2		1
586.3		1
586.4		1
586.5		1
586.6		1
586.7		1
586.8		1
586.9		1
587		1
587.1		1
587.2		1
587.3		1
587.4		1
587.5		1
587.6		1
587.7		1
587.8		1
587.9		1
588		1
588.1		1
588.2		1
588.3		1
588.4		1
588.5		1
588.6		1
588.7		1
588.8		1
588.9		1
589		1
589.1		1
589.2		1
589.3		1
589.4		1
589.5		1
589.6		1
589.7		1
589.8		1
589.9		1
590		1
590.1		1
590.2		1
590.3		1
590.4		1
590.5		1
590.6		1
590.7		1
590.8		1
590.9		1
591		1
591.1		1
591.2		1
591.3		1
591.4		1
591.5		1
591.6		1
591.7		1
591.8		1
591.9		1
592		1
592.1		1
592.2		1
592.3		1
592.4		1
592.5		1
592.6		1
592.7		1
592.8		1
592.9		1
593		1
593.1		1
593.2		1
593.3		1
593.4		1
593.5		1
593.6		1
593.7		1
593.8		1
593.9		1
594		1
594.1		1
594.2		1
594.3		1
594.4		1
594.5		1
594.6		1
594.7		1
594.8		1
594.9		1
595		1
595.1		1
595.2		1
595.3		1
595.4		1
595.5		1
595.6		1
595.7		1
595.8		1
595.9		1
596		1
596.1		1
596.2		1
596.3		1
596.4		1
596.5		1
596.6		1
596.7		1
596.8		1
596.9		1
597		1
597.1		1
597.2		1
597.3		1
597.4		1
597.5		1
597.6		1
597.7		1
597.8		1
597.9		1
598		1
598.1		1
598.2		1
598.3		1
598.4		1
598.5		1
598.6		1
598.7		1
598.8		1
598.9		1
599		1
599.1		1
599.2		1
599.3		1
599.4		1
599.5		1
599.6		1
599.7		1
599.8		1
599.9		1
600		1
