# Calibration file of tamex_id 2 @ channel 5
# fine_T bin		 Calibration value
0.1		0
0.2		0
0.3		0
0.4		0
0.5		0
0.6		0
0.7		0
0.8		0
0.9		0
1		0
1.1		0
1.2		0
1.3		0
1.4		0
1.5		0
1.6		0
1.7		0
1.8		0
1.9		0
2		0
2.1		0
2.2		0
2.3		0
2.4		0
2.5		0
2.6		0
2.7		0
2.8		0
2.9		0
3		0
3.1		0
3.2		0
3.3		0
3.4		0
3.5		0
3.6		0
3.7		0
3.8		0
3.9		0
4		0
4.1		0
4.2		0
4.3		0
4.4		0
4.5		0
4.6		0
4.7		0
4.8		0
4.9		0
5		0
5.1		0
5.2		0
5.3		0
5.4		0
5.5		0
5.6		0
5.7		0
5.8		0
5.9		0
6		0
6.1		0
6.2		0
6.3		0
6.4		0
6.5		0
6.6		0
6.7		0
6.8		0
6.9		0
7		0
7.1		0
7.2		0
7.3		0
7.4		0
7.5		0
7.6		0
7.7		0
7.8		0
7.9		0
8		0
8.1		0
8.2		0
8.3		0
8.4		0
8.5		0
8.6		0
8.7		0
8.8		0
8.9		0
9		0
9.1		0
9.2		0
9.3		0
9.4		0
9.5		0
9.6		0
9.7		0
9.8		0
9.9		0
10		0
10.1		0
10.2		0
10.3		0
10.4		0
10.5		0
10.6		0
10.7		0
10.8		0
10.9		0
11		0
11.1		0
11.2		0
11.3		0
11.4		0
11.5		0
11.6		0
11.7		0
11.8		0
11.9		0
12		0
12.1		0
12.2		0
12.3		0
12.4		0
12.5		0
12.6		0
12.7		0
12.8		0
12.9		0
13		0
13.1		0
13.2		0
13.3		0
13.4		0
13.5		0
13.6		0
13.7		0
13.8		0
13.9		0
14		0
14.1		0
14.2		0
14.3		0
14.4		0
14.5		0
14.6		0
14.7		0
14.8		0
14.9		0
15		0
15.1		0
15.2		0
15.3		0
15.4		0
15.5		0
15.6		0
15.7		0
15.8		0
15.9		0
16		0
16.1		0.00594884
16.2		0.00594884
16.3		0.00594884
16.4		0.00594884
16.5		0.00594884
16.6		0.00594884
16.7		0.00594884
16.8		0.00594884
16.9		0.00594884
17		0.00594884
17.1		0.00951814
17.2		0.00951814
17.3		0.00951814
17.4		0.00951814
17.5		0.00951814
17.6		0.00951814
17.7		0.00951814
17.8		0.00951814
17.9		0.00951814
18		0.00951814
18.1		0.0113028
18.2		0.0113028
18.3		0.0113028
18.4		0.0113028
18.5		0.0113028
18.6		0.0113028
18.7		0.0113028
18.8		0.0113028
18.9		0.0113028
19		0.0113028
19.1		0.0148721
19.2		0.0148721
19.3		0.0148721
19.4		0.0148721
19.5		0.0148721
19.6		0.0148721
19.7		0.0148721
19.8		0.0148721
19.9		0.0148721
20		0.0148721
20.1		0.0202261
20.2		0.0202261
20.3		0.0202261
20.4		0.0202261
20.5		0.0202261
20.6		0.0202261
20.7		0.0202261
20.8		0.0202261
20.9		0.0202261
21		0.0202261
21.1		0.0214158
21.2		0.0214158
21.3		0.0214158
21.4		0.0214158
21.5		0.0214158
21.6		0.0214158
21.7		0.0214158
21.8		0.0214158
21.9		0.0214158
22		0.0214158
22.1		0.0226056
22.2		0.0226056
22.3		0.0226056
22.4		0.0226056
22.5		0.0226056
22.6		0.0226056
22.7		0.0226056
22.8		0.0226056
22.9		0.0226056
23		0.0226056
23.1		0.0232005
23.2		0.0232005
23.3		0.0232005
23.4		0.0232005
23.5		0.0232005
23.6		0.0232005
23.7		0.0232005
23.8		0.0232005
23.9		0.0232005
24		0.0232005
24.1		0.0249851
24.2		0.0249851
24.3		0.0249851
24.4		0.0249851
24.5		0.0249851
24.6		0.0249851
24.7		0.0249851
24.8		0.0249851
24.9		0.0249851
25		0.0249851
25.1		0.0261749
25.2		0.0261749
25.3		0.0261749
25.4		0.0261749
25.5		0.0261749
25.6		0.0261749
25.7		0.0261749
25.8		0.0261749
25.9		0.0261749
26		0.0261749
26.1		0.0291493
26.2		0.0291493
26.3		0.0291493
26.4		0.0291493
26.5		0.0291493
26.6		0.0291493
26.7		0.0291493
26.8		0.0291493
26.9		0.0291493
27		0.0291493
27.1		0.0303391
27.2		0.0303391
27.3		0.0303391
27.4		0.0303391
27.5		0.0303391
27.6		0.0303391
27.7		0.0303391
27.8		0.0303391
27.9		0.0303391
28		0.0303391
28.1		0.0315289
28.2		0.0315289
28.3		0.0315289
28.4		0.0315289
28.5		0.0315289
28.6		0.0315289
28.7		0.0315289
28.8		0.0315289
28.9		0.0315289
29		0.0315289
29.1		0.035693
29.2		0.035693
29.3		0.035693
29.4		0.035693
29.5		0.035693
29.6		0.035693
29.7		0.035693
29.8		0.035693
29.9		0.035693
30		0.035693
30.1		0.0434265
30.2		0.0434265
30.3		0.0434265
30.4		0.0434265
30.5		0.0434265
30.6		0.0434265
30.7		0.0434265
30.8		0.0434265
30.9		0.0434265
31		0.0434265
31.1		0.0440214
31.2		0.0440214
31.3		0.0440214
31.4		0.0440214
31.5		0.0440214
31.6		0.0440214
31.7		0.0440214
31.8		0.0440214
31.9		0.0440214
32		0.0440214
32.1		0.0452112
32.2		0.0452112
32.3		0.0452112
32.4		0.0452112
32.5		0.0452112
32.6		0.0452112
32.7		0.0452112
32.8		0.0452112
32.9		0.0452112
33		0.0452112
33.1		0.0452112
33.2		0.0452112
33.3		0.0452112
33.4		0.0452112
33.5		0.0452112
33.6		0.0452112
33.7		0.0452112
33.8		0.0452112
33.9		0.0452112
34		0.0452112
34.1		0.0529447
34.2		0.0529447
34.3		0.0529447
34.4		0.0529447
34.5		0.0529447
34.6		0.0529447
34.7		0.0529447
34.8		0.0529447
34.9		0.0529447
35		0.0529447
35.1		0.0541344
35.2		0.0541344
35.3		0.0541344
35.4		0.0541344
35.5		0.0541344
35.6		0.0541344
35.7		0.0541344
35.8		0.0541344
35.9		0.0541344
36		0.0541344
36.1		0.0559191
36.2		0.0559191
36.3		0.0559191
36.4		0.0559191
36.5		0.0559191
36.6		0.0559191
36.7		0.0559191
36.8		0.0559191
36.9		0.0559191
37		0.0559191
37.1		0.0559191
37.2		0.0559191
37.3		0.0559191
37.4		0.0559191
37.5		0.0559191
37.6		0.0559191
37.7		0.0559191
37.8		0.0559191
37.9		0.0559191
38		0.0559191
38.1		0.0588935
38.2		0.0588935
38.3		0.0588935
38.4		0.0588935
38.5		0.0588935
38.6		0.0588935
38.7		0.0588935
38.8		0.0588935
38.9		0.0588935
39		0.0588935
39.1		0.0600833
39.2		0.0600833
39.3		0.0600833
39.4		0.0600833
39.5		0.0600833
39.6		0.0600833
39.7		0.0600833
39.8		0.0600833
39.9		0.0600833
40		0.0600833
40.1		0.0642475
40.2		0.0642475
40.3		0.0642475
40.4		0.0642475
40.5		0.0642475
40.6		0.0642475
40.7		0.0642475
40.8		0.0642475
40.9		0.0642475
41		0.0642475
41.1		0.066627
41.2		0.066627
41.3		0.066627
41.4		0.066627
41.5		0.066627
41.6		0.066627
41.7		0.066627
41.8		0.066627
41.9		0.066627
42		0.066627
42.1		0.0678168
42.2		0.0678168
42.3		0.0678168
42.4		0.0678168
42.5		0.0678168
42.6		0.0678168
42.7		0.0678168
42.8		0.0678168
42.9		0.0678168
43		0.0678168
43.1		0.0696014
43.2		0.0696014
43.3		0.0696014
43.4		0.0696014
43.5		0.0696014
43.6		0.0696014
43.7		0.0696014
43.8		0.0696014
43.9		0.0696014
44		0.0696014
44.1		0.0707912
44.2		0.0707912
44.3		0.0707912
44.4		0.0707912
44.5		0.0707912
44.6		0.0707912
44.7		0.0707912
44.8		0.0707912
44.9		0.0707912
45		0.0707912
45.1		0.0713861
45.2		0.0713861
45.3		0.0713861
45.4		0.0713861
45.5		0.0713861
45.6		0.0713861
45.7		0.0713861
45.8		0.0713861
45.9		0.0713861
46		0.0713861
46.1		0.0814991
46.2		0.0814991
46.3		0.0814991
46.4		0.0814991
46.5		0.0814991
46.6		0.0814991
46.7		0.0814991
46.8		0.0814991
46.9		0.0814991
47		0.0814991
47.1		0.0826889
47.2		0.0826889
47.3		0.0826889
47.4		0.0826889
47.5		0.0826889
47.6		0.0826889
47.7		0.0826889
47.8		0.0826889
47.9		0.0826889
48		0.0826889
48.1		0.0826889
48.2		0.0826889
48.3		0.0826889
48.4		0.0826889
48.5		0.0826889
48.6		0.0826889
48.7		0.0826889
48.8		0.0826889
48.9		0.0826889
49		0.0826889
49.1		0.0832838
49.2		0.0832838
49.3		0.0832838
49.4		0.0832838
49.5		0.0832838
49.6		0.0832838
49.7		0.0832838
49.8		0.0832838
49.9		0.0832838
50		0.0832838
50.1		0.0844735
50.2		0.0844735
50.3		0.0844735
50.4		0.0844735
50.5		0.0844735
50.6		0.0844735
50.7		0.0844735
50.8		0.0844735
50.9		0.0844735
51		0.0844735
51.1		0.0892326
51.2		0.0892326
51.3		0.0892326
51.4		0.0892326
51.5		0.0892326
51.6		0.0892326
51.7		0.0892326
51.8		0.0892326
51.9		0.0892326
52		0.0892326
52.1		0.0892326
52.2		0.0892326
52.3		0.0892326
52.4		0.0892326
52.5		0.0892326
52.6		0.0892326
52.7		0.0892326
52.8		0.0892326
52.9		0.0892326
53		0.0892326
53.1		0.0910173
53.2		0.0910173
53.3		0.0910173
53.4		0.0910173
53.5		0.0910173
53.6		0.0910173
53.7		0.0910173
53.8		0.0910173
53.9		0.0910173
54		0.0910173
54.1		0.092207
54.2		0.092207
54.3		0.092207
54.4		0.092207
54.5		0.092207
54.6		0.092207
54.7		0.092207
54.8		0.092207
54.9		0.092207
55		0.092207
55.1		0.092207
55.2		0.092207
55.3		0.092207
55.4		0.092207
55.5		0.092207
55.6		0.092207
55.7		0.092207
55.8		0.092207
55.9		0.092207
56		0.092207
56.1		0.092207
56.2		0.092207
56.3		0.092207
56.4		0.092207
56.5		0.092207
56.6		0.092207
56.7		0.092207
56.8		0.092207
56.9		0.092207
57		0.092207
57.1		0.0928019
57.2		0.0928019
57.3		0.0928019
57.4		0.0928019
57.5		0.0928019
57.6		0.0928019
57.7		0.0928019
57.8		0.0928019
57.9		0.0928019
58		0.0928019
58.1		0.0969661
58.2		0.0969661
58.3		0.0969661
58.4		0.0969661
58.5		0.0969661
58.6		0.0969661
58.7		0.0969661
58.8		0.0969661
58.9		0.0969661
59		0.0969661
59.1		0.0993456
59.2		0.0993456
59.3		0.0993456
59.4		0.0993456
59.5		0.0993456
59.6		0.0993456
59.7		0.0993456
59.8		0.0993456
59.9		0.0993456
60		0.0993456
60.1		0.100535
60.2		0.100535
60.3		0.100535
60.4		0.100535
60.5		0.100535
60.6		0.100535
60.7		0.100535
60.8		0.100535
60.9		0.100535
61		0.100535
61.1		0.100535
61.2		0.100535
61.3		0.100535
61.4		0.100535
61.5		0.100535
61.6		0.100535
61.7		0.100535
61.8		0.100535
61.9		0.100535
62		0.100535
62.1		0.10232
62.2		0.10232
62.3		0.10232
62.4		0.10232
62.5		0.10232
62.6		0.10232
62.7		0.10232
62.8		0.10232
62.9		0.10232
63		0.10232
63.1		0.104105
63.2		0.104105
63.3		0.104105
63.4		0.104105
63.5		0.104105
63.6		0.104105
63.7		0.104105
63.8		0.104105
63.9		0.104105
64		0.104105
64.1		0.106484
64.2		0.106484
64.3		0.106484
64.4		0.106484
64.5		0.106484
64.6		0.106484
64.7		0.106484
64.8		0.106484
64.9		0.106484
65		0.106484
65.1		0.107079
65.2		0.107079
65.3		0.107079
65.4		0.107079
65.5		0.107079
65.6		0.107079
65.7		0.107079
65.8		0.107079
65.9		0.107079
66		0.107079
66.1		0.107079
66.2		0.107079
66.3		0.107079
66.4		0.107079
66.5		0.107079
66.6		0.107079
66.7		0.107079
66.8		0.107079
66.9		0.107079
67		0.107079
67.1		0.110054
67.2		0.110054
67.3		0.110054
67.4		0.110054
67.5		0.110054
67.6		0.110054
67.7		0.110054
67.8		0.110054
67.9		0.110054
68		0.110054
68.1		0.111838
68.2		0.111838
68.3		0.111838
68.4		0.111838
68.5		0.111838
68.6		0.111838
68.7		0.111838
68.8		0.111838
68.9		0.111838
69		0.111838
69.1		0.112433
69.2		0.112433
69.3		0.112433
69.4		0.112433
69.5		0.112433
69.6		0.112433
69.7		0.112433
69.8		0.112433
69.9		0.112433
70		0.112433
70.1		0.114218
70.2		0.114218
70.3		0.114218
70.4		0.114218
70.5		0.114218
70.6		0.114218
70.7		0.114218
70.8		0.114218
70.9		0.114218
71		0.114218
71.1		0.119572
71.2		0.119572
71.3		0.119572
71.4		0.119572
71.5		0.119572
71.6		0.119572
71.7		0.119572
71.8		0.119572
71.9		0.119572
72		0.119572
72.1		0.121356
72.2		0.121356
72.3		0.121356
72.4		0.121356
72.5		0.121356
72.6		0.121356
72.7		0.121356
72.8		0.121356
72.9		0.121356
73		0.121356
73.1		0.123141
73.2		0.123141
73.3		0.123141
73.4		0.123141
73.5		0.123141
73.6		0.123141
73.7		0.123141
73.8		0.123141
73.9		0.123141
74		0.123141
74.1		0.123736
74.2		0.123736
74.3		0.123736
74.4		0.123736
74.5		0.123736
74.6		0.123736
74.7		0.123736
74.8		0.123736
74.9		0.123736
75		0.123736
75.1		0.126115
75.2		0.126115
75.3		0.126115
75.4		0.126115
75.5		0.126115
75.6		0.126115
75.7		0.126115
75.8		0.126115
75.9		0.126115
76		0.126115
76.1		0.12909
76.2		0.12909
76.3		0.12909
76.4		0.12909
76.5		0.12909
76.6		0.12909
76.7		0.12909
76.8		0.12909
76.9		0.12909
77		0.12909
77.1		0.130874
77.2		0.130874
77.3		0.130874
77.4		0.130874
77.5		0.130874
77.6		0.130874
77.7		0.130874
77.8		0.130874
77.9		0.130874
78		0.130874
78.1		0.131469
78.2		0.131469
78.3		0.131469
78.4		0.131469
78.5		0.131469
78.6		0.131469
78.7		0.131469
78.8		0.131469
78.9		0.131469
79		0.131469
79.1		0.133254
79.2		0.133254
79.3		0.133254
79.4		0.133254
79.5		0.133254
79.6		0.133254
79.7		0.133254
79.8		0.133254
79.9		0.133254
80		0.133254
80.1		0.139203
80.2		0.139203
80.3		0.139203
80.4		0.139203
80.5		0.139203
80.6		0.139203
80.7		0.139203
80.8		0.139203
80.9		0.139203
81		0.139203
81.1		0.139798
81.2		0.139798
81.3		0.139798
81.4		0.139798
81.5		0.139798
81.6		0.139798
81.7		0.139798
81.8		0.139798
81.9		0.139798
82		0.139798
82.1		0.141582
82.2		0.141582
82.3		0.141582
82.4		0.141582
82.5		0.141582
82.6		0.141582
82.7		0.141582
82.8		0.141582
82.9		0.141582
83		0.141582
83.1		0.141582
83.2		0.141582
83.3		0.141582
83.4		0.141582
83.5		0.141582
83.6		0.141582
83.7		0.141582
83.8		0.141582
83.9		0.141582
84		0.141582
84.1		0.145152
84.2		0.145152
84.3		0.145152
84.4		0.145152
84.5		0.145152
84.6		0.145152
84.7		0.145152
84.8		0.145152
84.9		0.145152
85		0.145152
85.1		0.145152
85.2		0.145152
85.3		0.145152
85.4		0.145152
85.5		0.145152
85.6		0.145152
85.7		0.145152
85.8		0.145152
85.9		0.145152
86		0.145152
86.1		0.146341
86.2		0.146341
86.3		0.146341
86.4		0.146341
86.5		0.146341
86.6		0.146341
86.7		0.146341
86.8		0.146341
86.9		0.146341
87		0.146341
87.1		0.148126
87.2		0.148126
87.3		0.148126
87.4		0.148126
87.5		0.148126
87.6		0.148126
87.7		0.148126
87.8		0.148126
87.9		0.148126
88		0.148126
88.1		0.150506
88.2		0.150506
88.3		0.150506
88.4		0.150506
88.5		0.150506
88.6		0.150506
88.7		0.150506
88.8		0.150506
88.9		0.150506
89		0.150506
89.1		0.15229
89.2		0.15229
89.3		0.15229
89.4		0.15229
89.5		0.15229
89.6		0.15229
89.7		0.15229
89.8		0.15229
89.9		0.15229
90		0.15229
90.1		0.152885
90.2		0.152885
90.3		0.152885
90.4		0.152885
90.5		0.152885
90.6		0.152885
90.7		0.152885
90.8		0.152885
90.9		0.152885
91		0.152885
91.1		0.157644
91.2		0.157644
91.3		0.157644
91.4		0.157644
91.5		0.157644
91.6		0.157644
91.7		0.157644
91.8		0.157644
91.9		0.157644
92		0.157644
92.1		0.161808
92.2		0.161808
92.3		0.161808
92.4		0.161808
92.5		0.161808
92.6		0.161808
92.7		0.161808
92.8		0.161808
92.9		0.161808
93		0.161808
93.1		0.162998
93.2		0.162998
93.3		0.162998
93.4		0.162998
93.5		0.162998
93.6		0.162998
93.7		0.162998
93.8		0.162998
93.9		0.162998
94		0.162998
94.1		0.162998
94.2		0.162998
94.3		0.162998
94.4		0.162998
94.5		0.162998
94.6		0.162998
94.7		0.162998
94.8		0.162998
94.9		0.162998
95		0.162998
95.1		0.165378
95.2		0.165378
95.3		0.165378
95.4		0.165378
95.5		0.165378
95.6		0.165378
95.7		0.165378
95.8		0.165378
95.9		0.165378
96		0.165378
96.1		0.165973
96.2		0.165973
96.3		0.165973
96.4		0.165973
96.5		0.165973
96.6		0.165973
96.7		0.165973
96.8		0.165973
96.9		0.165973
97		0.165973
97.1		0.169542
97.2		0.169542
97.3		0.169542
97.4		0.169542
97.5		0.169542
97.6		0.169542
97.7		0.169542
97.8		0.169542
97.9		0.169542
98		0.169542
98.1		0.170137
98.2		0.170137
98.3		0.170137
98.4		0.170137
98.5		0.170137
98.6		0.170137
98.7		0.170137
98.8		0.170137
98.9		0.170137
99		0.170137
99.1		0.172516
99.2		0.172516
99.3		0.172516
99.4		0.172516
99.5		0.172516
99.6		0.172516
99.7		0.172516
99.8		0.172516
99.9		0.172516
100		0.172516
100.1		0.174301
100.2		0.174301
100.3		0.174301
100.4		0.174301
100.5		0.174301
100.6		0.174301
100.7		0.174301
100.8		0.174301
100.9		0.174301
101		0.174301
101.1		0.178465
101.2		0.178465
101.3		0.178465
101.4		0.178465
101.5		0.178465
101.6		0.178465
101.7		0.178465
101.8		0.178465
101.9		0.178465
102		0.178465
102.1		0.183224
102.2		0.183224
102.3		0.183224
102.4		0.183224
102.5		0.183224
102.6		0.183224
102.7		0.183224
102.8		0.183224
102.9		0.183224
103		0.183224
103.1		0.184414
103.2		0.184414
103.3		0.184414
103.4		0.184414
103.5		0.184414
103.6		0.184414
103.7		0.184414
103.8		0.184414
103.9		0.184414
104		0.184414
104.1		0.185009
104.2		0.185009
104.3		0.185009
104.4		0.185009
104.5		0.185009
104.6		0.185009
104.7		0.185009
104.8		0.185009
104.9		0.185009
105		0.185009
105.1		0.188578
105.2		0.188578
105.3		0.188578
105.4		0.188578
105.5		0.188578
105.6		0.188578
105.7		0.188578
105.8		0.188578
105.9		0.188578
106		0.188578
106.1		0.190363
106.2		0.190363
106.3		0.190363
106.4		0.190363
106.5		0.190363
106.6		0.190363
106.7		0.190363
106.8		0.190363
106.9		0.190363
107		0.190363
107.1		0.193932
107.2		0.193932
107.3		0.193932
107.4		0.193932
107.5		0.193932
107.6		0.193932
107.7		0.193932
107.8		0.193932
107.9		0.193932
108		0.193932
108.1		0.195122
108.2		0.195122
108.3		0.195122
108.4		0.195122
108.5		0.195122
108.6		0.195122
108.7		0.195122
108.8		0.195122
108.9		0.195122
109		0.195122
109.1		0.196312
109.2		0.196312
109.3		0.196312
109.4		0.196312
109.5		0.196312
109.6		0.196312
109.7		0.196312
109.8		0.196312
109.9		0.196312
110		0.196312
110.1		0.198691
110.2		0.198691
110.3		0.198691
110.4		0.198691
110.5		0.198691
110.6		0.198691
110.7		0.198691
110.8		0.198691
110.9		0.198691
111		0.198691
111.1		0.20345
111.2		0.20345
111.3		0.20345
111.4		0.20345
111.5		0.20345
111.6		0.20345
111.7		0.20345
111.8		0.20345
111.9		0.20345
112		0.20345
112.1		0.20345
112.2		0.20345
112.3		0.20345
112.4		0.20345
112.5		0.20345
112.6		0.20345
112.7		0.20345
112.8		0.20345
112.9		0.20345
113		0.20345
113.1		0.20464
113.2		0.20464
113.3		0.20464
113.4		0.20464
113.5		0.20464
113.6		0.20464
113.7		0.20464
113.8		0.20464
113.9		0.20464
114		0.20464
114.1		0.209399
114.2		0.209399
114.3		0.209399
114.4		0.209399
114.5		0.209399
114.6		0.209399
114.7		0.209399
114.8		0.209399
114.9		0.209399
115		0.209399
115.1		0.211779
115.2		0.211779
115.3		0.211779
115.4		0.211779
115.5		0.211779
115.6		0.211779
115.7		0.211779
115.8		0.211779
115.9		0.211779
116		0.211779
116.1		0.212374
116.2		0.212374
116.3		0.212374
116.4		0.212374
116.5		0.212374
116.6		0.212374
116.7		0.212374
116.8		0.212374
116.9		0.212374
117		0.212374
117.1		0.212374
117.2		0.212374
117.3		0.212374
117.4		0.212374
117.5		0.212374
117.6		0.212374
117.7		0.212374
117.8		0.212374
117.9		0.212374
118		0.212374
118.1		0.217133
118.2		0.217133
118.3		0.217133
118.4		0.217133
118.5		0.217133
118.6		0.217133
118.7		0.217133
118.8		0.217133
118.9		0.217133
119		0.217133
119.1		0.217728
119.2		0.217728
119.3		0.217728
119.4		0.217728
119.5		0.217728
119.6		0.217728
119.7		0.217728
119.8		0.217728
119.9		0.217728
120		0.217728
120.1		0.219512
120.2		0.219512
120.3		0.219512
120.4		0.219512
120.5		0.219512
120.6		0.219512
120.7		0.219512
120.8		0.219512
120.9		0.219512
121		0.219512
121.1		0.219512
121.2		0.219512
121.3		0.219512
121.4		0.219512
121.5		0.219512
121.6		0.219512
121.7		0.219512
121.8		0.219512
121.9		0.219512
122		0.219512
122.1		0.224271
122.2		0.224271
122.3		0.224271
122.4		0.224271
122.5		0.224271
122.6		0.224271
122.7		0.224271
122.8		0.224271
122.9		0.224271
123		0.224271
123.1		0.225461
123.2		0.225461
123.3		0.225461
123.4		0.225461
123.5		0.225461
123.6		0.225461
123.7		0.225461
123.8		0.225461
123.9		0.225461
124		0.225461
124.1		0.226056
124.2		0.226056
124.3		0.226056
124.4		0.226056
124.5		0.226056
124.6		0.226056
124.7		0.226056
124.8		0.226056
124.9		0.226056
125		0.226056
125.1		0.226651
125.2		0.226651
125.3		0.226651
125.4		0.226651
125.5		0.226651
125.6		0.226651
125.7		0.226651
125.8		0.226651
125.9		0.226651
126		0.226651
126.1		0.228435
126.2		0.228435
126.3		0.228435
126.4		0.228435
126.5		0.228435
126.6		0.228435
126.7		0.228435
126.8		0.228435
126.9		0.228435
127		0.228435
127.1		0.229625
127.2		0.229625
127.3		0.229625
127.4		0.229625
127.5		0.229625
127.6		0.229625
127.7		0.229625
127.8		0.229625
127.9		0.229625
128		0.229625
128.1		0.2326
128.2		0.2326
128.3		0.2326
128.4		0.2326
128.5		0.2326
128.6		0.2326
128.7		0.2326
128.8		0.2326
128.9		0.2326
129		0.2326
129.1		0.2326
129.2		0.2326
129.3		0.2326
129.4		0.2326
129.5		0.2326
129.6		0.2326
129.7		0.2326
129.8		0.2326
129.9		0.2326
130		0.2326
130.1		0.235574
130.2		0.235574
130.3		0.235574
130.4		0.235574
130.5		0.235574
130.6		0.235574
130.7		0.235574
130.8		0.235574
130.9		0.235574
131		0.235574
131.1		0.237359
131.2		0.237359
131.3		0.237359
131.4		0.237359
131.5		0.237359
131.6		0.237359
131.7		0.237359
131.8		0.237359
131.9		0.237359
132		0.237359
132.1		0.238548
132.2		0.238548
132.3		0.238548
132.4		0.238548
132.5		0.238548
132.6		0.238548
132.7		0.238548
132.8		0.238548
132.9		0.238548
133		0.238548
133.1		0.239143
133.2		0.239143
133.3		0.239143
133.4		0.239143
133.5		0.239143
133.6		0.239143
133.7		0.239143
133.8		0.239143
133.9		0.239143
134		0.239143
134.1		0.240333
134.2		0.240333
134.3		0.240333
134.4		0.240333
134.5		0.240333
134.6		0.240333
134.7		0.240333
134.8		0.240333
134.9		0.240333
135		0.240333
135.1		0.240333
135.2		0.240333
135.3		0.240333
135.4		0.240333
135.5		0.240333
135.6		0.240333
135.7		0.240333
135.8		0.240333
135.9		0.240333
136		0.240333
136.1		0.245092
136.2		0.245092
136.3		0.245092
136.4		0.245092
136.5		0.245092
136.6		0.245092
136.7		0.245092
136.8		0.245092
136.9		0.245092
137		0.245092
137.1		0.245092
137.2		0.245092
137.3		0.245092
137.4		0.245092
137.5		0.245092
137.6		0.245092
137.7		0.245092
137.8		0.245092
137.9		0.245092
138		0.245092
138.1		0.246282
138.2		0.246282
138.3		0.246282
138.4		0.246282
138.5		0.246282
138.6		0.246282
138.7		0.246282
138.8		0.246282
138.9		0.246282
139		0.246282
139.1		0.249256
139.2		0.249256
139.3		0.249256
139.4		0.249256
139.5		0.249256
139.6		0.249256
139.7		0.249256
139.8		0.249256
139.9		0.249256
140		0.249256
140.1		0.250446
140.2		0.250446
140.3		0.250446
140.4		0.250446
140.5		0.250446
140.6		0.250446
140.7		0.250446
140.8		0.250446
140.9		0.250446
141		0.250446
141.1		0.251041
141.2		0.251041
141.3		0.251041
141.4		0.251041
141.5		0.251041
141.6		0.251041
141.7		0.251041
141.8		0.251041
141.9		0.251041
142		0.251041
142.1		0.252231
142.2		0.252231
142.3		0.252231
142.4		0.252231
142.5		0.252231
142.6		0.252231
142.7		0.252231
142.8		0.252231
142.9		0.252231
143		0.252231
143.1		0.253421
143.2		0.253421
143.3		0.253421
143.4		0.253421
143.5		0.253421
143.6		0.253421
143.7		0.253421
143.8		0.253421
143.9		0.253421
144		0.253421
144.1		0.25818
144.2		0.25818
144.3		0.25818
144.4		0.25818
144.5		0.25818
144.6		0.25818
144.7		0.25818
144.8		0.25818
144.9		0.25818
145		0.25818
145.1		0.258775
145.2		0.258775
145.3		0.258775
145.4		0.258775
145.5		0.258775
145.6		0.258775
145.7		0.258775
145.8		0.258775
145.9		0.258775
146		0.258775
146.1		0.261154
146.2		0.261154
146.3		0.261154
146.4		0.261154
146.5		0.261154
146.6		0.261154
146.7		0.261154
146.8		0.261154
146.9		0.261154
147		0.261154
147.1		0.261154
147.2		0.261154
147.3		0.261154
147.4		0.261154
147.5		0.261154
147.6		0.261154
147.7		0.261154
147.8		0.261154
147.9		0.261154
148		0.261154
148.1		0.268293
148.2		0.268293
148.3		0.268293
148.4		0.268293
148.5		0.268293
148.6		0.268293
148.7		0.268293
148.8		0.268293
148.9		0.268293
149		0.268293
149.1		0.268293
149.2		0.268293
149.3		0.268293
149.4		0.268293
149.5		0.268293
149.6		0.268293
149.7		0.268293
149.8		0.268293
149.9		0.268293
150		0.268293
150.1		0.271267
150.2		0.271267
150.3		0.271267
150.4		0.271267
150.5		0.271267
150.6		0.271267
150.7		0.271267
150.8		0.271267
150.9		0.271267
151		0.271267
151.1		0.273647
151.2		0.273647
151.3		0.273647
151.4		0.273647
151.5		0.273647
151.6		0.273647
151.7		0.273647
151.8		0.273647
151.9		0.273647
152		0.273647
152.1		0.277216
152.2		0.277216
152.3		0.277216
152.4		0.277216
152.5		0.277216
152.6		0.277216
152.7		0.277216
152.8		0.277216
152.9		0.277216
153		0.277216
153.1		0.277216
153.2		0.277216
153.3		0.277216
153.4		0.277216
153.5		0.277216
153.6		0.277216
153.7		0.277216
153.8		0.277216
153.9		0.277216
154		0.277216
154.1		0.277216
154.2		0.277216
154.3		0.277216
154.4		0.277216
154.5		0.277216
154.6		0.277216
154.7		0.277216
154.8		0.277216
154.9		0.277216
155		0.277216
155.1		0.281975
155.2		0.281975
155.3		0.281975
155.4		0.281975
155.5		0.281975
155.6		0.281975
155.7		0.281975
155.8		0.281975
155.9		0.281975
156		0.281975
156.1		0.28376
156.2		0.28376
156.3		0.28376
156.4		0.28376
156.5		0.28376
156.6		0.28376
156.7		0.28376
156.8		0.28376
156.9		0.28376
157		0.28376
157.1		0.28376
157.2		0.28376
157.3		0.28376
157.4		0.28376
157.5		0.28376
157.6		0.28376
157.7		0.28376
157.8		0.28376
157.9		0.28376
158		0.28376
158.1		0.285544
158.2		0.285544
158.3		0.285544
158.4		0.285544
158.5		0.285544
158.6		0.285544
158.7		0.285544
158.8		0.285544
158.9		0.285544
159		0.285544
159.1		0.285544
159.2		0.285544
159.3		0.285544
159.4		0.285544
159.5		0.285544
159.6		0.285544
159.7		0.285544
159.8		0.285544
159.9		0.285544
160		0.285544
160.1		0.292088
160.2		0.292088
160.3		0.292088
160.4		0.292088
160.5		0.292088
160.6		0.292088
160.7		0.292088
160.8		0.292088
160.9		0.292088
161		0.292088
161.1		0.294468
161.2		0.294468
161.3		0.294468
161.4		0.294468
161.5		0.294468
161.6		0.294468
161.7		0.294468
161.8		0.294468
161.9		0.294468
162		0.294468
162.1		0.294468
162.2		0.294468
162.3		0.294468
162.4		0.294468
162.5		0.294468
162.6		0.294468
162.7		0.294468
162.8		0.294468
162.9		0.294468
163		0.294468
163.1		0.294468
163.2		0.294468
163.3		0.294468
163.4		0.294468
163.5		0.294468
163.6		0.294468
163.7		0.294468
163.8		0.294468
163.9		0.294468
164		0.294468
164.1		0.294468
164.2		0.294468
164.3		0.294468
164.4		0.294468
164.5		0.294468
164.6		0.294468
164.7		0.294468
164.8		0.294468
164.9		0.294468
165		0.294468
165.1		0.299227
165.2		0.299227
165.3		0.299227
165.4		0.299227
165.5		0.299227
165.6		0.299227
165.7		0.299227
165.8		0.299227
165.9		0.299227
166		0.299227
166.1		0.300416
166.2		0.300416
166.3		0.300416
166.4		0.300416
166.5		0.300416
166.6		0.300416
166.7		0.300416
166.8		0.300416
166.9		0.300416
167		0.300416
167.1		0.303391
167.2		0.303391
167.3		0.303391
167.4		0.303391
167.5		0.303391
167.6		0.303391
167.7		0.303391
167.8		0.303391
167.9		0.303391
168		0.303391
168.1		0.304581
168.2		0.304581
168.3		0.304581
168.4		0.304581
168.5		0.304581
168.6		0.304581
168.7		0.304581
168.8		0.304581
168.9		0.304581
169		0.304581
169.1		0.305175
169.2		0.305175
169.3		0.305175
169.4		0.305175
169.5		0.305175
169.6		0.305175
169.7		0.305175
169.8		0.305175
169.9		0.305175
170		0.305175
170.1		0.30934
170.2		0.30934
170.3		0.30934
170.4		0.30934
170.5		0.30934
170.6		0.30934
170.7		0.30934
170.8		0.30934
170.9		0.30934
171		0.30934
171.1		0.30934
171.2		0.30934
171.3		0.30934
171.4		0.30934
171.5		0.30934
171.6		0.30934
171.7		0.30934
171.8		0.30934
171.9		0.30934
172		0.30934
172.1		0.30934
172.2		0.30934
172.3		0.30934
172.4		0.30934
172.5		0.30934
172.6		0.30934
172.7		0.30934
172.8		0.30934
172.9		0.30934
173		0.30934
173.1		0.312909
173.2		0.312909
173.3		0.312909
173.4		0.312909
173.5		0.312909
173.6		0.312909
173.7		0.312909
173.8		0.312909
173.9		0.312909
174		0.312909
174.1		0.314099
174.2		0.314099
174.3		0.314099
174.4		0.314099
174.5		0.314099
174.6		0.314099
174.7		0.314099
174.8		0.314099
174.9		0.314099
175		0.314099
175.1		0.315883
175.2		0.315883
175.3		0.315883
175.4		0.315883
175.5		0.315883
175.6		0.315883
175.7		0.315883
175.8		0.315883
175.9		0.315883
176		0.315883
176.1		0.315883
176.2		0.315883
176.3		0.315883
176.4		0.315883
176.5		0.315883
176.6		0.315883
176.7		0.315883
176.8		0.315883
176.9		0.315883
177		0.315883
177.1		0.316478
177.2		0.316478
177.3		0.316478
177.4		0.316478
177.5		0.316478
177.6		0.316478
177.7		0.316478
177.8		0.316478
177.9		0.316478
178		0.316478
178.1		0.319453
178.2		0.319453
178.3		0.319453
178.4		0.319453
178.5		0.319453
178.6		0.319453
178.7		0.319453
178.8		0.319453
178.9		0.319453
179		0.319453
179.1		0.320642
179.2		0.320642
179.3		0.320642
179.4		0.320642
179.5		0.320642
179.6		0.320642
179.7		0.320642
179.8		0.320642
179.9		0.320642
180		0.320642
180.1		0.321832
180.2		0.321832
180.3		0.321832
180.4		0.321832
180.5		0.321832
180.6		0.321832
180.7		0.321832
180.8		0.321832
180.9		0.321832
181		0.321832
181.1		0.321832
181.2		0.321832
181.3		0.321832
181.4		0.321832
181.5		0.321832
181.6		0.321832
181.7		0.321832
181.8		0.321832
181.9		0.321832
182		0.321832
182.1		0.325402
182.2		0.325402
182.3		0.325402
182.4		0.325402
182.5		0.325402
182.6		0.325402
182.7		0.325402
182.8		0.325402
182.9		0.325402
183		0.325402
183.1		0.326591
183.2		0.326591
183.3		0.326591
183.4		0.326591
183.5		0.326591
183.6		0.326591
183.7		0.326591
183.8		0.326591
183.9		0.326591
184		0.326591
184.1		0.329566
184.2		0.329566
184.3		0.329566
184.4		0.329566
184.5		0.329566
184.6		0.329566
184.7		0.329566
184.8		0.329566
184.9		0.329566
185		0.329566
185.1		0.329566
185.2		0.329566
185.3		0.329566
185.4		0.329566
185.5		0.329566
185.6		0.329566
185.7		0.329566
185.8		0.329566
185.9		0.329566
186		0.329566
186.1		0.335515
186.2		0.335515
186.3		0.335515
186.4		0.335515
186.5		0.335515
186.6		0.335515
186.7		0.335515
186.8		0.335515
186.9		0.335515
187		0.335515
187.1		0.336109
187.2		0.336109
187.3		0.336109
187.4		0.336109
187.5		0.336109
187.6		0.336109
187.7		0.336109
187.8		0.336109
187.9		0.336109
188		0.336109
188.1		0.337894
188.2		0.337894
188.3		0.337894
188.4		0.337894
188.5		0.337894
188.6		0.337894
188.7		0.337894
188.8		0.337894
188.9		0.337894
189		0.337894
189.1		0.339679
189.2		0.339679
189.3		0.339679
189.4		0.339679
189.5		0.339679
189.6		0.339679
189.7		0.339679
189.8		0.339679
189.9		0.339679
190		0.339679
190.1		0.343248
190.2		0.343248
190.3		0.343248
190.4		0.343248
190.5		0.343248
190.6		0.343248
190.7		0.343248
190.8		0.343248
190.9		0.343248
191		0.343248
191.1		0.343248
191.2		0.343248
191.3		0.343248
191.4		0.343248
191.5		0.343248
191.6		0.343248
191.7		0.343248
191.8		0.343248
191.9		0.343248
192		0.343248
192.1		0.345628
192.2		0.345628
192.3		0.345628
192.4		0.345628
192.5		0.345628
192.6		0.345628
192.7		0.345628
192.8		0.345628
192.9		0.345628
193		0.345628
193.1		0.347412
193.2		0.347412
193.3		0.347412
193.4		0.347412
193.5		0.347412
193.6		0.347412
193.7		0.347412
193.8		0.347412
193.9		0.347412
194		0.347412
194.1		0.350387
194.2		0.350387
194.3		0.350387
194.4		0.350387
194.5		0.350387
194.6		0.350387
194.7		0.350387
194.8		0.350387
194.9		0.350387
195		0.350387
195.1		0.352766
195.2		0.352766
195.3		0.352766
195.4		0.352766
195.5		0.352766
195.6		0.352766
195.7		0.352766
195.8		0.352766
195.9		0.352766
196		0.352766
196.1		0.352766
196.2		0.352766
196.3		0.352766
196.4		0.352766
196.5		0.352766
196.6		0.352766
196.7		0.352766
196.8		0.352766
196.9		0.352766
197		0.352766
197.1		0.353361
197.2		0.353361
197.3		0.353361
197.4		0.353361
197.5		0.353361
197.6		0.353361
197.7		0.353361
197.8		0.353361
197.9		0.353361
198		0.353361
198.1		0.354551
198.2		0.354551
198.3		0.354551
198.4		0.354551
198.5		0.354551
198.6		0.354551
198.7		0.354551
198.8		0.354551
198.9		0.354551
199		0.354551
199.1		0.35693
199.2		0.35693
199.3		0.35693
199.4		0.35693
199.5		0.35693
199.6		0.35693
199.7		0.35693
199.8		0.35693
199.9		0.35693
200		0.35693
200.1		0.362284
200.2		0.362284
200.3		0.362284
200.4		0.362284
200.5		0.362284
200.6		0.362284
200.7		0.362284
200.8		0.362284
200.9		0.362284
201		0.362284
201.1		0.363474
201.2		0.363474
201.3		0.363474
201.4		0.363474
201.5		0.363474
201.6		0.363474
201.7		0.363474
201.8		0.363474
201.9		0.363474
202		0.363474
202.1		0.363474
202.2		0.363474
202.3		0.363474
202.4		0.363474
202.5		0.363474
202.6		0.363474
202.7		0.363474
202.8		0.363474
202.9		0.363474
203		0.363474
203.1		0.364664
203.2		0.364664
203.3		0.364664
203.4		0.364664
203.5		0.364664
203.6		0.364664
203.7		0.364664
203.8		0.364664
203.9		0.364664
204		0.364664
204.1		0.369423
204.2		0.369423
204.3		0.369423
204.4		0.369423
204.5		0.369423
204.6		0.369423
204.7		0.369423
204.8		0.369423
204.9		0.369423
205		0.369423
205.1		0.370613
205.2		0.370613
205.3		0.370613
205.4		0.370613
205.5		0.370613
205.6		0.370613
205.7		0.370613
205.8		0.370613
205.9		0.370613
206		0.370613
206.1		0.374182
206.2		0.374182
206.3		0.374182
206.4		0.374182
206.5		0.374182
206.6		0.374182
206.7		0.374182
206.8		0.374182
206.9		0.374182
207		0.374182
207.1		0.374182
207.2		0.374182
207.3		0.374182
207.4		0.374182
207.5		0.374182
207.6		0.374182
207.7		0.374182
207.8		0.374182
207.9		0.374182
208		0.374182
208.1		0.377751
208.2		0.377751
208.3		0.377751
208.4		0.377751
208.5		0.377751
208.6		0.377751
208.7		0.377751
208.8		0.377751
208.9		0.377751
209		0.377751
209.1		0.379536
209.2		0.379536
209.3		0.379536
209.4		0.379536
209.5		0.379536
209.6		0.379536
209.7		0.379536
209.8		0.379536
209.9		0.379536
210		0.379536
210.1		0.379536
210.2		0.379536
210.3		0.379536
210.4		0.379536
210.5		0.379536
210.6		0.379536
210.7		0.379536
210.8		0.379536
210.9		0.379536
211		0.379536
211.1		0.381321
211.2		0.381321
211.3		0.381321
211.4		0.381321
211.5		0.381321
211.6		0.381321
211.7		0.381321
211.8		0.381321
211.9		0.381321
212		0.381321
212.1		0.383105
212.2		0.383105
212.3		0.383105
212.4		0.383105
212.5		0.383105
212.6		0.383105
212.7		0.383105
212.8		0.383105
212.9		0.383105
213		0.383105
213.1		0.3837
213.2		0.3837
213.3		0.3837
213.4		0.3837
213.5		0.3837
213.6		0.3837
213.7		0.3837
213.8		0.3837
213.9		0.3837
214		0.3837
214.1		0.38608
214.2		0.38608
214.3		0.38608
214.4		0.38608
214.5		0.38608
214.6		0.38608
214.7		0.38608
214.8		0.38608
214.9		0.38608
215		0.38608
215.1		0.38608
215.2		0.38608
215.3		0.38608
215.4		0.38608
215.5		0.38608
215.6		0.38608
215.7		0.38608
215.8		0.38608
215.9		0.38608
216		0.38608
216.1		0.392623
216.2		0.392623
216.3		0.392623
216.4		0.392623
216.5		0.392623
216.6		0.392623
216.7		0.392623
216.8		0.392623
216.9		0.392623
217		0.392623
217.1		0.392623
217.2		0.392623
217.3		0.392623
217.4		0.392623
217.5		0.392623
217.6		0.392623
217.7		0.392623
217.8		0.392623
217.9		0.392623
218		0.392623
218.1		0.394408
218.2		0.394408
218.3		0.394408
218.4		0.394408
218.5		0.394408
218.6		0.394408
218.7		0.394408
218.8		0.394408
218.9		0.394408
219		0.394408
219.1		0.394408
219.2		0.394408
219.3		0.394408
219.4		0.394408
219.5		0.394408
219.6		0.394408
219.7		0.394408
219.8		0.394408
219.9		0.394408
220		0.394408
220.1		0.398572
220.2		0.398572
220.3		0.398572
220.4		0.398572
220.5		0.398572
220.6		0.398572
220.7		0.398572
220.8		0.398572
220.9		0.398572
221		0.398572
221.1		0.401547
221.2		0.401547
221.3		0.401547
221.4		0.401547
221.5		0.401547
221.6		0.401547
221.7		0.401547
221.8		0.401547
221.9		0.401547
222		0.401547
222.1		0.402736
222.2		0.402736
222.3		0.402736
222.4		0.402736
222.5		0.402736
222.6		0.402736
222.7		0.402736
222.8		0.402736
222.9		0.402736
223		0.402736
223.1		0.404521
223.2		0.404521
223.3		0.404521
223.4		0.404521
223.5		0.404521
223.6		0.404521
223.7		0.404521
223.8		0.404521
223.9		0.404521
224		0.404521
224.1		0.407496
224.2		0.407496
224.3		0.407496
224.4		0.407496
224.5		0.407496
224.6		0.407496
224.7		0.407496
224.8		0.407496
224.9		0.407496
225		0.407496
225.1		0.408685
225.2		0.408685
225.3		0.408685
225.4		0.408685
225.5		0.408685
225.6		0.408685
225.7		0.408685
225.8		0.408685
225.9		0.408685
226		0.408685
226.1		0.40928
226.2		0.40928
226.3		0.40928
226.4		0.40928
226.5		0.40928
226.6		0.40928
226.7		0.40928
226.8		0.40928
226.9		0.40928
227		0.40928
227.1		0.409875
227.2		0.409875
227.3		0.409875
227.4		0.409875
227.5		0.409875
227.6		0.409875
227.7		0.409875
227.8		0.409875
227.9		0.409875
228		0.409875
228.1		0.414634
228.2		0.414634
228.3		0.414634
228.4		0.414634
228.5		0.414634
228.6		0.414634
228.7		0.414634
228.8		0.414634
228.9		0.414634
229		0.414634
229.1		0.415229
229.2		0.415229
229.3		0.415229
229.4		0.415229
229.5		0.415229
229.6		0.415229
229.7		0.415229
229.8		0.415229
229.9		0.415229
230		0.415229
230.1		0.417609
230.2		0.417609
230.3		0.417609
230.4		0.417609
230.5		0.417609
230.6		0.417609
230.7		0.417609
230.8		0.417609
230.9		0.417609
231		0.417609
231.1		0.418203
231.2		0.418203
231.3		0.418203
231.4		0.418203
231.5		0.418203
231.6		0.418203
231.7		0.418203
231.8		0.418203
231.9		0.418203
232		0.418203
232.1		0.419988
232.2		0.419988
232.3		0.419988
232.4		0.419988
232.5		0.419988
232.6		0.419988
232.7		0.419988
232.8		0.419988
232.9		0.419988
233		0.419988
233.1		0.420583
233.2		0.420583
233.3		0.420583
233.4		0.420583
233.5		0.420583
233.6		0.420583
233.7		0.420583
233.8		0.420583
233.9		0.420583
234		0.420583
234.1		0.424747
234.2		0.424747
234.3		0.424747
234.4		0.424747
234.5		0.424747
234.6		0.424747
234.7		0.424747
234.8		0.424747
234.9		0.424747
235		0.424747
235.1		0.424747
235.2		0.424747
235.3		0.424747
235.4		0.424747
235.5		0.424747
235.6		0.424747
235.7		0.424747
235.8		0.424747
235.9		0.424747
236		0.424747
236.1		0.425342
236.2		0.425342
236.3		0.425342
236.4		0.425342
236.5		0.425342
236.6		0.425342
236.7		0.425342
236.8		0.425342
236.9		0.425342
237		0.425342
237.1		0.426532
237.2		0.426532
237.3		0.426532
237.4		0.426532
237.5		0.426532
237.6		0.426532
237.7		0.426532
237.8		0.426532
237.9		0.426532
238		0.426532
238.1		0.428911
238.2		0.428911
238.3		0.428911
238.4		0.428911
238.5		0.428911
238.6		0.428911
238.7		0.428911
238.8		0.428911
238.9		0.428911
239		0.428911
239.1		0.428911
239.2		0.428911
239.3		0.428911
239.4		0.428911
239.5		0.428911
239.6		0.428911
239.7		0.428911
239.8		0.428911
239.9		0.428911
240		0.428911
240.1		0.430101
240.2		0.430101
240.3		0.430101
240.4		0.430101
240.5		0.430101
240.6		0.430101
240.7		0.430101
240.8		0.430101
240.9		0.430101
241		0.430101
241.1		0.431886
241.2		0.431886
241.3		0.431886
241.4		0.431886
241.5		0.431886
241.6		0.431886
241.7		0.431886
241.8		0.431886
241.9		0.431886
242		0.431886
242.1		0.433076
242.2		0.433076
242.3		0.433076
242.4		0.433076
242.5		0.433076
242.6		0.433076
242.7		0.433076
242.8		0.433076
242.9		0.433076
243		0.433076
243.1		0.433076
243.2		0.433076
243.3		0.433076
243.4		0.433076
243.5		0.433076
243.6		0.433076
243.7		0.433076
243.8		0.433076
243.9		0.433076
244		0.433076
244.1		0.435455
244.2		0.435455
244.3		0.435455
244.4		0.435455
244.5		0.435455
244.6		0.435455
244.7		0.435455
244.8		0.435455
244.9		0.435455
245		0.435455
245.1		0.43843
245.2		0.43843
245.3		0.43843
245.4		0.43843
245.5		0.43843
245.6		0.43843
245.7		0.43843
245.8		0.43843
245.9		0.43843
246		0.43843
246.1		0.443189
246.2		0.443189
246.3		0.443189
246.4		0.443189
246.5		0.443189
246.6		0.443189
246.7		0.443189
246.8		0.443189
246.9		0.443189
247		0.443189
247.1		0.443189
247.2		0.443189
247.3		0.443189
247.4		0.443189
247.5		0.443189
247.6		0.443189
247.7		0.443189
247.8		0.443189
247.9		0.443189
248		0.443189
248.1		0.444378
248.2		0.444378
248.3		0.444378
248.4		0.444378
248.5		0.444378
248.6		0.444378
248.7		0.444378
248.8		0.444378
248.9		0.444378
249		0.444378
249.1		0.445568
249.2		0.445568
249.3		0.445568
249.4		0.445568
249.5		0.445568
249.6		0.445568
249.7		0.445568
249.8		0.445568
249.9		0.445568
250		0.445568
250.1		0.446758
250.2		0.446758
250.3		0.446758
250.4		0.446758
250.5		0.446758
250.6		0.446758
250.7		0.446758
250.8		0.446758
250.9		0.446758
251		0.446758
251.1		0.449137
251.2		0.449137
251.3		0.449137
251.4		0.449137
251.5		0.449137
251.6		0.449137
251.7		0.449137
251.8		0.449137
251.9		0.449137
252		0.449137
252.1		0.449732
252.2		0.449732
252.3		0.449732
252.4		0.449732
252.5		0.449732
252.6		0.449732
252.7		0.449732
252.8		0.449732
252.9		0.449732
253		0.449732
253.1		0.454491
253.2		0.454491
253.3		0.454491
253.4		0.454491
253.5		0.454491
253.6		0.454491
253.7		0.454491
253.8		0.454491
253.9		0.454491
254		0.454491
254.1		0.456871
254.2		0.456871
254.3		0.456871
254.4		0.456871
254.5		0.456871
254.6		0.456871
254.7		0.456871
254.8		0.456871
254.9		0.456871
255		0.456871
255.1		0.456871
255.2		0.456871
255.3		0.456871
255.4		0.456871
255.5		0.456871
255.6		0.456871
255.7		0.456871
255.8		0.456871
255.9		0.456871
256		0.456871
256.1		0.45925
256.2		0.45925
256.3		0.45925
256.4		0.45925
256.5		0.45925
256.6		0.45925
256.7		0.45925
256.8		0.45925
256.9		0.45925
257		0.45925
257.1		0.45925
257.2		0.45925
257.3		0.45925
257.4		0.45925
257.5		0.45925
257.6		0.45925
257.7		0.45925
257.8		0.45925
257.9		0.45925
258		0.45925
258.1		0.462225
258.2		0.462225
258.3		0.462225
258.4		0.462225
258.5		0.462225
258.6		0.462225
258.7		0.462225
258.8		0.462225
258.9		0.462225
259		0.462225
259.1		0.463415
259.2		0.463415
259.3		0.463415
259.4		0.463415
259.5		0.463415
259.6		0.463415
259.7		0.463415
259.8		0.463415
259.9		0.463415
260		0.463415
260.1		0.466389
260.2		0.466389
260.3		0.466389
260.4		0.466389
260.5		0.466389
260.6		0.466389
260.7		0.466389
260.8		0.466389
260.9		0.466389
261		0.466389
261.1		0.466389
261.2		0.466389
261.3		0.466389
261.4		0.466389
261.5		0.466389
261.6		0.466389
261.7		0.466389
261.8		0.466389
261.9		0.466389
262		0.466389
262.1		0.466389
262.2		0.466389
262.3		0.466389
262.4		0.466389
262.5		0.466389
262.6		0.466389
262.7		0.466389
262.8		0.466389
262.9		0.466389
263		0.466389
263.1		0.471743
263.2		0.471743
263.3		0.471743
263.4		0.471743
263.5		0.471743
263.6		0.471743
263.7		0.471743
263.8		0.471743
263.9		0.471743
264		0.471743
264.1		0.472933
264.2		0.472933
264.3		0.472933
264.4		0.472933
264.5		0.472933
264.6		0.472933
264.7		0.472933
264.8		0.472933
264.9		0.472933
265		0.472933
265.1		0.475312
265.2		0.475312
265.3		0.475312
265.4		0.475312
265.5		0.475312
265.6		0.475312
265.7		0.475312
265.8		0.475312
265.9		0.475312
266		0.475312
266.1		0.475907
266.2		0.475907
266.3		0.475907
266.4		0.475907
266.5		0.475907
266.6		0.475907
266.7		0.475907
266.8		0.475907
266.9		0.475907
267		0.475907
267.1		0.475907
267.2		0.475907
267.3		0.475907
267.4		0.475907
267.5		0.475907
267.6		0.475907
267.7		0.475907
267.8		0.475907
267.9		0.475907
268		0.475907
268.1		0.477097
268.2		0.477097
268.3		0.477097
268.4		0.477097
268.5		0.477097
268.6		0.477097
268.7		0.477097
268.8		0.477097
268.9		0.477097
269		0.477097
269.1		0.480071
269.2		0.480071
269.3		0.480071
269.4		0.480071
269.5		0.480071
269.6		0.480071
269.7		0.480071
269.8		0.480071
269.9		0.480071
270		0.480071
270.1		0.480666
270.2		0.480666
270.3		0.480666
270.4		0.480666
270.5		0.480666
270.6		0.480666
270.7		0.480666
270.8		0.480666
270.9		0.480666
271		0.480666
271.1		0.482451
271.2		0.482451
271.3		0.482451
271.4		0.482451
271.5		0.482451
271.6		0.482451
271.7		0.482451
271.8		0.482451
271.9		0.482451
272		0.482451
272.1		0.48483
272.2		0.48483
272.3		0.48483
272.4		0.48483
272.5		0.48483
272.6		0.48483
272.7		0.48483
272.8		0.48483
272.9		0.48483
273		0.48483
273.1		0.48602
273.2		0.48602
273.3		0.48602
273.4		0.48602
273.5		0.48602
273.6		0.48602
273.7		0.48602
273.8		0.48602
273.9		0.48602
274		0.48602
274.1		0.486615
274.2		0.486615
274.3		0.486615
274.4		0.486615
274.5		0.486615
274.6		0.486615
274.7		0.486615
274.8		0.486615
274.9		0.486615
275		0.486615
275.1		0.48721
275.2		0.48721
275.3		0.48721
275.4		0.48721
275.5		0.48721
275.6		0.48721
275.7		0.48721
275.8		0.48721
275.9		0.48721
276		0.48721
276.1		0.491374
276.2		0.491374
276.3		0.491374
276.4		0.491374
276.5		0.491374
276.6		0.491374
276.7		0.491374
276.8		0.491374
276.9		0.491374
277		0.491374
277.1		0.493754
277.2		0.493754
277.3		0.493754
277.4		0.493754
277.5		0.493754
277.6		0.493754
277.7		0.493754
277.8		0.493754
277.9		0.493754
278		0.493754
278.1		0.494943
278.2		0.494943
278.3		0.494943
278.4		0.494943
278.5		0.494943
278.6		0.494943
278.7		0.494943
278.8		0.494943
278.9		0.494943
279		0.494943
279.1		0.497323
279.2		0.497323
279.3		0.497323
279.4		0.497323
279.5		0.497323
279.6		0.497323
279.7		0.497323
279.8		0.497323
279.9		0.497323
280		0.497323
280.1		0.498513
280.2		0.498513
280.3		0.498513
280.4		0.498513
280.5		0.498513
280.6		0.498513
280.7		0.498513
280.8		0.498513
280.9		0.498513
281		0.498513
281.1		0.499108
281.2		0.499108
281.3		0.499108
281.4		0.499108
281.5		0.499108
281.6		0.499108
281.7		0.499108
281.8		0.499108
281.9		0.499108
282		0.499108
282.1		0.501487
282.2		0.501487
282.3		0.501487
282.4		0.501487
282.5		0.501487
282.6		0.501487
282.7		0.501487
282.8		0.501487
282.9		0.501487
283		0.501487
283.1		0.506841
283.2		0.506841
283.3		0.506841
283.4		0.506841
283.5		0.506841
283.6		0.506841
283.7		0.506841
283.8		0.506841
283.9		0.506841
284		0.506841
284.1		0.509816
284.2		0.509816
284.3		0.509816
284.4		0.509816
284.5		0.509816
284.6		0.509816
284.7		0.509816
284.8		0.509816
284.9		0.509816
285		0.509816
285.1		0.51041
285.2		0.51041
285.3		0.51041
285.4		0.51041
285.5		0.51041
285.6		0.51041
285.7		0.51041
285.8		0.51041
285.9		0.51041
286		0.51041
286.1		0.5116
286.2		0.5116
286.3		0.5116
286.4		0.5116
286.5		0.5116
286.6		0.5116
286.7		0.5116
286.8		0.5116
286.9		0.5116
287		0.5116
287.1		0.520523
287.2		0.520523
287.3		0.520523
287.4		0.520523
287.5		0.520523
287.6		0.520523
287.7		0.520523
287.8		0.520523
287.9		0.520523
288		0.520523
288.1		0.521118
288.2		0.521118
288.3		0.521118
288.4		0.521118
288.5		0.521118
288.6		0.521118
288.7		0.521118
288.8		0.521118
288.9		0.521118
289		0.521118
289.1		0.522308
289.2		0.522308
289.3		0.522308
289.4		0.522308
289.5		0.522308
289.6		0.522308
289.7		0.522308
289.8		0.522308
289.9		0.522308
290		0.522308
290.1		0.524093
290.2		0.524093
290.3		0.524093
290.4		0.524093
290.5		0.524093
290.6		0.524093
290.7		0.524093
290.8		0.524093
290.9		0.524093
291		0.524093
291.1		0.525877
291.2		0.525877
291.3		0.525877
291.4		0.525877
291.5		0.525877
291.6		0.525877
291.7		0.525877
291.8		0.525877
291.9		0.525877
292		0.525877
292.1		0.526472
292.2		0.526472
292.3		0.526472
292.4		0.526472
292.5		0.526472
292.6		0.526472
292.7		0.526472
292.8		0.526472
292.9		0.526472
293		0.526472
293.1		0.526472
293.2		0.526472
293.3		0.526472
293.4		0.526472
293.5		0.526472
293.6		0.526472
293.7		0.526472
293.8		0.526472
293.9		0.526472
294		0.526472
294.1		0.527067
294.2		0.527067
294.3		0.527067
294.4		0.527067
294.5		0.527067
294.6		0.527067
294.7		0.527067
294.8		0.527067
294.9		0.527067
295		0.527067
295.1		0.528257
295.2		0.528257
295.3		0.528257
295.4		0.528257
295.5		0.528257
295.6		0.528257
295.7		0.528257
295.8		0.528257
295.9		0.528257
296		0.528257
296.1		0.534206
296.2		0.534206
296.3		0.534206
296.4		0.534206
296.5		0.534206
296.6		0.534206
296.7		0.534206
296.8		0.534206
296.9		0.534206
297		0.534206
297.1		0.53599
297.2		0.53599
297.3		0.53599
297.4		0.53599
297.5		0.53599
297.6		0.53599
297.7		0.53599
297.8		0.53599
297.9		0.53599
298		0.53599
298.1		0.53599
298.2		0.53599
298.3		0.53599
298.4		0.53599
298.5		0.53599
298.6		0.53599
298.7		0.53599
298.8		0.53599
298.9		0.53599
299		0.53599
299.1		0.542534
299.2		0.542534
299.3		0.542534
299.4		0.542534
299.5		0.542534
299.6		0.542534
299.7		0.542534
299.8		0.542534
299.9		0.542534
300		0.542534
300.1		0.546698
300.2		0.546698
300.3		0.546698
300.4		0.546698
300.5		0.546698
300.6		0.546698
300.7		0.546698
300.8		0.546698
300.9		0.546698
301		0.546698
301.1		0.552647
301.2		0.552647
301.3		0.552647
301.4		0.552647
301.5		0.552647
301.6		0.552647
301.7		0.552647
301.8		0.552647
301.9		0.552647
302		0.552647
302.1		0.553242
302.2		0.553242
302.3		0.553242
302.4		0.553242
302.5		0.553242
302.6		0.553242
302.7		0.553242
302.8		0.553242
302.9		0.553242
303		0.553242
303.1		0.558001
303.2		0.558001
303.3		0.558001
303.4		0.558001
303.5		0.558001
303.6		0.558001
303.7		0.558001
303.8		0.558001
303.9		0.558001
304		0.558001
304.1		0.558596
304.2		0.558596
304.3		0.558596
304.4		0.558596
304.5		0.558596
304.6		0.558596
304.7		0.558596
304.8		0.558596
304.9		0.558596
305		0.558596
305.1		0.560381
305.2		0.560381
305.3		0.560381
305.4		0.560381
305.5		0.560381
305.6		0.560381
305.7		0.560381
305.8		0.560381
305.9		0.560381
306		0.560381
306.1		0.560976
306.2		0.560976
306.3		0.560976
306.4		0.560976
306.5		0.560976
306.6		0.560976
306.7		0.560976
306.8		0.560976
306.9		0.560976
307		0.560976
307.1		0.564545
307.2		0.564545
307.3		0.564545
307.4		0.564545
307.5		0.564545
307.6		0.564545
307.7		0.564545
307.8		0.564545
307.9		0.564545
308		0.564545
308.1		0.568114
308.2		0.568114
308.3		0.568114
308.4		0.568114
308.5		0.568114
308.6		0.568114
308.7		0.568114
308.8		0.568114
308.9		0.568114
309		0.568114
309.1		0.568709
309.2		0.568709
309.3		0.568709
309.4		0.568709
309.5		0.568709
309.6		0.568709
309.7		0.568709
309.8		0.568709
309.9		0.568709
310		0.568709
310.1		0.570494
310.2		0.570494
310.3		0.570494
310.4		0.570494
310.5		0.570494
310.6		0.570494
310.7		0.570494
310.8		0.570494
310.9		0.570494
311		0.570494
311.1		0.574063
311.2		0.574063
311.3		0.574063
311.4		0.574063
311.5		0.574063
311.6		0.574063
311.7		0.574063
311.8		0.574063
311.9		0.574063
312		0.574063
312.1		0.574063
312.2		0.574063
312.3		0.574063
312.4		0.574063
312.5		0.574063
312.6		0.574063
312.7		0.574063
312.8		0.574063
312.9		0.574063
313		0.574063
313.1		0.575848
313.2		0.575848
313.3		0.575848
313.4		0.575848
313.5		0.575848
313.6		0.575848
313.7		0.575848
313.8		0.575848
313.9		0.575848
314		0.575848
314.1		0.581797
314.2		0.581797
314.3		0.581797
314.4		0.581797
314.5		0.581797
314.6		0.581797
314.7		0.581797
314.8		0.581797
314.9		0.581797
315		0.581797
315.1		0.581797
315.2		0.581797
315.3		0.581797
315.4		0.581797
315.5		0.581797
315.6		0.581797
315.7		0.581797
315.8		0.581797
315.9		0.581797
316		0.581797
316.1		0.583581
316.2		0.583581
316.3		0.583581
316.4		0.583581
316.5		0.583581
316.6		0.583581
316.7		0.583581
316.8		0.583581
316.9		0.583581
317		0.583581
317.1		0.584176
317.2		0.584176
317.3		0.584176
317.4		0.584176
317.5		0.584176
317.6		0.584176
317.7		0.584176
317.8		0.584176
317.9		0.584176
318		0.584176
318.1		0.591315
318.2		0.591315
318.3		0.591315
318.4		0.591315
318.5		0.591315
318.6		0.591315
318.7		0.591315
318.8		0.591315
318.9		0.591315
319		0.591315
319.1		0.591315
319.2		0.591315
319.3		0.591315
319.4		0.591315
319.5		0.591315
319.6		0.591315
319.7		0.591315
319.8		0.591315
319.9		0.591315
320		0.591315
320.1		0.591315
320.2		0.591315
320.3		0.591315
320.4		0.591315
320.5		0.591315
320.6		0.591315
320.7		0.591315
320.8		0.591315
320.9		0.591315
321		0.591315
321.1		0.592504
321.2		0.592504
321.3		0.592504
321.4		0.592504
321.5		0.592504
321.6		0.592504
321.7		0.592504
321.8		0.592504
321.9		0.592504
322		0.592504
322.1		0.602023
322.2		0.602023
322.3		0.602023
322.4		0.602023
322.5		0.602023
322.6		0.602023
322.7		0.602023
322.8		0.602023
322.9		0.602023
323		0.602023
323.1		0.602023
323.2		0.602023
323.3		0.602023
323.4		0.602023
323.5		0.602023
323.6		0.602023
323.7		0.602023
323.8		0.602023
323.9		0.602023
324		0.602023
324.1		0.602023
324.2		0.602023
324.3		0.602023
324.4		0.602023
324.5		0.602023
324.6		0.602023
324.7		0.602023
324.8		0.602023
324.9		0.602023
325		0.602023
325.1		0.602617
325.2		0.602617
325.3		0.602617
325.4		0.602617
325.5		0.602617
325.6		0.602617
325.7		0.602617
325.8		0.602617
325.9		0.602617
326		0.602617
326.1		0.609756
326.2		0.609756
326.3		0.609756
326.4		0.609756
326.5		0.609756
326.6		0.609756
326.7		0.609756
326.8		0.609756
326.9		0.609756
327		0.609756
327.1		0.611541
327.2		0.611541
327.3		0.611541
327.4		0.611541
327.5		0.611541
327.6		0.611541
327.7		0.611541
327.8		0.611541
327.9		0.611541
328		0.611541
328.1		0.61392
328.2		0.61392
328.3		0.61392
328.4		0.61392
328.5		0.61392
328.6		0.61392
328.7		0.61392
328.8		0.61392
328.9		0.61392
329		0.61392
329.1		0.614515
329.2		0.614515
329.3		0.614515
329.4		0.614515
329.5		0.614515
329.6		0.614515
329.7		0.614515
329.8		0.614515
329.9		0.614515
330		0.614515
330.1		0.618679
330.2		0.618679
330.3		0.618679
330.4		0.618679
330.5		0.618679
330.6		0.618679
330.7		0.618679
330.8		0.618679
330.9		0.618679
331		0.618679
331.1		0.618679
331.2		0.618679
331.3		0.618679
331.4		0.618679
331.5		0.618679
331.6		0.618679
331.7		0.618679
331.8		0.618679
331.9		0.618679
332		0.618679
332.1		0.619274
332.2		0.619274
332.3		0.619274
332.4		0.619274
332.5		0.619274
332.6		0.619274
332.7		0.619274
332.8		0.619274
332.9		0.619274
333		0.619274
333.1		0.621654
333.2		0.621654
333.3		0.621654
333.4		0.621654
333.5		0.621654
333.6		0.621654
333.7		0.621654
333.8		0.621654
333.9		0.621654
334		0.621654
334.1		0.627603
334.2		0.627603
334.3		0.627603
334.4		0.627603
334.5		0.627603
334.6		0.627603
334.7		0.627603
334.8		0.627603
334.9		0.627603
335		0.627603
335.1		0.628198
335.2		0.628198
335.3		0.628198
335.4		0.628198
335.5		0.628198
335.6		0.628198
335.7		0.628198
335.8		0.628198
335.9		0.628198
336		0.628198
336.1		0.630577
336.2		0.630577
336.3		0.630577
336.4		0.630577
336.5		0.630577
336.6		0.630577
336.7		0.630577
336.8		0.630577
336.9		0.630577
337		0.630577
337.1		0.630577
337.2		0.630577
337.3		0.630577
337.4		0.630577
337.5		0.630577
337.6		0.630577
337.7		0.630577
337.8		0.630577
337.9		0.630577
338		0.630577
338.1		0.637716
338.2		0.637716
338.3		0.637716
338.4		0.637716
338.5		0.637716
338.6		0.637716
338.7		0.637716
338.8		0.637716
338.9		0.637716
339		0.637716
339.1		0.644259
339.2		0.644259
339.3		0.644259
339.4		0.644259
339.5		0.644259
339.6		0.644259
339.7		0.644259
339.8		0.644259
339.9		0.644259
340		0.644259
340.1		0.645449
340.2		0.645449
340.3		0.645449
340.4		0.645449
340.5		0.645449
340.6		0.645449
340.7		0.645449
340.8		0.645449
340.9		0.645449
341		0.645449
341.1		0.646044
341.2		0.646044
341.3		0.646044
341.4		0.646044
341.5		0.646044
341.6		0.646044
341.7		0.646044
341.8		0.646044
341.9		0.646044
342		0.646044
342.1		0.646044
342.2		0.646044
342.3		0.646044
342.4		0.646044
342.5		0.646044
342.6		0.646044
342.7		0.646044
342.8		0.646044
342.9		0.646044
343		0.646044
343.1		0.646639
343.2		0.646639
343.3		0.646639
343.4		0.646639
343.5		0.646639
343.6		0.646639
343.7		0.646639
343.8		0.646639
343.9		0.646639
344		0.646639
344.1		0.651398
344.2		0.651398
344.3		0.651398
344.4		0.651398
344.5		0.651398
344.6		0.651398
344.7		0.651398
344.8		0.651398
344.9		0.651398
345		0.651398
345.1		0.656157
345.2		0.656157
345.3		0.656157
345.4		0.656157
345.5		0.656157
345.6		0.656157
345.7		0.656157
345.8		0.656157
345.9		0.656157
346		0.656157
346.1		0.656157
346.2		0.656157
346.3		0.656157
346.4		0.656157
346.5		0.656157
346.6		0.656157
346.7		0.656157
346.8		0.656157
346.9		0.656157
347		0.656157
347.1		0.656752
347.2		0.656752
347.3		0.656752
347.4		0.656752
347.5		0.656752
347.6		0.656752
347.7		0.656752
347.8		0.656752
347.9		0.656752
348		0.656752
348.1		0.657942
348.2		0.657942
348.3		0.657942
348.4		0.657942
348.5		0.657942
348.6		0.657942
348.7		0.657942
348.8		0.657942
348.9		0.657942
349		0.657942
349.1		0.658537
349.2		0.658537
349.3		0.658537
349.4		0.658537
349.5		0.658537
349.6		0.658537
349.7		0.658537
349.8		0.658537
349.9		0.658537
350		0.658537
350.1		0.66746
350.2		0.66746
350.3		0.66746
350.4		0.66746
350.5		0.66746
350.6		0.66746
350.7		0.66746
350.8		0.66746
350.9		0.66746
351		0.66746
351.1		0.66746
351.2		0.66746
351.3		0.66746
351.4		0.66746
351.5		0.66746
351.6		0.66746
351.7		0.66746
351.8		0.66746
351.9		0.66746
352		0.66746
352.1		0.66746
352.2		0.66746
352.3		0.66746
352.4		0.66746
352.5		0.66746
352.6		0.66746
352.7		0.66746
352.8		0.66746
352.9		0.66746
353		0.66746
353.1		0.674598
353.2		0.674598
353.3		0.674598
353.4		0.674598
353.5		0.674598
353.6		0.674598
353.7		0.674598
353.8		0.674598
353.9		0.674598
354		0.674598
354.1		0.674598
354.2		0.674598
354.3		0.674598
354.4		0.674598
354.5		0.674598
354.6		0.674598
354.7		0.674598
354.8		0.674598
354.9		0.674598
355		0.674598
355.1		0.679358
355.2		0.679358
355.3		0.679358
355.4		0.679358
355.5		0.679358
355.6		0.679358
355.7		0.679358
355.8		0.679358
355.9		0.679358
356		0.679358
356.1		0.680547
356.2		0.680547
356.3		0.680547
356.4		0.680547
356.5		0.680547
356.6		0.680547
356.7		0.680547
356.8		0.680547
356.9		0.680547
357		0.680547
357.1		0.686496
357.2		0.686496
357.3		0.686496
357.4		0.686496
357.5		0.686496
357.6		0.686496
357.7		0.686496
357.8		0.686496
357.9		0.686496
358		0.686496
358.1		0.690065
358.2		0.690065
358.3		0.690065
358.4		0.690065
358.5		0.690065
358.6		0.690065
358.7		0.690065
358.8		0.690065
358.9		0.690065
359		0.690065
359.1		0.693635
359.2		0.693635
359.3		0.693635
359.4		0.693635
359.5		0.693635
359.6		0.693635
359.7		0.693635
359.8		0.693635
359.9		0.693635
360		0.693635
360.1		0.696014
360.2		0.696014
360.3		0.696014
360.4		0.696014
360.5		0.696014
360.6		0.696014
360.7		0.696014
360.8		0.696014
360.9		0.696014
361		0.696014
361.1		0.696014
361.2		0.696014
361.3		0.696014
361.4		0.696014
361.5		0.696014
361.6		0.696014
361.7		0.696014
361.8		0.696014
361.9		0.696014
362		0.696014
362.1		0.700773
362.2		0.700773
362.3		0.700773
362.4		0.700773
362.5		0.700773
362.6		0.700773
362.7		0.700773
362.8		0.700773
362.9		0.700773
363		0.700773
363.1		0.701963
363.2		0.701963
363.3		0.701963
363.4		0.701963
363.5		0.701963
363.6		0.701963
363.7		0.701963
363.8		0.701963
363.9		0.701963
364		0.701963
364.1		0.701963
364.2		0.701963
364.3		0.701963
364.4		0.701963
364.5		0.701963
364.6		0.701963
364.7		0.701963
364.8		0.701963
364.9		0.701963
365		0.701963
365.1		0.703153
365.2		0.703153
365.3		0.703153
365.4		0.703153
365.5		0.703153
365.6		0.703153
365.7		0.703153
365.8		0.703153
365.9		0.703153
366		0.703153
366.1		0.706127
366.2		0.706127
366.3		0.706127
366.4		0.706127
366.5		0.706127
366.6		0.706127
366.7		0.706127
366.8		0.706127
366.9		0.706127
367		0.706127
367.1		0.707317
367.2		0.707317
367.3		0.707317
367.4		0.707317
367.5		0.707317
367.6		0.707317
367.7		0.707317
367.8		0.707317
367.9		0.707317
368		0.707317
368.1		0.707912
368.2		0.707912
368.3		0.707912
368.4		0.707912
368.5		0.707912
368.6		0.707912
368.7		0.707912
368.8		0.707912
368.9		0.707912
369		0.707912
369.1		0.709102
369.2		0.709102
369.3		0.709102
369.4		0.709102
369.5		0.709102
369.6		0.709102
369.7		0.709102
369.8		0.709102
369.9		0.709102
370		0.709102
370.1		0.709697
370.2		0.709697
370.3		0.709697
370.4		0.709697
370.5		0.709697
370.6		0.709697
370.7		0.709697
370.8		0.709697
370.9		0.709697
371		0.709697
371.1		0.710886
371.2		0.710886
371.3		0.710886
371.4		0.710886
371.5		0.710886
371.6		0.710886
371.7		0.710886
371.8		0.710886
371.9		0.710886
372		0.710886
372.1		0.710886
372.2		0.710886
372.3		0.710886
372.4		0.710886
372.5		0.710886
372.6		0.710886
372.7		0.710886
372.8		0.710886
372.9		0.710886
373		0.710886
373.1		0.713861
373.2		0.713861
373.3		0.713861
373.4		0.713861
373.5		0.713861
373.6		0.713861
373.7		0.713861
373.8		0.713861
373.9		0.713861
374		0.713861
374.1		0.718025
374.2		0.718025
374.3		0.718025
374.4		0.718025
374.5		0.718025
374.6		0.718025
374.7		0.718025
374.8		0.718025
374.9		0.718025
375		0.718025
375.1		0.719215
375.2		0.719215
375.3		0.719215
375.4		0.719215
375.5		0.719215
375.6		0.719215
375.7		0.719215
375.8		0.719215
375.9		0.719215
376		0.719215
376.1		0.719215
376.2		0.719215
376.3		0.719215
376.4		0.719215
376.5		0.719215
376.6		0.719215
376.7		0.719215
376.8		0.719215
376.9		0.719215
377		0.719215
377.1		0.722784
377.2		0.722784
377.3		0.722784
377.4		0.722784
377.5		0.722784
377.6		0.722784
377.7		0.722784
377.8		0.722784
377.9		0.722784
378		0.722784
378.1		0.725758
378.2		0.725758
378.3		0.725758
378.4		0.725758
378.5		0.725758
378.6		0.725758
378.7		0.725758
378.8		0.725758
378.9		0.725758
379		0.725758
379.1		0.729923
379.2		0.729923
379.3		0.729923
379.4		0.729923
379.5		0.729923
379.6		0.729923
379.7		0.729923
379.8		0.729923
379.9		0.729923
380		0.729923
380.1		0.732897
380.2		0.732897
380.3		0.732897
380.4		0.732897
380.5		0.732897
380.6		0.732897
380.7		0.732897
380.8		0.732897
380.9		0.732897
381		0.732897
381.1		0.734087
381.2		0.734087
381.3		0.734087
381.4		0.734087
381.5		0.734087
381.6		0.734087
381.7		0.734087
381.8		0.734087
381.9		0.734087
382		0.734087
382.1		0.735277
382.2		0.735277
382.3		0.735277
382.4		0.735277
382.5		0.735277
382.6		0.735277
382.7		0.735277
382.8		0.735277
382.9		0.735277
383		0.735277
383.1		0.735277
383.2		0.735277
383.3		0.735277
383.4		0.735277
383.5		0.735277
383.6		0.735277
383.7		0.735277
383.8		0.735277
383.9		0.735277
384		0.735277
384.1		0.740631
384.2		0.740631
384.3		0.740631
384.4		0.740631
384.5		0.740631
384.6		0.740631
384.7		0.740631
384.8		0.740631
384.9		0.740631
385		0.740631
385.1		0.741225
385.2		0.741225
385.3		0.741225
385.4		0.741225
385.5		0.741225
385.6		0.741225
385.7		0.741225
385.8		0.741225
385.9		0.741225
386		0.741225
386.1		0.741225
386.2		0.741225
386.3		0.741225
386.4		0.741225
386.5		0.741225
386.6		0.741225
386.7		0.741225
386.8		0.741225
386.9		0.741225
387		0.741225
387.1		0.745985
387.2		0.745985
387.3		0.745985
387.4		0.745985
387.5		0.745985
387.6		0.745985
387.7		0.745985
387.8		0.745985
387.9		0.745985
388		0.745985
388.1		0.747174
388.2		0.747174
388.3		0.747174
388.4		0.747174
388.5		0.747174
388.6		0.747174
388.7		0.747174
388.8		0.747174
388.9		0.747174
389		0.747174
389.1		0.748364
389.2		0.748364
389.3		0.748364
389.4		0.748364
389.5		0.748364
389.6		0.748364
389.7		0.748364
389.8		0.748364
389.9		0.748364
390		0.748364
390.1		0.748959
390.2		0.748959
390.3		0.748959
390.4		0.748959
390.5		0.748959
390.6		0.748959
390.7		0.748959
390.8		0.748959
390.9		0.748959
391		0.748959
391.1		0.748959
391.2		0.748959
391.3		0.748959
391.4		0.748959
391.5		0.748959
391.6		0.748959
391.7		0.748959
391.8		0.748959
391.9		0.748959
392		0.748959
392.1		0.756098
392.2		0.756098
392.3		0.756098
392.4		0.756098
392.5		0.756098
392.6		0.756098
392.7		0.756098
392.8		0.756098
392.9		0.756098
393		0.756098
393.1		0.757287
393.2		0.757287
393.3		0.757287
393.4		0.757287
393.5		0.757287
393.6		0.757287
393.7		0.757287
393.8		0.757287
393.9		0.757287
394		0.757287
394.1		0.757882
394.2		0.757882
394.3		0.757882
394.4		0.757882
394.5		0.757882
394.6		0.757882
394.7		0.757882
394.8		0.757882
394.9		0.757882
395		0.757882
395.1		0.757882
395.2		0.757882
395.3		0.757882
395.4		0.757882
395.5		0.757882
395.6		0.757882
395.7		0.757882
395.8		0.757882
395.9		0.757882
396		0.757882
396.1		0.766211
396.2		0.766211
396.3		0.766211
396.4		0.766211
396.5		0.766211
396.6		0.766211
396.7		0.766211
396.8		0.766211
396.9		0.766211
397		0.766211
397.1		0.766211
397.2		0.766211
397.3		0.766211
397.4		0.766211
397.5		0.766211
397.6		0.766211
397.7		0.766211
397.8		0.766211
397.9		0.766211
398		0.766211
398.1		0.7674
398.2		0.7674
398.3		0.7674
398.4		0.7674
398.5		0.7674
398.6		0.7674
398.7		0.7674
398.8		0.7674
398.9		0.7674
399		0.7674
399.1		0.77097
399.2		0.77097
399.3		0.77097
399.4		0.77097
399.5		0.77097
399.6		0.77097
399.7		0.77097
399.8		0.77097
399.9		0.77097
400		0.77097
400.1		0.772754
400.2		0.772754
400.3		0.772754
400.4		0.772754
400.5		0.772754
400.6		0.772754
400.7		0.772754
400.8		0.772754
400.9		0.772754
401		0.772754
401.1		0.773349
401.2		0.773349
401.3		0.773349
401.4		0.773349
401.5		0.773349
401.6		0.773349
401.7		0.773349
401.8		0.773349
401.9		0.773349
402		0.773349
402.1		0.773944
402.2		0.773944
402.3		0.773944
402.4		0.773944
402.5		0.773944
402.6		0.773944
402.7		0.773944
402.8		0.773944
402.9		0.773944
403		0.773944
403.1		0.773944
403.2		0.773944
403.3		0.773944
403.4		0.773944
403.5		0.773944
403.6		0.773944
403.7		0.773944
403.8		0.773944
403.9		0.773944
404		0.773944
404.1		0.775729
404.2		0.775729
404.3		0.775729
404.4		0.775729
404.5		0.775729
404.6		0.775729
404.7		0.775729
404.8		0.775729
404.9		0.775729
405		0.775729
405.1		0.776324
405.2		0.776324
405.3		0.776324
405.4		0.776324
405.5		0.776324
405.6		0.776324
405.7		0.776324
405.8		0.776324
405.9		0.776324
406		0.776324
406.1		0.781678
406.2		0.781678
406.3		0.781678
406.4		0.781678
406.5		0.781678
406.6		0.781678
406.7		0.781678
406.8		0.781678
406.9		0.781678
407		0.781678
407.1		0.781678
407.2		0.781678
407.3		0.781678
407.4		0.781678
407.5		0.781678
407.6		0.781678
407.7		0.781678
407.8		0.781678
407.9		0.781678
408		0.781678
408.1		0.783462
408.2		0.783462
408.3		0.783462
408.4		0.783462
408.5		0.783462
408.6		0.783462
408.7		0.783462
408.8		0.783462
408.9		0.783462
409		0.783462
409.1		0.788816
409.2		0.788816
409.3		0.788816
409.4		0.788816
409.5		0.788816
409.6		0.788816
409.7		0.788816
409.8		0.788816
409.9		0.788816
410		0.788816
410.1		0.788816
410.2		0.788816
410.3		0.788816
410.4		0.788816
410.5		0.788816
410.6		0.788816
410.7		0.788816
410.8		0.788816
410.9		0.788816
411		0.788816
411.1		0.789411
411.2		0.789411
411.3		0.789411
411.4		0.789411
411.5		0.789411
411.6		0.789411
411.7		0.789411
411.8		0.789411
411.9		0.789411
412		0.789411
412.1		0.79655
412.2		0.79655
412.3		0.79655
412.4		0.79655
412.5		0.79655
412.6		0.79655
412.7		0.79655
412.8		0.79655
412.9		0.79655
413		0.79655
413.1		0.798334
413.2		0.798334
413.3		0.798334
413.4		0.798334
413.5		0.798334
413.6		0.798334
413.7		0.798334
413.8		0.798334
413.9		0.798334
414		0.798334
414.1		0.800119
414.2		0.800119
414.3		0.800119
414.4		0.800119
414.5		0.800119
414.6		0.800119
414.7		0.800119
414.8		0.800119
414.9		0.800119
415		0.800119
415.1		0.800714
415.2		0.800714
415.3		0.800714
415.4		0.800714
415.5		0.800714
415.6		0.800714
415.7		0.800714
415.8		0.800714
415.9		0.800714
416		0.800714
416.1		0.803093
416.2		0.803093
416.3		0.803093
416.4		0.803093
416.5		0.803093
416.6		0.803093
416.7		0.803093
416.8		0.803093
416.9		0.803093
417		0.803093
417.1		0.804878
417.2		0.804878
417.3		0.804878
417.4		0.804878
417.5		0.804878
417.6		0.804878
417.7		0.804878
417.8		0.804878
417.9		0.804878
418		0.804878
418.1		0.807258
418.2		0.807258
418.3		0.807258
418.4		0.807258
418.5		0.807258
418.6		0.807258
418.7		0.807258
418.8		0.807258
418.9		0.807258
419		0.807258
419.1		0.808447
419.2		0.808447
419.3		0.808447
419.4		0.808447
419.5		0.808447
419.6		0.808447
419.7		0.808447
419.8		0.808447
419.9		0.808447
420		0.808447
420.1		0.809042
420.2		0.809042
420.3		0.809042
420.4		0.809042
420.5		0.809042
420.6		0.809042
420.7		0.809042
420.8		0.809042
420.9		0.809042
421		0.809042
421.1		0.814991
421.2		0.814991
421.3		0.814991
421.4		0.814991
421.5		0.814991
421.6		0.814991
421.7		0.814991
421.8		0.814991
421.9		0.814991
422		0.814991
422.1		0.816181
422.2		0.816181
422.3		0.816181
422.4		0.816181
422.5		0.816181
422.6		0.816181
422.7		0.816181
422.8		0.816181
422.9		0.816181
423		0.816181
423.1		0.816181
423.2		0.816181
423.3		0.816181
423.4		0.816181
423.5		0.816181
423.6		0.816181
423.7		0.816181
423.8		0.816181
423.9		0.816181
424		0.816181
424.1		0.82094
424.2		0.82094
424.3		0.82094
424.4		0.82094
424.5		0.82094
424.6		0.82094
424.7		0.82094
424.8		0.82094
424.9		0.82094
425		0.82094
425.1		0.821535
425.2		0.821535
425.3		0.821535
425.4		0.821535
425.5		0.821535
425.6		0.821535
425.7		0.821535
425.8		0.821535
425.9		0.821535
426		0.821535
426.1		0.825699
426.2		0.825699
426.3		0.825699
426.4		0.825699
426.5		0.825699
426.6		0.825699
426.7		0.825699
426.8		0.825699
426.9		0.825699
427		0.825699
427.1		0.826294
427.2		0.826294
427.3		0.826294
427.4		0.826294
427.5		0.826294
427.6		0.826294
427.7		0.826294
427.8		0.826294
427.9		0.826294
428		0.826294
428.1		0.829268
428.2		0.829268
428.3		0.829268
428.4		0.829268
428.5		0.829268
428.6		0.829268
428.7		0.829268
428.8		0.829268
428.9		0.829268
429		0.829268
429.1		0.829863
429.2		0.829863
429.3		0.829863
429.4		0.829863
429.5		0.829863
429.6		0.829863
429.7		0.829863
429.8		0.829863
429.9		0.829863
430		0.829863
430.1		0.831053
430.2		0.831053
430.3		0.831053
430.4		0.831053
430.5		0.831053
430.6		0.831053
430.7		0.831053
430.8		0.831053
430.9		0.831053
431		0.831053
431.1		0.834027
431.2		0.834027
431.3		0.834027
431.4		0.834027
431.5		0.834027
431.6		0.834027
431.7		0.834027
431.8		0.834027
431.9		0.834027
432		0.834027
432.1		0.836407
432.2		0.836407
432.3		0.836407
432.4		0.836407
432.5		0.836407
432.6		0.836407
432.7		0.836407
432.8		0.836407
432.9		0.836407
433		0.836407
433.1		0.836407
433.2		0.836407
433.3		0.836407
433.4		0.836407
433.5		0.836407
433.6		0.836407
433.7		0.836407
433.8		0.836407
433.9		0.836407
434		0.836407
434.1		0.838192
434.2		0.838192
434.3		0.838192
434.4		0.838192
434.5		0.838192
434.6		0.838192
434.7		0.838192
434.8		0.838192
434.9		0.838192
435		0.838192
435.1		0.841166
435.2		0.841166
435.3		0.841166
435.4		0.841166
435.5		0.841166
435.6		0.841166
435.7		0.841166
435.8		0.841166
435.9		0.841166
436		0.841166
436.1		0.841761
436.2		0.841761
436.3		0.841761
436.4		0.841761
436.5		0.841761
436.6		0.841761
436.7		0.841761
436.8		0.841761
436.9		0.841761
437		0.841761
437.1		0.848305
437.2		0.848305
437.3		0.848305
437.4		0.848305
437.5		0.848305
437.6		0.848305
437.7		0.848305
437.8		0.848305
437.9		0.848305
438		0.848305
438.1		0.851279
438.2		0.851279
438.3		0.851279
438.4		0.851279
438.5		0.851279
438.6		0.851279
438.7		0.851279
438.8		0.851279
438.9		0.851279
439		0.851279
439.1		0.853064
439.2		0.853064
439.3		0.853064
439.4		0.853064
439.5		0.853064
439.6		0.853064
439.7		0.853064
439.8		0.853064
439.9		0.853064
440		0.853064
440.1		0.853659
440.2		0.853659
440.3		0.853659
440.4		0.853659
440.5		0.853659
440.6		0.853659
440.7		0.853659
440.8		0.853659
440.9		0.853659
441		0.853659
441.1		0.861987
441.2		0.861987
441.3		0.861987
441.4		0.861987
441.5		0.861987
441.6		0.861987
441.7		0.861987
441.8		0.861987
441.9		0.861987
442		0.861987
442.1		0.863772
442.2		0.863772
442.3		0.863772
442.4		0.863772
442.5		0.863772
442.6		0.863772
442.7		0.863772
442.8		0.863772
442.9		0.863772
443		0.863772
443.1		0.864961
443.2		0.864961
443.3		0.864961
443.4		0.864961
443.5		0.864961
443.6		0.864961
443.7		0.864961
443.8		0.864961
443.9		0.864961
444		0.864961
444.1		0.866746
444.2		0.866746
444.3		0.866746
444.4		0.866746
444.5		0.866746
444.6		0.866746
444.7		0.866746
444.8		0.866746
444.9		0.866746
445		0.866746
445.1		0.866746
445.2		0.866746
445.3		0.866746
445.4		0.866746
445.5		0.866746
445.6		0.866746
445.7		0.866746
445.8		0.866746
445.9		0.866746
446		0.866746
446.1		0.866746
446.2		0.866746
446.3		0.866746
446.4		0.866746
446.5		0.866746
446.6		0.866746
446.7		0.866746
446.8		0.866746
446.9		0.866746
447		0.866746
447.1		0.86972
447.2		0.86972
447.3		0.86972
447.4		0.86972
447.5		0.86972
447.6		0.86972
447.7		0.86972
447.8		0.86972
447.9		0.86972
448		0.86972
448.1		0.874479
448.2		0.874479
448.3		0.874479
448.4		0.874479
448.5		0.874479
448.6		0.874479
448.7		0.874479
448.8		0.874479
448.9		0.874479
449		0.874479
449.1		0.875074
449.2		0.875074
449.3		0.875074
449.4		0.875074
449.5		0.875074
449.6		0.875074
449.7		0.875074
449.8		0.875074
449.9		0.875074
450		0.875074
450.1		0.878049
450.2		0.878049
450.3		0.878049
450.4		0.878049
450.5		0.878049
450.6		0.878049
450.7		0.878049
450.8		0.878049
450.9		0.878049
451		0.878049
451.1		0.879239
451.2		0.879239
451.3		0.879239
451.4		0.879239
451.5		0.879239
451.6		0.879239
451.7		0.879239
451.8		0.879239
451.9		0.879239
452		0.879239
452.1		0.886972
452.2		0.886972
452.3		0.886972
452.4		0.886972
452.5		0.886972
452.6		0.886972
452.7		0.886972
452.8		0.886972
452.9		0.886972
453		0.886972
453.1		0.887567
453.2		0.887567
453.3		0.887567
453.4		0.887567
453.5		0.887567
453.6		0.887567
453.7		0.887567
453.8		0.887567
453.9		0.887567
454		0.887567
454.1		0.887567
454.2		0.887567
454.3		0.887567
454.4		0.887567
454.5		0.887567
454.6		0.887567
454.7		0.887567
454.8		0.887567
454.9		0.887567
455		0.887567
455.1		0.887567
455.2		0.887567
455.3		0.887567
455.4		0.887567
455.5		0.887567
455.6		0.887567
455.7		0.887567
455.8		0.887567
455.9		0.887567
456		0.887567
456.1		0.892326
456.2		0.892326
456.3		0.892326
456.4		0.892326
456.5		0.892326
456.6		0.892326
456.7		0.892326
456.8		0.892326
456.9		0.892326
457		0.892326
457.1		0.8953
457.2		0.8953
457.3		0.8953
457.4		0.8953
457.5		0.8953
457.6		0.8953
457.7		0.8953
457.8		0.8953
457.9		0.8953
458		0.8953
458.1		0.8953
458.2		0.8953
458.3		0.8953
458.4		0.8953
458.5		0.8953
458.6		0.8953
458.7		0.8953
458.8		0.8953
458.9		0.8953
459		0.8953
459.1		0.8953
459.2		0.8953
459.3		0.8953
459.4		0.8953
459.5		0.8953
459.6		0.8953
459.7		0.8953
459.8		0.8953
459.9		0.8953
460		0.8953
460.1		0.898275
460.2		0.898275
460.3		0.898275
460.4		0.898275
460.5		0.898275
460.6		0.898275
460.7		0.898275
460.8		0.898275
460.9		0.898275
461		0.898275
461.1		0.89887
461.2		0.89887
461.3		0.89887
461.4		0.89887
461.5		0.89887
461.6		0.89887
461.7		0.89887
461.8		0.89887
461.9		0.89887
462		0.89887
462.1		0.900654
462.2		0.900654
462.3		0.900654
462.4		0.900654
462.5		0.900654
462.6		0.900654
462.7		0.900654
462.8		0.900654
462.9		0.900654
463		0.900654
463.1		0.900654
463.2		0.900654
463.3		0.900654
463.4		0.900654
463.5		0.900654
463.6		0.900654
463.7		0.900654
463.8		0.900654
463.9		0.900654
464		0.900654
464.1		0.903629
464.2		0.903629
464.3		0.903629
464.4		0.903629
464.5		0.903629
464.6		0.903629
464.7		0.903629
464.8		0.903629
464.9		0.903629
465		0.903629
465.1		0.906008
465.2		0.906008
465.3		0.906008
465.4		0.906008
465.5		0.906008
465.6		0.906008
465.7		0.906008
465.8		0.906008
465.9		0.906008
466		0.906008
466.1		0.906603
466.2		0.906603
466.3		0.906603
466.4		0.906603
466.5		0.906603
466.6		0.906603
466.7		0.906603
466.8		0.906603
466.9		0.906603
467		0.906603
467.1		0.910767
467.2		0.910767
467.3		0.910767
467.4		0.910767
467.5		0.910767
467.6		0.910767
467.7		0.910767
467.8		0.910767
467.9		0.910767
468		0.910767
468.1		0.914337
468.2		0.914337
468.3		0.914337
468.4		0.914337
468.5		0.914337
468.6		0.914337
468.7		0.914337
468.8		0.914337
468.9		0.914337
469		0.914337
469.1		0.914932
469.2		0.914932
469.3		0.914932
469.4		0.914932
469.5		0.914932
469.6		0.914932
469.7		0.914932
469.8		0.914932
469.9		0.914932
470		0.914932
470.1		0.917311
470.2		0.917311
470.3		0.917311
470.4		0.917311
470.5		0.917311
470.6		0.917311
470.7		0.917311
470.8		0.917311
470.9		0.917311
471		0.917311
471.1		0.917311
471.2		0.917311
471.3		0.917311
471.4		0.917311
471.5		0.917311
471.6		0.917311
471.7		0.917311
471.8		0.917311
471.9		0.917311
472		0.917311
472.1		0.922665
472.2		0.922665
472.3		0.922665
472.4		0.922665
472.5		0.922665
472.6		0.922665
472.7		0.922665
472.8		0.922665
472.9		0.922665
473		0.922665
473.1		0.92445
473.2		0.92445
473.3		0.92445
473.4		0.92445
473.5		0.92445
473.6		0.92445
473.7		0.92445
473.8		0.92445
473.9		0.92445
474		0.92445
474.1		0.928019
474.2		0.928019
474.3		0.928019
474.4		0.928019
474.5		0.928019
474.6		0.928019
474.7		0.928019
474.8		0.928019
474.9		0.928019
475		0.928019
475.1		0.929804
475.2		0.929804
475.3		0.929804
475.4		0.929804
475.5		0.929804
475.6		0.929804
475.7		0.929804
475.8		0.929804
475.9		0.929804
476		0.929804
476.1		0.930993
476.2		0.930993
476.3		0.930993
476.4		0.930993
476.5		0.930993
476.6		0.930993
476.7		0.930993
476.8		0.930993
476.9		0.930993
477		0.930993
477.1		0.933968
477.2		0.933968
477.3		0.933968
477.4		0.933968
477.5		0.933968
477.6		0.933968
477.7		0.933968
477.8		0.933968
477.9		0.933968
478		0.933968
478.1		0.934563
478.2		0.934563
478.3		0.934563
478.4		0.934563
478.5		0.934563
478.6		0.934563
478.7		0.934563
478.8		0.934563
478.9		0.934563
479		0.934563
479.1		0.935158
479.2		0.935158
479.3		0.935158
479.4		0.935158
479.5		0.935158
479.6		0.935158
479.7		0.935158
479.8		0.935158
479.9		0.935158
480		0.935158
480.1		0.935158
480.2		0.935158
480.3		0.935158
480.4		0.935158
480.5		0.935158
480.6		0.935158
480.7		0.935158
480.8		0.935158
480.9		0.935158
481		0.935158
481.1		0.938727
481.2		0.938727
481.3		0.938727
481.4		0.938727
481.5		0.938727
481.6		0.938727
481.7		0.938727
481.8		0.938727
481.9		0.938727
482		0.938727
482.1		0.945271
482.2		0.945271
482.3		0.945271
482.4		0.945271
482.5		0.945271
482.6		0.945271
482.7		0.945271
482.8		0.945271
482.9		0.945271
483		0.945271
483.1		0.945866
483.2		0.945866
483.3		0.945866
483.4		0.945866
483.5		0.945866
483.6		0.945866
483.7		0.945866
483.8		0.945866
483.9		0.945866
484		0.945866
484.1		0.94765
484.2		0.94765
484.3		0.94765
484.4		0.94765
484.5		0.94765
484.6		0.94765
484.7		0.94765
484.8		0.94765
484.9		0.94765
485		0.94765
485.1		0.94884
485.2		0.94884
485.3		0.94884
485.4		0.94884
485.5		0.94884
485.6		0.94884
485.7		0.94884
485.8		0.94884
485.9		0.94884
486		0.94884
486.1		0.954194
486.2		0.954194
486.3		0.954194
486.4		0.954194
486.5		0.954194
486.6		0.954194
486.7		0.954194
486.8		0.954194
486.9		0.954194
487		0.954194
487.1		0.955979
487.2		0.955979
487.3		0.955979
487.4		0.955979
487.5		0.955979
487.6		0.955979
487.7		0.955979
487.8		0.955979
487.9		0.955979
488		0.955979
488.1		0.955979
488.2		0.955979
488.3		0.955979
488.4		0.955979
488.5		0.955979
488.6		0.955979
488.7		0.955979
488.8		0.955979
488.9		0.955979
489		0.955979
489.1		0.957168
489.2		0.957168
489.3		0.957168
489.4		0.957168
489.5		0.957168
489.6		0.957168
489.7		0.957168
489.8		0.957168
489.9		0.957168
490		0.957168
490.1		0.960143
490.2		0.960143
490.3		0.960143
490.4		0.960143
490.5		0.960143
490.6		0.960143
490.7		0.960143
490.8		0.960143
490.9		0.960143
491		0.960143
491.1		0.961333
491.2		0.961333
491.3		0.961333
491.4		0.961333
491.5		0.961333
491.6		0.961333
491.7		0.961333
491.8		0.961333
491.9		0.961333
492		0.961333
492.1		0.961333
492.2		0.961333
492.3		0.961333
492.4		0.961333
492.5		0.961333
492.6		0.961333
492.7		0.961333
492.8		0.961333
492.9		0.961333
493		0.961333
493.1		0.961333
493.2		0.961333
493.3		0.961333
493.4		0.961333
493.5		0.961333
493.6		0.961333
493.7		0.961333
493.8		0.961333
493.9		0.961333
494		0.961333
494.1		0.968471
494.2		0.968471
494.3		0.968471
494.4		0.968471
494.5		0.968471
494.6		0.968471
494.7		0.968471
494.8		0.968471
494.9		0.968471
495		0.968471
495.1		0.969661
495.2		0.969661
495.3		0.969661
495.4		0.969661
495.5		0.969661
495.6		0.969661
495.7		0.969661
495.8		0.969661
495.9		0.969661
496		0.969661
496.1		0.969661
496.2		0.969661
496.3		0.969661
496.4		0.969661
496.5		0.969661
496.6		0.969661
496.7		0.969661
496.8		0.969661
496.9		0.969661
497		0.969661
497.1		0.969661
497.2		0.969661
497.3		0.969661
497.4		0.969661
497.5		0.969661
497.6		0.969661
497.7		0.969661
497.8		0.969661
497.9		0.969661
498		0.969661
498.1		0.97561
498.2		0.97561
498.3		0.97561
498.4		0.97561
498.5		0.97561
498.6		0.97561
498.7		0.97561
498.8		0.97561
498.9		0.97561
499		0.97561
499.1		0.97561
499.2		0.97561
499.3		0.97561
499.4		0.97561
499.5		0.97561
499.6		0.97561
499.7		0.97561
499.8		0.97561
499.9		0.97561
500		0.97561
500.1		0.977394
500.2		0.977394
500.3		0.977394
500.4		0.977394
500.5		0.977394
500.6		0.977394
500.7		0.977394
500.8		0.977394
500.9		0.977394
501		0.977394
501.1		0.977989
501.2		0.977989
501.3		0.977989
501.4		0.977989
501.5		0.977989
501.6		0.977989
501.7		0.977989
501.8		0.977989
501.9		0.977989
502		0.977989
502.1		0.981559
502.2		0.981559
502.3		0.981559
502.4		0.981559
502.5		0.981559
502.6		0.981559
502.7		0.981559
502.8		0.981559
502.9		0.981559
503		0.981559
503.1		0.982748
503.2		0.982748
503.3		0.982748
503.4		0.982748
503.5		0.982748
503.6		0.982748
503.7		0.982748
503.8		0.982748
503.9		0.982748
504		0.982748
504.1		0.985128
504.2		0.985128
504.3		0.985128
504.4		0.985128
504.5		0.985128
504.6		0.985128
504.7		0.985128
504.8		0.985128
504.9		0.985128
505		0.985128
505.1		0.988102
505.2		0.988102
505.3		0.988102
505.4		0.988102
505.5		0.988102
505.6		0.988102
505.7		0.988102
505.8		0.988102
505.9		0.988102
506		0.988102
506.1		0.991077
506.2		0.991077
506.3		0.991077
506.4		0.991077
506.5		0.991077
506.6		0.991077
506.7		0.991077
506.8		0.991077
506.9		0.991077
507		0.991077
507.1		0.991077
507.2		0.991077
507.3		0.991077
507.4		0.991077
507.5		0.991077
507.6		0.991077
507.7		0.991077
507.8		0.991077
507.9		0.991077
508		0.991077
508.1		0.992861
508.2		0.992861
508.3		0.992861
508.4		0.992861
508.5		0.992861
508.6		0.992861
508.7		0.992861
508.8		0.992861
508.9		0.992861
509		0.992861
509.1		0.992861
509.2		0.992861
509.3		0.992861
509.4		0.992861
509.5		0.992861
509.6		0.992861
509.7		0.992861
509.8		0.992861
509.9		0.992861
510		0.992861
510.1		0.994051
510.2		0.994051
510.3		0.994051
510.4		0.994051
510.5		0.994051
510.6		0.994051
510.7		0.994051
510.8		0.994051
510.9		0.994051
511		0.994051
511.1		0.995836
511.2		0.995836
511.3		0.995836
511.4		0.995836
511.5		0.995836
511.6		0.995836
511.7		0.995836
511.8		0.995836
511.9		0.995836
512		0.995836
512.1		0.996431
512.2		0.996431
512.3		0.996431
512.4		0.996431
512.5		0.996431
512.6		0.996431
512.7		0.996431
512.8		0.996431
512.9		0.996431
513		0.996431
513.1		0.996431
513.2		0.996431
513.3		0.996431
513.4		0.996431
513.5		0.996431
513.6		0.996431
513.7		0.996431
513.8		0.996431
513.9		0.996431
514		0.996431
514.1		1
514.2		1
514.3		1
514.4		1
514.5		1
514.6		1
514.7		1
514.8		1
514.9		1
515		1
515.1		1
515.2		1
515.3		1
515.4		1
515.5		1
515.6		1
515.7		1
515.8		1
515.9		1
516		1
516.1		1
516.2		1
516.3		1
516.4		1
516.5		1
516.6		1
516.7		1
516.8		1
516.9		1
517		1
517.1		1
517.2		1
517.3		1
517.4		1
517.5		1
517.6		1
517.7		1
517.8		1
517.9		1
518		1
518.1		1
518.2		1
518.3		1
518.4		1
518.5		1
518.6		1
518.7		1
518.8		1
518.9		1
519		1
519.1		1
519.2		1
519.3		1
519.4		1
519.5		1
519.6		1
519.7		1
519.8		1
519.9		1
520		1
520.1		1
520.2		1
520.3		1
520.4		1
520.5		1
520.6		1
520.7		1
520.8		1
520.9		1
521		1
521.1		1
521.2		1
521.3		1
521.4		1
521.5		1
521.6		1
521.7		1
521.8		1
521.9		1
522		1
522.1		1
522.2		1
522.3		1
522.4		1
522.5		1
522.6		1
522.7		1
522.8		1
522.9		1
523		1
523.1		1
523.2		1
523.3		1
523.4		1
523.5		1
523.6		1
523.7		1
523.8		1
523.9		1
524		1
524.1		1
524.2		1
524.3		1
524.4		1
524.5		1
524.6		1
524.7		1
524.8		1
524.9		1
525		1
525.1		1
525.2		1
525.3		1
525.4		1
525.5		1
525.6		1
525.7		1
525.8		1
525.9		1
526		1
526.1		1
526.2		1
526.3		1
526.4		1
526.5		1
526.6		1
526.7		1
526.8		1
526.9		1
527		1
527.1		1
527.2		1
527.3		1
527.4		1
527.5		1
527.6		1
527.7		1
527.8		1
527.9		1
528		1
528.1		1
528.2		1
528.3		1
528.4		1
528.5		1
528.6		1
528.7		1
528.8		1
528.9		1
529		1
529.1		1
529.2		1
529.3		1
529.4		1
529.5		1
529.6		1
529.7		1
529.8		1
529.9		1
530		1
530.1		1
530.2		1
530.3		1
530.4		1
530.5		1
530.6		1
530.7		1
530.8		1
530.9		1
531		1
531.1		1
531.2		1
531.3		1
531.4		1
531.5		1
531.6		1
531.7		1
531.8		1
531.9		1
532		1
532.1		1
532.2		1
532.3		1
532.4		1
532.5		1
532.6		1
532.7		1
532.8		1
532.9		1
533		1
533.1		1
533.2		1
533.3		1
533.4		1
533.5		1
533.6		1
533.7		1
533.8		1
533.9		1
534		1
534.1		1
534.2		1
534.3		1
534.4		1
534.5		1
534.6		1
534.7		1
534.8		1
534.9		1
535		1
535.1		1
535.2		1
535.3		1
535.4		1
535.5		1
535.6		1
535.7		1
535.8		1
535.9		1
536		1
536.1		1
536.2		1
536.3		1
536.4		1
536.5		1
536.6		1
536.7		1
536.8		1
536.9		1
537		1
537.1		1
537.2		1
537.3		1
537.4		1
537.5		1
537.6		1
537.7		1
537.8		1
537.9		1
538		1
538.1		1
538.2		1
538.3		1
538.4		1
538.5		1
538.6		1
538.7		1
538.8		1
538.9		1
539		1
539.1		1
539.2		1
539.3		1
539.4		1
539.5		1
539.6		1
539.7		1
539.8		1
539.9		1
540		1
540.1		1
540.2		1
540.3		1
540.4		1
540.5		1
540.6		1
540.7		1
540.8		1
540.9		1
541		1
541.1		1
541.2		1
541.3		1
541.4		1
541.5		1
541.6		1
541.7		1
541.8		1
541.9		1
542		1
542.1		1
542.2		1
542.3		1
542.4		1
542.5		1
542.6		1
542.7		1
542.8		1
542.9		1
543		1
543.1		1
543.2		1
543.3		1
543.4		1
543.5		1
543.6		1
543.7		1
543.8		1
543.9		1
544		1
544.1		1
544.2		1
544.3		1
544.4		1
544.5		1
544.6		1
544.7		1
544.8		1
544.9		1
545		1
545.1		1
545.2		1
545.3		1
545.4		1
545.5		1
545.6		1
545.7		1
545.8		1
545.9		1
546		1
546.1		1
546.2		1
546.3		1
546.4		1
546.5		1
546.6		1
546.7		1
546.8		1
546.9		1
547		1
547.1		1
547.2		1
547.3		1
547.4		1
547.5		1
547.6		1
547.7		1
547.8		1
547.9		1
548		1
548.1		1
548.2		1
548.3		1
548.4		1
548.5		1
548.6		1
548.7		1
548.8		1
548.9		1
549		1
549.1		1
549.2		1
549.3		1
549.4		1
549.5		1
549.6		1
549.7		1
549.8		1
549.9		1
550		1
550.1		1
550.2		1
550.3		1
550.4		1
550.5		1
550.6		1
550.7		1
550.8		1
550.9		1
551		1
551.1		1
551.2		1
551.3		1
551.4		1
551.5		1
551.6		1
551.7		1
551.8		1
551.9		1
552		1
552.1		1
552.2		1
552.3		1
552.4		1
552.5		1
552.6		1
552.7		1
552.8		1
552.9		1
553		1
553.1		1
553.2		1
553.3		1
553.4		1
553.5		1
553.6		1
553.7		1
553.8		1
553.9		1
554		1
554.1		1
554.2		1
554.3		1
554.4		1
554.5		1
554.6		1
554.7		1
554.8		1
554.9		1
555		1
555.1		1
555.2		1
555.3		1
555.4		1
555.5		1
555.6		1
555.7		1
555.8		1
555.9		1
556		1
556.1		1
556.2		1
556.3		1
556.4		1
556.5		1
556.6		1
556.7		1
556.8		1
556.9		1
557		1
557.1		1
557.2		1
557.3		1
557.4		1
557.5		1
557.6		1
557.7		1
557.8		1
557.9		1
558		1
558.1		1
558.2		1
558.3		1
558.4		1
558.5		1
558.6		1
558.7		1
558.8		1
558.9		1
559		1
559.1		1
559.2		1
559.3		1
559.4		1
559.5		1
559.6		1
559.7		1
559.8		1
559.9		1
560		1
560.1		1
560.2		1
560.3		1
560.4		1
560.5		1
560.6		1
560.7		1
560.8		1
560.9		1
561		1
561.1		1
561.2		1
561.3		1
561.4		1
561.5		1
561.6		1
561.7		1
561.8		1
561.9		1
562		1
562.1		1
562.2		1
562.3		1
562.4		1
562.5		1
562.6		1
562.7		1
562.8		1
562.9		1
563		1
563.1		1
563.2		1
563.3		1
563.4		1
563.5		1
563.6		1
563.7		1
563.8		1
563.9		1
564		1
564.1		1
564.2		1
564.3		1
564.4		1
564.5		1
564.6		1
564.7		1
564.8		1
564.9		1
565		1
565.1		1
565.2		1
565.3		1
565.4		1
565.5		1
565.6		1
565.7		1
565.8		1
565.9		1
566		1
566.1		1
566.2		1
566.3		1
566.4		1
566.5		1
566.6		1
566.7		1
566.8		1
566.9		1
567		1
567.1		1
567.2		1
567.3		1
567.4		1
567.5		1
567.6		1
567.7		1
567.8		1
567.9		1
568		1
568.1		1
568.2		1
568.3		1
568.4		1
568.5		1
568.6		1
568.7		1
568.8		1
568.9		1
569		1
569.1		1
569.2		1
569.3		1
569.4		1
569.5		1
569.6		1
569.7		1
569.8		1
569.9		1
570		1
570.1		1
570.2		1
570.3		1
570.4		1
570.5		1
570.6		1
570.7		1
570.8		1
570.9		1
571		1
571.1		1
571.2		1
571.3		1
571.4		1
571.5		1
571.6		1
571.7		1
571.8		1
571.9		1
572		1
572.1		1
572.2		1
572.3		1
572.4		1
572.5		1
572.6		1
572.7		1
572.8		1
572.9		1
573		1
573.1		1
573.2		1
573.3		1
573.4		1
573.5		1
573.6		1
573.7		1
573.8		1
573.9		1
574		1
574.1		1
574.2		1
574.3		1
574.4		1
574.5		1
574.6		1
574.7		1
574.8		1
574.9		1
575		1
575.1		1
575.2		1
575.3		1
575.4		1
575.5		1
575.6		1
575.7		1
575.8		1
575.9		1
576		1
576.1		1
576.2		1
576.3		1
576.4		1
576.5		1
576.6		1
576.7		1
576.8		1
576.9		1
577		1
577.1		1
577.2		1
577.3		1
577.4		1
577.5		1
577.6		1
577.7		1
577.8		1
577.9		1
578		1
578.1		1
578.2		1
578.3		1
578.4		1
578.5		1
578.6		1
578.7		1
578.8		1
578.9		1
579		1
579.1		1
579.2		1
579.3		1
579.4		1
579.5		1
579.6		1
579.7		1
579.8		1
579.9		1
580		1
580.1		1
580.2		1
580.3		1
580.4		1
580.5		1
580.6		1
580.7		1
580.8		1
580.9		1
581		1
581.1		1
581.2		1
581.3		1
581.4		1
581.5		1
581.6		1
581.7		1
581.8		1
581.9		1
582		1
582.1		1
582.2		1
582.3		1
582.4		1
582.5		1
582.6		1
582.7		1
582.8		1
582.9		1
583		1
583.1		1
583.2		1
583.3		1
583.4		1
583.5		1
583.6		1
583.7		1
583.8		1
583.9		1
584		1
584.1		1
584.2		1
584.3		1
584.4		1
584.5		1
584.6		1
584.7		1
584.8		1
584.9		1
585		1
585.1		1
585.2		1
585.3		1
585.4		1
585.5		1
585.6		1
585.7		1
585.8		1
585.9		1
586		1
586.1		1
586.2		1
586.3		1
586.4		1
586.5		1
586.6		1
586.7		1
586.8		1
586.9		1
587		1
587.1		1
587.2		1
587.3		1
587.4		1
587.5		1
587.6		1
587.7		1
587.8		1
587.9		1
588		1
588.1		1
588.2		1
588.3		1
588.4		1
588.5		1
588.6		1
588.7		1
588.8		1
588.9		1
589		1
589.1		1
589.2		1
589.3		1
589.4		1
589.5		1
589.6		1
589.7		1
589.8		1
589.9		1
590		1
590.1		1
590.2		1
590.3		1
590.4		1
590.5		1
590.6		1
590.7		1
590.8		1
590.9		1
591		1
591.1		1
591.2		1
591.3		1
591.4		1
591.5		1
591.6		1
591.7		1
591.8		1
591.9		1
592		1
592.1		1
592.2		1
592.3		1
592.4		1
592.5		1
592.6		1
592.7		1
592.8		1
592.9		1
593		1
593.1		1
593.2		1
593.3		1
593.4		1
593.5		1
593.6		1
593.7		1
593.8		1
593.9		1
594		1
594.1		1
594.2		1
594.3		1
594.4		1
594.5		1
594.6		1
594.7		1
594.8		1
594.9		1
595		1
595.1		1
595.2		1
595.3		1
595.4		1
595.5		1
595.6		1
595.7		1
595.8		1
595.9		1
596		1
596.1		1
596.2		1
596.3		1
596.4		1
596.5		1
596.6		1
596.7		1
596.8		1
596.9		1
597		1
597.1		1
597.2		1
597.3		1
597.4		1
597.5		1
597.6		1
597.7		1
597.8		1
597.9		1
598		1
598.1		1
598.2		1
598.3		1
598.4		1
598.5		1
598.6		1
598.7		1
598.8		1
598.9		1
599		1
599.1		1
599.2		1
599.3		1
599.4		1
599.5		1
599.6		1
599.7		1
599.8		1
599.9		1
600		1
