# Calibration file of tamex_id 1 @ channel 30
# fine_T bin		 Calibration value
0.1		0
0.2		0
0.3		0
0.4		0
0.5		0
0.6		0
0.7		0
0.8		0
0.9		0
1		0
1.1		0
1.2		0
1.3		0
1.4		0
1.5		0
1.6		0
1.7		0
1.8		0
1.9		0
2		0
2.1		0
2.2		0
2.3		0
2.4		0
2.5		0
2.6		0
2.7		0
2.8		0
2.9		0
3		0
3.1		0
3.2		0
3.3		0
3.4		0
3.5		0
3.6		0
3.7		0
3.8		0
3.9		0
4		0
4.1		0
4.2		0
4.3		0
4.4		0
4.5		0
4.6		0
4.7		0
4.8		0
4.9		0
5		0
5.1		0
5.2		0
5.3		0
5.4		0
5.5		0
5.6		0
5.7		0
5.8		0
5.9		0
6		0
6.1		0
6.2		0
6.3		0
6.4		0
6.5		0
6.6		0
6.7		0
6.8		0
6.9		0
7		0
7.1		0
7.2		0
7.3		0
7.4		0
7.5		0
7.6		0
7.7		0
7.8		0
7.9		0
8		0
8.1		0
8.2		0
8.3		0
8.4		0
8.5		0
8.6		0
8.7		0
8.8		0
8.9		0
9		0
9.1		0
9.2		0
9.3		0
9.4		0
9.5		0
9.6		0
9.7		0
9.8		0
9.9		0
10		0
10.1		0
10.2		0
10.3		0
10.4		0
10.5		0
10.6		0
10.7		0
10.8		0
10.9		0
11		0
11.1		0
11.2		0
11.3		0
11.4		0
11.5		0
11.6		0
11.7		0
11.8		0
11.9		0
12		0
12.1		0
12.2		0
12.3		0
12.4		0
12.5		0
12.6		0
12.7		0
12.8		0
12.9		0
13		0
13.1		0
13.2		0
13.3		0
13.4		0
13.5		0
13.6		0
13.7		0
13.8		0
13.9		0
14		0
14.1		0
14.2		0
14.3		0
14.4		0
14.5		0
14.6		0
14.7		0
14.8		0
14.9		0
15		0
15.1		0
15.2		0
15.3		0
15.4		0
15.5		0
15.6		0
15.7		0
15.8		0
15.9		0
16		0
16.1		0.00255383
16.2		0.00255383
16.3		0.00255383
16.4		0.00255383
16.5		0.00255383
16.6		0.00255383
16.7		0.00255383
16.8		0.00255383
16.9		0.00255383
17		0.00255383
17.1		0.00601132
17.2		0.00601132
17.3		0.00601132
17.4		0.00601132
17.5		0.00601132
17.6		0.00601132
17.7		0.00601132
17.8		0.00601132
17.9		0.00601132
18		0.00601132
18.1		0.00887946
18.2		0.00887946
18.3		0.00887946
18.4		0.00887946
18.5		0.00887946
18.6		0.00887946
18.7		0.00887946
18.8		0.00887946
18.9		0.00887946
19		0.00887946
19.1		0.0103332
19.2		0.0103332
19.3		0.0103332
19.4		0.0103332
19.5		0.0103332
19.6		0.0103332
19.7		0.0103332
19.8		0.0103332
19.9		0.0103332
20		0.0103332
20.1		0.0163445
20.2		0.0163445
20.3		0.0163445
20.4		0.0163445
20.5		0.0163445
20.6		0.0163445
20.7		0.0163445
20.8		0.0163445
20.9		0.0163445
21		0.0163445
21.1		0.0168945
21.2		0.0168945
21.3		0.0168945
21.4		0.0168945
21.5		0.0168945
21.6		0.0168945
21.7		0.0168945
21.8		0.0168945
21.9		0.0168945
22		0.0168945
22.1		0.0171696
22.2		0.0171696
22.3		0.0171696
22.4		0.0171696
22.5		0.0171696
22.6		0.0171696
22.7		0.0171696
22.8		0.0171696
22.9		0.0171696
23		0.0171696
23.1		0.0196055
23.2		0.0196055
23.3		0.0196055
23.4		0.0196055
23.5		0.0196055
23.6		0.0196055
23.7		0.0196055
23.8		0.0196055
23.9		0.0196055
24		0.0196055
24.1		0.0223951
24.2		0.0223951
24.3		0.0223951
24.4		0.0223951
24.5		0.0223951
24.6		0.0223951
24.7		0.0223951
24.8		0.0223951
24.9		0.0223951
25		0.0223951
25.1		0.0238488
25.2		0.0238488
25.3		0.0238488
25.4		0.0238488
25.5		0.0238488
25.6		0.0238488
25.7		0.0238488
25.8		0.0238488
25.9		0.0238488
26		0.0238488
26.1		0.0253418
26.2		0.0253418
26.3		0.0253418
26.4		0.0253418
26.5		0.0253418
26.6		0.0253418
26.7		0.0253418
26.8		0.0253418
26.9		0.0253418
27		0.0253418
27.1		0.0274242
27.2		0.0274242
27.3		0.0274242
27.4		0.0274242
27.5		0.0274242
27.6		0.0274242
27.7		0.0274242
27.8		0.0274242
27.9		0.0274242
28		0.0274242
28.1		0.0305281
28.2		0.0305281
28.3		0.0305281
28.4		0.0305281
28.5		0.0305281
28.6		0.0305281
28.7		0.0305281
28.8		0.0305281
28.9		0.0305281
29		0.0305281
29.1		0.0325711
29.2		0.0325711
29.3		0.0325711
29.4		0.0325711
29.5		0.0325711
29.6		0.0325711
29.7		0.0325711
29.8		0.0325711
29.9		0.0325711
30		0.0325711
30.1		0.0331997
30.2		0.0331997
30.3		0.0331997
30.4		0.0331997
30.5		0.0331997
30.6		0.0331997
30.7		0.0331997
30.8		0.0331997
30.9		0.0331997
31		0.0331997
31.1		0.0338677
31.2		0.0338677
31.3		0.0338677
31.4		0.0338677
31.5		0.0338677
31.6		0.0338677
31.7		0.0338677
31.8		0.0338677
31.9		0.0338677
32		0.0338677
32.1		0.0363036
32.2		0.0363036
32.3		0.0363036
32.4		0.0363036
32.5		0.0363036
32.6		0.0363036
32.7		0.0363036
32.8		0.0363036
32.9		0.0363036
33		0.0363036
33.1		0.0404683
33.2		0.0404683
33.3		0.0404683
33.4		0.0404683
33.5		0.0404683
33.6		0.0404683
33.7		0.0404683
33.8		0.0404683
33.9		0.0404683
34		0.0404683
34.1		0.0411755
34.2		0.0411755
34.3		0.0411755
34.4		0.0411755
34.5		0.0411755
34.6		0.0411755
34.7		0.0411755
34.8		0.0411755
34.9		0.0411755
35		0.0411755
35.1		0.0423935
35.2		0.0423935
35.3		0.0423935
35.4		0.0423935
35.5		0.0423935
35.6		0.0423935
35.7		0.0423935
35.8		0.0423935
35.9		0.0423935
36		0.0423935
36.1		0.0445545
36.2		0.0445545
36.3		0.0445545
36.4		0.0445545
36.5		0.0445545
36.6		0.0445545
36.7		0.0445545
36.8		0.0445545
36.9		0.0445545
37		0.0445545
37.1		0.046794
37.2		0.046794
37.3		0.046794
37.4		0.046794
37.5		0.046794
37.6		0.046794
37.7		0.046794
37.8		0.046794
37.9		0.046794
38		0.046794
38.1		0.0473047
38.2		0.0473047
38.3		0.0473047
38.4		0.0473047
38.5		0.0473047
38.6		0.0473047
38.7		0.0473047
38.8		0.0473047
38.9		0.0473047
39		0.0473047
39.1		0.0521374
39.2		0.0521374
39.3		0.0521374
39.4		0.0521374
39.5		0.0521374
39.6		0.0521374
39.7		0.0521374
39.8		0.0521374
39.9		0.0521374
40		0.0521374
40.1		0.052491
40.2		0.052491
40.3		0.052491
40.4		0.052491
40.5		0.052491
40.6		0.052491
40.7		0.052491
40.8		0.052491
40.9		0.052491
41		0.052491
41.1		0.0553198
41.2		0.0553198
41.3		0.0553198
41.4		0.0553198
41.5		0.0553198
41.6		0.0553198
41.7		0.0553198
41.8		0.0553198
41.9		0.0553198
42		0.0553198
42.1		0.0571271
42.2		0.0571271
42.3		0.0571271
42.4		0.0571271
42.5		0.0571271
42.6		0.0571271
42.7		0.0571271
42.8		0.0571271
42.9		0.0571271
43		0.0571271
43.1		0.0584237
43.2		0.0584237
43.3		0.0584237
43.4		0.0584237
43.5		0.0584237
43.6		0.0584237
43.7		0.0584237
43.8		0.0584237
43.9		0.0584237
44		0.0584237
44.1		0.0618026
44.2		0.0618026
44.3		0.0618026
44.4		0.0618026
44.5		0.0618026
44.6		0.0618026
44.7		0.0618026
44.8		0.0618026
44.9		0.0618026
45		0.0618026
45.1		0.0624312
45.2		0.0624312
45.3		0.0624312
45.4		0.0624312
45.5		0.0624312
45.6		0.0624312
45.7		0.0624312
45.8		0.0624312
45.9		0.0624312
46		0.0624312
46.1		0.0658494
46.2		0.0658494
46.3		0.0658494
46.4		0.0658494
46.5		0.0658494
46.6		0.0658494
46.7		0.0658494
46.8		0.0658494
46.9		0.0658494
47		0.0658494
47.1		0.0667924
47.2		0.0667924
47.3		0.0667924
47.4		0.0667924
47.5		0.0667924
47.6		0.0667924
47.7		0.0667924
47.8		0.0667924
47.9		0.0667924
48		0.0667924
48.1		0.0702499
48.2		0.0702499
48.3		0.0702499
48.4		0.0702499
48.5		0.0702499
48.6		0.0702499
48.7		0.0702499
48.8		0.0702499
48.9		0.0702499
49		0.0702499
49.1		0.0723322
49.2		0.0723322
49.3		0.0723322
49.4		0.0723322
49.5		0.0723322
49.6		0.0723322
49.7		0.0723322
49.8		0.0723322
49.9		0.0723322
50		0.0723322
50.1		0.0741788
50.2		0.0741788
50.3		0.0741788
50.4		0.0741788
50.5		0.0741788
50.6		0.0741788
50.7		0.0741788
50.8		0.0741788
50.9		0.0741788
51		0.0741788
51.1		0.0779507
51.2		0.0779507
51.3		0.0779507
51.4		0.0779507
51.5		0.0779507
51.6		0.0779507
51.7		0.0779507
51.8		0.0779507
51.9		0.0779507
52		0.0779507
52.1		0.0783828
52.2		0.0783828
52.3		0.0783828
52.4		0.0783828
52.5		0.0783828
52.6		0.0783828
52.7		0.0783828
52.8		0.0783828
52.9		0.0783828
53		0.0783828
53.1		0.0788936
53.2		0.0788936
53.3		0.0788936
53.4		0.0788936
53.5		0.0788936
53.6		0.0788936
53.7		0.0788936
53.8		0.0788936
53.9		0.0788936
54		0.0788936
54.1		0.0818796
54.2		0.0818796
54.3		0.0818796
54.4		0.0818796
54.5		0.0818796
54.6		0.0818796
54.7		0.0818796
54.8		0.0818796
54.9		0.0818796
55		0.0818796
55.1		0.0843942
55.2		0.0843942
55.3		0.0843942
55.4		0.0843942
55.5		0.0843942
55.6		0.0843942
55.7		0.0843942
55.8		0.0843942
55.9		0.0843942
56		0.0843942
56.1		0.0862801
56.2		0.0862801
56.3		0.0862801
56.4		0.0862801
56.5		0.0862801
56.6		0.0862801
56.7		0.0862801
56.8		0.0862801
56.9		0.0862801
57		0.0862801
57.1		0.0873016
57.2		0.0873016
57.3		0.0873016
57.4		0.0873016
57.5		0.0873016
57.6		0.0873016
57.7		0.0873016
57.8		0.0873016
57.9		0.0873016
58		0.0873016
58.1		0.0894625
58.2		0.0894625
58.3		0.0894625
58.4		0.0894625
58.5		0.0894625
58.6		0.0894625
58.7		0.0894625
58.8		0.0894625
58.9		0.0894625
59		0.0894625
59.1		0.0927236
59.2		0.0927236
59.3		0.0927236
59.4		0.0927236
59.5		0.0927236
59.6		0.0927236
59.7		0.0927236
59.8		0.0927236
59.9		0.0927236
60		0.0927236
60.1		0.0937844
60.2		0.0937844
60.3		0.0937844
60.4		0.0937844
60.5		0.0937844
60.6		0.0937844
60.7		0.0937844
60.8		0.0937844
60.9		0.0937844
61		0.0937844
61.1		0.0939415
61.2		0.0939415
61.3		0.0939415
61.4		0.0939415
61.5		0.0939415
61.6		0.0939415
61.7		0.0939415
61.8		0.0939415
61.9		0.0939415
62		0.0939415
62.1		0.0990492
62.2		0.0990492
62.3		0.0990492
62.4		0.0990492
62.5		0.0990492
62.6		0.0990492
62.7		0.0990492
62.8		0.0990492
62.9		0.0990492
63		0.0990492
63.1		0.0994421
63.2		0.0994421
63.3		0.0994421
63.4		0.0994421
63.5		0.0994421
63.6		0.0994421
63.7		0.0994421
63.8		0.0994421
63.9		0.0994421
64		0.0994421
64.1		0.0995992
64.2		0.0995992
64.3		0.0995992
64.4		0.0995992
64.5		0.0995992
64.6		0.0995992
64.7		0.0995992
64.8		0.0995992
64.9		0.0995992
65		0.0995992
65.1		0.104943
65.2		0.104943
65.3		0.104943
65.4		0.104943
65.5		0.104943
65.6		0.104943
65.7		0.104943
65.8		0.104943
65.9		0.104943
66		0.104943
66.1		0.106357
66.2		0.106357
66.3		0.106357
66.4		0.106357
66.5		0.106357
66.6		0.106357
66.7		0.106357
66.8		0.106357
66.9		0.106357
67		0.106357
67.1		0.108361
67.2		0.108361
67.3		0.108361
67.4		0.108361
67.5		0.108361
67.6		0.108361
67.7		0.108361
67.8		0.108361
67.9		0.108361
68		0.108361
68.1		0.109382
68.2		0.109382
68.3		0.109382
68.4		0.109382
68.5		0.109382
68.6		0.109382
68.7		0.109382
68.8		0.109382
68.9		0.109382
69		0.109382
69.1		0.11009
69.2		0.11009
69.3		0.11009
69.4		0.11009
69.5		0.11009
69.6		0.11009
69.7		0.11009
69.8		0.11009
69.9		0.11009
70		0.11009
70.1		0.114726
70.2		0.114726
70.3		0.114726
70.4		0.114726
70.5		0.114726
70.6		0.114726
70.7		0.114726
70.8		0.114726
70.9		0.114726
71		0.114726
71.1		0.115629
71.2		0.115629
71.3		0.115629
71.4		0.115629
71.5		0.115629
71.6		0.115629
71.7		0.115629
71.8		0.115629
71.9		0.115629
72		0.115629
72.1		0.11614
72.2		0.11614
72.3		0.11614
72.4		0.11614
72.5		0.11614
72.6		0.11614
72.7		0.11614
72.8		0.11614
72.9		0.11614
73		0.11614
73.1		0.118065
73.2		0.118065
73.3		0.118065
73.4		0.118065
73.5		0.118065
73.6		0.118065
73.7		0.118065
73.8		0.118065
73.9		0.118065
74		0.118065
74.1		0.121209
74.2		0.121209
74.3		0.121209
74.4		0.121209
74.5		0.121209
74.6		0.121209
74.7		0.121209
74.8		0.121209
74.9		0.121209
75		0.121209
75.1		0.12392
75.2		0.12392
75.3		0.12392
75.4		0.12392
75.5		0.12392
75.6		0.12392
75.7		0.12392
75.8		0.12392
75.9		0.12392
76		0.12392
76.1		0.124705
76.2		0.124705
76.3		0.124705
76.4		0.124705
76.5		0.124705
76.6		0.124705
76.7		0.124705
76.8		0.124705
76.9		0.124705
77		0.124705
77.1		0.126906
77.2		0.126906
77.3		0.126906
77.4		0.126906
77.5		0.126906
77.6		0.126906
77.7		0.126906
77.8		0.126906
77.9		0.126906
78		0.126906
78.1		0.128988
78.2		0.128988
78.3		0.128988
78.4		0.128988
78.5		0.128988
78.6		0.128988
78.7		0.128988
78.8		0.128988
78.9		0.128988
79		0.128988
79.1		0.13217
79.2		0.13217
79.3		0.13217
79.4		0.13217
79.5		0.13217
79.6		0.13217
79.7		0.13217
79.8		0.13217
79.9		0.13217
80		0.13217
80.1		0.132956
80.2		0.132956
80.3		0.132956
80.4		0.132956
80.5		0.132956
80.6		0.132956
80.7		0.132956
80.8		0.132956
80.9		0.132956
81		0.132956
81.1		0.135078
81.2		0.135078
81.3		0.135078
81.4		0.135078
81.5		0.135078
81.6		0.135078
81.7		0.135078
81.8		0.135078
81.9		0.135078
82		0.135078
82.1		0.135981
82.2		0.135981
82.3		0.135981
82.4		0.135981
82.5		0.135981
82.6		0.135981
82.7		0.135981
82.8		0.135981
82.9		0.135981
83		0.135981
83.1		0.138732
83.2		0.138732
83.3		0.138732
83.4		0.138732
83.5		0.138732
83.6		0.138732
83.7		0.138732
83.8		0.138732
83.9		0.138732
84		0.138732
84.1		0.14046
84.2		0.14046
84.3		0.14046
84.4		0.14046
84.5		0.14046
84.6		0.14046
84.7		0.14046
84.8		0.14046
84.9		0.14046
85		0.14046
85.1		0.143722
85.2		0.143722
85.3		0.143722
85.4		0.143722
85.5		0.143722
85.6		0.143722
85.7		0.143722
85.8		0.143722
85.9		0.143722
86		0.143722
86.1		0.14435
86.2		0.14435
86.3		0.14435
86.4		0.14435
86.5		0.14435
86.6		0.14435
86.7		0.14435
86.8		0.14435
86.9		0.14435
87		0.14435
87.1		0.147218
87.2		0.147218
87.3		0.147218
87.4		0.147218
87.5		0.147218
87.6		0.147218
87.7		0.147218
87.8		0.147218
87.9		0.147218
88		0.147218
88.1		0.150008
88.2		0.150008
88.3		0.150008
88.4		0.150008
88.5		0.150008
88.6		0.150008
88.7		0.150008
88.8		0.150008
88.9		0.150008
89		0.150008
89.1		0.151972
89.2		0.151972
89.3		0.151972
89.4		0.151972
89.5		0.151972
89.6		0.151972
89.7		0.151972
89.8		0.151972
89.9		0.151972
90		0.151972
90.1		0.152719
90.2		0.152719
90.3		0.152719
90.4		0.152719
90.5		0.152719
90.6		0.152719
90.7		0.152719
90.8		0.152719
90.9		0.152719
91		0.152719
91.1		0.153544
91.2		0.153544
91.3		0.153544
91.4		0.153544
91.5		0.153544
91.6		0.153544
91.7		0.153544
91.8		0.153544
91.9		0.153544
92		0.153544
92.1		0.159791
92.2		0.159791
92.3		0.159791
92.4		0.159791
92.5		0.159791
92.6		0.159791
92.7		0.159791
92.8		0.159791
92.9		0.159791
93		0.159791
93.1		0.160066
93.2		0.160066
93.3		0.160066
93.4		0.160066
93.5		0.160066
93.6		0.160066
93.7		0.160066
93.8		0.160066
93.9		0.160066
94		0.160066
94.1		0.160537
94.2		0.160537
94.3		0.160537
94.4		0.160537
94.5		0.160537
94.6		0.160537
94.7		0.160537
94.8		0.160537
94.9		0.160537
95		0.160537
95.1		0.161834
95.2		0.161834
95.3		0.161834
95.4		0.161834
95.5		0.161834
95.6		0.161834
95.7		0.161834
95.8		0.161834
95.9		0.161834
96		0.161834
96.1		0.165056
96.2		0.165056
96.3		0.165056
96.4		0.165056
96.5		0.165056
96.6		0.165056
96.7		0.165056
96.8		0.165056
96.9		0.165056
97		0.165056
97.1		0.169771
97.2		0.169771
97.3		0.169771
97.4		0.169771
97.5		0.169771
97.6		0.169771
97.7		0.169771
97.8		0.169771
97.9		0.169771
98		0.169771
98.1		0.170085
98.2		0.170085
98.3		0.170085
98.4		0.170085
98.5		0.170085
98.6		0.170085
98.7		0.170085
98.8		0.170085
98.9		0.170085
99		0.170085
99.1		0.171067
99.2		0.171067
99.3		0.171067
99.4		0.171067
99.5		0.171067
99.6		0.171067
99.7		0.171067
99.8		0.171067
99.9		0.171067
100		0.171067
100.1		0.172796
100.2		0.172796
100.3		0.172796
100.4		0.172796
100.5		0.172796
100.6		0.172796
100.7		0.172796
100.8		0.172796
100.9		0.172796
101		0.172796
101.1		0.177078
101.2		0.177078
101.3		0.177078
101.4		0.177078
101.5		0.177078
101.6		0.177078
101.7		0.177078
101.8		0.177078
101.9		0.177078
102		0.177078
102.1		0.177628
102.2		0.177628
102.3		0.177628
102.4		0.177628
102.5		0.177628
102.6		0.177628
102.7		0.177628
102.8		0.177628
102.9		0.177628
103		0.177628
103.1		0.179043
103.2		0.179043
103.3		0.179043
103.4		0.179043
103.5		0.179043
103.6		0.179043
103.7		0.179043
103.8		0.179043
103.9		0.179043
104		0.179043
104.1		0.181872
104.2		0.181872
104.3		0.181872
104.4		0.181872
104.5		0.181872
104.6		0.181872
104.7		0.181872
104.8		0.181872
104.9		0.181872
105		0.181872
105.1		0.182815
105.2		0.182815
105.3		0.182815
105.4		0.182815
105.5		0.182815
105.6		0.182815
105.7		0.182815
105.8		0.182815
105.9		0.182815
106		0.182815
106.1		0.185919
106.2		0.185919
106.3		0.185919
106.4		0.185919
106.5		0.185919
106.6		0.185919
106.7		0.185919
106.8		0.185919
106.9		0.185919
107		0.185919
107.1		0.186822
107.2		0.186822
107.3		0.186822
107.4		0.186822
107.5		0.186822
107.6		0.186822
107.7		0.186822
107.8		0.186822
107.9		0.186822
108		0.186822
108.1		0.189022
108.2		0.189022
108.3		0.189022
108.4		0.189022
108.5		0.189022
108.6		0.189022
108.7		0.189022
108.8		0.189022
108.9		0.189022
109		0.189022
109.1		0.191458
109.2		0.191458
109.3		0.191458
109.4		0.191458
109.5		0.191458
109.6		0.191458
109.7		0.191458
109.8		0.191458
109.9		0.191458
110		0.191458
110.1		0.19303
110.2		0.19303
110.3		0.19303
110.4		0.19303
110.5		0.19303
110.6		0.19303
110.7		0.19303
110.8		0.19303
110.9		0.19303
111		0.19303
111.1		0.19527
111.2		0.19527
111.3		0.19527
111.4		0.19527
111.5		0.19527
111.6		0.19527
111.7		0.19527
111.8		0.19527
111.9		0.19527
112		0.19527
112.1		0.197391
112.2		0.197391
112.3		0.197391
112.4		0.197391
112.5		0.197391
112.6		0.197391
112.7		0.197391
112.8		0.197391
112.9		0.197391
113		0.197391
113.1		0.199945
113.2		0.199945
113.3		0.199945
113.4		0.199945
113.5		0.199945
113.6		0.199945
113.7		0.199945
113.8		0.199945
113.9		0.199945
114		0.199945
114.1		0.200534
114.2		0.200534
114.3		0.200534
114.4		0.200534
114.5		0.200534
114.6		0.200534
114.7		0.200534
114.8		0.200534
114.9		0.200534
115		0.200534
115.1		0.203717
115.2		0.203717
115.3		0.203717
115.4		0.203717
115.5		0.203717
115.6		0.203717
115.7		0.203717
115.8		0.203717
115.9		0.203717
116		0.203717
116.1		0.20407
116.2		0.20407
116.3		0.20407
116.4		0.20407
116.5		0.20407
116.6		0.20407
116.7		0.20407
116.8		0.20407
116.9		0.20407
117		0.20407
117.1		0.204345
117.2		0.204345
117.3		0.204345
117.4		0.204345
117.5		0.204345
117.6		0.204345
117.7		0.204345
117.8		0.204345
117.9		0.204345
118		0.204345
118.1		0.211103
118.2		0.211103
118.3		0.211103
118.4		0.211103
118.5		0.211103
118.6		0.211103
118.7		0.211103
118.8		0.211103
118.9		0.211103
119		0.211103
119.1		0.2113
119.2		0.2113
119.3		0.2113
119.4		0.2113
119.5		0.2113
119.6		0.2113
119.7		0.2113
119.8		0.2113
119.9		0.2113
120		0.2113
120.1		0.21185
120.2		0.21185
120.3		0.21185
120.4		0.21185
120.5		0.21185
120.6		0.21185
120.7		0.21185
120.8		0.21185
120.9		0.21185
121		0.21185
121.1		0.213382
121.2		0.213382
121.3		0.213382
121.4		0.213382
121.5		0.213382
121.6		0.213382
121.7		0.213382
121.8		0.213382
121.9		0.213382
122		0.213382
122.1		0.220179
122.2		0.220179
122.3		0.220179
122.4		0.220179
122.5		0.220179
122.6		0.220179
122.7		0.220179
122.8		0.220179
122.9		0.220179
123		0.220179
123.1		0.220336
123.2		0.220336
123.3		0.220336
123.4		0.220336
123.5		0.220336
123.6		0.220336
123.7		0.220336
123.8		0.220336
123.9		0.220336
124		0.220336
124.1		0.222694
124.2		0.222694
124.3		0.222694
124.4		0.222694
124.5		0.222694
124.6		0.222694
124.7		0.222694
124.8		0.222694
124.9		0.222694
125		0.222694
125.1		0.223637
125.2		0.223637
125.3		0.223637
125.4		0.223637
125.5		0.223637
125.6		0.223637
125.7		0.223637
125.8		0.223637
125.9		0.223637
126		0.223637
126.1		0.226583
126.2		0.226583
126.3		0.226583
126.4		0.226583
126.5		0.226583
126.6		0.226583
126.7		0.226583
126.8		0.226583
126.9		0.226583
127		0.226583
127.1		0.226741
127.2		0.226741
127.3		0.226741
127.4		0.226741
127.5		0.226741
127.6		0.226741
127.7		0.226741
127.8		0.226741
127.9		0.226741
128		0.226741
128.1		0.228391
128.2		0.228391
128.3		0.228391
128.4		0.228391
128.5		0.228391
128.6		0.228391
128.7		0.228391
128.8		0.228391
128.9		0.228391
129		0.228391
129.1		0.230394
129.2		0.230394
129.3		0.230394
129.4		0.230394
129.5		0.230394
129.6		0.230394
129.7		0.230394
129.8		0.230394
129.9		0.230394
130		0.230394
130.1		0.232202
130.2		0.232202
130.3		0.232202
130.4		0.232202
130.5		0.232202
130.6		0.232202
130.7		0.232202
130.8		0.232202
130.9		0.232202
131		0.232202
131.1		0.233616
131.2		0.233616
131.3		0.233616
131.4		0.233616
131.5		0.233616
131.6		0.233616
131.7		0.233616
131.8		0.233616
131.9		0.233616
132		0.233616
132.1		0.237231
132.2		0.237231
132.3		0.237231
132.4		0.237231
132.5		0.237231
132.6		0.237231
132.7		0.237231
132.8		0.237231
132.9		0.237231
133		0.237231
133.1		0.23837
133.2		0.23837
133.3		0.23837
133.4		0.23837
133.5		0.23837
133.6		0.23837
133.7		0.23837
133.8		0.23837
133.9		0.23837
134		0.23837
134.1		0.23947
134.2		0.23947
134.3		0.23947
134.4		0.23947
134.5		0.23947
134.6		0.23947
134.7		0.23947
134.8		0.23947
134.9		0.23947
135		0.23947
135.1		0.241238
135.2		0.241238
135.3		0.241238
135.4		0.241238
135.5		0.241238
135.6		0.241238
135.7		0.241238
135.8		0.241238
135.9		0.241238
136		0.241238
136.1		0.243478
136.2		0.243478
136.3		0.243478
136.4		0.243478
136.5		0.243478
136.6		0.243478
136.7		0.243478
136.8		0.243478
136.9		0.243478
137		0.243478
137.1		0.24446
137.2		0.24446
137.3		0.24446
137.4		0.24446
137.5		0.24446
137.6		0.24446
137.7		0.24446
137.8		0.24446
137.9		0.24446
138		0.24446
138.1		0.251572
138.2		0.251572
138.3		0.251572
138.4		0.251572
138.5		0.251572
138.6		0.251572
138.7		0.251572
138.8		0.251572
138.9		0.251572
139		0.251572
139.1		0.251847
139.2		0.251847
139.3		0.251847
139.4		0.251847
139.5		0.251847
139.6		0.251847
139.7		0.251847
139.8		0.251847
139.9		0.251847
140		0.251847
140.1		0.255343
140.2		0.255343
140.3		0.255343
140.4		0.255343
140.5		0.255343
140.6		0.255343
140.7		0.255343
140.8		0.255343
140.9		0.255343
141		0.255343
141.1		0.258094
141.2		0.258094
141.3		0.258094
141.4		0.258094
141.5		0.258094
141.6		0.258094
141.7		0.258094
141.8		0.258094
141.9		0.258094
142		0.258094
142.1		0.26049
142.2		0.26049
142.3		0.26049
142.4		0.26049
142.5		0.26049
142.6		0.26049
142.7		0.26049
142.8		0.26049
142.9		0.26049
143		0.26049
143.1		0.262416
143.2		0.262416
143.3		0.262416
143.4		0.262416
143.5		0.262416
143.6		0.262416
143.7		0.262416
143.8		0.262416
143.9		0.262416
144		0.262416
144.1		0.26328
144.2		0.26328
144.3		0.26328
144.4		0.26328
144.5		0.26328
144.6		0.26328
144.7		0.26328
144.8		0.26328
144.9		0.26328
145		0.26328
145.1		0.266069
145.2		0.266069
145.3		0.266069
145.4		0.266069
145.5		0.266069
145.6		0.266069
145.7		0.266069
145.8		0.266069
145.9		0.266069
146		0.266069
146.1		0.266541
146.2		0.266541
146.3		0.266541
146.4		0.266541
146.5		0.266541
146.6		0.266541
146.7		0.266541
146.8		0.266541
146.9		0.266541
147		0.266541
147.1		0.269763
147.2		0.269763
147.3		0.269763
147.4		0.269763
147.5		0.269763
147.6		0.269763
147.7		0.269763
147.8		0.269763
147.9		0.269763
148		0.269763
148.1		0.273102
148.2		0.273102
148.3		0.273102
148.4		0.273102
148.5		0.273102
148.6		0.273102
148.7		0.273102
148.8		0.273102
148.9		0.273102
149		0.273102
149.1		0.273692
149.2		0.273692
149.3		0.273692
149.4		0.273692
149.5		0.273692
149.6		0.273692
149.7		0.273692
149.8		0.273692
149.9		0.273692
150		0.273692
150.1		0.274006
150.2		0.274006
150.3		0.274006
150.4		0.274006
150.5		0.274006
150.6		0.274006
150.7		0.274006
150.8		0.274006
150.9		0.274006
151		0.274006
151.1		0.278328
151.2		0.278328
151.3		0.278328
151.4		0.278328
151.5		0.278328
151.6		0.278328
151.7		0.278328
151.8		0.278328
151.9		0.278328
152		0.278328
152.1		0.281157
152.2		0.281157
152.3		0.281157
152.4		0.281157
152.5		0.281157
152.6		0.281157
152.7		0.281157
152.8		0.281157
152.9		0.281157
153		0.281157
153.1		0.28206
153.2		0.28206
153.3		0.28206
153.4		0.28206
153.5		0.28206
153.6		0.28206
153.7		0.28206
153.8		0.28206
153.9		0.28206
154		0.28206
154.1		0.282571
154.2		0.282571
154.3		0.282571
154.4		0.282571
154.5		0.282571
154.6		0.282571
154.7		0.282571
154.8		0.282571
154.9		0.282571
155		0.282571
155.1		0.28316
155.2		0.28316
155.3		0.28316
155.4		0.28316
155.5		0.28316
155.6		0.28316
155.7		0.28316
155.8		0.28316
155.9		0.28316
156		0.28316
156.1		0.288386
156.2		0.288386
156.3		0.288386
156.4		0.288386
156.5		0.288386
156.6		0.288386
156.7		0.288386
156.8		0.288386
156.9		0.288386
157		0.288386
157.1		0.289211
157.2		0.289211
157.3		0.289211
157.4		0.289211
157.5		0.289211
157.6		0.289211
157.7		0.289211
157.8		0.289211
157.9		0.289211
158		0.289211
158.1		0.289408
158.2		0.289408
158.3		0.289408
158.4		0.289408
158.5		0.289408
158.6		0.289408
158.7		0.289408
158.8		0.289408
158.9		0.289408
159		0.289408
159.1		0.291058
159.2		0.291058
159.3		0.291058
159.4		0.291058
159.5		0.291058
159.6		0.291058
159.7		0.291058
159.8		0.291058
159.9		0.291058
160		0.291058
160.1		0.296912
160.2		0.296912
160.3		0.296912
160.4		0.296912
160.5		0.296912
160.6		0.296912
160.7		0.296912
160.8		0.296912
160.9		0.296912
161		0.296912
161.1		0.297187
161.2		0.297187
161.3		0.297187
161.4		0.297187
161.5		0.297187
161.6		0.297187
161.7		0.297187
161.8		0.297187
161.9		0.297187
162		0.297187
162.1		0.297501
162.2		0.297501
162.3		0.297501
162.4		0.297501
162.5		0.297501
162.6		0.297501
162.7		0.297501
162.8		0.297501
162.9		0.297501
163		0.297501
163.1		0.297698
163.2		0.297698
163.3		0.297698
163.4		0.297698
163.5		0.297698
163.6		0.297698
163.7		0.297698
163.8		0.297698
163.9		0.297698
164		0.297698
164.1		0.302216
164.2		0.302216
164.3		0.302216
164.4		0.302216
164.5		0.302216
164.6		0.302216
164.7		0.302216
164.8		0.302216
164.9		0.302216
165		0.302216
165.1		0.30253
165.2		0.30253
165.3		0.30253
165.4		0.30253
165.5		0.30253
165.6		0.30253
165.7		0.30253
165.8		0.30253
165.9		0.30253
166		0.30253
166.1		0.304888
166.2		0.304888
166.3		0.304888
166.4		0.304888
166.5		0.304888
166.6		0.304888
166.7		0.304888
166.8		0.304888
166.9		0.304888
167		0.304888
167.1		0.306184
167.2		0.306184
167.3		0.306184
167.4		0.306184
167.5		0.306184
167.6		0.306184
167.7		0.306184
167.8		0.306184
167.9		0.306184
168		0.306184
168.1		0.309406
168.2		0.309406
168.3		0.309406
168.4		0.309406
168.5		0.309406
168.6		0.309406
168.7		0.309406
168.8		0.309406
168.9		0.309406
169		0.309406
169.1		0.309563
169.2		0.309563
169.3		0.309563
169.4		0.309563
169.5		0.309563
169.6		0.309563
169.7		0.309563
169.8		0.309563
169.9		0.309563
170		0.309563
170.1		0.31082
170.2		0.31082
170.3		0.31082
170.4		0.31082
170.5		0.31082
170.6		0.31082
170.7		0.31082
170.8		0.31082
170.9		0.31082
171		0.31082
171.1		0.311213
171.2		0.311213
171.3		0.311213
171.4		0.311213
171.5		0.311213
171.6		0.311213
171.7		0.311213
171.8		0.311213
171.9		0.311213
172		0.311213
172.1		0.315732
172.2		0.315732
172.3		0.315732
172.4		0.315732
172.5		0.315732
172.6		0.315732
172.7		0.315732
172.8		0.315732
172.9		0.315732
173		0.315732
173.1		0.319228
173.2		0.319228
173.3		0.319228
173.4		0.319228
173.5		0.319228
173.6		0.319228
173.7		0.319228
173.8		0.319228
173.9		0.319228
174		0.319228
174.1		0.319543
174.2		0.319543
174.3		0.319543
174.4		0.319543
174.5		0.319543
174.6		0.319543
174.7		0.319543
174.8		0.319543
174.9		0.319543
175		0.319543
175.1		0.320957
175.2		0.320957
175.3		0.320957
175.4		0.320957
175.5		0.320957
175.6		0.320957
175.7		0.320957
175.8		0.320957
175.9		0.320957
176		0.320957
176.1		0.323354
176.2		0.323354
176.3		0.323354
176.4		0.323354
176.5		0.323354
176.6		0.323354
176.7		0.323354
176.8		0.323354
176.9		0.323354
177		0.323354
177.1		0.326615
177.2		0.326615
177.3		0.326615
177.4		0.326615
177.5		0.326615
177.6		0.326615
177.7		0.326615
177.8		0.326615
177.9		0.326615
178		0.326615
178.1		0.327676
178.2		0.327676
178.3		0.327676
178.4		0.327676
178.5		0.327676
178.6		0.327676
178.7		0.327676
178.8		0.327676
178.9		0.327676
179		0.327676
179.1		0.329011
179.2		0.329011
179.3		0.329011
179.4		0.329011
179.5		0.329011
179.6		0.329011
179.7		0.329011
179.8		0.329011
179.9		0.329011
180		0.329011
180.1		0.331369
180.2		0.331369
180.3		0.331369
180.4		0.331369
180.5		0.331369
180.6		0.331369
180.7		0.331369
180.8		0.331369
180.9		0.331369
181		0.331369
181.1		0.333176
181.2		0.333176
181.3		0.333176
181.4		0.333176
181.5		0.333176
181.6		0.333176
181.7		0.333176
181.8		0.333176
181.9		0.333176
182		0.333176
182.1		0.336516
182.2		0.336516
182.3		0.336516
182.4		0.336516
182.5		0.336516
182.6		0.336516
182.7		0.336516
182.8		0.336516
182.9		0.336516
183		0.336516
183.1		0.339345
183.2		0.339345
183.3		0.339345
183.4		0.339345
183.5		0.339345
183.6		0.339345
183.7		0.339345
183.8		0.339345
183.9		0.339345
184		0.339345
184.1		0.340956
184.2		0.340956
184.3		0.340956
184.4		0.340956
184.5		0.340956
184.6		0.340956
184.7		0.340956
184.8		0.340956
184.9		0.340956
185		0.340956
185.1		0.341466
185.2		0.341466
185.3		0.341466
185.4		0.341466
185.5		0.341466
185.6		0.341466
185.7		0.341466
185.8		0.341466
185.9		0.341466
186		0.341466
186.1		0.345592
186.2		0.345592
186.3		0.345592
186.4		0.345592
186.5		0.345592
186.6		0.345592
186.7		0.345592
186.8		0.345592
186.9		0.345592
187		0.345592
187.1		0.347399
187.2		0.347399
187.3		0.347399
187.4		0.347399
187.5		0.347399
187.6		0.347399
187.7		0.347399
187.8		0.347399
187.9		0.347399
188		0.347399
188.1		0.348146
188.2		0.348146
188.3		0.348146
188.4		0.348146
188.5		0.348146
188.6		0.348146
188.7		0.348146
188.8		0.348146
188.9		0.348146
189		0.348146
189.1		0.351092
189.2		0.351092
189.3		0.351092
189.4		0.351092
189.5		0.351092
189.6		0.351092
189.7		0.351092
189.8		0.351092
189.9		0.351092
190		0.351092
190.1		0.356436
190.2		0.356436
190.3		0.356436
190.4		0.356436
190.5		0.356436
190.6		0.356436
190.7		0.356436
190.8		0.356436
190.9		0.356436
191		0.356436
191.1		0.356711
191.2		0.356711
191.3		0.356711
191.4		0.356711
191.5		0.356711
191.6		0.356711
191.7		0.356711
191.8		0.356711
191.9		0.356711
192		0.356711
192.1		0.357182
192.2		0.357182
192.3		0.357182
192.4		0.357182
192.5		0.357182
192.6		0.357182
192.7		0.357182
192.8		0.357182
192.9		0.357182
193		0.357182
193.1		0.358911
193.2		0.358911
193.3		0.358911
193.4		0.358911
193.5		0.358911
193.6		0.358911
193.7		0.358911
193.8		0.358911
193.9		0.358911
194		0.358911
194.1		0.363076
194.2		0.363076
194.3		0.363076
194.4		0.363076
194.5		0.363076
194.6		0.363076
194.7		0.363076
194.8		0.363076
194.9		0.363076
195		0.363076
195.1		0.364608
195.2		0.364608
195.3		0.364608
195.4		0.364608
195.5		0.364608
195.6		0.364608
195.7		0.364608
195.8		0.364608
195.9		0.364608
196		0.364608
196.1		0.366572
196.2		0.366572
196.3		0.366572
196.4		0.366572
196.5		0.366572
196.6		0.366572
196.7		0.366572
196.8		0.366572
196.9		0.366572
197		0.366572
197.1		0.367122
197.2		0.367122
197.3		0.367122
197.4		0.367122
197.5		0.367122
197.6		0.367122
197.7		0.367122
197.8		0.367122
197.9		0.367122
198		0.367122
198.1		0.369755
198.2		0.369755
198.3		0.369755
198.4		0.369755
198.5		0.369755
198.6		0.369755
198.7		0.369755
198.8		0.369755
198.9		0.369755
199		0.369755
199.1		0.374037
199.2		0.374037
199.3		0.374037
199.4		0.374037
199.5		0.374037
199.6		0.374037
199.7		0.374037
199.8		0.374037
199.9		0.374037
200		0.374037
200.1		0.375609
200.2		0.375609
200.3		0.375609
200.4		0.375609
200.5		0.375609
200.6		0.375609
200.7		0.375609
200.8		0.375609
200.9		0.375609
201		0.375609
201.1		0.37612
201.2		0.37612
201.3		0.37612
201.4		0.37612
201.5		0.37612
201.6		0.37612
201.7		0.37612
201.8		0.37612
201.9		0.37612
202		0.37612
202.1		0.379145
202.2		0.379145
202.3		0.379145
202.4		0.379145
202.5		0.379145
202.6		0.379145
202.7		0.379145
202.8		0.379145
202.9		0.379145
203		0.379145
203.1		0.38221
203.2		0.38221
203.3		0.38221
203.4		0.38221
203.5		0.38221
203.6		0.38221
203.7		0.38221
203.8		0.38221
203.9		0.38221
204		0.38221
204.1		0.383349
204.2		0.383349
204.3		0.383349
204.4		0.383349
204.5		0.383349
204.6		0.383349
204.7		0.383349
204.8		0.383349
204.9		0.383349
205		0.383349
205.1		0.387082
205.2		0.387082
205.3		0.387082
205.4		0.387082
205.5		0.387082
205.6		0.387082
205.7		0.387082
205.8		0.387082
205.9		0.387082
206		0.387082
206.1		0.387592
206.2		0.387592
206.3		0.387592
206.4		0.387592
206.5		0.387592
206.6		0.387592
206.7		0.387592
206.8		0.387592
206.9		0.387592
207		0.387592
207.1		0.389478
207.2		0.389478
207.3		0.389478
207.4		0.389478
207.5		0.389478
207.6		0.389478
207.7		0.389478
207.8		0.389478
207.9		0.389478
208		0.389478
208.1		0.392818
208.2		0.392818
208.3		0.392818
208.4		0.392818
208.5		0.392818
208.6		0.392818
208.7		0.392818
208.8		0.392818
208.9		0.392818
209		0.392818
209.1		0.394979
209.2		0.394979
209.3		0.394979
209.4		0.394979
209.5		0.394979
209.6		0.394979
209.7		0.394979
209.8		0.394979
209.9		0.394979
210		0.394979
210.1		0.397965
210.2		0.397965
210.3		0.397965
210.4		0.397965
210.5		0.397965
210.6		0.397965
210.7		0.397965
210.8		0.397965
210.9		0.397965
211		0.397965
211.1		0.399379
211.2		0.399379
211.3		0.399379
211.4		0.399379
211.5		0.399379
211.6		0.399379
211.7		0.399379
211.8		0.399379
211.9		0.399379
212		0.399379
212.1		0.401383
212.2		0.401383
212.3		0.401383
212.4		0.401383
212.5		0.401383
212.6		0.401383
212.7		0.401383
212.8		0.401383
212.9		0.401383
213		0.401383
213.1		0.403151
213.2		0.403151
213.3		0.403151
213.4		0.403151
213.5		0.403151
213.6		0.403151
213.7		0.403151
213.8		0.403151
213.9		0.403151
214		0.403151
214.1		0.405076
214.2		0.405076
214.3		0.405076
214.4		0.405076
214.5		0.405076
214.6		0.405076
214.7		0.405076
214.8		0.405076
214.9		0.405076
215		0.405076
215.1		0.408141
215.2		0.408141
215.3		0.408141
215.4		0.408141
215.5		0.408141
215.6		0.408141
215.7		0.408141
215.8		0.408141
215.9		0.408141
216		0.408141
216.1		0.410459
216.2		0.410459
216.3		0.410459
216.4		0.410459
216.5		0.410459
216.6		0.410459
216.7		0.410459
216.8		0.410459
216.9		0.410459
217		0.410459
217.1		0.412698
217.2		0.412698
217.3		0.412698
217.4		0.412698
217.5		0.412698
217.6		0.412698
217.7		0.412698
217.8		0.412698
217.9		0.412698
218		0.412698
218.1		0.413209
218.2		0.413209
218.3		0.413209
218.4		0.413209
218.5		0.413209
218.6		0.413209
218.7		0.413209
218.8		0.413209
218.9		0.413209
219		0.413209
219.1		0.413641
219.2		0.413641
219.3		0.413641
219.4		0.413641
219.5		0.413641
219.6		0.413641
219.7		0.413641
219.8		0.413641
219.9		0.413641
220		0.413641
220.1		0.416431
220.2		0.416431
220.3		0.416431
220.4		0.416431
220.5		0.416431
220.6		0.416431
220.7		0.416431
220.8		0.416431
220.9		0.416431
221		0.416431
221.1		0.41812
221.2		0.41812
221.3		0.41812
221.4		0.41812
221.5		0.41812
221.6		0.41812
221.7		0.41812
221.8		0.41812
221.9		0.41812
222		0.41812
222.1		0.419771
222.2		0.419771
222.3		0.419771
222.4		0.419771
222.5		0.419771
222.6		0.419771
222.7		0.419771
222.8		0.419771
222.9		0.419771
223		0.419771
223.1		0.42476
223.2		0.42476
223.3		0.42476
223.4		0.42476
223.5		0.42476
223.6		0.42476
223.7		0.42476
223.8		0.42476
223.9		0.42476
224		0.42476
224.1		0.426843
224.2		0.426843
224.3		0.426843
224.4		0.426843
224.5		0.426843
224.6		0.426843
224.7		0.426843
224.8		0.426843
224.9		0.426843
225		0.426843
225.1		0.427314
225.2		0.427314
225.3		0.427314
225.4		0.427314
225.5		0.427314
225.6		0.427314
225.7		0.427314
225.8		0.427314
225.9		0.427314
226		0.427314
226.1		0.427668
226.2		0.427668
226.3		0.427668
226.4		0.427668
226.5		0.427668
226.6		0.427668
226.7		0.427668
226.8		0.427668
226.9		0.427668
227		0.427668
227.1		0.427746
227.2		0.427746
227.3		0.427746
227.4		0.427746
227.5		0.427746
227.6		0.427746
227.7		0.427746
227.8		0.427746
227.9		0.427746
228		0.427746
228.1		0.434583
228.2		0.434583
228.3		0.434583
228.4		0.434583
228.5		0.434583
228.6		0.434583
228.7		0.434583
228.8		0.434583
228.9		0.434583
229		0.434583
229.1		0.436272
229.2		0.436272
229.3		0.436272
229.4		0.436272
229.5		0.436272
229.6		0.436272
229.7		0.436272
229.8		0.436272
229.9		0.436272
230		0.436272
230.1		0.438787
230.2		0.438787
230.3		0.438787
230.4		0.438787
230.5		0.438787
230.6		0.438787
230.7		0.438787
230.8		0.438787
230.9		0.438787
231		0.438787
231.1		0.440319
231.2		0.440319
231.3		0.440319
231.4		0.440319
231.5		0.440319
231.6		0.440319
231.7		0.440319
231.8		0.440319
231.9		0.440319
232		0.440319
232.1		0.440751
232.2		0.440751
232.3		0.440751
232.4		0.440751
232.5		0.440751
232.6		0.440751
232.7		0.440751
232.8		0.440751
232.9		0.440751
233		0.440751
233.1		0.44637
233.2		0.44637
233.3		0.44637
233.4		0.44637
233.5		0.44637
233.6		0.44637
233.7		0.44637
233.8		0.44637
233.9		0.44637
234		0.44637
234.1		0.446566
234.2		0.446566
234.3		0.446566
234.4		0.446566
234.5		0.446566
234.6		0.446566
234.7		0.446566
234.8		0.446566
234.9		0.446566
235		0.446566
235.1		0.449395
235.2		0.449395
235.3		0.449395
235.4		0.449395
235.5		0.449395
235.6		0.449395
235.7		0.449395
235.8		0.449395
235.9		0.449395
236		0.449395
236.1		0.452224
236.2		0.452224
236.3		0.452224
236.4		0.452224
236.5		0.452224
236.6		0.452224
236.7		0.452224
236.8		0.452224
236.9		0.452224
237		0.452224
237.1		0.453638
237.2		0.453638
237.3		0.453638
237.4		0.453638
237.5		0.453638
237.6		0.453638
237.7		0.453638
237.8		0.453638
237.9		0.453638
238		0.453638
238.1		0.455681
238.2		0.455681
238.3		0.455681
238.4		0.455681
238.5		0.455681
238.6		0.455681
238.7		0.455681
238.8		0.455681
238.9		0.455681
239		0.455681
239.1		0.45906
239.2		0.45906
239.3		0.45906
239.4		0.45906
239.5		0.45906
239.6		0.45906
239.7		0.45906
239.8		0.45906
239.9		0.45906
240		0.45906
240.1		0.460592
240.2		0.460592
240.3		0.460592
240.4		0.460592
240.5		0.460592
240.6		0.460592
240.7		0.460592
240.8		0.460592
240.9		0.460592
241		0.460592
241.1		0.464089
241.2		0.464089
241.3		0.464089
241.4		0.464089
241.5		0.464089
241.6		0.464089
241.7		0.464089
241.8		0.464089
241.9		0.464089
242		0.464089
242.1		0.4646
242.2		0.4646
242.3		0.4646
242.4		0.4646
242.5		0.4646
242.6		0.4646
242.7		0.4646
242.8		0.4646
242.9		0.4646
243		0.4646
243.1		0.466132
243.2		0.466132
243.3		0.466132
243.4		0.466132
243.5		0.466132
243.6		0.466132
243.7		0.466132
243.8		0.466132
243.9		0.466132
244		0.466132
244.1		0.46794
244.2		0.46794
244.3		0.46794
244.4		0.46794
244.5		0.46794
244.6		0.46794
244.7		0.46794
244.8		0.46794
244.9		0.46794
245		0.46794
245.1		0.468568
245.2		0.468568
245.3		0.468568
245.4		0.468568
245.5		0.468568
245.6		0.468568
245.7		0.468568
245.8		0.468568
245.9		0.468568
246		0.468568
246.1		0.473558
246.2		0.473558
246.3		0.473558
246.4		0.473558
246.5		0.473558
246.6		0.473558
246.7		0.473558
246.8		0.473558
246.9		0.473558
247		0.473558
247.1		0.476033
247.2		0.476033
247.3		0.476033
247.4		0.476033
247.5		0.476033
247.6		0.476033
247.7		0.476033
247.8		0.476033
247.9		0.476033
248		0.476033
248.1		0.477133
248.2		0.477133
248.3		0.477133
248.4		0.477133
248.5		0.477133
248.6		0.477133
248.7		0.477133
248.8		0.477133
248.9		0.477133
249		0.477133
249.1		0.477408
249.2		0.477408
249.3		0.477408
249.4		0.477408
249.5		0.477408
249.6		0.477408
249.7		0.477408
249.8		0.477408
249.9		0.477408
250		0.477408
250.1		0.484048
250.2		0.484048
250.3		0.484048
250.4		0.484048
250.5		0.484048
250.6		0.484048
250.7		0.484048
250.8		0.484048
250.9		0.484048
251		0.484048
251.1		0.484913
251.2		0.484913
251.3		0.484913
251.4		0.484913
251.5		0.484913
251.6		0.484913
251.7		0.484913
251.8		0.484913
251.9		0.484913
252		0.484913
252.1		0.485149
252.2		0.485149
252.3		0.485149
252.4		0.485149
252.5		0.485149
252.6		0.485149
252.7		0.485149
252.8		0.485149
252.9		0.485149
253		0.485149
253.1		0.487034
253.2		0.487034
253.3		0.487034
253.4		0.487034
253.5		0.487034
253.6		0.487034
253.7		0.487034
253.8		0.487034
253.9		0.487034
254		0.487034
254.1		0.492967
254.2		0.492967
254.3		0.492967
254.4		0.492967
254.5		0.492967
254.6		0.492967
254.7		0.492967
254.8		0.492967
254.9		0.492967
255		0.492967
255.1		0.494853
255.2		0.494853
255.3		0.494853
255.4		0.494853
255.5		0.494853
255.6		0.494853
255.7		0.494853
255.8		0.494853
255.9		0.494853
256		0.494853
256.1		0.4956
256.2		0.4956
256.3		0.4956
256.4		0.4956
256.5		0.4956
256.6		0.4956
256.7		0.4956
256.8		0.4956
256.9		0.4956
257		0.4956
257.1		0.497053
257.2		0.497053
257.3		0.497053
257.4		0.497053
257.5		0.497053
257.6		0.497053
257.7		0.497053
257.8		0.497053
257.9		0.497053
258		0.497053
258.1		0.498978
258.2		0.498978
258.3		0.498978
258.4		0.498978
258.5		0.498978
258.6		0.498978
258.7		0.498978
258.8		0.498978
258.9		0.498978
259		0.498978
259.1		0.499725
259.2		0.499725
259.3		0.499725
259.4		0.499725
259.5		0.499725
259.6		0.499725
259.7		0.499725
259.8		0.499725
259.9		0.499725
260		0.499725
260.1		0.500157
260.2		0.500157
260.3		0.500157
260.4		0.500157
260.5		0.500157
260.6		0.500157
260.7		0.500157
260.8		0.500157
260.9		0.500157
261		0.500157
261.1		0.504283
261.2		0.504283
261.3		0.504283
261.4		0.504283
261.5		0.504283
261.6		0.504283
261.7		0.504283
261.8		0.504283
261.9		0.504283
262		0.504283
262.1		0.504597
262.2		0.504597
262.3		0.504597
262.4		0.504597
262.5		0.504597
262.6		0.504597
262.7		0.504597
262.8		0.504597
262.9		0.504597
263		0.504597
263.1		0.506679
263.2		0.506679
263.3		0.506679
263.4		0.506679
263.5		0.506679
263.6		0.506679
263.7		0.506679
263.8		0.506679
263.9		0.506679
264		0.506679
264.1		0.509469
264.2		0.509469
264.3		0.509469
264.4		0.509469
264.5		0.509469
264.6		0.509469
264.7		0.509469
264.8		0.509469
264.9		0.509469
265		0.509469
265.1		0.512533
265.2		0.512533
265.3		0.512533
265.4		0.512533
265.5		0.512533
265.6		0.512533
265.7		0.512533
265.8		0.512533
265.9		0.512533
266		0.512533
266.1		0.513162
266.2		0.513162
266.3		0.513162
266.4		0.513162
266.5		0.513162
266.6		0.513162
266.7		0.513162
266.8		0.513162
266.9		0.513162
267		0.513162
267.1		0.514773
267.2		0.514773
267.3		0.514773
267.4		0.514773
267.5		0.514773
267.6		0.514773
267.7		0.514773
267.8		0.514773
267.9		0.514773
268		0.514773
268.1		0.518663
268.2		0.518663
268.3		0.518663
268.4		0.518663
268.5		0.518663
268.6		0.518663
268.7		0.518663
268.8		0.518663
268.9		0.518663
269		0.518663
269.1		0.520234
269.2		0.520234
269.3		0.520234
269.4		0.520234
269.5		0.520234
269.6		0.520234
269.7		0.520234
269.8		0.520234
269.9		0.520234
270		0.520234
270.1		0.523377
270.2		0.523377
270.3		0.523377
270.4		0.523377
270.5		0.523377
270.6		0.523377
270.7		0.523377
270.8		0.523377
270.9		0.523377
271		0.523377
271.1		0.523495
271.2		0.523495
271.3		0.523495
271.4		0.523495
271.5		0.523495
271.6		0.523495
271.7		0.523495
271.8		0.523495
271.9		0.523495
272		0.523495
272.1		0.527385
272.2		0.527385
272.3		0.527385
272.4		0.527385
272.5		0.527385
272.6		0.527385
272.7		0.527385
272.8		0.527385
272.9		0.527385
273		0.527385
273.1		0.527856
273.2		0.527856
273.3		0.527856
273.4		0.527856
273.5		0.527856
273.6		0.527856
273.7		0.527856
273.8		0.527856
273.9		0.527856
274		0.527856
274.1		0.528171
274.2		0.528171
274.3		0.528171
274.4		0.528171
274.5		0.528171
274.6		0.528171
274.7		0.528171
274.8		0.528171
274.9		0.528171
275		0.528171
275.1		0.529742
275.2		0.529742
275.3		0.529742
275.4		0.529742
275.5		0.529742
275.6		0.529742
275.7		0.529742
275.8		0.529742
275.9		0.529742
276		0.529742
276.1		0.5343
276.2		0.5343
276.3		0.5343
276.4		0.5343
276.5		0.5343
276.6		0.5343
276.7		0.5343
276.8		0.5343
276.9		0.5343
277		0.5343
277.1		0.536186
277.2		0.536186
277.3		0.536186
277.4		0.536186
277.5		0.536186
277.6		0.536186
277.7		0.536186
277.8		0.536186
277.9		0.536186
278		0.536186
278.1		0.539761
278.2		0.539761
278.3		0.539761
278.4		0.539761
278.5		0.539761
278.6		0.539761
278.7		0.539761
278.8		0.539761
278.9		0.539761
279		0.539761
279.1		0.539958
279.2		0.539958
279.3		0.539958
279.4		0.539958
279.5		0.539958
279.6		0.539958
279.7		0.539958
279.8		0.539958
279.9		0.539958
280		0.539958
280.1		0.542786
280.2		0.542786
280.3		0.542786
280.4		0.542786
280.5		0.542786
280.6		0.542786
280.7		0.542786
280.8		0.542786
280.9		0.542786
281		0.542786
281.1		0.543101
281.2		0.543101
281.3		0.543101
281.4		0.543101
281.5		0.543101
281.6		0.543101
281.7		0.543101
281.8		0.543101
281.9		0.543101
282		0.543101
282.1		0.543454
282.2		0.543454
282.3		0.543454
282.4		0.543454
282.5		0.543454
282.6		0.543454
282.7		0.543454
282.8		0.543454
282.9		0.543454
283		0.543454
283.1		0.547305
283.2		0.547305
283.3		0.547305
283.4		0.547305
283.5		0.547305
283.6		0.547305
283.7		0.547305
283.8		0.547305
283.9		0.547305
284		0.547305
284.1		0.552491
284.2		0.552491
284.3		0.552491
284.4		0.552491
284.5		0.552491
284.6		0.552491
284.7		0.552491
284.8		0.552491
284.9		0.552491
285		0.552491
285.1		0.553159
285.2		0.553159
285.3		0.553159
285.4		0.553159
285.5		0.553159
285.6		0.553159
285.7		0.553159
285.8		0.553159
285.9		0.553159
286		0.553159
286.1		0.55422
286.2		0.55422
286.3		0.55422
286.4		0.55422
286.5		0.55422
286.6		0.55422
286.7		0.55422
286.8		0.55422
286.9		0.55422
287		0.55422
287.1		0.557127
287.2		0.557127
287.3		0.557127
287.4		0.557127
287.5		0.557127
287.6		0.557127
287.7		0.557127
287.8		0.557127
287.9		0.557127
288		0.557127
288.1		0.561724
288.2		0.561724
288.3		0.561724
288.4		0.561724
288.5		0.561724
288.6		0.561724
288.7		0.561724
288.8		0.561724
288.9		0.561724
289		0.561724
289.1		0.562117
289.2		0.562117
289.3		0.562117
289.4		0.562117
289.5		0.562117
289.6		0.562117
289.7		0.562117
289.8		0.562117
289.9		0.562117
290		0.562117
290.1		0.563728
290.2		0.563728
290.3		0.563728
290.4		0.563728
290.5		0.563728
290.6		0.563728
290.7		0.563728
290.8		0.563728
290.9		0.563728
291		0.563728
291.1		0.56805
291.2		0.56805
291.3		0.56805
291.4		0.56805
291.5		0.56805
291.6		0.56805
291.7		0.56805
291.8		0.56805
291.9		0.56805
292		0.56805
292.1		0.568796
292.2		0.568796
292.3		0.568796
292.4		0.568796
292.5		0.568796
292.6		0.568796
292.7		0.568796
292.8		0.568796
292.9		0.568796
293		0.568796
293.1		0.569857
293.2		0.569857
293.3		0.569857
293.4		0.569857
293.5		0.569857
293.6		0.569857
293.7		0.569857
293.8		0.569857
293.9		0.569857
294		0.569857
294.1		0.569857
294.2		0.569857
294.3		0.569857
294.4		0.569857
294.5		0.569857
294.6		0.569857
294.7		0.569857
294.8		0.569857
294.9		0.569857
295		0.569857
295.1		0.569857
295.2		0.569857
295.3		0.569857
295.4		0.569857
295.5		0.569857
295.6		0.569857
295.7		0.569857
295.8		0.569857
295.9		0.569857
296		0.569857
296.1		0.573314
296.2		0.573314
296.3		0.573314
296.4		0.573314
296.5		0.573314
296.6		0.573314
296.7		0.573314
296.8		0.573314
296.9		0.573314
297		0.573314
297.1		0.573707
297.2		0.573707
297.3		0.573707
297.4		0.573707
297.5		0.573707
297.6		0.573707
297.7		0.573707
297.8		0.573707
297.9		0.573707
298		0.573707
298.1		0.578815
298.2		0.578815
298.3		0.578815
298.4		0.578815
298.5		0.578815
298.6		0.578815
298.7		0.578815
298.8		0.578815
298.9		0.578815
299		0.578815
299.1		0.579444
299.2		0.579444
299.3		0.579444
299.4		0.579444
299.5		0.579444
299.6		0.579444
299.7		0.579444
299.8		0.579444
299.9		0.579444
300		0.579444
300.1		0.579601
300.2		0.579601
300.3		0.579601
300.4		0.579601
300.5		0.579601
300.6		0.579601
300.7		0.579601
300.8		0.579601
300.9		0.579601
301		0.579601
301.1		0.580465
301.2		0.580465
301.3		0.580465
301.4		0.580465
301.5		0.580465
301.6		0.580465
301.7		0.580465
301.8		0.580465
301.9		0.580465
302		0.580465
302.1		0.581094
302.2		0.581094
302.3		0.581094
302.4		0.581094
302.5		0.581094
302.6		0.581094
302.7		0.581094
302.8		0.581094
302.9		0.581094
303		0.581094
303.1		0.583844
303.2		0.583844
303.3		0.583844
303.4		0.583844
303.5		0.583844
303.6		0.583844
303.7		0.583844
303.8		0.583844
303.9		0.583844
304		0.583844
304.1		0.589541
304.2		0.589541
304.3		0.589541
304.4		0.589541
304.5		0.589541
304.6		0.589541
304.7		0.589541
304.8		0.589541
304.9		0.589541
305		0.589541
305.1		0.591034
305.2		0.591034
305.3		0.591034
305.4		0.591034
305.5		0.591034
305.6		0.591034
305.7		0.591034
305.8		0.591034
305.9		0.591034
306		0.591034
306.1		0.591741
306.2		0.591741
306.3		0.591741
306.4		0.591741
306.5		0.591741
306.6		0.591741
306.7		0.591741
306.8		0.591741
306.9		0.591741
307		0.591741
307.1		0.592331
307.2		0.592331
307.3		0.592331
307.4		0.592331
307.5		0.592331
307.6		0.592331
307.7		0.592331
307.8		0.592331
307.9		0.592331
308		0.592331
308.1		0.597635
308.2		0.597635
308.3		0.597635
308.4		0.597635
308.5		0.597635
308.6		0.597635
308.7		0.597635
308.8		0.597635
308.9		0.597635
309		0.597635
309.1		0.60011
309.2		0.60011
309.3		0.60011
309.4		0.60011
309.5		0.60011
309.6		0.60011
309.7		0.60011
309.8		0.60011
309.9		0.60011
310		0.60011
310.1		0.601524
310.2		0.601524
310.3		0.601524
310.4		0.601524
310.5		0.601524
310.6		0.601524
310.7		0.601524
310.8		0.601524
310.9		0.601524
311		0.601524
311.1		0.603214
311.2		0.603214
311.3		0.603214
311.4		0.603214
311.5		0.603214
311.6		0.603214
311.7		0.603214
311.8		0.603214
311.9		0.603214
312		0.603214
312.1		0.6062
312.2		0.6062
312.3		0.6062
312.4		0.6062
312.5		0.6062
312.6		0.6062
312.7		0.6062
312.8		0.6062
312.9		0.6062
313		0.6062
313.1		0.608282
313.2		0.608282
313.3		0.608282
313.4		0.608282
313.5		0.608282
313.6		0.608282
313.7		0.608282
313.8		0.608282
313.9		0.608282
314		0.608282
314.1		0.608675
314.2		0.608675
314.3		0.608675
314.4		0.608675
314.5		0.608675
314.6		0.608675
314.7		0.608675
314.8		0.608675
314.9		0.608675
315		0.608675
315.1		0.608832
315.2		0.608832
315.3		0.608832
315.4		0.608832
315.5		0.608832
315.6		0.608832
315.7		0.608832
315.8		0.608832
315.9		0.608832
316		0.608832
316.1		0.612801
316.2		0.612801
316.3		0.612801
316.4		0.612801
316.5		0.612801
316.6		0.612801
316.7		0.612801
316.8		0.612801
316.9		0.612801
317		0.612801
317.1		0.615551
317.2		0.615551
317.3		0.615551
317.4		0.615551
317.5		0.615551
317.6		0.615551
317.7		0.615551
317.8		0.615551
317.9		0.615551
318		0.615551
318.1		0.616926
318.2		0.616926
318.3		0.616926
318.4		0.616926
318.5		0.616926
318.6		0.616926
318.7		0.616926
318.8		0.616926
318.9		0.616926
319		0.616926
319.1		0.619362
319.2		0.619362
319.3		0.619362
319.4		0.619362
319.5		0.619362
319.6		0.619362
319.7		0.619362
319.8		0.619362
319.9		0.619362
320		0.619362
320.1		0.624155
320.2		0.624155
320.3		0.624155
320.4		0.624155
320.5		0.624155
320.6		0.624155
320.7		0.624155
320.8		0.624155
320.9		0.624155
321		0.624155
321.1		0.624823
321.2		0.624823
321.3		0.624823
321.4		0.624823
321.5		0.624823
321.6		0.624823
321.7		0.624823
321.8		0.624823
321.9		0.624823
322		0.624823
322.1		0.625059
322.2		0.625059
322.3		0.625059
322.4		0.625059
322.5		0.625059
322.6		0.625059
322.7		0.625059
322.8		0.625059
322.9		0.625059
323		0.625059
323.1		0.628399
323.2		0.628399
323.3		0.628399
323.4		0.628399
323.5		0.628399
323.6		0.628399
323.7		0.628399
323.8		0.628399
323.9		0.628399
324		0.628399
324.1		0.630245
324.2		0.630245
324.3		0.630245
324.4		0.630245
324.5		0.630245
324.6		0.630245
324.7		0.630245
324.8		0.630245
324.9		0.630245
325		0.630245
325.1		0.630952
325.2		0.630952
325.3		0.630952
325.4		0.630952
325.5		0.630952
325.6		0.630952
325.7		0.630952
325.8		0.630952
325.9		0.630952
326		0.630952
326.1		0.63386
326.2		0.63386
326.3		0.63386
326.4		0.63386
326.5		0.63386
326.6		0.63386
326.7		0.63386
326.8		0.63386
326.9		0.63386
327		0.63386
327.1		0.634292
327.2		0.634292
327.3		0.634292
327.4		0.634292
327.5		0.634292
327.6		0.634292
327.7		0.634292
327.8		0.634292
327.9		0.634292
328		0.634292
328.1		0.638182
328.2		0.638182
328.3		0.638182
328.4		0.638182
328.5		0.638182
328.6		0.638182
328.7		0.638182
328.8		0.638182
328.9		0.638182
329		0.638182
329.1		0.639753
329.2		0.639753
329.3		0.639753
329.4		0.639753
329.5		0.639753
329.6		0.639753
329.7		0.639753
329.8		0.639753
329.9		0.639753
330		0.639753
330.1		0.641325
330.2		0.641325
330.3		0.641325
330.4		0.641325
330.5		0.641325
330.6		0.641325
330.7		0.641325
330.8		0.641325
330.9		0.641325
331		0.641325
331.1		0.642739
331.2		0.642739
331.3		0.642739
331.4		0.642739
331.5		0.642739
331.6		0.642739
331.7		0.642739
331.8		0.642739
331.9		0.642739
332		0.642739
332.1		0.644232
332.2		0.644232
332.3		0.644232
332.4		0.644232
332.5		0.644232
332.6		0.644232
332.7		0.644232
332.8		0.644232
332.9		0.644232
333		0.644232
333.1		0.647061
333.2		0.647061
333.3		0.647061
333.4		0.647061
333.5		0.647061
333.6		0.647061
333.7		0.647061
333.8		0.647061
333.9		0.647061
334		0.647061
334.1		0.648868
334.2		0.648868
334.3		0.648868
334.4		0.648868
334.5		0.648868
334.6		0.648868
334.7		0.648868
334.8		0.648868
334.9		0.648868
335		0.648868
335.1		0.650126
335.2		0.650126
335.3		0.650126
335.4		0.650126
335.5		0.650126
335.6		0.650126
335.7		0.650126
335.8		0.650126
335.9		0.650126
336		0.650126
336.1		0.651147
336.2		0.651147
336.3		0.651147
336.4		0.651147
336.5		0.651147
336.6		0.651147
336.7		0.651147
336.8		0.651147
336.9		0.651147
337		0.651147
337.1		0.653858
337.2		0.653858
337.3		0.653858
337.4		0.653858
337.5		0.653858
337.6		0.653858
337.7		0.653858
337.8		0.653858
337.9		0.653858
338		0.653858
338.1		0.65653
338.2		0.65653
338.3		0.65653
338.4		0.65653
338.5		0.65653
338.6		0.65653
338.7		0.65653
338.8		0.65653
338.9		0.65653
339		0.65653
339.1		0.658377
339.2		0.658377
339.3		0.658377
339.4		0.658377
339.5		0.658377
339.6		0.658377
339.7		0.658377
339.8		0.658377
339.9		0.658377
340		0.658377
340.1		0.66093
340.2		0.66093
340.3		0.66093
340.4		0.66093
340.5		0.66093
340.6		0.66093
340.7		0.66093
340.8		0.66093
340.9		0.66093
341		0.66093
341.1		0.66148
341.2		0.66148
341.3		0.66148
341.4		0.66148
341.5		0.66148
341.6		0.66148
341.7		0.66148
341.8		0.66148
341.9		0.66148
342		0.66148
342.1		0.667295
342.2		0.667295
342.3		0.667295
342.4		0.667295
342.5		0.667295
342.6		0.667295
342.7		0.667295
342.8		0.667295
342.9		0.667295
343		0.667295
343.1		0.66816
343.2		0.66816
343.3		0.66816
343.4		0.66816
343.5		0.66816
343.6		0.66816
343.7		0.66816
343.8		0.66816
343.9		0.66816
344		0.66816
344.1		0.671381
344.2		0.671381
344.3		0.671381
344.4		0.671381
344.5		0.671381
344.6		0.671381
344.7		0.671381
344.8		0.671381
344.9		0.671381
345		0.671381
345.1		0.674446
345.2		0.674446
345.3		0.674446
345.4		0.674446
345.5		0.674446
345.6		0.674446
345.7		0.674446
345.8		0.674446
345.9		0.674446
346		0.674446
346.1		0.675743
346.2		0.675743
346.3		0.675743
346.4		0.675743
346.5		0.675743
346.6		0.675743
346.7		0.675743
346.8		0.675743
346.9		0.675743
347		0.675743
347.1		0.6781
347.2		0.6781
347.3		0.6781
347.4		0.6781
347.5		0.6781
347.6		0.6781
347.7		0.6781
347.8		0.6781
347.9		0.6781
348		0.6781
348.1		0.682461
348.2		0.682461
348.3		0.682461
348.4		0.682461
348.5		0.682461
348.6		0.682461
348.7		0.682461
348.8		0.682461
348.9		0.682461
349		0.682461
349.1		0.683601
349.2		0.683601
349.3		0.683601
349.4		0.683601
349.5		0.683601
349.6		0.683601
349.7		0.683601
349.8		0.683601
349.9		0.683601
350		0.683601
350.1		0.684661
350.2		0.684661
350.3		0.684661
350.4		0.684661
350.5		0.684661
350.6		0.684661
350.7		0.684661
350.8		0.684661
350.9		0.684661
351		0.684661
351.1		0.68859
351.2		0.68859
351.3		0.68859
351.4		0.68859
351.5		0.68859
351.6		0.68859
351.7		0.68859
351.8		0.68859
351.9		0.68859
352		0.68859
352.1		0.689022
352.2		0.689022
352.3		0.689022
352.4		0.689022
352.5		0.689022
352.6		0.689022
352.7		0.689022
352.8		0.689022
352.9		0.689022
353		0.689022
353.1		0.689848
353.2		0.689848
353.3		0.689848
353.4		0.689848
353.5		0.689848
353.6		0.689848
353.7		0.689848
353.8		0.689848
353.9		0.689848
354		0.689848
354.1		0.689848
354.2		0.689848
354.3		0.689848
354.4		0.689848
354.5		0.689848
354.6		0.689848
354.7		0.689848
354.8		0.689848
354.9		0.689848
355		0.689848
355.1		0.689848
355.2		0.689848
355.3		0.689848
355.4		0.689848
355.5		0.689848
355.6		0.689848
355.7		0.689848
355.8		0.689848
355.9		0.689848
356		0.689848
356.1		0.692323
356.2		0.692323
356.3		0.692323
356.4		0.692323
356.5		0.692323
356.6		0.692323
356.7		0.692323
356.8		0.692323
356.9		0.692323
357		0.692323
357.1		0.697705
357.2		0.697705
357.3		0.697705
357.4		0.697705
357.5		0.697705
357.6		0.697705
357.7		0.697705
357.8		0.697705
357.9		0.697705
358		0.697705
358.1		0.697784
358.2		0.697784
358.3		0.697784
358.4		0.697784
358.5		0.697784
358.6		0.697784
358.7		0.697784
358.8		0.697784
358.9		0.697784
359		0.697784
359.1		0.698216
359.2		0.698216
359.3		0.698216
359.4		0.698216
359.5		0.698216
359.6		0.698216
359.7		0.698216
359.8		0.698216
359.9		0.698216
360		0.698216
360.1		0.699827
360.2		0.699827
360.3		0.699827
360.4		0.699827
360.5		0.699827
360.6		0.699827
360.7		0.699827
360.8		0.699827
360.9		0.699827
361		0.699827
361.1		0.701399
361.2		0.701399
361.3		0.701399
361.4		0.701399
361.5		0.701399
361.6		0.701399
361.7		0.701399
361.8		0.701399
361.9		0.701399
362		0.701399
362.1		0.704188
362.2		0.704188
362.3		0.704188
362.4		0.704188
362.5		0.704188
362.6		0.704188
362.7		0.704188
362.8		0.704188
362.9		0.704188
363		0.704188
363.1		0.704738
363.2		0.704738
363.3		0.704738
363.4		0.704738
363.5		0.704738
363.6		0.704738
363.7		0.704738
363.8		0.704738
363.9		0.704738
364		0.704738
364.1		0.706231
364.2		0.706231
364.3		0.706231
364.4		0.706231
364.5		0.706231
364.6		0.706231
364.7		0.706231
364.8		0.706231
364.9		0.706231
365		0.706231
365.1		0.70796
365.2		0.70796
365.3		0.70796
365.4		0.70796
365.5		0.70796
365.6		0.70796
365.7		0.70796
365.8		0.70796
365.9		0.70796
366		0.70796
366.1		0.712871
366.2		0.712871
366.3		0.712871
366.4		0.712871
366.5		0.712871
366.6		0.712871
366.7		0.712871
366.8		0.712871
366.9		0.712871
367		0.712871
367.1		0.715936
367.2		0.715936
367.3		0.715936
367.4		0.715936
367.5		0.715936
367.6		0.715936
367.7		0.715936
367.8		0.715936
367.9		0.715936
368		0.715936
368.1		0.716093
368.2		0.716093
368.3		0.716093
368.4		0.716093
368.5		0.716093
368.6		0.716093
368.7		0.716093
368.8		0.716093
368.9		0.716093
369		0.716093
369.1		0.716957
369.2		0.716957
369.3		0.716957
369.4		0.716957
369.5		0.716957
369.6		0.716957
369.7		0.716957
369.8		0.716957
369.9		0.716957
370		0.716957
370.1		0.722104
370.2		0.722104
370.3		0.722104
370.4		0.722104
370.5		0.722104
370.6		0.722104
370.7		0.722104
370.8		0.722104
370.9		0.722104
371		0.722104
371.1		0.722419
371.2		0.722419
371.3		0.722419
371.4		0.722419
371.5		0.722419
371.6		0.722419
371.7		0.722419
371.8		0.722419
371.9		0.722419
372		0.722419
372.1		0.72399
372.2		0.72399
372.3		0.72399
372.4		0.72399
372.5		0.72399
372.6		0.72399
372.7		0.72399
372.8		0.72399
372.9		0.72399
373		0.72399
373.1		0.727133
373.2		0.727133
373.3		0.727133
373.4		0.727133
373.5		0.727133
373.6		0.727133
373.7		0.727133
373.8		0.727133
373.9		0.727133
374		0.727133
374.1		0.730277
374.2		0.730277
374.3		0.730277
374.4		0.730277
374.5		0.730277
374.6		0.730277
374.7		0.730277
374.8		0.730277
374.9		0.730277
375		0.730277
375.1		0.732084
375.2		0.732084
375.3		0.732084
375.4		0.732084
375.5		0.732084
375.6		0.732084
375.7		0.732084
375.8		0.732084
375.9		0.732084
376		0.732084
376.1		0.733027
376.2		0.733027
376.3		0.733027
376.4		0.733027
376.5		0.733027
376.6		0.733027
376.7		0.733027
376.8		0.733027
376.9		0.733027
377		0.733027
377.1		0.734245
377.2		0.734245
377.3		0.734245
377.4		0.734245
377.5		0.734245
377.6		0.734245
377.7		0.734245
377.8		0.734245
377.9		0.734245
378		0.734245
378.1		0.736131
378.2		0.736131
378.3		0.736131
378.4		0.736131
378.5		0.736131
378.6		0.736131
378.7		0.736131
378.8		0.736131
378.9		0.736131
379		0.736131
379.1		0.740453
379.2		0.740453
379.3		0.740453
379.4		0.740453
379.5		0.740453
379.6		0.740453
379.7		0.740453
379.8		0.740453
379.9		0.740453
380		0.740453
380.1		0.74116
380.2		0.74116
380.3		0.74116
380.4		0.74116
380.5		0.74116
380.6		0.74116
380.7		0.74116
380.8		0.74116
380.9		0.74116
381		0.74116
381.1		0.741238
381.2		0.741238
381.3		0.741238
381.4		0.741238
381.5		0.741238
381.6		0.741238
381.7		0.741238
381.8		0.741238
381.9		0.741238
382		0.741238
382.1		0.744224
382.2		0.744224
382.3		0.744224
382.4		0.744224
382.5		0.744224
382.6		0.744224
382.7		0.744224
382.8		0.744224
382.9		0.744224
383		0.744224
383.1		0.747132
383.2		0.747132
383.3		0.747132
383.4		0.747132
383.5		0.747132
383.6		0.747132
383.7		0.747132
383.8		0.747132
383.9		0.747132
384		0.747132
384.1		0.751689
384.2		0.751689
384.3		0.751689
384.4		0.751689
384.5		0.751689
384.6		0.751689
384.7		0.751689
384.8		0.751689
384.9		0.751689
385		0.751689
385.1		0.751886
385.2		0.751886
385.3		0.751886
385.4		0.751886
385.5		0.751886
385.6		0.751886
385.7		0.751886
385.8		0.751886
385.9		0.751886
386		0.751886
386.1		0.75224
386.2		0.75224
386.3		0.75224
386.4		0.75224
386.5		0.75224
386.6		0.75224
386.7		0.75224
386.8		0.75224
386.9		0.75224
387		0.75224
387.1		0.752632
387.2		0.752632
387.3		0.752632
387.4		0.752632
387.5		0.752632
387.6		0.752632
387.7		0.752632
387.8		0.752632
387.9		0.752632
388		0.752632
388.1		0.757033
388.2		0.757033
388.3		0.757033
388.4		0.757033
388.5		0.757033
388.6		0.757033
388.7		0.757033
388.8		0.757033
388.9		0.757033
389		0.757033
389.1		0.758408
389.2		0.758408
389.3		0.758408
389.4		0.758408
389.5		0.758408
389.6		0.758408
389.7		0.758408
389.8		0.758408
389.9		0.758408
390		0.758408
390.1		0.761119
390.2		0.761119
390.3		0.761119
390.4		0.761119
390.5		0.761119
390.6		0.761119
390.7		0.761119
390.8		0.761119
390.9		0.761119
391		0.761119
391.1		0.763634
391.2		0.763634
391.3		0.763634
391.4		0.763634
391.5		0.763634
391.6		0.763634
391.7		0.763634
391.8		0.763634
391.9		0.763634
392		0.763634
392.1		0.767837
392.2		0.767837
392.3		0.767837
392.4		0.767837
392.5		0.767837
392.6		0.767837
392.7		0.767837
392.8		0.767837
392.9		0.767837
393		0.767837
393.1		0.767995
393.2		0.767995
393.3		0.767995
393.4		0.767995
393.5		0.767995
393.6		0.767995
393.7		0.767995
393.8		0.767995
393.9		0.767995
394		0.767995
394.1		0.770548
394.2		0.770548
394.3		0.770548
394.4		0.770548
394.5		0.770548
394.6		0.770548
394.7		0.770548
394.8		0.770548
394.9		0.770548
395		0.770548
395.1		0.770824
395.2		0.770824
395.3		0.770824
395.4		0.770824
395.5		0.770824
395.6		0.770824
395.7		0.770824
395.8		0.770824
395.9		0.770824
396		0.770824
396.1		0.774517
396.2		0.774517
396.3		0.774517
396.4		0.774517
396.5		0.774517
396.6		0.774517
396.7		0.774517
396.8		0.774517
396.9		0.774517
397		0.774517
397.1		0.775853
397.2		0.775853
397.3		0.775853
397.4		0.775853
397.5		0.775853
397.6		0.775853
397.7		0.775853
397.8		0.775853
397.9		0.775853
398		0.775853
398.1		0.777071
398.2		0.777071
398.3		0.777071
398.4		0.777071
398.5		0.777071
398.6		0.777071
398.7		0.777071
398.8		0.777071
398.9		0.777071
399		0.777071
399.1		0.779467
399.2		0.779467
399.3		0.779467
399.4		0.779467
399.5		0.779467
399.6		0.779467
399.7		0.779467
399.8		0.779467
399.9		0.779467
400		0.779467
400.1		0.781903
400.2		0.781903
400.3		0.781903
400.4		0.781903
400.5		0.781903
400.6		0.781903
400.7		0.781903
400.8		0.781903
400.9		0.781903
401		0.781903
401.1		0.783986
401.2		0.783986
401.3		0.783986
401.4		0.783986
401.5		0.783986
401.6		0.783986
401.7		0.783986
401.8		0.783986
401.9		0.783986
402		0.783986
402.1		0.784143
402.2		0.784143
402.3		0.784143
402.4		0.784143
402.5		0.784143
402.6		0.784143
402.7		0.784143
402.8		0.784143
402.9		0.784143
403		0.784143
403.1		0.788779
403.2		0.788779
403.3		0.788779
403.4		0.788779
403.5		0.788779
403.6		0.788779
403.7		0.788779
403.8		0.788779
403.9		0.788779
404		0.788779
404.1		0.789211
404.2		0.789211
404.3		0.789211
404.4		0.789211
404.5		0.789211
404.6		0.789211
404.7		0.789211
404.8		0.789211
404.9		0.789211
405		0.789211
405.1		0.790625
405.2		0.790625
405.3		0.790625
405.4		0.790625
405.5		0.790625
405.6		0.790625
405.7		0.790625
405.8		0.790625
405.9		0.790625
406		0.790625
406.1		0.794869
406.2		0.794869
406.3		0.794869
406.4		0.794869
406.5		0.794869
406.6		0.794869
406.7		0.794869
406.8		0.794869
406.9		0.794869
407		0.794869
407.1		0.795694
407.2		0.795694
407.3		0.795694
407.4		0.795694
407.5		0.795694
407.6		0.795694
407.7		0.795694
407.8		0.795694
407.9		0.795694
408		0.795694
408.1		0.79589
408.2		0.79589
408.3		0.79589
408.4		0.79589
408.5		0.79589
408.6		0.79589
408.7		0.79589
408.8		0.79589
408.9		0.79589
409		0.79589
409.1		0.798208
409.2		0.798208
409.3		0.798208
409.4		0.798208
409.5		0.798208
409.6		0.798208
409.7		0.798208
409.8		0.798208
409.9		0.798208
410		0.798208
410.1		0.801037
410.2		0.801037
410.3		0.801037
410.4		0.801037
410.5		0.801037
410.6		0.801037
410.7		0.801037
410.8		0.801037
410.9		0.801037
411		0.801037
411.1		0.802373
411.2		0.802373
411.3		0.802373
411.4		0.802373
411.5		0.802373
411.6		0.802373
411.7		0.802373
411.8		0.802373
411.9		0.802373
412		0.802373
412.1		0.805006
412.2		0.805006
412.3		0.805006
412.4		0.805006
412.5		0.805006
412.6		0.805006
412.7		0.805006
412.8		0.805006
412.9		0.805006
413		0.805006
413.1		0.805988
413.2		0.805988
413.3		0.805988
413.4		0.805988
413.5		0.805988
413.6		0.805988
413.7		0.805988
413.8		0.805988
413.9		0.805988
414		0.805988
414.1		0.810702
414.2		0.810702
414.3		0.810702
414.4		0.810702
414.5		0.810702
414.6		0.810702
414.7		0.810702
414.8		0.810702
414.9		0.810702
415		0.810702
415.1		0.811292
415.2		0.811292
415.3		0.811292
415.4		0.811292
415.5		0.811292
415.6		0.811292
415.7		0.811292
415.8		0.811292
415.9		0.811292
416		0.811292
416.1		0.811488
416.2		0.811488
416.3		0.811488
416.4		0.811488
416.5		0.811488
416.6		0.811488
416.7		0.811488
416.8		0.811488
416.9		0.811488
417		0.811488
417.1		0.812313
417.2		0.812313
417.3		0.812313
417.4		0.812313
417.5		0.812313
417.6		0.812313
417.7		0.812313
417.8		0.812313
417.9		0.812313
418		0.812313
418.1		0.817696
418.2		0.817696
418.3		0.817696
418.4		0.817696
418.5		0.817696
418.6		0.817696
418.7		0.817696
418.8		0.817696
418.9		0.817696
419		0.817696
419.1		0.819582
419.2		0.819582
419.3		0.819582
419.4		0.819582
419.5		0.819582
419.6		0.819582
419.7		0.819582
419.8		0.819582
419.9		0.819582
420		0.819582
420.1		0.82025
420.2		0.82025
420.3		0.82025
420.4		0.82025
420.5		0.82025
420.6		0.82025
420.7		0.82025
420.8		0.82025
420.9		0.82025
421		0.82025
421.1		0.822214
421.2		0.822214
421.3		0.822214
421.4		0.822214
421.5		0.822214
421.6		0.822214
421.7		0.822214
421.8		0.822214
421.9		0.822214
422		0.822214
422.1		0.823079
422.2		0.823079
422.3		0.823079
422.4		0.823079
422.5		0.823079
422.6		0.823079
422.7		0.823079
422.8		0.823079
422.9		0.823079
423		0.823079
423.1		0.826851
423.2		0.826851
423.3		0.826851
423.4		0.826851
423.5		0.826851
423.6		0.826851
423.7		0.826851
423.8		0.826851
423.9		0.826851
424		0.826851
424.1		0.827165
424.2		0.827165
424.3		0.827165
424.4		0.827165
424.5		0.827165
424.6		0.827165
424.7		0.827165
424.8		0.827165
424.9		0.827165
425		0.827165
425.1		0.828854
425.2		0.828854
425.3		0.828854
425.4		0.828854
425.5		0.828854
425.6		0.828854
425.7		0.828854
425.8		0.828854
425.9		0.828854
426		0.828854
426.1		0.831251
426.2		0.831251
426.3		0.831251
426.4		0.831251
426.5		0.831251
426.6		0.831251
426.7		0.831251
426.8		0.831251
426.9		0.831251
427		0.831251
427.1		0.833137
427.2		0.833137
427.3		0.833137
427.4		0.833137
427.5		0.833137
427.6		0.833137
427.7		0.833137
427.8		0.833137
427.9		0.833137
428		0.833137
428.1		0.835926
428.2		0.835926
428.3		0.835926
428.4		0.835926
428.5		0.835926
428.6		0.835926
428.7		0.835926
428.8		0.835926
428.9		0.835926
429		0.835926
429.1		0.837302
429.2		0.837302
429.3		0.837302
429.4		0.837302
429.5		0.837302
429.6		0.837302
429.7		0.837302
429.8		0.837302
429.9		0.837302
430		0.837302
430.1		0.841702
430.2		0.841702
430.3		0.841702
430.4		0.841702
430.5		0.841702
430.6		0.841702
430.7		0.841702
430.8		0.841702
430.9		0.841702
431		0.841702
431.1		0.842095
431.2		0.842095
431.3		0.842095
431.4		0.842095
431.5		0.842095
431.6		0.842095
431.7		0.842095
431.8		0.842095
431.9		0.842095
432		0.842095
432.1		0.844688
432.2		0.844688
432.3		0.844688
432.4		0.844688
432.5		0.844688
432.6		0.844688
432.7		0.844688
432.8		0.844688
432.9		0.844688
433		0.844688
433.1		0.846653
433.2		0.846653
433.3		0.846653
433.4		0.846653
433.5		0.846653
433.6		0.846653
433.7		0.846653
433.8		0.846653
433.9		0.846653
434		0.846653
434.1		0.847163
434.2		0.847163
434.3		0.847163
434.4		0.847163
434.5		0.847163
434.6		0.847163
434.7		0.847163
434.8		0.847163
434.9		0.847163
435		0.847163
435.1		0.853646
435.2		0.853646
435.3		0.853646
435.4		0.853646
435.5		0.853646
435.6		0.853646
435.7		0.853646
435.8		0.853646
435.9		0.853646
436		0.853646
436.1		0.853843
436.2		0.853843
436.3		0.853843
436.4		0.853843
436.5		0.853843
436.6		0.853843
436.7		0.853843
436.8		0.853843
436.9		0.853843
437		0.853843
437.1		0.855886
437.2		0.855886
437.3		0.855886
437.4		0.855886
437.5		0.855886
437.6		0.855886
437.7		0.855886
437.8		0.855886
437.9		0.855886
438		0.855886
438.1		0.857182
438.2		0.857182
438.3		0.857182
438.4		0.857182
438.5		0.857182
438.6		0.857182
438.7		0.857182
438.8		0.857182
438.9		0.857182
439		0.857182
439.1		0.857889
439.2		0.857889
439.3		0.857889
439.4		0.857889
439.5		0.857889
439.6		0.857889
439.7		0.857889
439.8		0.857889
439.9		0.857889
440		0.857889
440.1		0.86229
440.2		0.86229
440.3		0.86229
440.4		0.86229
440.5		0.86229
440.6		0.86229
440.7		0.86229
440.8		0.86229
440.9		0.86229
441		0.86229
441.1		0.862643
441.2		0.862643
441.3		0.862643
441.4		0.862643
441.5		0.862643
441.6		0.862643
441.7		0.862643
441.8		0.862643
441.9		0.862643
442		0.862643
442.1		0.86394
442.2		0.86394
442.3		0.86394
442.4		0.86394
442.5		0.86394
442.6		0.86394
442.7		0.86394
442.8		0.86394
442.9		0.86394
443		0.86394
443.1		0.865983
443.2		0.865983
443.3		0.865983
443.4		0.865983
443.5		0.865983
443.6		0.865983
443.7		0.865983
443.8		0.865983
443.9		0.865983
444		0.865983
444.1		0.867751
444.2		0.867751
444.3		0.867751
444.4		0.867751
444.5		0.867751
444.6		0.867751
444.7		0.867751
444.8		0.867751
444.9		0.867751
445		0.867751
445.1		0.869441
445.2		0.869441
445.3		0.869441
445.4		0.869441
445.5		0.869441
445.6		0.869441
445.7		0.869441
445.8		0.869441
445.9		0.869441
446		0.869441
446.1		0.871326
446.2		0.871326
446.3		0.871326
446.4		0.871326
446.5		0.871326
446.6		0.871326
446.7		0.871326
446.8		0.871326
446.9		0.871326
447		0.871326
447.1		0.872269
447.2		0.872269
447.3		0.872269
447.4		0.872269
447.5		0.872269
447.6		0.872269
447.7		0.872269
447.8		0.872269
447.9		0.872269
448		0.872269
448.1		0.875805
448.2		0.875805
448.3		0.875805
448.4		0.875805
448.5		0.875805
448.6		0.875805
448.7		0.875805
448.8		0.875805
448.9		0.875805
449		0.875805
449.1		0.876788
449.2		0.876788
449.3		0.876788
449.4		0.876788
449.5		0.876788
449.6		0.876788
449.7		0.876788
449.8		0.876788
449.9		0.876788
450		0.876788
450.1		0.877534
450.2		0.877534
450.3		0.877534
450.4		0.877534
450.5		0.877534
450.6		0.877534
450.7		0.877534
450.8		0.877534
450.9		0.877534
451		0.877534
451.1		0.880874
451.2		0.880874
451.3		0.880874
451.4		0.880874
451.5		0.880874
451.6		0.880874
451.7		0.880874
451.8		0.880874
451.9		0.880874
452		0.880874
452.1		0.881424
452.2		0.881424
452.3		0.881424
452.4		0.881424
452.5		0.881424
452.6		0.881424
452.7		0.881424
452.8		0.881424
452.9		0.881424
453		0.881424
453.1		0.883074
453.2		0.883074
453.3		0.883074
453.4		0.883074
453.5		0.883074
453.6		0.883074
453.7		0.883074
453.8		0.883074
453.9		0.883074
454		0.883074
454.1		0.885078
454.2		0.885078
454.3		0.885078
454.4		0.885078
454.5		0.885078
454.6		0.885078
454.7		0.885078
454.8		0.885078
454.9		0.885078
455		0.885078
455.1		0.887396
455.2		0.887396
455.3		0.887396
455.4		0.887396
455.5		0.887396
455.6		0.887396
455.7		0.887396
455.8		0.887396
455.9		0.887396
456		0.887396
456.1		0.890146
456.2		0.890146
456.3		0.890146
456.4		0.890146
456.5		0.890146
456.6		0.890146
456.7		0.890146
456.8		0.890146
456.9		0.890146
457		0.890146
457.1		0.893525
457.2		0.893525
457.3		0.893525
457.4		0.893525
457.5		0.893525
457.6		0.893525
457.7		0.893525
457.8		0.893525
457.9		0.893525
458		0.893525
458.1		0.894861
458.2		0.894861
458.3		0.894861
458.4		0.894861
458.5		0.894861
458.6		0.894861
458.7		0.894861
458.8		0.894861
458.9		0.894861
459		0.894861
459.1		0.896511
459.2		0.896511
459.3		0.896511
459.4		0.896511
459.5		0.896511
459.6		0.896511
459.7		0.896511
459.8		0.896511
459.9		0.896511
460		0.896511
460.1		0.89989
460.2		0.89989
460.3		0.89989
460.4		0.89989
460.5		0.89989
460.6		0.89989
460.7		0.89989
460.8		0.89989
460.9		0.89989
461		0.89989
461.1		0.900597
461.2		0.900597
461.3		0.900597
461.4		0.900597
461.5		0.900597
461.6		0.900597
461.7		0.900597
461.8		0.900597
461.9		0.900597
462		0.900597
462.1		0.901265
462.2		0.901265
462.3		0.901265
462.4		0.901265
462.5		0.901265
462.6		0.901265
462.7		0.901265
462.8		0.901265
462.9		0.901265
463		0.901265
463.1		0.907159
463.2		0.907159
463.3		0.907159
463.4		0.907159
463.5		0.907159
463.6		0.907159
463.7		0.907159
463.8		0.907159
463.9		0.907159
464		0.907159
464.1		0.908219
464.2		0.908219
464.3		0.908219
464.4		0.908219
464.5		0.908219
464.6		0.908219
464.7		0.908219
464.8		0.908219
464.9		0.908219
465		0.908219
465.1		0.909673
465.2		0.909673
465.3		0.909673
465.4		0.909673
465.5		0.909673
465.6		0.909673
465.7		0.909673
465.8		0.909673
465.9		0.909673
466		0.909673
466.1		0.911677
466.2		0.911677
466.3		0.911677
466.4		0.911677
466.5		0.911677
466.6		0.911677
466.7		0.911677
466.8		0.911677
466.9		0.911677
467		0.911677
467.1		0.91203
467.2		0.91203
467.3		0.91203
467.4		0.91203
467.5		0.91203
467.6		0.91203
467.7		0.91203
467.8		0.91203
467.9		0.91203
468		0.91203
468.1		0.913052
468.2		0.913052
468.3		0.913052
468.4		0.913052
468.5		0.913052
468.6		0.913052
468.7		0.913052
468.8		0.913052
468.9		0.913052
469		0.913052
469.1		0.919024
469.2		0.919024
469.3		0.919024
469.4		0.919024
469.5		0.919024
469.6		0.919024
469.7		0.919024
469.8		0.919024
469.9		0.919024
470		0.919024
470.1		0.920399
470.2		0.920399
470.3		0.920399
470.4		0.920399
470.5		0.920399
470.6		0.920399
470.7		0.920399
470.8		0.920399
470.9		0.920399
471		0.920399
471.1		0.920831
471.2		0.920831
471.3		0.920831
471.4		0.920831
471.5		0.920831
471.6		0.920831
471.7		0.920831
471.8		0.920831
471.9		0.920831
472		0.920831
472.1		0.923739
472.2		0.923739
472.3		0.923739
472.4		0.923739
472.5		0.923739
472.6		0.923739
472.7		0.923739
472.8		0.923739
472.9		0.923739
473		0.923739
473.1		0.92421
473.2		0.92421
473.3		0.92421
473.4		0.92421
473.5		0.92421
473.6		0.92421
473.7		0.92421
473.8		0.92421
473.9		0.92421
474		0.92421
474.1		0.928886
474.2		0.928886
474.3		0.928886
474.4		0.928886
474.5		0.928886
474.6		0.928886
474.7		0.928886
474.8		0.928886
474.9		0.928886
475		0.928886
475.1		0.932736
475.2		0.932736
475.3		0.932736
475.4		0.932736
475.5		0.932736
475.6		0.932736
475.7		0.932736
475.8		0.932736
475.9		0.932736
476		0.932736
476.1		0.933483
476.2		0.933483
476.3		0.933483
476.4		0.933483
476.5		0.933483
476.6		0.933483
476.7		0.933483
476.8		0.933483
476.9		0.933483
477		0.933483
477.1		0.934543
477.2		0.934543
477.3		0.934543
477.4		0.934543
477.5		0.934543
477.6		0.934543
477.7		0.934543
477.8		0.934543
477.9		0.934543
478		0.934543
478.1		0.937962
478.2		0.937962
478.3		0.937962
478.4		0.937962
478.5		0.937962
478.6		0.937962
478.7		0.937962
478.8		0.937962
478.9		0.937962
479		0.937962
479.1		0.93914
479.2		0.93914
479.3		0.93914
479.4		0.93914
479.5		0.93914
479.6		0.93914
479.7		0.93914
479.8		0.93914
479.9		0.93914
480		0.93914
480.1		0.940398
480.2		0.940398
480.3		0.940398
480.4		0.940398
480.5		0.940398
480.6		0.940398
480.7		0.940398
480.8		0.940398
480.9		0.940398
481		0.940398
481.1		0.943541
481.2		0.943541
481.3		0.943541
481.4		0.943541
481.5		0.943541
481.6		0.943541
481.7		0.943541
481.8		0.943541
481.9		0.943541
482		0.943541
482.1		0.947705
482.2		0.947705
482.3		0.947705
482.4		0.947705
482.5		0.947705
482.6		0.947705
482.7		0.947705
482.8		0.947705
482.9		0.947705
483		0.947705
483.1		0.948648
483.2		0.948648
483.3		0.948648
483.4		0.948648
483.5		0.948648
483.6		0.948648
483.7		0.948648
483.8		0.948648
483.9		0.948648
484		0.948648
484.1		0.949631
484.2		0.949631
484.3		0.949631
484.4		0.949631
484.5		0.949631
484.6		0.949631
484.7		0.949631
484.8		0.949631
484.9		0.949631
485		0.949631
485.1		0.949749
485.2		0.949749
485.3		0.949749
485.4		0.949749
485.5		0.949749
485.6		0.949749
485.7		0.949749
485.8		0.949749
485.9		0.949749
486		0.949749
486.1		0.955603
486.2		0.955603
486.3		0.955603
486.4		0.955603
486.5		0.955603
486.6		0.955603
486.7		0.955603
486.8		0.955603
486.9		0.955603
487		0.955603
487.1		0.956113
487.2		0.956113
487.3		0.956113
487.4		0.956113
487.5		0.956113
487.6		0.956113
487.7		0.956113
487.8		0.956113
487.9		0.956113
488		0.956113
488.1		0.959217
488.2		0.959217
488.3		0.959217
488.4		0.959217
488.5		0.959217
488.6		0.959217
488.7		0.959217
488.8		0.959217
488.9		0.959217
489		0.959217
489.1		0.959375
489.2		0.959375
489.3		0.959375
489.4		0.959375
489.5		0.959375
489.6		0.959375
489.7		0.959375
489.8		0.959375
489.9		0.959375
490		0.959375
490.1		0.960907
490.2		0.960907
490.3		0.960907
490.4		0.960907
490.5		0.960907
490.6		0.960907
490.7		0.960907
490.8		0.960907
490.9		0.960907
491		0.960907
491.1		0.964011
491.2		0.964011
491.3		0.964011
491.4		0.964011
491.5		0.964011
491.6		0.964011
491.7		0.964011
491.8		0.964011
491.9		0.964011
492		0.964011
492.1		0.966525
492.2		0.966525
492.3		0.966525
492.4		0.966525
492.5		0.966525
492.6		0.966525
492.7		0.966525
492.8		0.966525
492.9		0.966525
493		0.966525
493.1		0.966879
493.2		0.966879
493.3		0.966879
493.4		0.966879
493.5		0.966879
493.6		0.966879
493.7		0.966879
493.8		0.966879
493.9		0.966879
494		0.966879
494.1		0.969983
494.2		0.969983
494.3		0.969983
494.4		0.969983
494.5		0.969983
494.6		0.969983
494.7		0.969983
494.8		0.969983
494.9		0.969983
495		0.969983
495.1		0.971397
495.2		0.971397
495.3		0.971397
495.4		0.971397
495.5		0.971397
495.6		0.971397
495.7		0.971397
495.8		0.971397
495.9		0.971397
496		0.971397
496.1		0.973558
496.2		0.973558
496.3		0.973558
496.4		0.973558
496.5		0.973558
496.6		0.973558
496.7		0.973558
496.8		0.973558
496.9		0.973558
497		0.973558
497.1		0.974933
497.2		0.974933
497.3		0.974933
497.4		0.974933
497.5		0.974933
497.6		0.974933
497.7		0.974933
497.8		0.974933
497.9		0.974933
498		0.974933
498.1		0.978862
498.2		0.978862
498.3		0.978862
498.4		0.978862
498.5		0.978862
498.6		0.978862
498.7		0.978862
498.8		0.978862
498.9		0.978862
499		0.978862
499.1		0.980512
499.2		0.980512
499.3		0.980512
499.4		0.980512
499.5		0.980512
499.6		0.980512
499.7		0.980512
499.8		0.980512
499.9		0.980512
500		0.980512
500.1		0.980748
500.2		0.980748
500.3		0.980748
500.4		0.980748
500.5		0.980748
500.6		0.980748
500.7		0.980748
500.8		0.980748
500.9		0.980748
501		0.980748
501.1		0.983538
501.2		0.983538
501.3		0.983538
501.4		0.983538
501.5		0.983538
501.6		0.983538
501.7		0.983538
501.8		0.983538
501.9		0.983538
502		0.983538
502.1		0.985345
502.2		0.985345
502.3		0.985345
502.4		0.985345
502.5		0.985345
502.6		0.985345
502.7		0.985345
502.8		0.985345
502.9		0.985345
503		0.985345
503.1		0.988842
503.2		0.988842
503.3		0.988842
503.4		0.988842
503.5		0.988842
503.6		0.988842
503.7		0.988842
503.8		0.988842
503.9		0.988842
504		0.988842
504.1		0.989195
504.2		0.989195
504.3		0.989195
504.4		0.989195
504.5		0.989195
504.6		0.989195
504.7		0.989195
504.8		0.989195
504.9		0.989195
505		0.989195
505.1		0.989863
505.2		0.989863
505.3		0.989863
505.4		0.989863
505.5		0.989863
505.6		0.989863
505.7		0.989863
505.8		0.989863
505.9		0.989863
506		0.989863
506.1		0.991435
506.2		0.991435
506.3		0.991435
506.4		0.991435
506.5		0.991435
506.6		0.991435
506.7		0.991435
506.8		0.991435
506.9		0.991435
507		0.991435
507.1		0.994814
507.2		0.994814
507.3		0.994814
507.4		0.994814
507.5		0.994814
507.6		0.994814
507.7		0.994814
507.8		0.994814
507.9		0.994814
508		0.994814
508.1		0.9989
508.2		0.9989
508.3		0.9989
508.4		0.9989
508.5		0.9989
508.6		0.9989
508.7		0.9989
508.8		0.9989
508.9		0.9989
509		0.9989
509.1		0.999293
509.2		0.999293
509.3		0.999293
509.4		0.999293
509.5		0.999293
509.6		0.999293
509.7		0.999293
509.8		0.999293
509.9		0.999293
510		0.999293
510.1		1
510.2		1
510.3		1
510.4		1
510.5		1
510.6		1
510.7		1
510.8		1
510.9		1
511		1
511.1		1
511.2		1
511.3		1
511.4		1
511.5		1
511.6		1
511.7		1
511.8		1
511.9		1
512		1
512.1		1
512.2		1
512.3		1
512.4		1
512.5		1
512.6		1
512.7		1
512.8		1
512.9		1
513		1
513.1		1
513.2		1
513.3		1
513.4		1
513.5		1
513.6		1
513.7		1
513.8		1
513.9		1
514		1
514.1		1
514.2		1
514.3		1
514.4		1
514.5		1
514.6		1
514.7		1
514.8		1
514.9		1
515		1
515.1		1
515.2		1
515.3		1
515.4		1
515.5		1
515.6		1
515.7		1
515.8		1
515.9		1
516		1
516.1		1
516.2		1
516.3		1
516.4		1
516.5		1
516.6		1
516.7		1
516.8		1
516.9		1
517		1
517.1		1
517.2		1
517.3		1
517.4		1
517.5		1
517.6		1
517.7		1
517.8		1
517.9		1
518		1
518.1		1
518.2		1
518.3		1
518.4		1
518.5		1
518.6		1
518.7		1
518.8		1
518.9		1
519		1
519.1		1
519.2		1
519.3		1
519.4		1
519.5		1
519.6		1
519.7		1
519.8		1
519.9		1
520		1
520.1		1
520.2		1
520.3		1
520.4		1
520.5		1
520.6		1
520.7		1
520.8		1
520.9		1
521		1
521.1		1
521.2		1
521.3		1
521.4		1
521.5		1
521.6		1
521.7		1
521.8		1
521.9		1
522		1
522.1		1
522.2		1
522.3		1
522.4		1
522.5		1
522.6		1
522.7		1
522.8		1
522.9		1
523		1
523.1		1
523.2		1
523.3		1
523.4		1
523.5		1
523.6		1
523.7		1
523.8		1
523.9		1
524		1
524.1		1
524.2		1
524.3		1
524.4		1
524.5		1
524.6		1
524.7		1
524.8		1
524.9		1
525		1
525.1		1
525.2		1
525.3		1
525.4		1
525.5		1
525.6		1
525.7		1
525.8		1
525.9		1
526		1
526.1		1
526.2		1
526.3		1
526.4		1
526.5		1
526.6		1
526.7		1
526.8		1
526.9		1
527		1
527.1		1
527.2		1
527.3		1
527.4		1
527.5		1
527.6		1
527.7		1
527.8		1
527.9		1
528		1
528.1		1
528.2		1
528.3		1
528.4		1
528.5		1
528.6		1
528.7		1
528.8		1
528.9		1
529		1
529.1		1
529.2		1
529.3		1
529.4		1
529.5		1
529.6		1
529.7		1
529.8		1
529.9		1
530		1
530.1		1
530.2		1
530.3		1
530.4		1
530.5		1
530.6		1
530.7		1
530.8		1
530.9		1
531		1
531.1		1
531.2		1
531.3		1
531.4		1
531.5		1
531.6		1
531.7		1
531.8		1
531.9		1
532		1
532.1		1
532.2		1
532.3		1
532.4		1
532.5		1
532.6		1
532.7		1
532.8		1
532.9		1
533		1
533.1		1
533.2		1
533.3		1
533.4		1
533.5		1
533.6		1
533.7		1
533.8		1
533.9		1
534		1
534.1		1
534.2		1
534.3		1
534.4		1
534.5		1
534.6		1
534.7		1
534.8		1
534.9		1
535		1
535.1		1
535.2		1
535.3		1
535.4		1
535.5		1
535.6		1
535.7		1
535.8		1
535.9		1
536		1
536.1		1
536.2		1
536.3		1
536.4		1
536.5		1
536.6		1
536.7		1
536.8		1
536.9		1
537		1
537.1		1
537.2		1
537.3		1
537.4		1
537.5		1
537.6		1
537.7		1
537.8		1
537.9		1
538		1
538.1		1
538.2		1
538.3		1
538.4		1
538.5		1
538.6		1
538.7		1
538.8		1
538.9		1
539		1
539.1		1
539.2		1
539.3		1
539.4		1
539.5		1
539.6		1
539.7		1
539.8		1
539.9		1
540		1
540.1		1
540.2		1
540.3		1
540.4		1
540.5		1
540.6		1
540.7		1
540.8		1
540.9		1
541		1
541.1		1
541.2		1
541.3		1
541.4		1
541.5		1
541.6		1
541.7		1
541.8		1
541.9		1
542		1
542.1		1
542.2		1
542.3		1
542.4		1
542.5		1
542.6		1
542.7		1
542.8		1
542.9		1
543		1
543.1		1
543.2		1
543.3		1
543.4		1
543.5		1
543.6		1
543.7		1
543.8		1
543.9		1
544		1
544.1		1
544.2		1
544.3		1
544.4		1
544.5		1
544.6		1
544.7		1
544.8		1
544.9		1
545		1
545.1		1
545.2		1
545.3		1
545.4		1
545.5		1
545.6		1
545.7		1
545.8		1
545.9		1
546		1
546.1		1
546.2		1
546.3		1
546.4		1
546.5		1
546.6		1
546.7		1
546.8		1
546.9		1
547		1
547.1		1
547.2		1
547.3		1
547.4		1
547.5		1
547.6		1
547.7		1
547.8		1
547.9		1
548		1
548.1		1
548.2		1
548.3		1
548.4		1
548.5		1
548.6		1
548.7		1
548.8		1
548.9		1
549		1
549.1		1
549.2		1
549.3		1
549.4		1
549.5		1
549.6		1
549.7		1
549.8		1
549.9		1
550		1
550.1		1
550.2		1
550.3		1
550.4		1
550.5		1
550.6		1
550.7		1
550.8		1
550.9		1
551		1
551.1		1
551.2		1
551.3		1
551.4		1
551.5		1
551.6		1
551.7		1
551.8		1
551.9		1
552		1
552.1		1
552.2		1
552.3		1
552.4		1
552.5		1
552.6		1
552.7		1
552.8		1
552.9		1
553		1
553.1		1
553.2		1
553.3		1
553.4		1
553.5		1
553.6		1
553.7		1
553.8		1
553.9		1
554		1
554.1		1
554.2		1
554.3		1
554.4		1
554.5		1
554.6		1
554.7		1
554.8		1
554.9		1
555		1
555.1		1
555.2		1
555.3		1
555.4		1
555.5		1
555.6		1
555.7		1
555.8		1
555.9		1
556		1
556.1		1
556.2		1
556.3		1
556.4		1
556.5		1
556.6		1
556.7		1
556.8		1
556.9		1
557		1
557.1		1
557.2		1
557.3		1
557.4		1
557.5		1
557.6		1
557.7		1
557.8		1
557.9		1
558		1
558.1		1
558.2		1
558.3		1
558.4		1
558.5		1
558.6		1
558.7		1
558.8		1
558.9		1
559		1
559.1		1
559.2		1
559.3		1
559.4		1
559.5		1
559.6		1
559.7		1
559.8		1
559.9		1
560		1
560.1		1
560.2		1
560.3		1
560.4		1
560.5		1
560.6		1
560.7		1
560.8		1
560.9		1
561		1
561.1		1
561.2		1
561.3		1
561.4		1
561.5		1
561.6		1
561.7		1
561.8		1
561.9		1
562		1
562.1		1
562.2		1
562.3		1
562.4		1
562.5		1
562.6		1
562.7		1
562.8		1
562.9		1
563		1
563.1		1
563.2		1
563.3		1
563.4		1
563.5		1
563.6		1
563.7		1
563.8		1
563.9		1
564		1
564.1		1
564.2		1
564.3		1
564.4		1
564.5		1
564.6		1
564.7		1
564.8		1
564.9		1
565		1
565.1		1
565.2		1
565.3		1
565.4		1
565.5		1
565.6		1
565.7		1
565.8		1
565.9		1
566		1
566.1		1
566.2		1
566.3		1
566.4		1
566.5		1
566.6		1
566.7		1
566.8		1
566.9		1
567		1
567.1		1
567.2		1
567.3		1
567.4		1
567.5		1
567.6		1
567.7		1
567.8		1
567.9		1
568		1
568.1		1
568.2		1
568.3		1
568.4		1
568.5		1
568.6		1
568.7		1
568.8		1
568.9		1
569		1
569.1		1
569.2		1
569.3		1
569.4		1
569.5		1
569.6		1
569.7		1
569.8		1
569.9		1
570		1
570.1		1
570.2		1
570.3		1
570.4		1
570.5		1
570.6		1
570.7		1
570.8		1
570.9		1
571		1
571.1		1
571.2		1
571.3		1
571.4		1
571.5		1
571.6		1
571.7		1
571.8		1
571.9		1
572		1
572.1		1
572.2		1
572.3		1
572.4		1
572.5		1
572.6		1
572.7		1
572.8		1
572.9		1
573		1
573.1		1
573.2		1
573.3		1
573.4		1
573.5		1
573.6		1
573.7		1
573.8		1
573.9		1
574		1
574.1		1
574.2		1
574.3		1
574.4		1
574.5		1
574.6		1
574.7		1
574.8		1
574.9		1
575		1
575.1		1
575.2		1
575.3		1
575.4		1
575.5		1
575.6		1
575.7		1
575.8		1
575.9		1
576		1
576.1		1
576.2		1
576.3		1
576.4		1
576.5		1
576.6		1
576.7		1
576.8		1
576.9		1
577		1
577.1		1
577.2		1
577.3		1
577.4		1
577.5		1
577.6		1
577.7		1
577.8		1
577.9		1
578		1
578.1		1
578.2		1
578.3		1
578.4		1
578.5		1
578.6		1
578.7		1
578.8		1
578.9		1
579		1
579.1		1
579.2		1
579.3		1
579.4		1
579.5		1
579.6		1
579.7		1
579.8		1
579.9		1
580		1
580.1		1
580.2		1
580.3		1
580.4		1
580.5		1
580.6		1
580.7		1
580.8		1
580.9		1
581		1
581.1		1
581.2		1
581.3		1
581.4		1
581.5		1
581.6		1
581.7		1
581.8		1
581.9		1
582		1
582.1		1
582.2		1
582.3		1
582.4		1
582.5		1
582.6		1
582.7		1
582.8		1
582.9		1
583		1
583.1		1
583.2		1
583.3		1
583.4		1
583.5		1
583.6		1
583.7		1
583.8		1
583.9		1
584		1
584.1		1
584.2		1
584.3		1
584.4		1
584.5		1
584.6		1
584.7		1
584.8		1
584.9		1
585		1
585.1		1
585.2		1
585.3		1
585.4		1
585.5		1
585.6		1
585.7		1
585.8		1
585.9		1
586		1
586.1		1
586.2		1
586.3		1
586.4		1
586.5		1
586.6		1
586.7		1
586.8		1
586.9		1
587		1
587.1		1
587.2		1
587.3		1
587.4		1
587.5		1
587.6		1
587.7		1
587.8		1
587.9		1
588		1
588.1		1
588.2		1
588.3		1
588.4		1
588.5		1
588.6		1
588.7		1
588.8		1
588.9		1
589		1
589.1		1
589.2		1
589.3		1
589.4		1
589.5		1
589.6		1
589.7		1
589.8		1
589.9		1
590		1
590.1		1
590.2		1
590.3		1
590.4		1
590.5		1
590.6		1
590.7		1
590.8		1
590.9		1
591		1
591.1		1
591.2		1
591.3		1
591.4		1
591.5		1
591.6		1
591.7		1
591.8		1
591.9		1
592		1
592.1		1
592.2		1
592.3		1
592.4		1
592.5		1
592.6		1
592.7		1
592.8		1
592.9		1
593		1
593.1		1
593.2		1
593.3		1
593.4		1
593.5		1
593.6		1
593.7		1
593.8		1
593.9		1
594		1
594.1		1
594.2		1
594.3		1
594.4		1
594.5		1
594.6		1
594.7		1
594.8		1
594.9		1
595		1
595.1		1
595.2		1
595.3		1
595.4		1
595.5		1
595.6		1
595.7		1
595.8		1
595.9		1
596		1
596.1		1
596.2		1
596.3		1
596.4		1
596.5		1
596.6		1
596.7		1
596.8		1
596.9		1
597		1
597.1		1
597.2		1
597.3		1
597.4		1
597.5		1
597.6		1
597.7		1
597.8		1
597.9		1
598		1
598.1		1
598.2		1
598.3		1
598.4		1
598.5		1
598.6		1
598.7		1
598.8		1
598.9		1
599		1
599.1		1
599.2		1
599.3		1
599.4		1
599.5		1
599.6		1
599.7		1
599.8		1
599.9		1
600		1
