# Calibration file of tamex_id 2 @ channel 3
# fine_T bin		 Calibration value
0.1		0
0.2		0
0.3		0
0.4		0
0.5		0
0.6		0
0.7		0
0.8		0
0.9		0
1		0
1.1		0
1.2		0
1.3		0
1.4		0
1.5		0
1.6		0
1.7		0
1.8		0
1.9		0
2		0
2.1		0
2.2		0
2.3		0
2.4		0
2.5		0
2.6		0
2.7		0
2.8		0
2.9		0
3		0
3.1		0
3.2		0
3.3		0
3.4		0
3.5		0
3.6		0
3.7		0
3.8		0
3.9		0
4		0
4.1		0
4.2		0
4.3		0
4.4		0
4.5		0
4.6		0
4.7		0
4.8		0
4.9		0
5		0
5.1		0
5.2		0
5.3		0
5.4		0
5.5		0
5.6		0
5.7		0
5.8		0
5.9		0
6		0
6.1		0
6.2		0
6.3		0
6.4		0
6.5		0
6.6		0
6.7		0
6.8		0
6.9		0
7		0
7.1		0
7.2		0
7.3		0
7.4		0
7.5		0
7.6		0
7.7		0
7.8		0
7.9		0
8		0
8.1		0
8.2		0
8.3		0
8.4		0
8.5		0
8.6		0
8.7		0
8.8		0
8.9		0
9		0
9.1		0
9.2		0
9.3		0
9.4		0
9.5		0
9.6		0
9.7		0
9.8		0
9.9		0
10		0
10.1		0
10.2		0
10.3		0
10.4		0
10.5		0
10.6		0
10.7		0
10.8		0
10.9		0
11		0
11.1		0
11.2		0
11.3		0
11.4		0
11.5		0
11.6		0
11.7		0
11.8		0
11.9		0
12		0
12.1		0
12.2		0
12.3		0
12.4		0
12.5		0
12.6		0
12.7		0
12.8		0
12.9		0
13		0
13.1		0
13.2		0
13.3		0
13.4		0
13.5		0
13.6		0
13.7		0
13.8		0
13.9		0
14		0
14.1		0
14.2		0
14.3		0
14.4		0
14.5		0
14.6		0
14.7		0
14.8		0
14.9		0
15		0
15.1		0
15.2		0
15.3		0
15.4		0
15.5		0
15.6		0
15.7		0
15.8		0
15.9		0
16		0
16.1		0
16.2		0
16.3		0
16.4		0
16.5		0
16.6		0
16.7		0
16.8		0
16.9		0
17		0
17.1		0.00897053
17.2		0.00897053
17.3		0.00897053
17.4		0.00897053
17.5		0.00897053
17.6		0.00897053
17.7		0.00897053
17.8		0.00897053
17.9		0.00897053
18		0.00897053
18.1		0.0115335
18.2		0.0115335
18.3		0.0115335
18.4		0.0115335
18.5		0.0115335
18.6		0.0115335
18.7		0.0115335
18.8		0.0115335
18.9		0.0115335
19		0.0115335
19.1		0.0140965
19.2		0.0140965
19.3		0.0140965
19.4		0.0140965
19.5		0.0140965
19.6		0.0140965
19.7		0.0140965
19.8		0.0140965
19.9		0.0140965
20		0.0140965
20.1		0.0158052
20.2		0.0158052
20.3		0.0158052
20.4		0.0158052
20.5		0.0158052
20.6		0.0158052
20.7		0.0158052
20.8		0.0158052
20.9		0.0158052
21		0.0158052
21.1		0.0166595
21.2		0.0166595
21.3		0.0166595
21.4		0.0166595
21.5		0.0166595
21.6		0.0166595
21.7		0.0166595
21.8		0.0166595
21.9		0.0166595
22		0.0166595
22.1		0.0183682
22.2		0.0183682
22.3		0.0183682
22.4		0.0183682
22.5		0.0183682
22.6		0.0183682
22.7		0.0183682
22.8		0.0183682
22.9		0.0183682
23		0.0183682
23.1		0.0200769
23.2		0.0200769
23.3		0.0200769
23.4		0.0200769
23.5		0.0200769
23.6		0.0200769
23.7		0.0200769
23.8		0.0200769
23.9		0.0200769
24		0.0200769
24.1		0.0226399
24.2		0.0226399
24.3		0.0226399
24.4		0.0226399
24.5		0.0226399
24.6		0.0226399
24.7		0.0226399
24.8		0.0226399
24.9		0.0226399
25		0.0226399
25.1		0.0243486
25.2		0.0243486
25.3		0.0243486
25.4		0.0243486
25.5		0.0243486
25.6		0.0243486
25.7		0.0243486
25.8		0.0243486
25.9		0.0243486
26		0.0243486
26.1		0.0243486
26.2		0.0243486
26.3		0.0243486
26.4		0.0243486
26.5		0.0243486
26.6		0.0243486
26.7		0.0243486
26.8		0.0243486
26.9		0.0243486
27		0.0243486
27.1		0.0269116
27.2		0.0269116
27.3		0.0269116
27.4		0.0269116
27.5		0.0269116
27.6		0.0269116
27.7		0.0269116
27.8		0.0269116
27.9		0.0269116
28		0.0269116
28.1		0.0281931
28.2		0.0281931
28.3		0.0281931
28.4		0.0281931
28.5		0.0281931
28.6		0.0281931
28.7		0.0281931
28.8		0.0281931
28.9		0.0281931
29		0.0281931
29.1		0.0320376
29.2		0.0320376
29.3		0.0320376
29.4		0.0320376
29.5		0.0320376
29.6		0.0320376
29.7		0.0320376
29.8		0.0320376
29.9		0.0320376
30		0.0320376
30.1		0.0320376
30.2		0.0320376
30.3		0.0320376
30.4		0.0320376
30.5		0.0320376
30.6		0.0320376
30.7		0.0320376
30.8		0.0320376
30.9		0.0320376
31		0.0320376
31.1		0.0324648
31.2		0.0324648
31.3		0.0324648
31.4		0.0324648
31.5		0.0324648
31.6		0.0324648
31.7		0.0324648
31.8		0.0324648
31.9		0.0324648
32		0.0324648
32.1		0.0367364
32.2		0.0367364
32.3		0.0367364
32.4		0.0367364
32.5		0.0367364
32.6		0.0367364
32.7		0.0367364
32.8		0.0367364
32.9		0.0367364
33		0.0367364
33.1		0.0371636
33.2		0.0371636
33.3		0.0371636
33.4		0.0371636
33.5		0.0371636
33.6		0.0371636
33.7		0.0371636
33.8		0.0371636
33.9		0.0371636
34		0.0371636
34.1		0.0392994
34.2		0.0392994
34.3		0.0392994
34.4		0.0392994
34.5		0.0392994
34.6		0.0392994
34.7		0.0392994
34.8		0.0392994
34.9		0.0392994
35		0.0392994
35.1		0.043144
35.2		0.043144
35.3		0.043144
35.4		0.043144
35.5		0.043144
35.6		0.043144
35.7		0.043144
35.8		0.043144
35.9		0.043144
36		0.043144
36.1		0.043144
36.2		0.043144
36.3		0.043144
36.4		0.043144
36.5		0.043144
36.6		0.043144
36.7		0.043144
36.8		0.043144
36.9		0.043144
37		0.043144
37.1		0.0444255
37.2		0.0444255
37.3		0.0444255
37.4		0.0444255
37.5		0.0444255
37.6		0.0444255
37.7		0.0444255
37.8		0.0444255
37.9		0.0444255
38		0.0444255
38.1		0.0461341
38.2		0.0461341
38.3		0.0461341
38.4		0.0461341
38.5		0.0461341
38.6		0.0461341
38.7		0.0461341
38.8		0.0461341
38.9		0.0461341
39		0.0461341
39.1		0.04827
39.2		0.04827
39.3		0.04827
39.4		0.04827
39.5		0.04827
39.6		0.04827
39.7		0.04827
39.8		0.04827
39.9		0.04827
40		0.04827
40.1		0.0491243
40.2		0.0491243
40.3		0.0491243
40.4		0.0491243
40.5		0.0491243
40.6		0.0491243
40.7		0.0491243
40.8		0.0491243
40.9		0.0491243
41		0.0491243
41.1		0.0529688
41.2		0.0529688
41.3		0.0529688
41.4		0.0529688
41.5		0.0529688
41.6		0.0529688
41.7		0.0529688
41.8		0.0529688
41.9		0.0529688
42		0.0529688
42.1		0.0576677
42.2		0.0576677
42.3		0.0576677
42.4		0.0576677
42.5		0.0576677
42.6		0.0576677
42.7		0.0576677
42.8		0.0576677
42.9		0.0576677
43		0.0576677
43.1		0.0598035
43.2		0.0598035
43.3		0.0598035
43.4		0.0598035
43.5		0.0598035
43.6		0.0598035
43.7		0.0598035
43.8		0.0598035
43.9		0.0598035
44		0.0598035
44.1		0.0598035
44.2		0.0598035
44.3		0.0598035
44.4		0.0598035
44.5		0.0598035
44.6		0.0598035
44.7		0.0598035
44.8		0.0598035
44.9		0.0598035
45		0.0598035
45.1		0.0602307
45.2		0.0602307
45.3		0.0602307
45.4		0.0602307
45.5		0.0602307
45.6		0.0602307
45.7		0.0602307
45.8		0.0602307
45.9		0.0602307
46		0.0602307
46.1		0.0653567
46.2		0.0653567
46.3		0.0653567
46.4		0.0653567
46.5		0.0653567
46.6		0.0653567
46.7		0.0653567
46.8		0.0653567
46.9		0.0653567
47		0.0653567
47.1		0.0653567
47.2		0.0653567
47.3		0.0653567
47.4		0.0653567
47.5		0.0653567
47.6		0.0653567
47.7		0.0653567
47.8		0.0653567
47.9		0.0653567
48		0.0653567
48.1		0.0670654
48.2		0.0670654
48.3		0.0670654
48.4		0.0670654
48.5		0.0670654
48.6		0.0670654
48.7		0.0670654
48.8		0.0670654
48.9		0.0670654
49		0.0670654
49.1		0.0674925
49.2		0.0674925
49.3		0.0674925
49.4		0.0674925
49.5		0.0674925
49.6		0.0674925
49.7		0.0674925
49.8		0.0674925
49.9		0.0674925
50		0.0674925
50.1		0.0700555
50.2		0.0700555
50.3		0.0700555
50.4		0.0700555
50.5		0.0700555
50.6		0.0700555
50.7		0.0700555
50.8		0.0700555
50.9		0.0700555
51		0.0700555
51.1		0.0700555
51.2		0.0700555
51.3		0.0700555
51.4		0.0700555
51.5		0.0700555
51.6		0.0700555
51.7		0.0700555
51.8		0.0700555
51.9		0.0700555
52		0.0700555
52.1		0.0726185
52.2		0.0726185
52.3		0.0726185
52.4		0.0726185
52.5		0.0726185
52.6		0.0726185
52.7		0.0726185
52.8		0.0726185
52.9		0.0726185
53		0.0726185
53.1		0.0734729
53.2		0.0734729
53.3		0.0734729
53.4		0.0734729
53.5		0.0734729
53.6		0.0734729
53.7		0.0734729
53.8		0.0734729
53.9		0.0734729
54		0.0734729
54.1		0.0773174
54.2		0.0773174
54.3		0.0773174
54.4		0.0773174
54.5		0.0773174
54.6		0.0773174
54.7		0.0773174
54.8		0.0773174
54.9		0.0773174
55		0.0773174
55.1		0.0794532
55.2		0.0794532
55.3		0.0794532
55.4		0.0794532
55.5		0.0794532
55.6		0.0794532
55.7		0.0794532
55.8		0.0794532
55.9		0.0794532
56		0.0794532
56.1		0.0794532
56.2		0.0794532
56.3		0.0794532
56.4		0.0794532
56.5		0.0794532
56.6		0.0794532
56.7		0.0794532
56.8		0.0794532
56.9		0.0794532
57		0.0794532
57.1		0.0824434
57.2		0.0824434
57.3		0.0824434
57.4		0.0824434
57.5		0.0824434
57.6		0.0824434
57.7		0.0824434
57.8		0.0824434
57.9		0.0824434
58		0.0824434
58.1		0.0841521
58.2		0.0841521
58.3		0.0841521
58.4		0.0841521
58.5		0.0841521
58.6		0.0841521
58.7		0.0841521
58.8		0.0841521
58.9		0.0841521
59		0.0841521
59.1		0.0845792
59.2		0.0845792
59.3		0.0845792
59.4		0.0845792
59.5		0.0845792
59.6		0.0845792
59.7		0.0845792
59.8		0.0845792
59.9		0.0845792
60		0.0845792
60.1		0.0858607
60.2		0.0858607
60.3		0.0858607
60.4		0.0858607
60.5		0.0858607
60.6		0.0858607
60.7		0.0858607
60.8		0.0858607
60.9		0.0858607
61		0.0858607
61.1		0.0867151
61.2		0.0867151
61.3		0.0867151
61.4		0.0867151
61.5		0.0867151
61.6		0.0867151
61.7		0.0867151
61.8		0.0867151
61.9		0.0867151
62		0.0867151
62.1		0.0926954
62.2		0.0926954
62.3		0.0926954
62.4		0.0926954
62.5		0.0926954
62.6		0.0926954
62.7		0.0926954
62.8		0.0926954
62.9		0.0926954
63		0.0926954
63.1		0.0948313
63.2		0.0948313
63.3		0.0948313
63.4		0.0948313
63.5		0.0948313
63.6		0.0948313
63.7		0.0948313
63.8		0.0948313
63.9		0.0948313
64		0.0948313
64.1		0.0956856
64.2		0.0956856
64.3		0.0956856
64.4		0.0956856
64.5		0.0956856
64.6		0.0956856
64.7		0.0956856
64.8		0.0956856
64.9		0.0956856
65		0.0956856
65.1		0.102093
65.2		0.102093
65.3		0.102093
65.4		0.102093
65.5		0.102093
65.6		0.102093
65.7		0.102093
65.8		0.102093
65.9		0.102093
66		0.102093
66.1		0.104656
66.2		0.104656
66.3		0.104656
66.4		0.104656
66.5		0.104656
66.6		0.104656
66.7		0.104656
66.8		0.104656
66.9		0.104656
67		0.104656
67.1		0.10551
67.2		0.10551
67.3		0.10551
67.4		0.10551
67.5		0.10551
67.6		0.10551
67.7		0.10551
67.8		0.10551
67.9		0.10551
68		0.10551
68.1		0.107219
68.2		0.107219
68.3		0.107219
68.4		0.107219
68.5		0.107219
68.6		0.107219
68.7		0.107219
68.8		0.107219
68.9		0.107219
69		0.107219
69.1		0.108928
69.2		0.108928
69.3		0.108928
69.4		0.108928
69.5		0.108928
69.6		0.108928
69.7		0.108928
69.8		0.108928
69.9		0.108928
70		0.108928
70.1		0.110209
70.2		0.110209
70.3		0.110209
70.4		0.110209
70.5		0.110209
70.6		0.110209
70.7		0.110209
70.8		0.110209
70.9		0.110209
71		0.110209
71.1		0.112772
71.2		0.112772
71.3		0.112772
71.4		0.112772
71.5		0.112772
71.6		0.112772
71.7		0.112772
71.8		0.112772
71.9		0.112772
72		0.112772
72.1		0.113199
72.2		0.113199
72.3		0.113199
72.4		0.113199
72.5		0.113199
72.6		0.113199
72.7		0.113199
72.8		0.113199
72.9		0.113199
73		0.113199
73.1		0.11619
73.2		0.11619
73.3		0.11619
73.4		0.11619
73.5		0.11619
73.6		0.11619
73.7		0.11619
73.8		0.11619
73.9		0.11619
74		0.11619
74.1		0.117898
74.2		0.117898
74.3		0.117898
74.4		0.117898
74.5		0.117898
74.6		0.117898
74.7		0.117898
74.8		0.117898
74.9		0.117898
75		0.117898
75.1		0.120889
75.2		0.120889
75.3		0.120889
75.4		0.120889
75.5		0.120889
75.6		0.120889
75.7		0.120889
75.8		0.120889
75.9		0.120889
76		0.120889
76.1		0.121743
76.2		0.121743
76.3		0.121743
76.4		0.121743
76.5		0.121743
76.6		0.121743
76.7		0.121743
76.8		0.121743
76.9		0.121743
77		0.121743
77.1		0.12217
77.2		0.12217
77.3		0.12217
77.4		0.12217
77.5		0.12217
77.6		0.12217
77.7		0.12217
77.8		0.12217
77.9		0.12217
78		0.12217
78.1		0.123452
78.2		0.123452
78.3		0.123452
78.4		0.123452
78.5		0.123452
78.6		0.123452
78.7		0.123452
78.8		0.123452
78.9		0.123452
79		0.123452
79.1		0.123452
79.2		0.123452
79.3		0.123452
79.4		0.123452
79.5		0.123452
79.6		0.123452
79.7		0.123452
79.8		0.123452
79.9		0.123452
80		0.123452
80.1		0.126015
80.2		0.126015
80.3		0.126015
80.4		0.126015
80.5		0.126015
80.6		0.126015
80.7		0.126015
80.8		0.126015
80.9		0.126015
81		0.126015
81.1		0.12815
81.2		0.12815
81.3		0.12815
81.4		0.12815
81.5		0.12815
81.6		0.12815
81.7		0.12815
81.8		0.12815
81.9		0.12815
82		0.12815
82.1		0.129432
82.2		0.129432
82.3		0.129432
82.4		0.129432
82.5		0.129432
82.6		0.129432
82.7		0.129432
82.8		0.129432
82.9		0.129432
83		0.129432
83.1		0.129432
83.2		0.129432
83.3		0.129432
83.4		0.129432
83.5		0.129432
83.6		0.129432
83.7		0.129432
83.8		0.129432
83.9		0.129432
84		0.129432
84.1		0.133276
84.2		0.133276
84.3		0.133276
84.4		0.133276
84.5		0.133276
84.6		0.133276
84.7		0.133276
84.8		0.133276
84.9		0.133276
85		0.133276
85.1		0.133276
85.2		0.133276
85.3		0.133276
85.4		0.133276
85.5		0.133276
85.6		0.133276
85.7		0.133276
85.8		0.133276
85.9		0.133276
86		0.133276
86.1		0.134131
86.2		0.134131
86.3		0.134131
86.4		0.134131
86.5		0.134131
86.6		0.134131
86.7		0.134131
86.8		0.134131
86.9		0.134131
87		0.134131
87.1		0.136267
87.2		0.136267
87.3		0.136267
87.4		0.136267
87.5		0.136267
87.6		0.136267
87.7		0.136267
87.8		0.136267
87.9		0.136267
88		0.136267
88.1		0.139257
88.2		0.139257
88.3		0.139257
88.4		0.139257
88.5		0.139257
88.6		0.139257
88.7		0.139257
88.8		0.139257
88.9		0.139257
89		0.139257
89.1		0.142674
89.2		0.142674
89.3		0.142674
89.4		0.142674
89.5		0.142674
89.6		0.142674
89.7		0.142674
89.8		0.142674
89.9		0.142674
90		0.142674
90.1		0.143101
90.2		0.143101
90.3		0.143101
90.4		0.143101
90.5		0.143101
90.6		0.143101
90.7		0.143101
90.8		0.143101
90.9		0.143101
91		0.143101
91.1		0.14481
91.2		0.14481
91.3		0.14481
91.4		0.14481
91.5		0.14481
91.6		0.14481
91.7		0.14481
91.8		0.14481
91.9		0.14481
92		0.14481
92.1		0.151217
92.2		0.151217
92.3		0.151217
92.4		0.151217
92.5		0.151217
92.6		0.151217
92.7		0.151217
92.8		0.151217
92.9		0.151217
93		0.151217
93.1		0.152926
93.2		0.152926
93.3		0.152926
93.4		0.152926
93.5		0.152926
93.6		0.152926
93.7		0.152926
93.8		0.152926
93.9		0.152926
94		0.152926
94.1		0.154208
94.2		0.154208
94.3		0.154208
94.4		0.154208
94.5		0.154208
94.6		0.154208
94.7		0.154208
94.8		0.154208
94.9		0.154208
95		0.154208
95.1		0.157625
95.2		0.157625
95.3		0.157625
95.4		0.157625
95.5		0.157625
95.6		0.157625
95.7		0.157625
95.8		0.157625
95.9		0.157625
96		0.157625
96.1		0.158052
96.2		0.158052
96.3		0.158052
96.4		0.158052
96.5		0.158052
96.6		0.158052
96.7		0.158052
96.8		0.158052
96.9		0.158052
97		0.158052
97.1		0.164032
97.2		0.164032
97.3		0.164032
97.4		0.164032
97.5		0.164032
97.6		0.164032
97.7		0.164032
97.8		0.164032
97.9		0.164032
98		0.164032
98.1		0.165314
98.2		0.165314
98.3		0.165314
98.4		0.165314
98.5		0.165314
98.6		0.165314
98.7		0.165314
98.8		0.165314
98.9		0.165314
99		0.165314
99.1		0.166168
99.2		0.166168
99.3		0.166168
99.4		0.166168
99.5		0.166168
99.6		0.166168
99.7		0.166168
99.8		0.166168
99.9		0.166168
100		0.166168
100.1		0.166168
100.2		0.166168
100.3		0.166168
100.4		0.166168
100.5		0.166168
100.6		0.166168
100.7		0.166168
100.8		0.166168
100.9		0.166168
101		0.166168
101.1		0.167877
101.2		0.167877
101.3		0.167877
101.4		0.167877
101.5		0.167877
101.6		0.167877
101.7		0.167877
101.8		0.167877
101.9		0.167877
102		0.167877
102.1		0.170013
102.2		0.170013
102.3		0.170013
102.4		0.170013
102.5		0.170013
102.6		0.170013
102.7		0.170013
102.8		0.170013
102.9		0.170013
103		0.170013
103.1		0.172149
103.2		0.172149
103.3		0.172149
103.4		0.172149
103.5		0.172149
103.6		0.172149
103.7		0.172149
103.8		0.172149
103.9		0.172149
104		0.172149
104.1		0.172149
104.2		0.172149
104.3		0.172149
104.4		0.172149
104.5		0.172149
104.6		0.172149
104.7		0.172149
104.8		0.172149
104.9		0.172149
105		0.172149
105.1		0.175566
105.2		0.175566
105.3		0.175566
105.4		0.175566
105.5		0.175566
105.6		0.175566
105.7		0.175566
105.8		0.175566
105.9		0.175566
106		0.175566
106.1		0.177275
106.2		0.177275
106.3		0.177275
106.4		0.177275
106.5		0.177275
106.6		0.177275
106.7		0.177275
106.8		0.177275
106.9		0.177275
107		0.177275
107.1		0.178983
107.2		0.178983
107.3		0.178983
107.4		0.178983
107.5		0.178983
107.6		0.178983
107.7		0.178983
107.8		0.178983
107.9		0.178983
108		0.178983
108.1		0.180265
108.2		0.180265
108.3		0.180265
108.4		0.180265
108.5		0.180265
108.6		0.180265
108.7		0.180265
108.8		0.180265
108.9		0.180265
109		0.180265
109.1		0.184109
109.2		0.184109
109.3		0.184109
109.4		0.184109
109.5		0.184109
109.6		0.184109
109.7		0.184109
109.8		0.184109
109.9		0.184109
110		0.184109
110.1		0.188381
110.2		0.188381
110.3		0.188381
110.4		0.188381
110.5		0.188381
110.6		0.188381
110.7		0.188381
110.8		0.188381
110.9		0.188381
111		0.188381
111.1		0.189663
111.2		0.189663
111.3		0.189663
111.4		0.189663
111.5		0.189663
111.6		0.189663
111.7		0.189663
111.8		0.189663
111.9		0.189663
112		0.189663
112.1		0.189663
112.2		0.189663
112.3		0.189663
112.4		0.189663
112.5		0.189663
112.6		0.189663
112.7		0.189663
112.8		0.189663
112.9		0.189663
113		0.189663
113.1		0.19009
113.2		0.19009
113.3		0.19009
113.4		0.19009
113.5		0.19009
113.6		0.19009
113.7		0.19009
113.8		0.19009
113.9		0.19009
114		0.19009
114.1		0.193507
114.2		0.193507
114.3		0.193507
114.4		0.193507
114.5		0.193507
114.6		0.193507
114.7		0.193507
114.8		0.193507
114.9		0.193507
115		0.193507
115.1		0.193934
115.2		0.193934
115.3		0.193934
115.4		0.193934
115.5		0.193934
115.6		0.193934
115.7		0.193934
115.8		0.193934
115.9		0.193934
116		0.193934
116.1		0.194789
116.2		0.194789
116.3		0.194789
116.4		0.194789
116.5		0.194789
116.6		0.194789
116.7		0.194789
116.8		0.194789
116.9		0.194789
117		0.194789
117.1		0.199487
117.2		0.199487
117.3		0.199487
117.4		0.199487
117.5		0.199487
117.6		0.199487
117.7		0.199487
117.8		0.199487
117.9		0.199487
118		0.199487
118.1		0.202478
118.2		0.202478
118.3		0.202478
118.4		0.202478
118.5		0.202478
118.6		0.202478
118.7		0.202478
118.8		0.202478
118.9		0.202478
119		0.202478
119.1		0.203759
119.2		0.203759
119.3		0.203759
119.4		0.203759
119.5		0.203759
119.6		0.203759
119.7		0.203759
119.8		0.203759
119.9		0.203759
120		0.203759
120.1		0.205468
120.2		0.205468
120.3		0.205468
120.4		0.205468
120.5		0.205468
120.6		0.205468
120.7		0.205468
120.8		0.205468
120.9		0.205468
121		0.205468
121.1		0.208458
121.2		0.208458
121.3		0.208458
121.4		0.208458
121.5		0.208458
121.6		0.208458
121.7		0.208458
121.8		0.208458
121.9		0.208458
122		0.208458
122.1		0.214011
122.2		0.214011
122.3		0.214011
122.4		0.214011
122.5		0.214011
122.6		0.214011
122.7		0.214011
122.8		0.214011
122.9		0.214011
123		0.214011
123.1		0.216574
123.2		0.216574
123.3		0.216574
123.4		0.216574
123.5		0.216574
123.6		0.216574
123.7		0.216574
123.8		0.216574
123.9		0.216574
124		0.216574
124.1		0.216574
124.2		0.216574
124.3		0.216574
124.4		0.216574
124.5		0.216574
124.6		0.216574
124.7		0.216574
124.8		0.216574
124.9		0.216574
125		0.216574
125.1		0.21871
125.2		0.21871
125.3		0.21871
125.4		0.21871
125.5		0.21871
125.6		0.21871
125.7		0.21871
125.8		0.21871
125.9		0.21871
126		0.21871
126.1		0.221273
126.2		0.221273
126.3		0.221273
126.4		0.221273
126.5		0.221273
126.6		0.221273
126.7		0.221273
126.8		0.221273
126.9		0.221273
127		0.221273
127.1		0.222982
127.2		0.222982
127.3		0.222982
127.4		0.222982
127.5		0.222982
127.6		0.222982
127.7		0.222982
127.8		0.222982
127.9		0.222982
128		0.222982
128.1		0.223409
128.2		0.223409
128.3		0.223409
128.4		0.223409
128.5		0.223409
128.6		0.223409
128.7		0.223409
128.8		0.223409
128.9		0.223409
129		0.223409
129.1		0.227253
129.2		0.227253
129.3		0.227253
129.4		0.227253
129.5		0.227253
129.6		0.227253
129.7		0.227253
129.8		0.227253
129.9		0.227253
130		0.227253
130.1		0.22768
130.2		0.22768
130.3		0.22768
130.4		0.22768
130.5		0.22768
130.6		0.22768
130.7		0.22768
130.8		0.22768
130.9		0.22768
131		0.22768
131.1		0.230671
131.2		0.230671
131.3		0.230671
131.4		0.230671
131.5		0.230671
131.6		0.230671
131.7		0.230671
131.8		0.230671
131.9		0.230671
132		0.230671
132.1		0.232379
132.2		0.232379
132.3		0.232379
132.4		0.232379
132.5		0.232379
132.6		0.232379
132.7		0.232379
132.8		0.232379
132.9		0.232379
133		0.232379
133.1		0.237078
133.2		0.237078
133.3		0.237078
133.4		0.237078
133.5		0.237078
133.6		0.237078
133.7		0.237078
133.8		0.237078
133.9		0.237078
134		0.237078
134.1		0.237505
134.2		0.237505
134.3		0.237505
134.4		0.237505
134.5		0.237505
134.6		0.237505
134.7		0.237505
134.8		0.237505
134.9		0.237505
135		0.237505
135.1		0.238787
135.2		0.238787
135.3		0.238787
135.4		0.238787
135.5		0.238787
135.6		0.238787
135.7		0.238787
135.8		0.238787
135.9		0.238787
136		0.238787
136.1		0.242204
136.2		0.242204
136.3		0.242204
136.4		0.242204
136.5		0.242204
136.6		0.242204
136.7		0.242204
136.8		0.242204
136.9		0.242204
137		0.242204
137.1		0.243486
137.2		0.243486
137.3		0.243486
137.4		0.243486
137.5		0.243486
137.6		0.243486
137.7		0.243486
137.8		0.243486
137.9		0.243486
138		0.243486
138.1		0.243913
138.2		0.243913
138.3		0.243913
138.4		0.243913
138.5		0.243913
138.6		0.243913
138.7		0.243913
138.8		0.243913
138.9		0.243913
139		0.243913
139.1		0.245622
139.2		0.245622
139.3		0.245622
139.4		0.245622
139.5		0.245622
139.6		0.245622
139.7		0.245622
139.8		0.245622
139.9		0.245622
140		0.245622
140.1		0.251175
140.2		0.251175
140.3		0.251175
140.4		0.251175
140.5		0.251175
140.6		0.251175
140.7		0.251175
140.8		0.251175
140.9		0.251175
141		0.251175
141.1		0.251602
141.2		0.251602
141.3		0.251602
141.4		0.251602
141.5		0.251602
141.6		0.251602
141.7		0.251602
141.8		0.251602
141.9		0.251602
142		0.251602
142.1		0.252456
142.2		0.252456
142.3		0.252456
142.4		0.252456
142.5		0.252456
142.6		0.252456
142.7		0.252456
142.8		0.252456
142.9		0.252456
143		0.252456
143.1		0.257582
143.2		0.257582
143.3		0.257582
143.4		0.257582
143.5		0.257582
143.6		0.257582
143.7		0.257582
143.8		0.257582
143.9		0.257582
144		0.257582
144.1		0.260572
144.2		0.260572
144.3		0.260572
144.4		0.260572
144.5		0.260572
144.6		0.260572
144.7		0.260572
144.8		0.260572
144.9		0.260572
145		0.260572
145.1		0.262281
145.2		0.262281
145.3		0.262281
145.4		0.262281
145.5		0.262281
145.6		0.262281
145.7		0.262281
145.8		0.262281
145.9		0.262281
146		0.262281
146.1		0.262708
146.2		0.262708
146.3		0.262708
146.4		0.262708
146.5		0.262708
146.6		0.262708
146.7		0.262708
146.8		0.262708
146.9		0.262708
147		0.262708
147.1		0.262708
147.2		0.262708
147.3		0.262708
147.4		0.262708
147.5		0.262708
147.6		0.262708
147.7		0.262708
147.8		0.262708
147.9		0.262708
148		0.262708
148.1		0.271252
148.2		0.271252
148.3		0.271252
148.4		0.271252
148.5		0.271252
148.6		0.271252
148.7		0.271252
148.8		0.271252
148.9		0.271252
149		0.271252
149.1		0.271252
149.2		0.271252
149.3		0.271252
149.4		0.271252
149.5		0.271252
149.6		0.271252
149.7		0.271252
149.8		0.271252
149.9		0.271252
150		0.271252
150.1		0.271252
150.2		0.271252
150.3		0.271252
150.4		0.271252
150.5		0.271252
150.6		0.271252
150.7		0.271252
150.8		0.271252
150.9		0.271252
151		0.271252
151.1		0.271679
151.2		0.271679
151.3		0.271679
151.4		0.271679
151.5		0.271679
151.6		0.271679
151.7		0.271679
151.8		0.271679
151.9		0.271679
152		0.271679
152.1		0.275096
152.2		0.275096
152.3		0.275096
152.4		0.275096
152.5		0.275096
152.6		0.275096
152.7		0.275096
152.8		0.275096
152.9		0.275096
153		0.275096
153.1		0.277659
153.2		0.277659
153.3		0.277659
153.4		0.277659
153.5		0.277659
153.6		0.277659
153.7		0.277659
153.8		0.277659
153.9		0.277659
154		0.277659
154.1		0.278941
154.2		0.278941
154.3		0.278941
154.4		0.278941
154.5		0.278941
154.6		0.278941
154.7		0.278941
154.8		0.278941
154.9		0.278941
155		0.278941
155.1		0.279795
155.2		0.279795
155.3		0.279795
155.4		0.279795
155.5		0.279795
155.6		0.279795
155.7		0.279795
155.8		0.279795
155.9		0.279795
156		0.279795
156.1		0.283639
156.2		0.283639
156.3		0.283639
156.4		0.283639
156.5		0.283639
156.6		0.283639
156.7		0.283639
156.8		0.283639
156.9		0.283639
157		0.283639
157.1		0.285348
157.2		0.285348
157.3		0.285348
157.4		0.285348
157.5		0.285348
157.6		0.285348
157.7		0.285348
157.8		0.285348
157.9		0.285348
158		0.285348
158.1		0.28663
158.2		0.28663
158.3		0.28663
158.4		0.28663
158.5		0.28663
158.6		0.28663
158.7		0.28663
158.8		0.28663
158.9		0.28663
159		0.28663
159.1		0.287057
159.2		0.287057
159.3		0.287057
159.4		0.287057
159.5		0.287057
159.6		0.287057
159.7		0.287057
159.8		0.287057
159.9		0.287057
160		0.287057
160.1		0.288765
160.2		0.288765
160.3		0.288765
160.4		0.288765
160.5		0.288765
160.6		0.288765
160.7		0.288765
160.8		0.288765
160.9		0.288765
161		0.288765
161.1		0.291328
161.2		0.291328
161.3		0.291328
161.4		0.291328
161.5		0.291328
161.6		0.291328
161.7		0.291328
161.8		0.291328
161.9		0.291328
162		0.291328
162.1		0.293037
162.2		0.293037
162.3		0.293037
162.4		0.293037
162.5		0.293037
162.6		0.293037
162.7		0.293037
162.8		0.293037
162.9		0.293037
163		0.293037
163.1		0.293891
163.2		0.293891
163.3		0.293891
163.4		0.293891
163.5		0.293891
163.6		0.293891
163.7		0.293891
163.8		0.293891
163.9		0.293891
164		0.293891
164.1		0.294746
164.2		0.294746
164.3		0.294746
164.4		0.294746
164.5		0.294746
164.6		0.294746
164.7		0.294746
164.8		0.294746
164.9		0.294746
165		0.294746
165.1		0.296455
165.2		0.296455
165.3		0.296455
165.4		0.296455
165.5		0.296455
165.6		0.296455
165.7		0.296455
165.8		0.296455
165.9		0.296455
166		0.296455
166.1		0.299872
166.2		0.299872
166.3		0.299872
166.4		0.299872
166.5		0.299872
166.6		0.299872
166.7		0.299872
166.8		0.299872
166.9		0.299872
167		0.299872
167.1		0.299872
167.2		0.299872
167.3		0.299872
167.4		0.299872
167.5		0.299872
167.6		0.299872
167.7		0.299872
167.8		0.299872
167.9		0.299872
168		0.299872
168.1		0.300299
168.2		0.300299
168.3		0.300299
168.4		0.300299
168.5		0.300299
168.6		0.300299
168.7		0.300299
168.8		0.300299
168.9		0.300299
169		0.300299
169.1		0.302008
169.2		0.302008
169.3		0.302008
169.4		0.302008
169.5		0.302008
169.6		0.302008
169.7		0.302008
169.8		0.302008
169.9		0.302008
170		0.302008
170.1		0.307988
170.2		0.307988
170.3		0.307988
170.4		0.307988
170.5		0.307988
170.6		0.307988
170.7		0.307988
170.8		0.307988
170.9		0.307988
171		0.307988
171.1		0.310124
171.2		0.310124
171.3		0.310124
171.4		0.310124
171.5		0.310124
171.6		0.310124
171.7		0.310124
171.8		0.310124
171.9		0.310124
172		0.310124
172.1		0.310551
172.2		0.310551
172.3		0.310551
172.4		0.310551
172.5		0.310551
172.6		0.310551
172.7		0.310551
172.8		0.310551
172.9		0.310551
173		0.310551
173.1		0.310551
173.2		0.310551
173.3		0.310551
173.4		0.310551
173.5		0.310551
173.6		0.310551
173.7		0.310551
173.8		0.310551
173.9		0.310551
174		0.310551
174.1		0.313114
174.2		0.313114
174.3		0.313114
174.4		0.313114
174.5		0.313114
174.6		0.313114
174.7		0.313114
174.8		0.313114
174.9		0.313114
175		0.313114
175.1		0.31525
175.2		0.31525
175.3		0.31525
175.4		0.31525
175.5		0.31525
175.6		0.31525
175.7		0.31525
175.8		0.31525
175.9		0.31525
176		0.31525
176.1		0.31525
176.2		0.31525
176.3		0.31525
176.4		0.31525
176.5		0.31525
176.6		0.31525
176.7		0.31525
176.8		0.31525
176.9		0.31525
177		0.31525
177.1		0.317386
177.2		0.317386
177.3		0.317386
177.4		0.317386
177.5		0.317386
177.6		0.317386
177.7		0.317386
177.8		0.317386
177.9		0.317386
178		0.317386
178.1		0.317813
178.2		0.317813
178.3		0.317813
178.4		0.317813
178.5		0.317813
178.6		0.317813
178.7		0.317813
178.8		0.317813
178.9		0.317813
179		0.317813
179.1		0.319949
179.2		0.319949
179.3		0.319949
179.4		0.319949
179.5		0.319949
179.6		0.319949
179.7		0.319949
179.8		0.319949
179.9		0.319949
180		0.319949
180.1		0.322085
180.2		0.322085
180.3		0.322085
180.4		0.322085
180.5		0.322085
180.6		0.322085
180.7		0.322085
180.8		0.322085
180.9		0.322085
181		0.322085
181.1		0.323366
181.2		0.323366
181.3		0.323366
181.4		0.323366
181.5		0.323366
181.6		0.323366
181.7		0.323366
181.8		0.323366
181.9		0.323366
182		0.323366
182.1		0.325929
182.2		0.325929
182.3		0.325929
182.4		0.325929
182.5		0.325929
182.6		0.325929
182.7		0.325929
182.8		0.325929
182.9		0.325929
183		0.325929
183.1		0.327638
183.2		0.327638
183.3		0.327638
183.4		0.327638
183.5		0.327638
183.6		0.327638
183.7		0.327638
183.8		0.327638
183.9		0.327638
184		0.327638
184.1		0.328919
184.2		0.328919
184.3		0.328919
184.4		0.328919
184.5		0.328919
184.6		0.328919
184.7		0.328919
184.8		0.328919
184.9		0.328919
185		0.328919
185.1		0.331055
185.2		0.331055
185.3		0.331055
185.4		0.331055
185.5		0.331055
185.6		0.331055
185.7		0.331055
185.8		0.331055
185.9		0.331055
186		0.331055
186.1		0.335327
186.2		0.335327
186.3		0.335327
186.4		0.335327
186.5		0.335327
186.6		0.335327
186.7		0.335327
186.8		0.335327
186.9		0.335327
187		0.335327
187.1		0.336608
187.2		0.336608
187.3		0.336608
187.4		0.336608
187.5		0.336608
187.6		0.336608
187.7		0.336608
187.8		0.336608
187.9		0.336608
188		0.336608
188.1		0.339171
188.2		0.339171
188.3		0.339171
188.4		0.339171
188.5		0.339171
188.6		0.339171
188.7		0.339171
188.8		0.339171
188.9		0.339171
189		0.339171
189.1		0.340026
189.2		0.340026
189.3		0.340026
189.4		0.340026
189.5		0.340026
189.6		0.340026
189.7		0.340026
189.8		0.340026
189.9		0.340026
190		0.340026
190.1		0.341734
190.2		0.341734
190.3		0.341734
190.4		0.341734
190.5		0.341734
190.6		0.341734
190.7		0.341734
190.8		0.341734
190.9		0.341734
191		0.341734
191.1		0.346433
191.2		0.346433
191.3		0.346433
191.4		0.346433
191.5		0.346433
191.6		0.346433
191.7		0.346433
191.8		0.346433
191.9		0.346433
192		0.346433
192.1		0.346433
192.2		0.346433
192.3		0.346433
192.4		0.346433
192.5		0.346433
192.6		0.346433
192.7		0.346433
192.8		0.346433
192.9		0.346433
193		0.346433
193.1		0.347715
193.2		0.347715
193.3		0.347715
193.4		0.347715
193.5		0.347715
193.6		0.347715
193.7		0.347715
193.8		0.347715
193.9		0.347715
194		0.347715
194.1		0.34985
194.2		0.34985
194.3		0.34985
194.4		0.34985
194.5		0.34985
194.6		0.34985
194.7		0.34985
194.8		0.34985
194.9		0.34985
195		0.34985
195.1		0.355404
195.2		0.355404
195.3		0.355404
195.4		0.355404
195.5		0.355404
195.6		0.355404
195.7		0.355404
195.8		0.355404
195.9		0.355404
196		0.355404
196.1		0.357967
196.2		0.357967
196.3		0.357967
196.4		0.357967
196.5		0.357967
196.6		0.357967
196.7		0.357967
196.8		0.357967
196.9		0.357967
197		0.357967
197.1		0.36053
197.2		0.36053
197.3		0.36053
197.4		0.36053
197.5		0.36053
197.6		0.36053
197.7		0.36053
197.8		0.36053
197.9		0.36053
198		0.36053
198.1		0.360957
198.2		0.360957
198.3		0.360957
198.4		0.360957
198.5		0.360957
198.6		0.360957
198.7		0.360957
198.8		0.360957
198.9		0.360957
199		0.360957
199.1		0.363947
199.2		0.363947
199.3		0.363947
199.4		0.363947
199.5		0.363947
199.6		0.363947
199.7		0.363947
199.8		0.363947
199.9		0.363947
200		0.363947
200.1		0.366083
200.2		0.366083
200.3		0.366083
200.4		0.366083
200.5		0.366083
200.6		0.366083
200.7		0.366083
200.8		0.366083
200.9		0.366083
201		0.366083
201.1		0.372918
201.2		0.372918
201.3		0.372918
201.4		0.372918
201.5		0.372918
201.6		0.372918
201.7		0.372918
201.8		0.372918
201.9		0.372918
202		0.372918
202.1		0.372918
202.2		0.372918
202.3		0.372918
202.4		0.372918
202.5		0.372918
202.6		0.372918
202.7		0.372918
202.8		0.372918
202.9		0.372918
203		0.372918
203.1		0.372918
203.2		0.372918
203.3		0.372918
203.4		0.372918
203.5		0.372918
203.6		0.372918
203.7		0.372918
203.8		0.372918
203.9		0.372918
204		0.372918
204.1		0.374199
204.2		0.374199
204.3		0.374199
204.4		0.374199
204.5		0.374199
204.6		0.374199
204.7		0.374199
204.8		0.374199
204.9		0.374199
205		0.374199
205.1		0.379325
205.2		0.379325
205.3		0.379325
205.4		0.379325
205.5		0.379325
205.6		0.379325
205.7		0.379325
205.8		0.379325
205.9		0.379325
206		0.379325
206.1		0.381888
206.2		0.381888
206.3		0.381888
206.4		0.381888
206.5		0.381888
206.6		0.381888
206.7		0.381888
206.8		0.381888
206.9		0.381888
207		0.381888
207.1		0.381888
207.2		0.381888
207.3		0.381888
207.4		0.381888
207.5		0.381888
207.6		0.381888
207.7		0.381888
207.8		0.381888
207.9		0.381888
208		0.381888
208.1		0.384451
208.2		0.384451
208.3		0.384451
208.4		0.384451
208.5		0.384451
208.6		0.384451
208.7		0.384451
208.8		0.384451
208.9		0.384451
209		0.384451
209.1		0.385305
209.2		0.385305
209.3		0.385305
209.4		0.385305
209.5		0.385305
209.6		0.385305
209.7		0.385305
209.8		0.385305
209.9		0.385305
210		0.385305
210.1		0.387441
210.2		0.387441
210.3		0.387441
210.4		0.387441
210.5		0.387441
210.6		0.387441
210.7		0.387441
210.8		0.387441
210.9		0.387441
211		0.387441
211.1		0.391713
211.2		0.391713
211.3		0.391713
211.4		0.391713
211.5		0.391713
211.6		0.391713
211.7		0.391713
211.8		0.391713
211.9		0.391713
212		0.391713
212.1		0.394703
212.2		0.394703
212.3		0.394703
212.4		0.394703
212.5		0.394703
212.6		0.394703
212.7		0.394703
212.8		0.394703
212.9		0.394703
213		0.394703
213.1		0.396839
213.2		0.396839
213.3		0.396839
213.4		0.396839
213.5		0.396839
213.6		0.396839
213.7		0.396839
213.8		0.396839
213.9		0.396839
214		0.396839
214.1		0.397693
214.2		0.397693
214.3		0.397693
214.4		0.397693
214.5		0.397693
214.6		0.397693
214.7		0.397693
214.8		0.397693
214.9		0.397693
215		0.397693
215.1		0.39812
215.2		0.39812
215.3		0.39812
215.4		0.39812
215.5		0.39812
215.6		0.39812
215.7		0.39812
215.8		0.39812
215.9		0.39812
216		0.39812
216.1		0.401538
216.2		0.401538
216.3		0.401538
216.4		0.401538
216.5		0.401538
216.6		0.401538
216.7		0.401538
216.8		0.401538
216.9		0.401538
217		0.401538
217.1		0.406237
217.2		0.406237
217.3		0.406237
217.4		0.406237
217.5		0.406237
217.6		0.406237
217.7		0.406237
217.8		0.406237
217.9		0.406237
218		0.406237
218.1		0.406664
218.2		0.406664
218.3		0.406664
218.4		0.406664
218.5		0.406664
218.6		0.406664
218.7		0.406664
218.8		0.406664
218.9		0.406664
219		0.406664
219.1		0.410935
219.2		0.410935
219.3		0.410935
219.4		0.410935
219.5		0.410935
219.6		0.410935
219.7		0.410935
219.8		0.410935
219.9		0.410935
220		0.410935
220.1		0.412644
220.2		0.412644
220.3		0.412644
220.4		0.412644
220.5		0.412644
220.6		0.412644
220.7		0.412644
220.8		0.412644
220.9		0.412644
221		0.412644
221.1		0.412644
221.2		0.412644
221.3		0.412644
221.4		0.412644
221.5		0.412644
221.6		0.412644
221.7		0.412644
221.8		0.412644
221.9		0.412644
222		0.412644
222.1		0.415634
222.2		0.415634
222.3		0.415634
222.4		0.415634
222.5		0.415634
222.6		0.415634
222.7		0.415634
222.8		0.415634
222.9		0.415634
223		0.415634
223.1		0.419906
223.2		0.419906
223.3		0.419906
223.4		0.419906
223.5		0.419906
223.6		0.419906
223.7		0.419906
223.8		0.419906
223.9		0.419906
224		0.419906
224.1		0.42076
224.2		0.42076
224.3		0.42076
224.4		0.42076
224.5		0.42076
224.6		0.42076
224.7		0.42076
224.8		0.42076
224.9		0.42076
225		0.42076
225.1		0.428449
225.2		0.428449
225.3		0.428449
225.4		0.428449
225.5		0.428449
225.6		0.428449
225.7		0.428449
225.8		0.428449
225.9		0.428449
226		0.428449
226.1		0.430585
226.2		0.430585
226.3		0.430585
226.4		0.430585
226.5		0.430585
226.6		0.430585
226.7		0.430585
226.8		0.430585
226.9		0.430585
227		0.430585
227.1		0.43144
227.2		0.43144
227.3		0.43144
227.4		0.43144
227.5		0.43144
227.6		0.43144
227.7		0.43144
227.8		0.43144
227.9		0.43144
228		0.43144
228.1		0.432294
228.2		0.432294
228.3		0.432294
228.4		0.432294
228.5		0.432294
228.6		0.432294
228.7		0.432294
228.8		0.432294
228.9		0.432294
229		0.432294
229.1		0.432721
229.2		0.432721
229.3		0.432721
229.4		0.432721
229.5		0.432721
229.6		0.432721
229.7		0.432721
229.8		0.432721
229.9		0.432721
230		0.432721
230.1		0.439983
230.2		0.439983
230.3		0.439983
230.4		0.439983
230.5		0.439983
230.6		0.439983
230.7		0.439983
230.8		0.439983
230.9		0.439983
231		0.439983
231.1		0.440837
231.2		0.440837
231.3		0.440837
231.4		0.440837
231.5		0.440837
231.6		0.440837
231.7		0.440837
231.8		0.440837
231.9		0.440837
232		0.440837
232.1		0.440837
232.2		0.440837
232.3		0.440837
232.4		0.440837
232.5		0.440837
232.6		0.440837
232.7		0.440837
232.8		0.440837
232.9		0.440837
233		0.440837
233.1		0.442973
233.2		0.442973
233.3		0.442973
233.4		0.442973
233.5		0.442973
233.6		0.442973
233.7		0.442973
233.8		0.442973
233.9		0.442973
234		0.442973
234.1		0.445536
234.2		0.445536
234.3		0.445536
234.4		0.445536
234.5		0.445536
234.6		0.445536
234.7		0.445536
234.8		0.445536
234.9		0.445536
235		0.445536
235.1		0.445963
235.2		0.445963
235.3		0.445963
235.4		0.445963
235.5		0.445963
235.6		0.445963
235.7		0.445963
235.8		0.445963
235.9		0.445963
236		0.445963
236.1		0.447672
236.2		0.447672
236.3		0.447672
236.4		0.447672
236.5		0.447672
236.6		0.447672
236.7		0.447672
236.8		0.447672
236.9		0.447672
237		0.447672
237.1		0.448099
237.2		0.448099
237.3		0.448099
237.4		0.448099
237.5		0.448099
237.6		0.448099
237.7		0.448099
237.8		0.448099
237.9		0.448099
238		0.448099
238.1		0.451089
238.2		0.451089
238.3		0.451089
238.4		0.451089
238.5		0.451089
238.6		0.451089
238.7		0.451089
238.8		0.451089
238.9		0.451089
239		0.451089
239.1		0.454507
239.2		0.454507
239.3		0.454507
239.4		0.454507
239.5		0.454507
239.6		0.454507
239.7		0.454507
239.8		0.454507
239.9		0.454507
240		0.454507
240.1		0.454934
240.2		0.454934
240.3		0.454934
240.4		0.454934
240.5		0.454934
240.6		0.454934
240.7		0.454934
240.8		0.454934
240.9		0.454934
241		0.454934
241.1		0.455361
241.2		0.455361
241.3		0.455361
241.4		0.455361
241.5		0.455361
241.6		0.455361
241.7		0.455361
241.8		0.455361
241.9		0.455361
242		0.455361
242.1		0.461768
242.2		0.461768
242.3		0.461768
242.4		0.461768
242.5		0.461768
242.6		0.461768
242.7		0.461768
242.8		0.461768
242.9		0.461768
243		0.461768
243.1		0.462623
243.2		0.462623
243.3		0.462623
243.4		0.462623
243.5		0.462623
243.6		0.462623
243.7		0.462623
243.8		0.462623
243.9		0.462623
244		0.462623
244.1		0.46305
244.2		0.46305
244.3		0.46305
244.4		0.46305
244.5		0.46305
244.6		0.46305
244.7		0.46305
244.8		0.46305
244.9		0.46305
245		0.46305
245.1		0.465613
245.2		0.465613
245.3		0.465613
245.4		0.465613
245.5		0.465613
245.6		0.465613
245.7		0.465613
245.8		0.465613
245.9		0.465613
246		0.465613
246.1		0.467322
246.2		0.467322
246.3		0.467322
246.4		0.467322
246.5		0.467322
246.6		0.467322
246.7		0.467322
246.8		0.467322
246.9		0.467322
247		0.467322
247.1		0.468603
247.2		0.468603
247.3		0.468603
247.4		0.468603
247.5		0.468603
247.6		0.468603
247.7		0.468603
247.8		0.468603
247.9		0.468603
248		0.468603
248.1		0.468603
248.2		0.468603
248.3		0.468603
248.4		0.468603
248.5		0.468603
248.6		0.468603
248.7		0.468603
248.8		0.468603
248.9		0.468603
249		0.468603
249.1		0.468603
249.2		0.468603
249.3		0.468603
249.4		0.468603
249.5		0.468603
249.6		0.468603
249.7		0.468603
249.8		0.468603
249.9		0.468603
250		0.468603
250.1		0.469457
250.2		0.469457
250.3		0.469457
250.4		0.469457
250.5		0.469457
250.6		0.469457
250.7		0.469457
250.8		0.469457
250.9		0.469457
251		0.469457
251.1		0.474156
251.2		0.474156
251.3		0.474156
251.4		0.474156
251.5		0.474156
251.6		0.474156
251.7		0.474156
251.8		0.474156
251.9		0.474156
252		0.474156
252.1		0.474156
252.2		0.474156
252.3		0.474156
252.4		0.474156
252.5		0.474156
252.6		0.474156
252.7		0.474156
252.8		0.474156
252.9		0.474156
253		0.474156
253.1		0.474156
253.2		0.474156
253.3		0.474156
253.4		0.474156
253.5		0.474156
253.6		0.474156
253.7		0.474156
253.8		0.474156
253.9		0.474156
254		0.474156
254.1		0.475011
254.2		0.475011
254.3		0.475011
254.4		0.475011
254.5		0.475011
254.6		0.475011
254.7		0.475011
254.8		0.475011
254.9		0.475011
255		0.475011
255.1		0.477147
255.2		0.477147
255.3		0.477147
255.4		0.477147
255.5		0.477147
255.6		0.477147
255.7		0.477147
255.8		0.477147
255.9		0.477147
256		0.477147
256.1		0.477147
256.2		0.477147
256.3		0.477147
256.4		0.477147
256.5		0.477147
256.6		0.477147
256.7		0.477147
256.8		0.477147
256.9		0.477147
257		0.477147
257.1		0.479282
257.2		0.479282
257.3		0.479282
257.4		0.479282
257.5		0.479282
257.6		0.479282
257.7		0.479282
257.8		0.479282
257.9		0.479282
258		0.479282
258.1		0.481845
258.2		0.481845
258.3		0.481845
258.4		0.481845
258.5		0.481845
258.6		0.481845
258.7		0.481845
258.8		0.481845
258.9		0.481845
259		0.481845
259.1		0.4827
259.2		0.4827
259.3		0.4827
259.4		0.4827
259.5		0.4827
259.6		0.4827
259.7		0.4827
259.8		0.4827
259.9		0.4827
260		0.4827
260.1		0.486117
260.2		0.486117
260.3		0.486117
260.4		0.486117
260.5		0.486117
260.6		0.486117
260.7		0.486117
260.8		0.486117
260.9		0.486117
261		0.486117
261.1		0.486544
261.2		0.486544
261.3		0.486544
261.4		0.486544
261.5		0.486544
261.6		0.486544
261.7		0.486544
261.8		0.486544
261.9		0.486544
262		0.486544
262.1		0.488253
262.2		0.488253
262.3		0.488253
262.4		0.488253
262.5		0.488253
262.6		0.488253
262.7		0.488253
262.8		0.488253
262.9		0.488253
263		0.488253
263.1		0.489962
263.2		0.489962
263.3		0.489962
263.4		0.489962
263.5		0.489962
263.6		0.489962
263.7		0.489962
263.8		0.489962
263.9		0.489962
264		0.489962
264.1		0.494233
264.2		0.494233
264.3		0.494233
264.4		0.494233
264.5		0.494233
264.6		0.494233
264.7		0.494233
264.8		0.494233
264.9		0.494233
265		0.494233
265.1		0.495515
265.2		0.495515
265.3		0.495515
265.4		0.495515
265.5		0.495515
265.6		0.495515
265.7		0.495515
265.8		0.495515
265.9		0.495515
266		0.495515
266.1		0.498505
266.2		0.498505
266.3		0.498505
266.4		0.498505
266.5		0.498505
266.6		0.498505
266.7		0.498505
266.8		0.498505
266.9		0.498505
267		0.498505
267.1		0.498505
267.2		0.498505
267.3		0.498505
267.4		0.498505
267.5		0.498505
267.6		0.498505
267.7		0.498505
267.8		0.498505
267.9		0.498505
268		0.498505
268.1		0.500214
268.2		0.500214
268.3		0.500214
268.4		0.500214
268.5		0.500214
268.6		0.500214
268.7		0.500214
268.8		0.500214
268.9		0.500214
269		0.500214
269.1		0.502777
269.2		0.502777
269.3		0.502777
269.4		0.502777
269.5		0.502777
269.6		0.502777
269.7		0.502777
269.8		0.502777
269.9		0.502777
270		0.502777
270.1		0.50534
270.2		0.50534
270.3		0.50534
270.4		0.50534
270.5		0.50534
270.6		0.50534
270.7		0.50534
270.8		0.50534
270.9		0.50534
271		0.50534
271.1		0.505767
271.2		0.505767
271.3		0.505767
271.4		0.505767
271.5		0.505767
271.6		0.505767
271.7		0.505767
271.8		0.505767
271.9		0.505767
272		0.505767
272.1		0.507475
272.2		0.507475
272.3		0.507475
272.4		0.507475
272.5		0.507475
272.6		0.507475
272.7		0.507475
272.8		0.507475
272.9		0.507475
273		0.507475
273.1		0.509611
273.2		0.509611
273.3		0.509611
273.4		0.509611
273.5		0.509611
273.6		0.509611
273.7		0.509611
273.8		0.509611
273.9		0.509611
274		0.509611
274.1		0.510893
274.2		0.510893
274.3		0.510893
274.4		0.510893
274.5		0.510893
274.6		0.510893
274.7		0.510893
274.8		0.510893
274.9		0.510893
275		0.510893
275.1		0.517727
275.2		0.517727
275.3		0.517727
275.4		0.517727
275.5		0.517727
275.6		0.517727
275.7		0.517727
275.8		0.517727
275.9		0.517727
276		0.517727
276.1		0.518155
276.2		0.518155
276.3		0.518155
276.4		0.518155
276.5		0.518155
276.6		0.518155
276.7		0.518155
276.8		0.518155
276.9		0.518155
277		0.518155
277.1		0.518582
277.2		0.518582
277.3		0.518582
277.4		0.518582
277.5		0.518582
277.6		0.518582
277.7		0.518582
277.8		0.518582
277.9		0.518582
278		0.518582
278.1		0.520718
278.2		0.520718
278.3		0.520718
278.4		0.520718
278.5		0.520718
278.6		0.520718
278.7		0.520718
278.8		0.520718
278.9		0.520718
279		0.520718
279.1		0.522853
279.2		0.522853
279.3		0.522853
279.4		0.522853
279.5		0.522853
279.6		0.522853
279.7		0.522853
279.8		0.522853
279.9		0.522853
280		0.522853
280.1		0.522853
280.2		0.522853
280.3		0.522853
280.4		0.522853
280.5		0.522853
280.6		0.522853
280.7		0.522853
280.8		0.522853
280.9		0.522853
281		0.522853
281.1		0.524562
281.2		0.524562
281.3		0.524562
281.4		0.524562
281.5		0.524562
281.6		0.524562
281.7		0.524562
281.8		0.524562
281.9		0.524562
282		0.524562
282.1		0.526271
282.2		0.526271
282.3		0.526271
282.4		0.526271
282.5		0.526271
282.6		0.526271
282.7		0.526271
282.8		0.526271
282.9		0.526271
283		0.526271
283.1		0.529688
283.2		0.529688
283.3		0.529688
283.4		0.529688
283.5		0.529688
283.6		0.529688
283.7		0.529688
283.8		0.529688
283.9		0.529688
284		0.529688
284.1		0.533106
284.2		0.533106
284.3		0.533106
284.4		0.533106
284.5		0.533106
284.6		0.533106
284.7		0.533106
284.8		0.533106
284.9		0.533106
285		0.533106
285.1		0.535241
285.2		0.535241
285.3		0.535241
285.4		0.535241
285.5		0.535241
285.6		0.535241
285.7		0.535241
285.8		0.535241
285.9		0.535241
286		0.535241
286.1		0.538232
286.2		0.538232
286.3		0.538232
286.4		0.538232
286.5		0.538232
286.6		0.538232
286.7		0.538232
286.8		0.538232
286.9		0.538232
287		0.538232
287.1		0.53994
287.2		0.53994
287.3		0.53994
287.4		0.53994
287.5		0.53994
287.6		0.53994
287.7		0.53994
287.8		0.53994
287.9		0.53994
288		0.53994
288.1		0.545921
288.2		0.545921
288.3		0.545921
288.4		0.545921
288.5		0.545921
288.6		0.545921
288.7		0.545921
288.8		0.545921
288.9		0.545921
289		0.545921
289.1		0.546348
289.2		0.546348
289.3		0.546348
289.4		0.546348
289.5		0.546348
289.6		0.546348
289.7		0.546348
289.8		0.546348
289.9		0.546348
290		0.546348
290.1		0.548911
290.2		0.548911
290.3		0.548911
290.4		0.548911
290.5		0.548911
290.6		0.548911
290.7		0.548911
290.8		0.548911
290.9		0.548911
291		0.548911
291.1		0.553182
291.2		0.553182
291.3		0.553182
291.4		0.553182
291.5		0.553182
291.6		0.553182
291.7		0.553182
291.8		0.553182
291.9		0.553182
292		0.553182
292.1		0.554037
292.2		0.554037
292.3		0.554037
292.4		0.554037
292.5		0.554037
292.6		0.554037
292.7		0.554037
292.8		0.554037
292.9		0.554037
293		0.554037
293.1		0.555318
293.2		0.555318
293.3		0.555318
293.4		0.555318
293.5		0.555318
293.6		0.555318
293.7		0.555318
293.8		0.555318
293.9		0.555318
294		0.555318
294.1		0.557881
294.2		0.557881
294.3		0.557881
294.4		0.557881
294.5		0.557881
294.6		0.557881
294.7		0.557881
294.8		0.557881
294.9		0.557881
295		0.557881
295.1		0.558308
295.2		0.558308
295.3		0.558308
295.4		0.558308
295.5		0.558308
295.6		0.558308
295.7		0.558308
295.8		0.558308
295.9		0.558308
296		0.558308
296.1		0.566425
296.2		0.566425
296.3		0.566425
296.4		0.566425
296.5		0.566425
296.6		0.566425
296.7		0.566425
296.8		0.566425
296.9		0.566425
297		0.566425
297.1		0.56856
297.2		0.56856
297.3		0.56856
297.4		0.56856
297.5		0.56856
297.6		0.56856
297.7		0.56856
297.8		0.56856
297.9		0.56856
298		0.56856
298.1		0.568988
298.2		0.568988
298.3		0.568988
298.4		0.568988
298.5		0.568988
298.6		0.568988
298.7		0.568988
298.8		0.568988
298.9		0.568988
299		0.568988
299.1		0.574968
299.2		0.574968
299.3		0.574968
299.4		0.574968
299.5		0.574968
299.6		0.574968
299.7		0.574968
299.8		0.574968
299.9		0.574968
300		0.574968
300.1		0.577531
300.2		0.577531
300.3		0.577531
300.4		0.577531
300.5		0.577531
300.6		0.577531
300.7		0.577531
300.8		0.577531
300.9		0.577531
301		0.577531
301.1		0.580094
301.2		0.580094
301.3		0.580094
301.4		0.580094
301.5		0.580094
301.6		0.580094
301.7		0.580094
301.8		0.580094
301.9		0.580094
302		0.580094
302.1		0.580948
302.2		0.580948
302.3		0.580948
302.4		0.580948
302.5		0.580948
302.6		0.580948
302.7		0.580948
302.8		0.580948
302.9		0.580948
303		0.580948
303.1		0.582657
303.2		0.582657
303.3		0.582657
303.4		0.582657
303.5		0.582657
303.6		0.582657
303.7		0.582657
303.8		0.582657
303.9		0.582657
304		0.582657
304.1		0.586929
304.2		0.586929
304.3		0.586929
304.4		0.586929
304.5		0.586929
304.6		0.586929
304.7		0.586929
304.8		0.586929
304.9		0.586929
305		0.586929
305.1		0.586929
305.2		0.586929
305.3		0.586929
305.4		0.586929
305.5		0.586929
305.6		0.586929
305.7		0.586929
305.8		0.586929
305.9		0.586929
306		0.586929
306.1		0.590346
306.2		0.590346
306.3		0.590346
306.4		0.590346
306.5		0.590346
306.6		0.590346
306.7		0.590346
306.8		0.590346
306.9		0.590346
307		0.590346
307.1		0.591628
307.2		0.591628
307.3		0.591628
307.4		0.591628
307.5		0.591628
307.6		0.591628
307.7		0.591628
307.8		0.591628
307.9		0.591628
308		0.591628
308.1		0.591628
308.2		0.591628
308.3		0.591628
308.4		0.591628
308.5		0.591628
308.6		0.591628
308.7		0.591628
308.8		0.591628
308.9		0.591628
309		0.591628
309.1		0.596326
309.2		0.596326
309.3		0.596326
309.4		0.596326
309.5		0.596326
309.6		0.596326
309.7		0.596326
309.8		0.596326
309.9		0.596326
310		0.596326
310.1		0.60188
310.2		0.60188
310.3		0.60188
310.4		0.60188
310.5		0.60188
310.6		0.60188
310.7		0.60188
310.8		0.60188
310.9		0.60188
311		0.60188
311.1		0.60188
311.2		0.60188
311.3		0.60188
311.4		0.60188
311.5		0.60188
311.6		0.60188
311.7		0.60188
311.8		0.60188
311.9		0.60188
312		0.60188
312.1		0.604443
312.2		0.604443
312.3		0.604443
312.4		0.604443
312.5		0.604443
312.6		0.604443
312.7		0.604443
312.8		0.604443
312.9		0.604443
313		0.604443
313.1		0.604443
313.2		0.604443
313.3		0.604443
313.4		0.604443
313.5		0.604443
313.6		0.604443
313.7		0.604443
313.8		0.604443
313.9		0.604443
314		0.604443
314.1		0.608714
314.2		0.608714
314.3		0.608714
314.4		0.608714
314.5		0.608714
314.6		0.608714
314.7		0.608714
314.8		0.608714
314.9		0.608714
315		0.608714
315.1		0.610423
315.2		0.610423
315.3		0.610423
315.4		0.610423
315.5		0.610423
315.6		0.610423
315.7		0.610423
315.8		0.610423
315.9		0.610423
316		0.610423
316.1		0.612559
316.2		0.612559
316.3		0.612559
316.4		0.612559
316.5		0.612559
316.6		0.612559
316.7		0.612559
316.8		0.612559
316.9		0.612559
317		0.612559
317.1		0.61384
317.2		0.61384
317.3		0.61384
317.4		0.61384
317.5		0.61384
317.6		0.61384
317.7		0.61384
317.8		0.61384
317.9		0.61384
318		0.61384
318.1		0.618539
318.2		0.618539
318.3		0.618539
318.4		0.618539
318.5		0.618539
318.6		0.618539
318.7		0.618539
318.8		0.618539
318.9		0.618539
319		0.618539
319.1		0.619821
319.2		0.619821
319.3		0.619821
319.4		0.619821
319.5		0.619821
319.6		0.619821
319.7		0.619821
319.8		0.619821
319.9		0.619821
320		0.619821
320.1		0.619821
320.2		0.619821
320.3		0.619821
320.4		0.619821
320.5		0.619821
320.6		0.619821
320.7		0.619821
320.8		0.619821
320.9		0.619821
321		0.619821
321.1		0.624519
321.2		0.624519
321.3		0.624519
321.4		0.624519
321.5		0.624519
321.6		0.624519
321.7		0.624519
321.8		0.624519
321.9		0.624519
322		0.624519
322.1		0.625374
322.2		0.625374
322.3		0.625374
322.4		0.625374
322.5		0.625374
322.6		0.625374
322.7		0.625374
322.8		0.625374
322.9		0.625374
323		0.625374
323.1		0.628364
323.2		0.628364
323.3		0.628364
323.4		0.628364
323.5		0.628364
323.6		0.628364
323.7		0.628364
323.8		0.628364
323.9		0.628364
324		0.628364
324.1		0.628791
324.2		0.628791
324.3		0.628791
324.4		0.628791
324.5		0.628791
324.6		0.628791
324.7		0.628791
324.8		0.628791
324.9		0.628791
325		0.628791
325.1		0.628791
325.2		0.628791
325.3		0.628791
325.4		0.628791
325.5		0.628791
325.6		0.628791
325.7		0.628791
325.8		0.628791
325.9		0.628791
326		0.628791
326.1		0.632208
326.2		0.632208
326.3		0.632208
326.4		0.632208
326.5		0.632208
326.6		0.632208
326.7		0.632208
326.8		0.632208
326.9		0.632208
327		0.632208
327.1		0.633063
327.2		0.633063
327.3		0.633063
327.4		0.633063
327.5		0.633063
327.6		0.633063
327.7		0.633063
327.8		0.633063
327.9		0.633063
328		0.633063
328.1		0.634771
328.2		0.634771
328.3		0.634771
328.4		0.634771
328.5		0.634771
328.6		0.634771
328.7		0.634771
328.8		0.634771
328.9		0.634771
329		0.634771
329.1		0.63947
329.2		0.63947
329.3		0.63947
329.4		0.63947
329.5		0.63947
329.6		0.63947
329.7		0.63947
329.8		0.63947
329.9		0.63947
330		0.63947
330.1		0.639897
330.2		0.639897
330.3		0.639897
330.4		0.639897
330.5		0.639897
330.6		0.639897
330.7		0.639897
330.8		0.639897
330.9		0.639897
331		0.639897
331.1		0.642888
331.2		0.642888
331.3		0.642888
331.4		0.642888
331.5		0.642888
331.6		0.642888
331.7		0.642888
331.8		0.642888
331.9		0.642888
332		0.642888
332.1		0.645451
332.2		0.645451
332.3		0.645451
332.4		0.645451
332.5		0.645451
332.6		0.645451
332.7		0.645451
332.8		0.645451
332.9		0.645451
333		0.645451
333.1		0.646732
333.2		0.646732
333.3		0.646732
333.4		0.646732
333.5		0.646732
333.6		0.646732
333.7		0.646732
333.8		0.646732
333.9		0.646732
334		0.646732
334.1		0.648868
334.2		0.648868
334.3		0.648868
334.4		0.648868
334.5		0.648868
334.6		0.648868
334.7		0.648868
334.8		0.648868
334.9		0.648868
335		0.648868
335.1		0.649722
335.2		0.649722
335.3		0.649722
335.4		0.649722
335.5		0.649722
335.6		0.649722
335.7		0.649722
335.8		0.649722
335.9		0.649722
336		0.649722
336.1		0.654848
336.2		0.654848
336.3		0.654848
336.4		0.654848
336.5		0.654848
336.6		0.654848
336.7		0.654848
336.8		0.654848
336.9		0.654848
337		0.654848
337.1		0.654848
337.2		0.654848
337.3		0.654848
337.4		0.654848
337.5		0.654848
337.6		0.654848
337.7		0.654848
337.8		0.654848
337.9		0.654848
338		0.654848
338.1		0.658266
338.2		0.658266
338.3		0.658266
338.4		0.658266
338.5		0.658266
338.6		0.658266
338.7		0.658266
338.8		0.658266
338.9		0.658266
339		0.658266
339.1		0.660829
339.2		0.660829
339.3		0.660829
339.4		0.660829
339.5		0.660829
339.6		0.660829
339.7		0.660829
339.8		0.660829
339.9		0.660829
340		0.660829
340.1		0.6651
340.2		0.6651
340.3		0.6651
340.4		0.6651
340.5		0.6651
340.6		0.6651
340.7		0.6651
340.8		0.6651
340.9		0.6651
341		0.6651
341.1		0.668945
341.2		0.668945
341.3		0.668945
341.4		0.668945
341.5		0.668945
341.6		0.668945
341.7		0.668945
341.8		0.668945
341.9		0.668945
342		0.668945
342.1		0.669372
342.2		0.669372
342.3		0.669372
342.4		0.669372
342.5		0.669372
342.6		0.669372
342.7		0.669372
342.8		0.669372
342.9		0.669372
343		0.669372
343.1		0.670654
343.2		0.670654
343.3		0.670654
343.4		0.670654
343.5		0.670654
343.6		0.670654
343.7		0.670654
343.8		0.670654
343.9		0.670654
344		0.670654
344.1		0.671508
344.2		0.671508
344.3		0.671508
344.4		0.671508
344.5		0.671508
344.6		0.671508
344.7		0.671508
344.8		0.671508
344.9		0.671508
345		0.671508
345.1		0.677061
345.2		0.677061
345.3		0.677061
345.4		0.677061
345.5		0.677061
345.6		0.677061
345.7		0.677061
345.8		0.677061
345.9		0.677061
346		0.677061
346.1		0.680906
346.2		0.680906
346.3		0.680906
346.4		0.680906
346.5		0.680906
346.6		0.680906
346.7		0.680906
346.8		0.680906
346.9		0.680906
347		0.680906
347.1		0.680906
347.2		0.680906
347.3		0.680906
347.4		0.680906
347.5		0.680906
347.6		0.680906
347.7		0.680906
347.8		0.680906
347.9		0.680906
348		0.680906
348.1		0.681333
348.2		0.681333
348.3		0.681333
348.4		0.681333
348.5		0.681333
348.6		0.681333
348.7		0.681333
348.8		0.681333
348.9		0.681333
349		0.681333
349.1		0.683041
349.2		0.683041
349.3		0.683041
349.4		0.683041
349.5		0.683041
349.6		0.683041
349.7		0.683041
349.8		0.683041
349.9		0.683041
350		0.683041
350.1		0.68475
350.2		0.68475
350.3		0.68475
350.4		0.68475
350.5		0.68475
350.6		0.68475
350.7		0.68475
350.8		0.68475
350.9		0.68475
351		0.68475
351.1		0.686459
351.2		0.686459
351.3		0.686459
351.4		0.686459
351.5		0.686459
351.6		0.686459
351.7		0.686459
351.8		0.686459
351.9		0.686459
352		0.686459
352.1		0.688167
352.2		0.688167
352.3		0.688167
352.4		0.688167
352.5		0.688167
352.6		0.688167
352.7		0.688167
352.8		0.688167
352.9		0.688167
353		0.688167
353.1		0.689449
353.2		0.689449
353.3		0.689449
353.4		0.689449
353.5		0.689449
353.6		0.689449
353.7		0.689449
353.8		0.689449
353.9		0.689449
354		0.689449
354.1		0.691585
354.2		0.691585
354.3		0.691585
354.4		0.691585
354.5		0.691585
354.6		0.691585
354.7		0.691585
354.8		0.691585
354.9		0.691585
355		0.691585
355.1		0.694575
355.2		0.694575
355.3		0.694575
355.4		0.694575
355.5		0.694575
355.6		0.694575
355.7		0.694575
355.8		0.694575
355.9		0.694575
356		0.694575
356.1		0.700128
356.2		0.700128
356.3		0.700128
356.4		0.700128
356.5		0.700128
356.6		0.700128
356.7		0.700128
356.8		0.700128
356.9		0.700128
357		0.700128
357.1		0.700555
357.2		0.700555
357.3		0.700555
357.4		0.700555
357.5		0.700555
357.6		0.700555
357.7		0.700555
357.8		0.700555
357.9		0.700555
358		0.700555
358.1		0.706109
358.2		0.706109
358.3		0.706109
358.4		0.706109
358.5		0.706109
358.6		0.706109
358.7		0.706109
358.8		0.706109
358.9		0.706109
359		0.706109
359.1		0.707817
359.2		0.707817
359.3		0.707817
359.4		0.707817
359.5		0.707817
359.6		0.707817
359.7		0.707817
359.8		0.707817
359.9		0.707817
360		0.707817
360.1		0.709526
360.2		0.709526
360.3		0.709526
360.4		0.709526
360.5		0.709526
360.6		0.709526
360.7		0.709526
360.8		0.709526
360.9		0.709526
361		0.709526
361.1		0.71337
361.2		0.71337
361.3		0.71337
361.4		0.71337
361.5		0.71337
361.6		0.71337
361.7		0.71337
361.8		0.71337
361.9		0.71337
362		0.71337
362.1		0.714225
362.2		0.714225
362.3		0.714225
362.4		0.714225
362.5		0.714225
362.6		0.714225
362.7		0.714225
362.8		0.714225
362.9		0.714225
363		0.714225
363.1		0.715506
363.2		0.715506
363.3		0.715506
363.4		0.715506
363.5		0.715506
363.6		0.715506
363.7		0.715506
363.8		0.715506
363.9		0.715506
364		0.715506
364.1		0.718924
364.2		0.718924
364.3		0.718924
364.4		0.718924
364.5		0.718924
364.6		0.718924
364.7		0.718924
364.8		0.718924
364.9		0.718924
365		0.718924
365.1		0.718924
365.2		0.718924
365.3		0.718924
365.4		0.718924
365.5		0.718924
365.6		0.718924
365.7		0.718924
365.8		0.718924
365.9		0.718924
366		0.718924
366.1		0.719351
366.2		0.719351
366.3		0.719351
366.4		0.719351
366.5		0.719351
366.6		0.719351
366.7		0.719351
366.8		0.719351
366.9		0.719351
367		0.719351
367.1		0.722341
367.2		0.722341
367.3		0.722341
367.4		0.722341
367.5		0.722341
367.6		0.722341
367.7		0.722341
367.8		0.722341
367.9		0.722341
368		0.722341
368.1		0.727467
368.2		0.727467
368.3		0.727467
368.4		0.727467
368.5		0.727467
368.6		0.727467
368.7		0.727467
368.8		0.727467
368.9		0.727467
369		0.727467
369.1		0.727467
369.2		0.727467
369.3		0.727467
369.4		0.727467
369.5		0.727467
369.6		0.727467
369.7		0.727467
369.8		0.727467
369.9		0.727467
370		0.727467
370.1		0.727467
370.2		0.727467
370.3		0.727467
370.4		0.727467
370.5		0.727467
370.6		0.727467
370.7		0.727467
370.8		0.727467
370.9		0.727467
371		0.727467
371.1		0.727467
371.2		0.727467
371.3		0.727467
371.4		0.727467
371.5		0.727467
371.6		0.727467
371.7		0.727467
371.8		0.727467
371.9		0.727467
372		0.727467
372.1		0.733447
372.2		0.733447
372.3		0.733447
372.4		0.733447
372.5		0.733447
372.6		0.733447
372.7		0.733447
372.8		0.733447
372.9		0.733447
373		0.733447
373.1		0.737292
373.2		0.737292
373.3		0.737292
373.4		0.737292
373.5		0.737292
373.6		0.737292
373.7		0.737292
373.8		0.737292
373.9		0.737292
374		0.737292
374.1		0.737719
374.2		0.737719
374.3		0.737719
374.4		0.737719
374.5		0.737719
374.6		0.737719
374.7		0.737719
374.8		0.737719
374.9		0.737719
375		0.737719
375.1		0.737719
375.2		0.737719
375.3		0.737719
375.4		0.737719
375.5		0.737719
375.6		0.737719
375.7		0.737719
375.8		0.737719
375.9		0.737719
376		0.737719
376.1		0.739855
376.2		0.739855
376.3		0.739855
376.4		0.739855
376.5		0.739855
376.6		0.739855
376.7		0.739855
376.8		0.739855
376.9		0.739855
377		0.739855
377.1		0.742845
377.2		0.742845
377.3		0.742845
377.4		0.742845
377.5		0.742845
377.6		0.742845
377.7		0.742845
377.8		0.742845
377.9		0.742845
378		0.742845
378.1		0.742845
378.2		0.742845
378.3		0.742845
378.4		0.742845
378.5		0.742845
378.6		0.742845
378.7		0.742845
378.8		0.742845
378.9		0.742845
379		0.742845
379.1		0.745835
379.2		0.745835
379.3		0.745835
379.4		0.745835
379.5		0.745835
379.6		0.745835
379.7		0.745835
379.8		0.745835
379.9		0.745835
380		0.745835
380.1		0.753097
380.2		0.753097
380.3		0.753097
380.4		0.753097
380.5		0.753097
380.6		0.753097
380.7		0.753097
380.8		0.753097
380.9		0.753097
381		0.753097
381.1		0.753097
381.2		0.753097
381.3		0.753097
381.4		0.753097
381.5		0.753097
381.6		0.753097
381.7		0.753097
381.8		0.753097
381.9		0.753097
382		0.753097
382.1		0.753524
382.2		0.753524
382.3		0.753524
382.4		0.753524
382.5		0.753524
382.6		0.753524
382.7		0.753524
382.8		0.753524
382.9		0.753524
383		0.753524
383.1		0.754378
383.2		0.754378
383.3		0.754378
383.4		0.754378
383.5		0.754378
383.6		0.754378
383.7		0.754378
383.8		0.754378
383.9		0.754378
384		0.754378
384.1		0.754806
384.2		0.754806
384.3		0.754806
384.4		0.754806
384.5		0.754806
384.6		0.754806
384.7		0.754806
384.8		0.754806
384.9		0.754806
385		0.754806
385.1		0.759932
385.2		0.759932
385.3		0.759932
385.4		0.759932
385.5		0.759932
385.6		0.759932
385.7		0.759932
385.8		0.759932
385.9		0.759932
386		0.759932
386.1		0.759932
386.2		0.759932
386.3		0.759932
386.4		0.759932
386.5		0.759932
386.6		0.759932
386.7		0.759932
386.8		0.759932
386.9		0.759932
387		0.759932
387.1		0.76164
387.2		0.76164
387.3		0.76164
387.4		0.76164
387.5		0.76164
387.6		0.76164
387.7		0.76164
387.8		0.76164
387.9		0.76164
388		0.76164
388.1		0.762067
388.2		0.762067
388.3		0.762067
388.4		0.762067
388.5		0.762067
388.6		0.762067
388.7		0.762067
388.8		0.762067
388.9		0.762067
389		0.762067
389.1		0.766339
389.2		0.766339
389.3		0.766339
389.4		0.766339
389.5		0.766339
389.6		0.766339
389.7		0.766339
389.8		0.766339
389.9		0.766339
390		0.766339
390.1		0.769329
390.2		0.769329
390.3		0.769329
390.4		0.769329
390.5		0.769329
390.6		0.769329
390.7		0.769329
390.8		0.769329
390.9		0.769329
391		0.769329
391.1		0.771892
391.2		0.771892
391.3		0.771892
391.4		0.771892
391.5		0.771892
391.6		0.771892
391.7		0.771892
391.8		0.771892
391.9		0.771892
392		0.771892
392.1		0.771892
392.2		0.771892
392.3		0.771892
392.4		0.771892
392.5		0.771892
392.6		0.771892
392.7		0.771892
392.8		0.771892
392.9		0.771892
393		0.771892
393.1		0.772747
393.2		0.772747
393.3		0.772747
393.4		0.772747
393.5		0.772747
393.6		0.772747
393.7		0.772747
393.8		0.772747
393.9		0.772747
394		0.772747
394.1		0.7783
394.2		0.7783
394.3		0.7783
394.4		0.7783
394.5		0.7783
394.6		0.7783
394.7		0.7783
394.8		0.7783
394.9		0.7783
395		0.7783
395.1		0.780436
395.2		0.780436
395.3		0.780436
395.4		0.780436
395.5		0.780436
395.6		0.780436
395.7		0.780436
395.8		0.780436
395.9		0.780436
396		0.780436
396.1		0.78129
396.2		0.78129
396.3		0.78129
396.4		0.78129
396.5		0.78129
396.6		0.78129
396.7		0.78129
396.8		0.78129
396.9		0.78129
397		0.78129
397.1		0.783426
397.2		0.783426
397.3		0.783426
397.4		0.783426
397.5		0.783426
397.6		0.783426
397.7		0.783426
397.8		0.783426
397.9		0.783426
398		0.783426
398.1		0.785989
398.2		0.785989
398.3		0.785989
398.4		0.785989
398.5		0.785989
398.6		0.785989
398.7		0.785989
398.8		0.785989
398.9		0.785989
399		0.785989
399.1		0.786843
399.2		0.786843
399.3		0.786843
399.4		0.786843
399.5		0.786843
399.6		0.786843
399.7		0.786843
399.8		0.786843
399.9		0.786843
400		0.786843
400.1		0.788125
400.2		0.788125
400.3		0.788125
400.4		0.788125
400.5		0.788125
400.6		0.788125
400.7		0.788125
400.8		0.788125
400.9		0.788125
401		0.788125
401.1		0.791115
401.2		0.791115
401.3		0.791115
401.4		0.791115
401.5		0.791115
401.6		0.791115
401.7		0.791115
401.8		0.791115
401.9		0.791115
402		0.791115
402.1		0.792396
402.2		0.792396
402.3		0.792396
402.4		0.792396
402.5		0.792396
402.6		0.792396
402.7		0.792396
402.8		0.792396
402.9		0.792396
403		0.792396
403.1		0.792396
403.2		0.792396
403.3		0.792396
403.4		0.792396
403.5		0.792396
403.6		0.792396
403.7		0.792396
403.8		0.792396
403.9		0.792396
404		0.792396
404.1		0.795387
404.2		0.795387
404.3		0.795387
404.4		0.795387
404.5		0.795387
404.6		0.795387
404.7		0.795387
404.8		0.795387
404.9		0.795387
405		0.795387
405.1		0.797522
405.2		0.797522
405.3		0.797522
405.4		0.797522
405.5		0.797522
405.6		0.797522
405.7		0.797522
405.8		0.797522
405.9		0.797522
406		0.797522
406.1		0.802648
406.2		0.802648
406.3		0.802648
406.4		0.802648
406.5		0.802648
406.6		0.802648
406.7		0.802648
406.8		0.802648
406.9		0.802648
407		0.802648
407.1		0.803503
407.2		0.803503
407.3		0.803503
407.4		0.803503
407.5		0.803503
407.6		0.803503
407.7		0.803503
407.8		0.803503
407.9		0.803503
408		0.803503
408.1		0.806066
408.2		0.806066
408.3		0.806066
408.4		0.806066
408.5		0.806066
408.6		0.806066
408.7		0.806066
408.8		0.806066
408.9		0.806066
409		0.806066
409.1		0.806066
409.2		0.806066
409.3		0.806066
409.4		0.806066
409.5		0.806066
409.6		0.806066
409.7		0.806066
409.8		0.806066
409.9		0.806066
410		0.806066
410.1		0.806493
410.2		0.806493
410.3		0.806493
410.4		0.806493
410.5		0.806493
410.6		0.806493
410.7		0.806493
410.8		0.806493
410.9		0.806493
411		0.806493
411.1		0.810765
411.2		0.810765
411.3		0.810765
411.4		0.810765
411.5		0.810765
411.6		0.810765
411.7		0.810765
411.8		0.810765
411.9		0.810765
412		0.810765
412.1		0.810765
412.2		0.810765
412.3		0.810765
412.4		0.810765
412.5		0.810765
412.6		0.810765
412.7		0.810765
412.8		0.810765
412.9		0.810765
413		0.810765
413.1		0.815463
413.2		0.815463
413.3		0.815463
413.4		0.815463
413.5		0.815463
413.6		0.815463
413.7		0.815463
413.8		0.815463
413.9		0.815463
414		0.815463
414.1		0.819308
414.2		0.819308
414.3		0.819308
414.4		0.819308
414.5		0.819308
414.6		0.819308
414.7		0.819308
414.8		0.819308
414.9		0.819308
415		0.819308
415.1		0.819735
415.2		0.819735
415.3		0.819735
415.4		0.819735
415.5		0.819735
415.6		0.819735
415.7		0.819735
415.8		0.819735
415.9		0.819735
416		0.819735
416.1		0.821871
416.2		0.821871
416.3		0.821871
416.4		0.821871
416.5		0.821871
416.6		0.821871
416.7		0.821871
416.8		0.821871
416.9		0.821871
417		0.821871
417.1		0.823152
417.2		0.823152
417.3		0.823152
417.4		0.823152
417.5		0.823152
417.6		0.823152
417.7		0.823152
417.8		0.823152
417.9		0.823152
418		0.823152
418.1		0.824007
418.2		0.824007
418.3		0.824007
418.4		0.824007
418.5		0.824007
418.6		0.824007
418.7		0.824007
418.8		0.824007
418.9		0.824007
419		0.824007
419.1		0.82657
419.2		0.82657
419.3		0.82657
419.4		0.82657
419.5		0.82657
419.6		0.82657
419.7		0.82657
419.8		0.82657
419.9		0.82657
420		0.82657
420.1		0.828706
420.2		0.828706
420.3		0.828706
420.4		0.828706
420.5		0.828706
420.6		0.828706
420.7		0.828706
420.8		0.828706
420.9		0.828706
421		0.828706
421.1		0.830414
421.2		0.830414
421.3		0.830414
421.4		0.830414
421.5		0.830414
421.6		0.830414
421.7		0.830414
421.8		0.830414
421.9		0.830414
422		0.830414
422.1		0.832123
422.2		0.832123
422.3		0.832123
422.4		0.832123
422.5		0.832123
422.6		0.832123
422.7		0.832123
422.8		0.832123
422.9		0.832123
423		0.832123
423.1		0.832977
423.2		0.832977
423.3		0.832977
423.4		0.832977
423.5		0.832977
423.6		0.832977
423.7		0.832977
423.8		0.832977
423.9		0.832977
424		0.832977
424.1		0.834686
424.2		0.834686
424.3		0.834686
424.4		0.834686
424.5		0.834686
424.6		0.834686
424.7		0.834686
424.8		0.834686
424.9		0.834686
425		0.834686
425.1		0.834686
425.2		0.834686
425.3		0.834686
425.4		0.834686
425.5		0.834686
425.6		0.834686
425.7		0.834686
425.8		0.834686
425.9		0.834686
426		0.834686
426.1		0.835113
426.2		0.835113
426.3		0.835113
426.4		0.835113
426.5		0.835113
426.6		0.835113
426.7		0.835113
426.8		0.835113
426.9		0.835113
427		0.835113
427.1		0.835113
427.2		0.835113
427.3		0.835113
427.4		0.835113
427.5		0.835113
427.6		0.835113
427.7		0.835113
427.8		0.835113
427.9		0.835113
428		0.835113
428.1		0.838103
428.2		0.838103
428.3		0.838103
428.4		0.838103
428.5		0.838103
428.6		0.838103
428.7		0.838103
428.8		0.838103
428.9		0.838103
429		0.838103
429.1		0.841094
429.2		0.841094
429.3		0.841094
429.4		0.841094
429.5		0.841094
429.6		0.841094
429.7		0.841094
429.8		0.841094
429.9		0.841094
430		0.841094
430.1		0.841521
430.2		0.841521
430.3		0.841521
430.4		0.841521
430.5		0.841521
430.6		0.841521
430.7		0.841521
430.8		0.841521
430.9		0.841521
431		0.841521
431.1		0.844084
431.2		0.844084
431.3		0.844084
431.4		0.844084
431.5		0.844084
431.6		0.844084
431.7		0.844084
431.8		0.844084
431.9		0.844084
432		0.844084
432.1		0.847928
432.2		0.847928
432.3		0.847928
432.4		0.847928
432.5		0.847928
432.6		0.847928
432.7		0.847928
432.8		0.847928
432.9		0.847928
433		0.847928
433.1		0.847928
433.2		0.847928
433.3		0.847928
433.4		0.847928
433.5		0.847928
433.6		0.847928
433.7		0.847928
433.8		0.847928
433.9		0.847928
434		0.847928
434.1		0.848355
434.2		0.848355
434.3		0.848355
434.4		0.848355
434.5		0.848355
434.6		0.848355
434.7		0.848355
434.8		0.848355
434.9		0.848355
435		0.848355
435.1		0.848783
435.2		0.848783
435.3		0.848783
435.4		0.848783
435.5		0.848783
435.6		0.848783
435.7		0.848783
435.8		0.848783
435.9		0.848783
436		0.848783
436.1		0.853481
436.2		0.853481
436.3		0.853481
436.4		0.853481
436.5		0.853481
436.6		0.853481
436.7		0.853481
436.8		0.853481
436.9		0.853481
437		0.853481
437.1		0.854763
437.2		0.854763
437.3		0.854763
437.4		0.854763
437.5		0.854763
437.6		0.854763
437.7		0.854763
437.8		0.854763
437.9		0.854763
438		0.854763
438.1		0.85519
438.2		0.85519
438.3		0.85519
438.4		0.85519
438.5		0.85519
438.6		0.85519
438.7		0.85519
438.8		0.85519
438.9		0.85519
439		0.85519
439.1		0.859035
439.2		0.859035
439.3		0.859035
439.4		0.859035
439.5		0.859035
439.6		0.859035
439.7		0.859035
439.8		0.859035
439.9		0.859035
440		0.859035
440.1		0.860316
440.2		0.860316
440.3		0.860316
440.4		0.860316
440.5		0.860316
440.6		0.860316
440.7		0.860316
440.8		0.860316
440.9		0.860316
441		0.860316
441.1		0.863306
441.2		0.863306
441.3		0.863306
441.4		0.863306
441.5		0.863306
441.6		0.863306
441.7		0.863306
441.8		0.863306
441.9		0.863306
442		0.863306
442.1		0.863306
442.2		0.863306
442.3		0.863306
442.4		0.863306
442.5		0.863306
442.6		0.863306
442.7		0.863306
442.8		0.863306
442.9		0.863306
443		0.863306
443.1		0.865869
443.2		0.865869
443.3		0.865869
443.4		0.865869
443.5		0.865869
443.6		0.865869
443.7		0.865869
443.8		0.865869
443.9		0.865869
444		0.865869
444.1		0.87484
444.2		0.87484
444.3		0.87484
444.4		0.87484
444.5		0.87484
444.6		0.87484
444.7		0.87484
444.8		0.87484
444.9		0.87484
445		0.87484
445.1		0.875267
445.2		0.875267
445.3		0.875267
445.4		0.875267
445.5		0.875267
445.6		0.875267
445.7		0.875267
445.8		0.875267
445.9		0.875267
446		0.875267
446.1		0.87783
446.2		0.87783
446.3		0.87783
446.4		0.87783
446.5		0.87783
446.6		0.87783
446.7		0.87783
446.8		0.87783
446.9		0.87783
447		0.87783
447.1		0.879111
447.2		0.879111
447.3		0.879111
447.4		0.879111
447.5		0.879111
447.6		0.879111
447.7		0.879111
447.8		0.879111
447.9		0.879111
448		0.879111
448.1		0.881247
448.2		0.881247
448.3		0.881247
448.4		0.881247
448.5		0.881247
448.6		0.881247
448.7		0.881247
448.8		0.881247
448.9		0.881247
449		0.881247
449.1		0.885092
449.2		0.885092
449.3		0.885092
449.4		0.885092
449.5		0.885092
449.6		0.885092
449.7		0.885092
449.8		0.885092
449.9		0.885092
450		0.885092
450.1		0.887655
450.2		0.887655
450.3		0.887655
450.4		0.887655
450.5		0.887655
450.6		0.887655
450.7		0.887655
450.8		0.887655
450.9		0.887655
451		0.887655
451.1		0.889791
451.2		0.889791
451.3		0.889791
451.4		0.889791
451.5		0.889791
451.6		0.889791
451.7		0.889791
451.8		0.889791
451.9		0.889791
452		0.889791
452.1		0.889791
452.2		0.889791
452.3		0.889791
452.4		0.889791
452.5		0.889791
452.6		0.889791
452.7		0.889791
452.8		0.889791
452.9		0.889791
453		0.889791
453.1		0.894062
453.2		0.894062
453.3		0.894062
453.4		0.894062
453.5		0.894062
453.6		0.894062
453.7		0.894062
453.8		0.894062
453.9		0.894062
454		0.894062
454.1		0.895771
454.2		0.895771
454.3		0.895771
454.4		0.895771
454.5		0.895771
454.6		0.895771
454.7		0.895771
454.8		0.895771
454.9		0.895771
455		0.895771
455.1		0.897907
455.2		0.897907
455.3		0.897907
455.4		0.897907
455.5		0.897907
455.6		0.897907
455.7		0.897907
455.8		0.897907
455.9		0.897907
456		0.897907
456.1		0.898761
456.2		0.898761
456.3		0.898761
456.4		0.898761
456.5		0.898761
456.6		0.898761
456.7		0.898761
456.8		0.898761
456.9		0.898761
457		0.898761
457.1		0.899616
457.2		0.899616
457.3		0.899616
457.4		0.899616
457.5		0.899616
457.6		0.899616
457.7		0.899616
457.8		0.899616
457.9		0.899616
458		0.899616
458.1		0.90346
458.2		0.90346
458.3		0.90346
458.4		0.90346
458.5		0.90346
458.6		0.90346
458.7		0.90346
458.8		0.90346
458.9		0.90346
459		0.90346
459.1		0.908586
459.2		0.908586
459.3		0.908586
459.4		0.908586
459.5		0.908586
459.6		0.908586
459.7		0.908586
459.8		0.908586
459.9		0.908586
460		0.908586
460.1		0.90944
460.2		0.90944
460.3		0.90944
460.4		0.90944
460.5		0.90944
460.6		0.90944
460.7		0.90944
460.8		0.90944
460.9		0.90944
461		0.90944
461.1		0.90944
461.2		0.90944
461.3		0.90944
461.4		0.90944
461.5		0.90944
461.6		0.90944
461.7		0.90944
461.8		0.90944
461.9		0.90944
462		0.90944
462.1		0.911576
462.2		0.911576
462.3		0.911576
462.4		0.911576
462.5		0.911576
462.6		0.911576
462.7		0.911576
462.8		0.911576
462.9		0.911576
463		0.911576
463.1		0.913285
463.2		0.913285
463.3		0.913285
463.4		0.913285
463.5		0.913285
463.6		0.913285
463.7		0.913285
463.8		0.913285
463.9		0.913285
464		0.913285
464.1		0.917984
464.2		0.917984
464.3		0.917984
464.4		0.917984
464.5		0.917984
464.6		0.917984
464.7		0.917984
464.8		0.917984
464.9		0.917984
465		0.917984
465.1		0.921401
465.2		0.921401
465.3		0.921401
465.4		0.921401
465.5		0.921401
465.6		0.921401
465.7		0.921401
465.8		0.921401
465.9		0.921401
466		0.921401
466.1		0.921828
466.2		0.921828
466.3		0.921828
466.4		0.921828
466.5		0.921828
466.6		0.921828
466.7		0.921828
466.8		0.921828
466.9		0.921828
467		0.921828
467.1		0.922683
467.2		0.922683
467.3		0.922683
467.4		0.922683
467.5		0.922683
467.6		0.922683
467.7		0.922683
467.8		0.922683
467.9		0.922683
468		0.922683
468.1		0.924818
468.2		0.924818
468.3		0.924818
468.4		0.924818
468.5		0.924818
468.6		0.924818
468.7		0.924818
468.8		0.924818
468.9		0.924818
469		0.924818
469.1		0.925246
469.2		0.925246
469.3		0.925246
469.4		0.925246
469.5		0.925246
469.6		0.925246
469.7		0.925246
469.8		0.925246
469.9		0.925246
470		0.925246
470.1		0.931653
470.2		0.931653
470.3		0.931653
470.4		0.931653
470.5		0.931653
470.6		0.931653
470.7		0.931653
470.8		0.931653
470.9		0.931653
471		0.931653
471.1		0.933362
471.2		0.933362
471.3		0.933362
471.4		0.933362
471.5		0.933362
471.6		0.933362
471.7		0.933362
471.8		0.933362
471.9		0.933362
472		0.933362
472.1		0.934216
472.2		0.934216
472.3		0.934216
472.4		0.934216
472.5		0.934216
472.6		0.934216
472.7		0.934216
472.8		0.934216
472.9		0.934216
473		0.934216
473.1		0.934643
473.2		0.934643
473.3		0.934643
473.4		0.934643
473.5		0.934643
473.6		0.934643
473.7		0.934643
473.8		0.934643
473.9		0.934643
474		0.934643
474.1		0.936352
474.2		0.936352
474.3		0.936352
474.4		0.936352
474.5		0.936352
474.6		0.936352
474.7		0.936352
474.8		0.936352
474.9		0.936352
475		0.936352
475.1		0.939769
475.2		0.939769
475.3		0.939769
475.4		0.939769
475.5		0.939769
475.6		0.939769
475.7		0.939769
475.8		0.939769
475.9		0.939769
476		0.939769
476.1		0.941905
476.2		0.941905
476.3		0.941905
476.4		0.941905
476.5		0.941905
476.6		0.941905
476.7		0.941905
476.8		0.941905
476.9		0.941905
477		0.941905
477.1		0.941905
477.2		0.941905
477.3		0.941905
477.4		0.941905
477.5		0.941905
477.6		0.941905
477.7		0.941905
477.8		0.941905
477.9		0.941905
478		0.941905
478.1		0.943187
478.2		0.943187
478.3		0.943187
478.4		0.943187
478.5		0.943187
478.6		0.943187
478.7		0.943187
478.8		0.943187
478.9		0.943187
479		0.943187
479.1		0.943614
479.2		0.943614
479.3		0.943614
479.4		0.943614
479.5		0.943614
479.6		0.943614
479.7		0.943614
479.8		0.943614
479.9		0.943614
480		0.943614
480.1		0.94575
480.2		0.94575
480.3		0.94575
480.4		0.94575
480.5		0.94575
480.6		0.94575
480.7		0.94575
480.8		0.94575
480.9		0.94575
481		0.94575
481.1		0.947886
481.2		0.947886
481.3		0.947886
481.4		0.947886
481.5		0.947886
481.6		0.947886
481.7		0.947886
481.8		0.947886
481.9		0.947886
482		0.947886
482.1		0.951303
482.2		0.951303
482.3		0.951303
482.4		0.951303
482.5		0.951303
482.6		0.951303
482.7		0.951303
482.8		0.951303
482.9		0.951303
483		0.951303
483.1		0.954293
483.2		0.954293
483.3		0.954293
483.4		0.954293
483.5		0.954293
483.6		0.954293
483.7		0.954293
483.8		0.954293
483.9		0.954293
484		0.954293
484.1		0.955575
484.2		0.955575
484.3		0.955575
484.4		0.955575
484.5		0.955575
484.6		0.955575
484.7		0.955575
484.8		0.955575
484.9		0.955575
485		0.955575
485.1		0.955575
485.2		0.955575
485.3		0.955575
485.4		0.955575
485.5		0.955575
485.6		0.955575
485.7		0.955575
485.8		0.955575
485.9		0.955575
486		0.955575
486.1		0.958565
486.2		0.958565
486.3		0.958565
486.4		0.958565
486.5		0.958565
486.6		0.958565
486.7		0.958565
486.8		0.958565
486.9		0.958565
487		0.958565
487.1		0.959846
487.2		0.959846
487.3		0.959846
487.4		0.959846
487.5		0.959846
487.6		0.959846
487.7		0.959846
487.8		0.959846
487.9		0.959846
488		0.959846
488.1		0.964545
488.2		0.964545
488.3		0.964545
488.4		0.964545
488.5		0.964545
488.6		0.964545
488.7		0.964545
488.8		0.964545
488.9		0.964545
489		0.964545
489.1		0.967962
489.2		0.967962
489.3		0.967962
489.4		0.967962
489.5		0.967962
489.6		0.967962
489.7		0.967962
489.8		0.967962
489.9		0.967962
490		0.967962
490.1		0.968817
490.2		0.968817
490.3		0.968817
490.4		0.968817
490.5		0.968817
490.6		0.968817
490.7		0.968817
490.8		0.968817
490.9		0.968817
491		0.968817
491.1		0.968817
491.2		0.968817
491.3		0.968817
491.4		0.968817
491.5		0.968817
491.6		0.968817
491.7		0.968817
491.8		0.968817
491.9		0.968817
492		0.968817
492.1		0.976079
492.2		0.976079
492.3		0.976079
492.4		0.976079
492.5		0.976079
492.6		0.976079
492.7		0.976079
492.8		0.976079
492.9		0.976079
493		0.976079
493.1		0.976079
493.2		0.976079
493.3		0.976079
493.4		0.976079
493.5		0.976079
493.6		0.976079
493.7		0.976079
493.8		0.976079
493.9		0.976079
494		0.976079
494.1		0.97736
494.2		0.97736
494.3		0.97736
494.4		0.97736
494.5		0.97736
494.6		0.97736
494.7		0.97736
494.8		0.97736
494.9		0.97736
495		0.97736
495.1		0.977787
495.2		0.977787
495.3		0.977787
495.4		0.977787
495.5		0.977787
495.6		0.977787
495.7		0.977787
495.8		0.977787
495.9		0.977787
496		0.977787
496.1		0.984195
496.2		0.984195
496.3		0.984195
496.4		0.984195
496.5		0.984195
496.6		0.984195
496.7		0.984195
496.8		0.984195
496.9		0.984195
497		0.984195
497.1		0.985903
497.2		0.985903
497.3		0.985903
497.4		0.985903
497.5		0.985903
497.6		0.985903
497.7		0.985903
497.8		0.985903
497.9		0.985903
498		0.985903
498.1		0.985903
498.2		0.985903
498.3		0.985903
498.4		0.985903
498.5		0.985903
498.6		0.985903
498.7		0.985903
498.8		0.985903
498.9		0.985903
499		0.985903
499.1		0.990175
499.2		0.990175
499.3		0.990175
499.4		0.990175
499.5		0.990175
499.6		0.990175
499.7		0.990175
499.8		0.990175
499.9		0.990175
500		0.990175
500.1		0.991457
500.2		0.991457
500.3		0.991457
500.4		0.991457
500.5		0.991457
500.6		0.991457
500.7		0.991457
500.8		0.991457
500.9		0.991457
501		0.991457
501.1		0.992738
501.2		0.992738
501.3		0.992738
501.4		0.992738
501.5		0.992738
501.6		0.992738
501.7		0.992738
501.8		0.992738
501.9		0.992738
502		0.992738
502.1		0.99402
502.2		0.99402
502.3		0.99402
502.4		0.99402
502.5		0.99402
502.6		0.99402
502.7		0.99402
502.8		0.99402
502.9		0.99402
503		0.99402
503.1		0.996155
503.2		0.996155
503.3		0.996155
503.4		0.996155
503.5		0.996155
503.6		0.996155
503.7		0.996155
503.8		0.996155
503.9		0.996155
504		0.996155
504.1		0.998718
504.2		0.998718
504.3		0.998718
504.4		0.998718
504.5		0.998718
504.6		0.998718
504.7		0.998718
504.8		0.998718
504.9		0.998718
505		0.998718
505.1		0.998718
505.2		0.998718
505.3		0.998718
505.4		0.998718
505.5		0.998718
505.6		0.998718
505.7		0.998718
505.8		0.998718
505.9		0.998718
506		0.998718
506.1		1
506.2		1
506.3		1
506.4		1
506.5		1
506.6		1
506.7		1
506.8		1
506.9		1
507		1
507.1		1
507.2		1
507.3		1
507.4		1
507.5		1
507.6		1
507.7		1
507.8		1
507.9		1
508		1
508.1		1
508.2		1
508.3		1
508.4		1
508.5		1
508.6		1
508.7		1
508.8		1
508.9		1
509		1
509.1		1
509.2		1
509.3		1
509.4		1
509.5		1
509.6		1
509.7		1
509.8		1
509.9		1
510		1
510.1		1
510.2		1
510.3		1
510.4		1
510.5		1
510.6		1
510.7		1
510.8		1
510.9		1
511		1
511.1		1
511.2		1
511.3		1
511.4		1
511.5		1
511.6		1
511.7		1
511.8		1
511.9		1
512		1
512.1		1
512.2		1
512.3		1
512.4		1
512.5		1
512.6		1
512.7		1
512.8		1
512.9		1
513		1
513.1		1
513.2		1
513.3		1
513.4		1
513.5		1
513.6		1
513.7		1
513.8		1
513.9		1
514		1
514.1		1
514.2		1
514.3		1
514.4		1
514.5		1
514.6		1
514.7		1
514.8		1
514.9		1
515		1
515.1		1
515.2		1
515.3		1
515.4		1
515.5		1
515.6		1
515.7		1
515.8		1
515.9		1
516		1
516.1		1
516.2		1
516.3		1
516.4		1
516.5		1
516.6		1
516.7		1
516.8		1
516.9		1
517		1
517.1		1
517.2		1
517.3		1
517.4		1
517.5		1
517.6		1
517.7		1
517.8		1
517.9		1
518		1
518.1		1
518.2		1
518.3		1
518.4		1
518.5		1
518.6		1
518.7		1
518.8		1
518.9		1
519		1
519.1		1
519.2		1
519.3		1
519.4		1
519.5		1
519.6		1
519.7		1
519.8		1
519.9		1
520		1
520.1		1
520.2		1
520.3		1
520.4		1
520.5		1
520.6		1
520.7		1
520.8		1
520.9		1
521		1
521.1		1
521.2		1
521.3		1
521.4		1
521.5		1
521.6		1
521.7		1
521.8		1
521.9		1
522		1
522.1		1
522.2		1
522.3		1
522.4		1
522.5		1
522.6		1
522.7		1
522.8		1
522.9		1
523		1
523.1		1
523.2		1
523.3		1
523.4		1
523.5		1
523.6		1
523.7		1
523.8		1
523.9		1
524		1
524.1		1
524.2		1
524.3		1
524.4		1
524.5		1
524.6		1
524.7		1
524.8		1
524.9		1
525		1
525.1		1
525.2		1
525.3		1
525.4		1
525.5		1
525.6		1
525.7		1
525.8		1
525.9		1
526		1
526.1		1
526.2		1
526.3		1
526.4		1
526.5		1
526.6		1
526.7		1
526.8		1
526.9		1
527		1
527.1		1
527.2		1
527.3		1
527.4		1
527.5		1
527.6		1
527.7		1
527.8		1
527.9		1
528		1
528.1		1
528.2		1
528.3		1
528.4		1
528.5		1
528.6		1
528.7		1
528.8		1
528.9		1
529		1
529.1		1
529.2		1
529.3		1
529.4		1
529.5		1
529.6		1
529.7		1
529.8		1
529.9		1
530		1
530.1		1
530.2		1
530.3		1
530.4		1
530.5		1
530.6		1
530.7		1
530.8		1
530.9		1
531		1
531.1		1
531.2		1
531.3		1
531.4		1
531.5		1
531.6		1
531.7		1
531.8		1
531.9		1
532		1
532.1		1
532.2		1
532.3		1
532.4		1
532.5		1
532.6		1
532.7		1
532.8		1
532.9		1
533		1
533.1		1
533.2		1
533.3		1
533.4		1
533.5		1
533.6		1
533.7		1
533.8		1
533.9		1
534		1
534.1		1
534.2		1
534.3		1
534.4		1
534.5		1
534.6		1
534.7		1
534.8		1
534.9		1
535		1
535.1		1
535.2		1
535.3		1
535.4		1
535.5		1
535.6		1
535.7		1
535.8		1
535.9		1
536		1
536.1		1
536.2		1
536.3		1
536.4		1
536.5		1
536.6		1
536.7		1
536.8		1
536.9		1
537		1
537.1		1
537.2		1
537.3		1
537.4		1
537.5		1
537.6		1
537.7		1
537.8		1
537.9		1
538		1
538.1		1
538.2		1
538.3		1
538.4		1
538.5		1
538.6		1
538.7		1
538.8		1
538.9		1
539		1
539.1		1
539.2		1
539.3		1
539.4		1
539.5		1
539.6		1
539.7		1
539.8		1
539.9		1
540		1
540.1		1
540.2		1
540.3		1
540.4		1
540.5		1
540.6		1
540.7		1
540.8		1
540.9		1
541		1
541.1		1
541.2		1
541.3		1
541.4		1
541.5		1
541.6		1
541.7		1
541.8		1
541.9		1
542		1
542.1		1
542.2		1
542.3		1
542.4		1
542.5		1
542.6		1
542.7		1
542.8		1
542.9		1
543		1
543.1		1
543.2		1
543.3		1
543.4		1
543.5		1
543.6		1
543.7		1
543.8		1
543.9		1
544		1
544.1		1
544.2		1
544.3		1
544.4		1
544.5		1
544.6		1
544.7		1
544.8		1
544.9		1
545		1
545.1		1
545.2		1
545.3		1
545.4		1
545.5		1
545.6		1
545.7		1
545.8		1
545.9		1
546		1
546.1		1
546.2		1
546.3		1
546.4		1
546.5		1
546.6		1
546.7		1
546.8		1
546.9		1
547		1
547.1		1
547.2		1
547.3		1
547.4		1
547.5		1
547.6		1
547.7		1
547.8		1
547.9		1
548		1
548.1		1
548.2		1
548.3		1
548.4		1
548.5		1
548.6		1
548.7		1
548.8		1
548.9		1
549		1
549.1		1
549.2		1
549.3		1
549.4		1
549.5		1
549.6		1
549.7		1
549.8		1
549.9		1
550		1
550.1		1
550.2		1
550.3		1
550.4		1
550.5		1
550.6		1
550.7		1
550.8		1
550.9		1
551		1
551.1		1
551.2		1
551.3		1
551.4		1
551.5		1
551.6		1
551.7		1
551.8		1
551.9		1
552		1
552.1		1
552.2		1
552.3		1
552.4		1
552.5		1
552.6		1
552.7		1
552.8		1
552.9		1
553		1
553.1		1
553.2		1
553.3		1
553.4		1
553.5		1
553.6		1
553.7		1
553.8		1
553.9		1
554		1
554.1		1
554.2		1
554.3		1
554.4		1
554.5		1
554.6		1
554.7		1
554.8		1
554.9		1
555		1
555.1		1
555.2		1
555.3		1
555.4		1
555.5		1
555.6		1
555.7		1
555.8		1
555.9		1
556		1
556.1		1
556.2		1
556.3		1
556.4		1
556.5		1
556.6		1
556.7		1
556.8		1
556.9		1
557		1
557.1		1
557.2		1
557.3		1
557.4		1
557.5		1
557.6		1
557.7		1
557.8		1
557.9		1
558		1
558.1		1
558.2		1
558.3		1
558.4		1
558.5		1
558.6		1
558.7		1
558.8		1
558.9		1
559		1
559.1		1
559.2		1
559.3		1
559.4		1
559.5		1
559.6		1
559.7		1
559.8		1
559.9		1
560		1
560.1		1
560.2		1
560.3		1
560.4		1
560.5		1
560.6		1
560.7		1
560.8		1
560.9		1
561		1
561.1		1
561.2		1
561.3		1
561.4		1
561.5		1
561.6		1
561.7		1
561.8		1
561.9		1
562		1
562.1		1
562.2		1
562.3		1
562.4		1
562.5		1
562.6		1
562.7		1
562.8		1
562.9		1
563		1
563.1		1
563.2		1
563.3		1
563.4		1
563.5		1
563.6		1
563.7		1
563.8		1
563.9		1
564		1
564.1		1
564.2		1
564.3		1
564.4		1
564.5		1
564.6		1
564.7		1
564.8		1
564.9		1
565		1
565.1		1
565.2		1
565.3		1
565.4		1
565.5		1
565.6		1
565.7		1
565.8		1
565.9		1
566		1
566.1		1
566.2		1
566.3		1
566.4		1
566.5		1
566.6		1
566.7		1
566.8		1
566.9		1
567		1
567.1		1
567.2		1
567.3		1
567.4		1
567.5		1
567.6		1
567.7		1
567.8		1
567.9		1
568		1
568.1		1
568.2		1
568.3		1
568.4		1
568.5		1
568.6		1
568.7		1
568.8		1
568.9		1
569		1
569.1		1
569.2		1
569.3		1
569.4		1
569.5		1
569.6		1
569.7		1
569.8		1
569.9		1
570		1
570.1		1
570.2		1
570.3		1
570.4		1
570.5		1
570.6		1
570.7		1
570.8		1
570.9		1
571		1
571.1		1
571.2		1
571.3		1
571.4		1
571.5		1
571.6		1
571.7		1
571.8		1
571.9		1
572		1
572.1		1
572.2		1
572.3		1
572.4		1
572.5		1
572.6		1
572.7		1
572.8		1
572.9		1
573		1
573.1		1
573.2		1
573.3		1
573.4		1
573.5		1
573.6		1
573.7		1
573.8		1
573.9		1
574		1
574.1		1
574.2		1
574.3		1
574.4		1
574.5		1
574.6		1
574.7		1
574.8		1
574.9		1
575		1
575.1		1
575.2		1
575.3		1
575.4		1
575.5		1
575.6		1
575.7		1
575.8		1
575.9		1
576		1
576.1		1
576.2		1
576.3		1
576.4		1
576.5		1
576.6		1
576.7		1
576.8		1
576.9		1
577		1
577.1		1
577.2		1
577.3		1
577.4		1
577.5		1
577.6		1
577.7		1
577.8		1
577.9		1
578		1
578.1		1
578.2		1
578.3		1
578.4		1
578.5		1
578.6		1
578.7		1
578.8		1
578.9		1
579		1
579.1		1
579.2		1
579.3		1
579.4		1
579.5		1
579.6		1
579.7		1
579.8		1
579.9		1
580		1
580.1		1
580.2		1
580.3		1
580.4		1
580.5		1
580.6		1
580.7		1
580.8		1
580.9		1
581		1
581.1		1
581.2		1
581.3		1
581.4		1
581.5		1
581.6		1
581.7		1
581.8		1
581.9		1
582		1
582.1		1
582.2		1
582.3		1
582.4		1
582.5		1
582.6		1
582.7		1
582.8		1
582.9		1
583		1
583.1		1
583.2		1
583.3		1
583.4		1
583.5		1
583.6		1
583.7		1
583.8		1
583.9		1
584		1
584.1		1
584.2		1
584.3		1
584.4		1
584.5		1
584.6		1
584.7		1
584.8		1
584.9		1
585		1
585.1		1
585.2		1
585.3		1
585.4		1
585.5		1
585.6		1
585.7		1
585.8		1
585.9		1
586		1
586.1		1
586.2		1
586.3		1
586.4		1
586.5		1
586.6		1
586.7		1
586.8		1
586.9		1
587		1
587.1		1
587.2		1
587.3		1
587.4		1
587.5		1
587.6		1
587.7		1
587.8		1
587.9		1
588		1
588.1		1
588.2		1
588.3		1
588.4		1
588.5		1
588.6		1
588.7		1
588.8		1
588.9		1
589		1
589.1		1
589.2		1
589.3		1
589.4		1
589.5		1
589.6		1
589.7		1
589.8		1
589.9		1
590		1
590.1		1
590.2		1
590.3		1
590.4		1
590.5		1
590.6		1
590.7		1
590.8		1
590.9		1
591		1
591.1		1
591.2		1
591.3		1
591.4		1
591.5		1
591.6		1
591.7		1
591.8		1
591.9		1
592		1
592.1		1
592.2		1
592.3		1
592.4		1
592.5		1
592.6		1
592.7		1
592.8		1
592.9		1
593		1
593.1		1
593.2		1
593.3		1
593.4		1
593.5		1
593.6		1
593.7		1
593.8		1
593.9		1
594		1
594.1		1
594.2		1
594.3		1
594.4		1
594.5		1
594.6		1
594.7		1
594.8		1
594.9		1
595		1
595.1		1
595.2		1
595.3		1
595.4		1
595.5		1
595.6		1
595.7		1
595.8		1
595.9		1
596		1
596.1		1
596.2		1
596.3		1
596.4		1
596.5		1
596.6		1
596.7		1
596.8		1
596.9		1
597		1
597.1		1
597.2		1
597.3		1
597.4		1
597.5		1
597.6		1
597.7		1
597.8		1
597.9		1
598		1
598.1		1
598.2		1
598.3		1
598.4		1
598.5		1
598.6		1
598.7		1
598.8		1
598.9		1
599		1
599.1		1
599.2		1
599.3		1
599.4		1
599.5		1
599.6		1
599.7		1
599.8		1
599.9		1
600		1
