# Calibration file of tamex_id 0 @ channel 42
# fine_T bin		 Calibration value
0.1		0
0.2		0
0.3		0
0.4		0
0.5		0
0.6		0
0.7		0
0.8		0
0.9		0
1		0
1.1		0
1.2		0
1.3		0
1.4		0
1.5		0
1.6		0
1.7		0
1.8		0
1.9		0
2		0
2.1		0
2.2		0
2.3		0
2.4		0
2.5		0
2.6		0
2.7		0
2.8		0
2.9		0
3		0
3.1		0
3.2		0
3.3		0
3.4		0
3.5		0
3.6		0
3.7		0
3.8		0
3.9		0
4		0
4.1		0
4.2		0
4.3		0
4.4		0
4.5		0
4.6		0
4.7		0
4.8		0
4.9		0
5		0
5.1		0
5.2		0
5.3		0
5.4		0
5.5		0
5.6		0
5.7		0
5.8		0
5.9		0
6		0
6.1		0
6.2		0
6.3		0
6.4		0
6.5		0
6.6		0
6.7		0
6.8		0
6.9		0
7		0
7.1		0
7.2		0
7.3		0
7.4		0
7.5		0
7.6		0
7.7		0
7.8		0
7.9		0
8		0
8.1		0
8.2		0
8.3		0
8.4		0
8.5		0
8.6		0
8.7		0
8.8		0
8.9		0
9		0
9.1		0
9.2		0
9.3		0
9.4		0
9.5		0
9.6		0
9.7		0
9.8		0
9.9		0
10		0
10.1		0
10.2		0
10.3		0
10.4		0
10.5		0
10.6		0
10.7		0
10.8		0
10.9		0
11		0
11.1		0
11.2		0
11.3		0
11.4		0
11.5		0
11.6		0
11.7		0
11.8		0
11.9		0
12		0
12.1		0
12.2		0
12.3		0
12.4		0
12.5		0
12.6		0
12.7		0
12.8		0
12.9		0
13		0
13.1		0
13.2		0
13.3		0
13.4		0
13.5		0
13.6		0
13.7		0
13.8		0
13.9		0
14		0
14.1		0
14.2		0
14.3		0
14.4		0
14.5		0
14.6		0
14.7		0
14.8		0
14.9		0
15		0
15.1		0
15.2		0
15.3		0
15.4		0
15.5		0
15.6		0
15.7		0
15.8		0
15.9		0
16		0
16.1		0
16.2		0
16.3		0
16.4		0
16.5		0
16.6		0
16.7		0
16.8		0
16.9		0
17		0
17.1		0.0078973
17.2		0.0078973
17.3		0.0078973
17.4		0.0078973
17.5		0.0078973
17.6		0.0078973
17.7		0.0078973
17.8		0.0078973
17.9		0.0078973
18		0.0078973
18.1		0.00991931
18.2		0.00991931
18.3		0.00991931
18.4		0.00991931
18.5		0.00991931
18.6		0.00991931
18.7		0.00991931
18.8		0.00991931
18.9		0.00991931
19		0.00991931
19.1		0.0110066
19.2		0.0110066
19.3		0.0110066
19.4		0.0110066
19.5		0.0110066
19.6		0.0110066
19.7		0.0110066
19.8		0.0110066
19.9		0.0110066
20		0.0110066
20.1		0.0165195
20.2		0.0165195
20.3		0.0165195
20.4		0.0165195
20.5		0.0165195
20.6		0.0165195
20.7		0.0165195
20.8		0.0165195
20.9		0.0165195
21		0.0165195
21.1		0.0182363
21.2		0.0182363
21.3		0.0182363
21.4		0.0182363
21.5		0.0182363
21.6		0.0182363
21.7		0.0182363
21.8		0.0182363
21.9		0.0182363
22		0.0182363
22.1		0.0228716
22.2		0.0228716
22.3		0.0228716
22.4		0.0228716
22.5		0.0228716
22.6		0.0228716
22.7		0.0228716
22.8		0.0228716
22.9		0.0228716
23		0.0228716
23.1		0.0230433
23.2		0.0230433
23.3		0.0230433
23.4		0.0230433
23.5		0.0230433
23.6		0.0230433
23.7		0.0230433
23.8		0.0230433
23.9		0.0230433
24		0.0230433
24.1		0.0239589
24.2		0.0239589
24.3		0.0239589
24.4		0.0239589
24.5		0.0239589
24.6		0.0239589
24.7		0.0239589
24.8		0.0239589
24.9		0.0239589
25		0.0239589
25.1		0.025485
25.2		0.025485
25.3		0.025485
25.4		0.025485
25.5		0.025485
25.6		0.025485
25.7		0.025485
25.8		0.025485
25.9		0.025485
26		0.025485
26.1		0.0276787
26.2		0.0276787
26.3		0.0276787
26.4		0.0276787
26.5		0.0276787
26.6		0.0276787
26.7		0.0276787
26.8		0.0276787
26.9		0.0276787
27		0.0276787
27.1		0.0301204
27.2		0.0301204
27.3		0.0301204
27.4		0.0301204
27.5		0.0301204
27.6		0.0301204
27.7		0.0301204
27.8		0.0301204
27.9		0.0301204
28		0.0301204
28.1		0.0331343
28.2		0.0331343
28.3		0.0331343
28.4		0.0331343
28.5		0.0331343
28.6		0.0331343
28.7		0.0331343
28.8		0.0331343
28.9		0.0331343
29		0.0331343
29.1		0.0337447
29.2		0.0337447
29.3		0.0337447
29.4		0.0337447
29.5		0.0337447
29.6		0.0337447
29.7		0.0337447
29.8		0.0337447
29.9		0.0337447
30		0.0337447
30.1		0.0345268
30.2		0.0345268
30.3		0.0345268
30.4		0.0345268
30.5		0.0345268
30.6		0.0345268
30.7		0.0345268
30.8		0.0345268
30.9		0.0345268
31		0.0345268
31.1		0.0364916
31.2		0.0364916
31.3		0.0364916
31.4		0.0364916
31.5		0.0364916
31.6		0.0364916
31.7		0.0364916
31.8		0.0364916
31.9		0.0364916
32		0.0364916
32.1		0.0379414
32.2		0.0379414
32.3		0.0379414
32.4		0.0379414
32.5		0.0379414
32.6		0.0379414
32.7		0.0379414
32.8		0.0379414
32.9		0.0379414
33		0.0379414
33.1		0.041394
33.2		0.041394
33.3		0.041394
33.4		0.041394
33.5		0.041394
33.6		0.041394
33.7		0.041394
33.8		0.041394
33.9		0.041394
34		0.041394
34.1		0.0449612
34.2		0.0449612
34.3		0.0449612
34.4		0.0449612
34.5		0.0449612
34.6		0.0449612
34.7		0.0449612
34.8		0.0449612
34.9		0.0449612
35		0.0449612
35.1		0.0455144
35.2		0.0455144
35.3		0.0455144
35.4		0.0455144
35.5		0.0455144
35.6		0.0455144
35.7		0.0455144
35.8		0.0455144
35.9		0.0455144
36		0.0455144
36.1		0.0466398
36.2		0.0466398
36.3		0.0466398
36.4		0.0466398
36.5		0.0466398
36.6		0.0466398
36.7		0.0466398
36.8		0.0466398
36.9		0.0466398
37		0.0466398
37.1		0.0503787
37.2		0.0503787
37.3		0.0503787
37.4		0.0503787
37.5		0.0503787
37.6		0.0503787
37.7		0.0503787
37.8		0.0503787
37.9		0.0503787
38		0.0503787
38.1		0.0535834
38.2		0.0535834
38.3		0.0535834
38.4		0.0535834
38.5		0.0535834
38.6		0.0535834
38.7		0.0535834
38.8		0.0535834
38.9		0.0535834
39		0.0535834
39.1		0.0540984
39.2		0.0540984
39.3		0.0540984
39.4		0.0540984
39.5		0.0540984
39.6		0.0540984
39.7		0.0540984
39.8		0.0540984
39.9		0.0540984
40		0.0540984
40.1		0.0555481
40.2		0.0555481
40.3		0.0555481
40.4		0.0555481
40.5		0.0555481
40.6		0.0555481
40.7		0.0555481
40.8		0.0555481
40.9		0.0555481
41		0.0555481
41.1		0.0573985
41.2		0.0573985
41.3		0.0573985
41.4		0.0573985
41.5		0.0573985
41.6		0.0573985
41.7		0.0573985
41.8		0.0573985
41.9		0.0573985
42		0.0573985
42.1		0.0588673
42.2		0.0588673
42.3		0.0588673
42.4		0.0588673
42.5		0.0588673
42.6		0.0588673
42.7		0.0588673
42.8		0.0588673
42.9		0.0588673
43		0.0588673
43.1		0.0613662
43.2		0.0613662
43.3		0.0613662
43.4		0.0613662
43.5		0.0613662
43.6		0.0613662
43.7		0.0613662
43.8		0.0613662
43.9		0.0613662
44		0.0613662
44.1		0.0621864
44.2		0.0621864
44.3		0.0621864
44.4		0.0621864
44.5		0.0621864
44.6		0.0621864
44.7		0.0621864
44.8		0.0621864
44.9		0.0621864
45		0.0621864
45.1		0.0641131
45.2		0.0641131
45.3		0.0641131
45.4		0.0641131
45.5		0.0641131
45.6		0.0641131
45.7		0.0641131
45.8		0.0641131
45.9		0.0641131
46		0.0641131
46.1		0.0679282
46.2		0.0679282
46.3		0.0679282
46.4		0.0679282
46.5		0.0679282
46.6		0.0679282
46.7		0.0679282
46.8		0.0679282
46.9		0.0679282
47		0.0679282
47.1		0.0693779
47.2		0.0693779
47.3		0.0693779
47.4		0.0693779
47.5		0.0693779
47.6		0.0693779
47.7		0.0693779
47.8		0.0693779
47.9		0.0693779
48		0.0693779
48.1		0.07016
48.2		0.07016
48.3		0.07016
48.4		0.07016
48.5		0.07016
48.6		0.07016
48.7		0.07016
48.8		0.07016
48.9		0.07016
49		0.07016
49.1		0.0753105
49.2		0.0753105
49.3		0.0753105
49.4		0.0753105
49.5		0.0753105
49.6		0.0753105
49.7		0.0753105
49.8		0.0753105
49.9		0.0753105
50		0.0753105
50.1		0.0755394
50.2		0.0755394
50.3		0.0755394
50.4		0.0755394
50.5		0.0755394
50.6		0.0755394
50.7		0.0755394
50.8		0.0755394
50.9		0.0755394
51		0.0755394
51.1		0.0774278
51.2		0.0774278
51.3		0.0774278
51.4		0.0774278
51.5		0.0774278
51.6		0.0774278
51.7		0.0774278
51.8		0.0774278
51.9		0.0774278
52		0.0774278
52.1		0.0810522
52.2		0.0810522
52.3		0.0810522
52.4		0.0810522
52.5		0.0810522
52.6		0.0810522
52.7		0.0810522
52.8		0.0810522
52.9		0.0810522
53		0.0810522
53.1		0.081243
53.2		0.081243
53.3		0.081243
53.4		0.081243
53.5		0.081243
53.6		0.081243
53.7		0.081243
53.8		0.081243
53.9		0.081243
54		0.081243
54.1		0.0861835
54.2		0.0861835
54.3		0.0861835
54.4		0.0861835
54.5		0.0861835
54.6		0.0861835
54.7		0.0861835
54.8		0.0861835
54.9		0.0861835
55		0.0861835
55.1		0.0872136
55.2		0.0872136
55.3		0.0872136
55.4		0.0872136
55.5		0.0872136
55.6		0.0872136
55.7		0.0872136
55.8		0.0872136
55.9		0.0872136
56		0.0872136
56.1		0.0874616
56.2		0.0874616
56.3		0.0874616
56.4		0.0874616
56.5		0.0874616
56.6		0.0874616
56.7		0.0874616
56.8		0.0874616
56.9		0.0874616
57		0.0874616
57.1		0.0896744
57.2		0.0896744
57.3		0.0896744
57.4		0.0896744
57.5		0.0896744
57.6		0.0896744
57.7		0.0896744
57.8		0.0896744
57.9		0.0896744
58		0.0896744
58.1		0.0910478
58.2		0.0910478
58.3		0.0910478
58.4		0.0910478
58.5		0.0910478
58.6		0.0910478
58.7		0.0910478
58.8		0.0910478
58.9		0.0910478
59		0.0910478
59.1		0.0964844
59.2		0.0964844
59.3		0.0964844
59.4		0.0964844
59.5		0.0964844
59.6		0.0964844
59.7		0.0964844
59.8		0.0964844
59.9		0.0964844
60		0.0964844
60.1		0.0966179
60.2		0.0966179
60.3		0.0966179
60.4		0.0966179
60.5		0.0966179
60.6		0.0966179
60.7		0.0966179
60.8		0.0966179
60.9		0.0966179
61		0.0966179
61.1		0.0967514
61.2		0.0967514
61.3		0.0967514
61.4		0.0967514
61.5		0.0967514
61.6		0.0967514
61.7		0.0967514
61.8		0.0967514
61.9		0.0967514
62		0.0967514
62.1		0.0984492
62.2		0.0984492
62.3		0.0984492
62.4		0.0984492
62.5		0.0984492
62.6		0.0984492
62.7		0.0984492
62.8		0.0984492
62.9		0.0984492
63		0.0984492
63.1		0.102093
63.2		0.102093
63.3		0.102093
63.4		0.102093
63.5		0.102093
63.6		0.102093
63.7		0.102093
63.8		0.102093
63.9		0.102093
64		0.102093
64.1		0.1036
64.2		0.1036
64.3		0.1036
64.4		0.1036
64.5		0.1036
64.6		0.1036
64.7		0.1036
64.8		0.1036
64.9		0.1036
65		0.1036
65.1		0.106003
65.2		0.106003
65.3		0.106003
65.4		0.106003
65.5		0.106003
65.6		0.106003
65.7		0.106003
65.8		0.106003
65.9		0.106003
66		0.106003
66.1		0.107319
66.2		0.107319
66.3		0.107319
66.4		0.107319
66.5		0.107319
66.6		0.107319
66.7		0.107319
66.8		0.107319
66.9		0.107319
67		0.107319
67.1		0.108464
67.2		0.108464
67.3		0.108464
67.4		0.108464
67.5		0.108464
67.6		0.108464
67.7		0.108464
67.8		0.108464
67.9		0.108464
68		0.108464
68.1		0.110658
68.2		0.110658
68.3		0.110658
68.4		0.110658
68.5		0.110658
68.6		0.110658
68.7		0.110658
68.8		0.110658
68.9		0.110658
69		0.110658
69.1		0.11474
69.2		0.11474
69.3		0.11474
69.4		0.11474
69.5		0.11474
69.6		0.11474
69.7		0.11474
69.8		0.11474
69.9		0.11474
70		0.11474
70.1		0.115426
70.2		0.115426
70.3		0.115426
70.4		0.115426
70.5		0.115426
70.6		0.115426
70.7		0.115426
70.8		0.115426
70.9		0.115426
71		0.115426
71.1		0.116972
71.2		0.116972
71.3		0.116972
71.4		0.116972
71.5		0.116972
71.6		0.116972
71.7		0.116972
71.8		0.116972
71.9		0.116972
72		0.116972
72.1		0.120062
72.2		0.120062
72.3		0.120062
72.4		0.120062
72.5		0.120062
72.6		0.120062
72.7		0.120062
72.8		0.120062
72.9		0.120062
73		0.120062
73.1		0.120405
73.2		0.120405
73.3		0.120405
73.4		0.120405
73.5		0.120405
73.6		0.120405
73.7		0.120405
73.8		0.120405
73.9		0.120405
74		0.120405
74.1		0.120825
74.2		0.120825
74.3		0.120825
74.4		0.120825
74.5		0.120825
74.6		0.120825
74.7		0.120825
74.8		0.120825
74.9		0.120825
75		0.120825
75.1		0.125613
75.2		0.125613
75.3		0.125613
75.4		0.125613
75.5		0.125613
75.6		0.125613
75.7		0.125613
75.8		0.125613
75.9		0.125613
76		0.125613
76.1		0.128741
76.2		0.128741
76.3		0.128741
76.4		0.128741
76.5		0.128741
76.6		0.128741
76.7		0.128741
76.8		0.128741
76.9		0.128741
77		0.128741
77.1		0.130057
77.2		0.130057
77.3		0.130057
77.4		0.130057
77.5		0.130057
77.6		0.130057
77.7		0.130057
77.8		0.130057
77.9		0.130057
78		0.130057
78.1		0.131507
78.2		0.131507
78.3		0.131507
78.4		0.131507
78.5		0.131507
78.6		0.131507
78.7		0.131507
78.8		0.131507
78.9		0.131507
79		0.131507
79.1		0.132556
79.2		0.132556
79.3		0.132556
79.4		0.132556
79.5		0.132556
79.6		0.132556
79.7		0.132556
79.8		0.132556
79.9		0.132556
80		0.132556
80.1		0.139843
80.2		0.139843
80.3		0.139843
80.4		0.139843
80.5		0.139843
80.6		0.139843
80.7		0.139843
80.8		0.139843
80.9		0.139843
81		0.139843
81.1		0.140644
81.2		0.140644
81.3		0.140644
81.4		0.140644
81.5		0.140644
81.6		0.140644
81.7		0.140644
81.8		0.140644
81.9		0.140644
82		0.140644
82.1		0.140778
82.2		0.140778
82.3		0.140778
82.4		0.140778
82.5		0.140778
82.6		0.140778
82.7		0.140778
82.8		0.140778
82.9		0.140778
83		0.140778
83.1		0.141007
83.2		0.141007
83.3		0.141007
83.4		0.141007
83.5		0.141007
83.6		0.141007
83.7		0.141007
83.8		0.141007
83.9		0.141007
84		0.141007
84.1		0.142857
84.2		0.142857
84.3		0.142857
84.4		0.142857
84.5		0.142857
84.6		0.142857
84.7		0.142857
84.8		0.142857
84.9		0.142857
85		0.142857
85.1		0.14692
85.2		0.14692
85.3		0.14692
85.4		0.14692
85.5		0.14692
85.6		0.14692
85.7		0.14692
85.8		0.14692
85.9		0.14692
86		0.14692
86.1		0.149705
86.2		0.149705
86.3		0.149705
86.4		0.149705
86.5		0.149705
86.6		0.149705
86.7		0.149705
86.8		0.149705
86.9		0.149705
87		0.149705
87.1		0.150583
87.2		0.150583
87.3		0.150583
87.4		0.150583
87.5		0.150583
87.6		0.150583
87.7		0.150583
87.8		0.150583
87.9		0.150583
88		0.150583
88.1		0.151575
88.2		0.151575
88.3		0.151575
88.4		0.151575
88.5		0.151575
88.6		0.151575
88.7		0.151575
88.8		0.151575
88.9		0.151575
89		0.151575
89.1		0.152872
89.2		0.152872
89.3		0.152872
89.4		0.152872
89.5		0.152872
89.6		0.152872
89.7		0.152872
89.8		0.152872
89.9		0.152872
90		0.152872
90.1		0.154055
90.2		0.154055
90.3		0.154055
90.4		0.154055
90.5		0.154055
90.6		0.154055
90.7		0.154055
90.8		0.154055
90.9		0.154055
91		0.154055
91.1		0.157355
91.2		0.157355
91.3		0.157355
91.4		0.157355
91.5		0.157355
91.6		0.157355
91.7		0.157355
91.8		0.157355
91.9		0.157355
92		0.157355
92.1		0.158385
92.2		0.158385
92.3		0.158385
92.4		0.158385
92.5		0.158385
92.6		0.158385
92.7		0.158385
92.8		0.158385
92.9		0.158385
93		0.158385
93.1		0.162391
93.2		0.162391
93.3		0.162391
93.4		0.162391
93.5		0.162391
93.6		0.162391
93.7		0.162391
93.8		0.162391
93.9		0.162391
94		0.162391
94.1		0.164298
94.2		0.164298
94.3		0.164298
94.4		0.164298
94.5		0.164298
94.6		0.164298
94.7		0.164298
94.8		0.164298
94.9		0.164298
95		0.164298
95.1		0.164775
95.2		0.164775
95.3		0.164775
95.4		0.164775
95.5		0.164775
95.6		0.164775
95.7		0.164775
95.8		0.164775
95.9		0.164775
96		0.164775
96.1		0.16756
96.2		0.16756
96.3		0.16756
96.4		0.16756
96.5		0.16756
96.6		0.16756
96.7		0.16756
96.8		0.16756
96.9		0.16756
97		0.16756
97.1		0.172443
97.2		0.172443
97.3		0.172443
97.4		0.172443
97.5		0.172443
97.6		0.172443
97.7		0.172443
97.8		0.172443
97.9		0.172443
98		0.172443
98.1		0.17498
98.2		0.17498
98.3		0.17498
98.4		0.17498
98.5		0.17498
98.6		0.17498
98.7		0.17498
98.8		0.17498
98.9		0.17498
99		0.17498
99.1		0.175572
99.2		0.175572
99.3		0.175572
99.4		0.175572
99.5		0.175572
99.6		0.175572
99.7		0.175572
99.8		0.175572
99.9		0.175572
100		0.175572
100.1		0.176449
100.2		0.176449
100.3		0.176449
100.4		0.176449
100.5		0.176449
100.6		0.176449
100.7		0.176449
100.8		0.176449
100.9		0.176449
101		0.176449
101.1		0.17891
101.2		0.17891
101.3		0.17891
101.4		0.17891
101.5		0.17891
101.6		0.17891
101.7		0.17891
101.8		0.17891
101.9		0.17891
102		0.17891
102.1		0.181676
102.2		0.181676
102.3		0.181676
102.4		0.181676
102.5		0.181676
102.6		0.181676
102.7		0.181676
102.8		0.181676
102.9		0.181676
103		0.181676
103.1		0.184461
103.2		0.184461
103.3		0.184461
103.4		0.184461
103.5		0.184461
103.6		0.184461
103.7		0.184461
103.8		0.184461
103.9		0.184461
104		0.184461
104.1		0.186483
104.2		0.186483
104.3		0.186483
104.4		0.186483
104.5		0.186483
104.6		0.186483
104.7		0.186483
104.8		0.186483
104.9		0.186483
105		0.186483
105.1		0.187856
105.2		0.187856
105.3		0.187856
105.4		0.187856
105.5		0.187856
105.6		0.187856
105.7		0.187856
105.8		0.187856
105.9		0.187856
106		0.187856
106.1		0.191633
106.2		0.191633
106.3		0.191633
106.4		0.191633
106.5		0.191633
106.6		0.191633
106.7		0.191633
106.8		0.191633
106.9		0.191633
107		0.191633
107.1		0.191786
107.2		0.191786
107.3		0.191786
107.4		0.191786
107.5		0.191786
107.6		0.191786
107.7		0.191786
107.8		0.191786
107.9		0.191786
108		0.191786
108.1		0.191977
108.2		0.191977
108.3		0.191977
108.4		0.191977
108.5		0.191977
108.6		0.191977
108.7		0.191977
108.8		0.191977
108.9		0.191977
109		0.191977
109.1		0.19604
109.2		0.19604
109.3		0.19604
109.4		0.19604
109.5		0.19604
109.6		0.19604
109.7		0.19604
109.8		0.19604
109.9		0.19604
110		0.19604
110.1		0.198215
110.2		0.198215
110.3		0.198215
110.4		0.198215
110.5		0.198215
110.6		0.198215
110.7		0.198215
110.8		0.198215
110.9		0.198215
111		0.198215
111.1		0.201591
111.2		0.201591
111.3		0.201591
111.4		0.201591
111.5		0.201591
111.6		0.201591
111.7		0.201591
111.8		0.201591
111.9		0.201591
112		0.201591
112.1		0.203289
112.2		0.203289
112.3		0.203289
112.4		0.203289
112.5		0.203289
112.6		0.203289
112.7		0.203289
112.8		0.203289
112.9		0.203289
113		0.203289
113.1		0.205044
113.2		0.205044
113.3		0.205044
113.4		0.205044
113.5		0.205044
113.6		0.205044
113.7		0.205044
113.8		0.205044
113.9		0.205044
114		0.205044
114.1		0.2076
114.2		0.2076
114.3		0.2076
114.4		0.2076
114.5		0.2076
114.6		0.2076
114.7		0.2076
114.8		0.2076
114.9		0.2076
115		0.2076
115.1		0.208439
115.2		0.208439
115.3		0.208439
115.4		0.208439
115.5		0.208439
115.6		0.208439
115.7		0.208439
115.8		0.208439
115.9		0.208439
116		0.208439
116.1		0.211339
116.2		0.211339
116.3		0.211339
116.4		0.211339
116.5		0.211339
116.6		0.211339
116.7		0.211339
116.8		0.211339
116.9		0.211339
117		0.211339
117.1		0.214581
117.2		0.214581
117.3		0.214581
117.4		0.214581
117.5		0.214581
117.6		0.214581
117.7		0.214581
117.8		0.214581
117.9		0.214581
118		0.214581
118.1		0.215993
118.2		0.215993
118.3		0.215993
118.4		0.215993
118.5		0.215993
118.6		0.215993
118.7		0.215993
118.8		0.215993
118.9		0.215993
119		0.215993
119.1		0.218053
119.2		0.218053
119.3		0.218053
119.4		0.218053
119.5		0.218053
119.6		0.218053
119.7		0.218053
119.8		0.218053
119.9		0.218053
120		0.218053
120.1		0.21914
120.2		0.21914
120.3		0.21914
120.4		0.21914
120.5		0.21914
120.6		0.21914
120.7		0.21914
120.8		0.21914
120.9		0.21914
121		0.21914
121.1		0.219732
121.2		0.219732
121.3		0.219732
121.4		0.219732
121.5		0.219732
121.6		0.219732
121.7		0.219732
121.8		0.219732
121.9		0.219732
122		0.219732
122.1		0.224539
122.2		0.224539
122.3		0.224539
122.4		0.224539
122.5		0.224539
122.6		0.224539
122.7		0.224539
122.8		0.224539
122.9		0.224539
123		0.224539
123.1		0.225989
123.2		0.225989
123.3		0.225989
123.4		0.225989
123.5		0.225989
123.6		0.225989
123.7		0.225989
123.8		0.225989
123.9		0.225989
124		0.225989
124.1		0.228259
124.2		0.228259
124.3		0.228259
124.4		0.228259
124.5		0.228259
124.6		0.228259
124.7		0.228259
124.8		0.228259
124.9		0.228259
125		0.228259
125.1		0.230529
125.2		0.230529
125.3		0.230529
125.4		0.230529
125.5		0.230529
125.6		0.230529
125.7		0.230529
125.8		0.230529
125.9		0.230529
126		0.230529
126.1		0.232589
126.2		0.232589
126.3		0.232589
126.4		0.232589
126.5		0.232589
126.6		0.232589
126.7		0.232589
126.8		0.232589
126.9		0.232589
127		0.232589
127.1		0.234458
127.2		0.234458
127.3		0.234458
127.4		0.234458
127.5		0.234458
127.6		0.234458
127.7		0.234458
127.8		0.234458
127.9		0.234458
128		0.234458
128.1		0.235755
128.2		0.235755
128.3		0.235755
128.4		0.235755
128.5		0.235755
128.6		0.235755
128.7		0.235755
128.8		0.235755
128.9		0.235755
129		0.235755
129.1		0.239799
129.2		0.239799
129.3		0.239799
129.4		0.239799
129.5		0.239799
129.6		0.239799
129.7		0.239799
129.8		0.239799
129.9		0.239799
130		0.239799
130.1		0.240333
130.2		0.240333
130.3		0.240333
130.4		0.240333
130.5		0.240333
130.6		0.240333
130.7		0.240333
130.8		0.240333
130.9		0.240333
131		0.240333
131.1		0.241745
131.2		0.241745
131.3		0.241745
131.4		0.241745
131.5		0.241745
131.6		0.241745
131.7		0.241745
131.8		0.241745
131.9		0.241745
132		0.241745
132.1		0.242298
132.2		0.242298
132.3		0.242298
132.4		0.242298
132.5		0.242298
132.6		0.242298
132.7		0.242298
132.8		0.242298
132.9		0.242298
133		0.242298
133.1		0.246609
133.2		0.246609
133.3		0.246609
133.4		0.246609
133.5		0.246609
133.6		0.246609
133.7		0.246609
133.8		0.246609
133.9		0.246609
134		0.246609
134.1		0.246915
134.2		0.246915
134.3		0.246915
134.4		0.246915
134.5		0.246915
134.6		0.246915
134.7		0.246915
134.8		0.246915
134.9		0.246915
135		0.246915
135.1		0.250863
135.2		0.250863
135.3		0.250863
135.4		0.250863
135.5		0.250863
135.6		0.250863
135.7		0.250863
135.8		0.250863
135.9		0.250863
136		0.250863
136.1		0.25485
136.2		0.25485
136.3		0.25485
136.4		0.25485
136.5		0.25485
136.6		0.25485
136.7		0.25485
136.8		0.25485
136.9		0.25485
137		0.25485
137.1		0.254964
137.2		0.254964
137.3		0.254964
137.4		0.254964
137.5		0.254964
137.6		0.254964
137.7		0.254964
137.8		0.254964
137.9		0.254964
138		0.254964
138.1		0.25651
138.2		0.25651
138.3		0.25651
138.4		0.25651
138.5		0.25651
138.6		0.25651
138.7		0.25651
138.8		0.25651
138.9		0.25651
139		0.25651
139.1		0.258284
139.2		0.258284
139.3		0.258284
139.4		0.258284
139.5		0.258284
139.6		0.258284
139.7		0.258284
139.8		0.258284
139.9		0.258284
140		0.258284
140.1		0.264006
140.2		0.264006
140.3		0.264006
140.4		0.264006
140.5		0.264006
140.6		0.264006
140.7		0.264006
140.8		0.264006
140.9		0.264006
141		0.264006
141.1		0.264388
141.2		0.264388
141.3		0.264388
141.4		0.264388
141.5		0.264388
141.6		0.264388
141.7		0.264388
141.8		0.264388
141.9		0.264388
142		0.264388
142.1		0.266047
142.2		0.266047
142.3		0.266047
142.4		0.266047
142.5		0.266047
142.6		0.266047
142.7		0.266047
142.8		0.266047
142.9		0.266047
143		0.266047
143.1		0.267974
143.2		0.267974
143.3		0.267974
143.4		0.267974
143.5		0.267974
143.6		0.267974
143.7		0.267974
143.8		0.267974
143.9		0.267974
144		0.267974
144.1		0.272266
144.2		0.272266
144.3		0.272266
144.4		0.272266
144.5		0.272266
144.6		0.272266
144.7		0.272266
144.8		0.272266
144.9		0.272266
145		0.272266
145.1		0.272743
145.2		0.272743
145.3		0.272743
145.4		0.272743
145.5		0.272743
145.6		0.272743
145.7		0.272743
145.8		0.272743
145.9		0.272743
146		0.272743
146.1		0.274231
146.2		0.274231
146.3		0.274231
146.4		0.274231
146.5		0.274231
146.6		0.274231
146.7		0.274231
146.8		0.274231
146.9		0.274231
147		0.274231
147.1		0.274536
147.2		0.274536
147.3		0.274536
147.4		0.274536
147.5		0.274536
147.6		0.274536
147.7		0.274536
147.8		0.274536
147.9		0.274536
148		0.274536
148.1		0.278351
148.2		0.278351
148.3		0.278351
148.4		0.278351
148.5		0.278351
148.6		0.278351
148.7		0.278351
148.8		0.278351
148.9		0.278351
149		0.278351
149.1		0.282262
149.2		0.282262
149.3		0.282262
149.4		0.282262
149.5		0.282262
149.6		0.282262
149.7		0.282262
149.8		0.282262
149.9		0.282262
150		0.282262
150.1		0.283921
150.2		0.283921
150.3		0.283921
150.4		0.283921
150.5		0.283921
150.6		0.283921
150.7		0.283921
150.8		0.283921
150.9		0.283921
151		0.283921
151.1		0.284226
151.2		0.284226
151.3		0.284226
151.4		0.284226
151.5		0.284226
151.6		0.284226
151.7		0.284226
151.8		0.284226
151.9		0.284226
152		0.284226
152.1		0.288747
152.2		0.288747
152.3		0.288747
152.4		0.288747
152.5		0.288747
152.6		0.288747
152.7		0.288747
152.8		0.288747
152.9		0.288747
153		0.288747
153.1		0.289587
153.2		0.289587
153.3		0.289587
153.4		0.289587
153.5		0.289587
153.6		0.289587
153.7		0.289587
153.8		0.289587
153.9		0.289587
154		0.289587
154.1		0.289816
154.2		0.289816
154.3		0.289816
154.4		0.289816
154.5		0.289816
154.6		0.289816
154.7		0.289816
154.8		0.289816
154.9		0.289816
155		0.289816
155.1		0.293058
155.2		0.293058
155.3		0.293058
155.4		0.293058
155.5		0.293058
155.6		0.293058
155.7		0.293058
155.8		0.293058
155.9		0.293058
156		0.293058
156.1		0.296282
156.2		0.296282
156.3		0.296282
156.4		0.296282
156.5		0.296282
156.6		0.296282
156.7		0.296282
156.8		0.296282
156.9		0.296282
157		0.296282
157.1		0.299563
157.2		0.299563
157.3		0.299563
157.4		0.299563
157.5		0.299563
157.6		0.299563
157.7		0.299563
157.8		0.299563
157.9		0.299563
158		0.299563
158.1		0.299907
158.2		0.299907
158.3		0.299907
158.4		0.299907
158.5		0.299907
158.6		0.299907
158.7		0.299907
158.8		0.299907
158.9		0.299907
159		0.299907
159.1		0.300898
159.2		0.300898
159.3		0.300898
159.4		0.300898
159.5		0.300898
159.6		0.300898
159.7		0.300898
159.8		0.300898
159.9		0.300898
160		0.300898
160.1		0.303378
160.2		0.303378
160.3		0.303378
160.4		0.303378
160.5		0.303378
160.6		0.303378
160.7		0.303378
160.8		0.303378
160.9		0.303378
161		0.303378
161.1		0.306163
161.2		0.306163
161.3		0.306163
161.4		0.306163
161.5		0.306163
161.6		0.306163
161.7		0.306163
161.8		0.306163
161.9		0.306163
162		0.306163
162.1		0.309711
162.2		0.309711
162.3		0.309711
162.4		0.309711
162.5		0.309711
162.6		0.309711
162.7		0.309711
162.8		0.309711
162.9		0.309711
163		0.309711
163.1		0.31015
163.2		0.31015
163.3		0.31015
163.4		0.31015
163.5		0.31015
163.6		0.31015
163.7		0.31015
163.8		0.31015
163.9		0.31015
164		0.31015
164.1		0.310532
164.2		0.310532
164.3		0.310532
164.4		0.310532
164.5		0.310532
164.6		0.310532
164.7		0.310532
164.8		0.310532
164.9		0.310532
165		0.310532
165.1		0.31387
165.2		0.31387
165.3		0.31387
165.4		0.31387
165.5		0.31387
165.6		0.31387
165.7		0.31387
165.8		0.31387
165.9		0.31387
166		0.31387
166.1		0.320146
166.2		0.320146
166.3		0.320146
166.4		0.320146
166.5		0.320146
166.6		0.320146
166.7		0.320146
166.8		0.320146
166.9		0.320146
167		0.320146
167.1		0.320565
167.2		0.320565
167.3		0.320565
167.4		0.320565
167.5		0.320565
167.6		0.320565
167.7		0.320565
167.8		0.320565
167.9		0.320565
168		0.320565
168.1		0.320852
168.2		0.320852
168.3		0.320852
168.4		0.320852
168.5		0.320852
168.6		0.320852
168.7		0.320852
168.8		0.320852
168.9		0.320852
169		0.320852
169.1		0.321767
169.2		0.321767
169.3		0.321767
169.4		0.321767
169.5		0.321767
169.6		0.321767
169.7		0.321767
169.8		0.321767
169.9		0.321767
170		0.321767
170.1		0.32686
170.2		0.32686
170.3		0.32686
170.4		0.32686
170.5		0.32686
170.6		0.32686
170.7		0.32686
170.8		0.32686
170.9		0.32686
171		0.32686
171.1		0.3281
171.2		0.3281
171.3		0.3281
171.4		0.3281
171.5		0.3281
171.6		0.3281
171.7		0.3281
171.8		0.3281
171.9		0.3281
172		0.3281
172.1		0.331248
172.2		0.331248
172.3		0.331248
172.4		0.331248
172.5		0.331248
172.6		0.331248
172.7		0.331248
172.8		0.331248
172.9		0.331248
173		0.331248
173.1		0.331591
173.2		0.331591
173.3		0.331591
173.4		0.331591
173.5		0.331591
173.6		0.331591
173.7		0.331591
173.8		0.331591
173.9		0.331591
174		0.331591
174.1		0.335921
174.2		0.335921
174.3		0.335921
174.4		0.335921
174.5		0.335921
174.6		0.335921
174.7		0.335921
174.8		0.335921
174.9		0.335921
175		0.335921
175.1		0.336761
175.2		0.336761
175.3		0.336761
175.4		0.336761
175.5		0.336761
175.6		0.336761
175.7		0.336761
175.8		0.336761
175.9		0.336761
176		0.336761
176.1		0.338516
176.2		0.338516
176.3		0.338516
176.4		0.338516
176.5		0.338516
176.6		0.338516
176.7		0.338516
176.8		0.338516
176.9		0.338516
177		0.338516
177.1		0.33945
177.2		0.33945
177.3		0.33945
177.4		0.33945
177.5		0.33945
177.6		0.33945
177.7		0.33945
177.8		0.33945
177.9		0.33945
178		0.33945
178.1		0.342846
178.2		0.342846
178.3		0.342846
178.4		0.342846
178.5		0.342846
178.6		0.342846
178.7		0.342846
178.8		0.342846
178.9		0.342846
179		0.342846
179.1		0.344925
179.2		0.344925
179.3		0.344925
179.4		0.344925
179.5		0.344925
179.6		0.344925
179.7		0.344925
179.8		0.344925
179.9		0.344925
180		0.344925
180.1		0.347042
180.2		0.347042
180.3		0.347042
180.4		0.347042
180.5		0.347042
180.6		0.347042
180.7		0.347042
180.8		0.347042
180.9		0.347042
181		0.347042
181.1		0.348855
181.2		0.348855
181.3		0.348855
181.4		0.348855
181.5		0.348855
181.6		0.348855
181.7		0.348855
181.8		0.348855
181.9		0.348855
182		0.348855
182.1		0.353242
182.2		0.353242
182.3		0.353242
182.4		0.353242
182.5		0.353242
182.6		0.353242
182.7		0.353242
182.8		0.353242
182.9		0.353242
183		0.353242
183.1		0.354215
183.2		0.354215
183.3		0.354215
183.4		0.354215
183.5		0.354215
183.6		0.354215
183.7		0.354215
183.8		0.354215
183.9		0.354215
184		0.354215
184.1		0.354463
184.2		0.354463
184.3		0.354463
184.4		0.354463
184.5		0.354463
184.6		0.354463
184.7		0.354463
184.8		0.354463
184.9		0.354463
185		0.354463
185.1		0.356237
185.2		0.356237
185.3		0.356237
185.4		0.356237
185.5		0.356237
185.6		0.356237
185.7		0.356237
185.8		0.356237
185.9		0.356237
186		0.356237
186.1		0.359632
186.2		0.359632
186.3		0.359632
186.4		0.359632
186.5		0.359632
186.6		0.359632
186.7		0.359632
186.8		0.359632
186.9		0.359632
187		0.359632
187.1		0.362379
187.2		0.362379
187.3		0.362379
187.4		0.362379
187.5		0.362379
187.6		0.362379
187.7		0.362379
187.8		0.362379
187.9		0.362379
188		0.362379
188.1		0.364458
188.2		0.364458
188.3		0.364458
188.4		0.364458
188.5		0.364458
188.6		0.364458
188.7		0.364458
188.8		0.364458
188.9		0.364458
189		0.364458
189.1		0.366995
189.2		0.366995
189.3		0.366995
189.4		0.366995
189.5		0.366995
189.6		0.366995
189.7		0.366995
189.8		0.366995
189.9		0.366995
190		0.366995
190.1		0.367282
190.2		0.367282
190.3		0.367282
190.4		0.367282
190.5		0.367282
190.6		0.367282
190.7		0.367282
190.8		0.367282
190.9		0.367282
191		0.367282
191.1		0.368216
191.2		0.368216
191.3		0.368216
191.4		0.368216
191.5		0.368216
191.6		0.368216
191.7		0.368216
191.8		0.368216
191.9		0.368216
192		0.368216
192.1		0.372222
192.2		0.372222
192.3		0.372222
192.4		0.372222
192.5		0.372222
192.6		0.372222
192.7		0.372222
192.8		0.372222
192.9		0.372222
193		0.372222
193.1		0.374397
193.2		0.374397
193.3		0.374397
193.4		0.374397
193.5		0.374397
193.6		0.374397
193.7		0.374397
193.8		0.374397
193.9		0.374397
194		0.374397
194.1		0.375541
194.2		0.375541
194.3		0.375541
194.4		0.375541
194.5		0.375541
194.6		0.375541
194.7		0.375541
194.8		0.375541
194.9		0.375541
195		0.375541
195.1		0.378116
195.2		0.378116
195.3		0.378116
195.4		0.378116
195.5		0.378116
195.6		0.378116
195.7		0.378116
195.8		0.378116
195.9		0.378116
196		0.378116
196.1		0.381149
196.2		0.381149
196.3		0.381149
196.4		0.381149
196.5		0.381149
196.6		0.381149
196.7		0.381149
196.8		0.381149
196.9		0.381149
197		0.381149
197.1		0.382733
197.2		0.382733
197.3		0.382733
197.4		0.382733
197.5		0.382733
197.6		0.382733
197.7		0.382733
197.8		0.382733
197.9		0.382733
198		0.382733
198.1		0.383782
198.2		0.383782
198.3		0.383782
198.4		0.383782
198.5		0.383782
198.6		0.383782
198.7		0.383782
198.8		0.383782
198.9		0.383782
199		0.383782
199.1		0.386376
199.2		0.386376
199.3		0.386376
199.4		0.386376
199.5		0.386376
199.6		0.386376
199.7		0.386376
199.8		0.386376
199.9		0.386376
200		0.386376
200.1		0.388799
200.2		0.388799
200.3		0.388799
200.4		0.388799
200.5		0.388799
200.6		0.388799
200.7		0.388799
200.8		0.388799
200.9		0.388799
201		0.388799
201.1		0.39126
201.2		0.39126
201.3		0.39126
201.4		0.39126
201.5		0.39126
201.6		0.39126
201.7		0.39126
201.8		0.39126
201.9		0.39126
202		0.39126
202.1		0.391965
202.2		0.391965
202.3		0.391965
202.4		0.391965
202.5		0.391965
202.6		0.391965
202.7		0.391965
202.8		0.391965
202.9		0.391965
203		0.391965
203.1		0.39414
203.2		0.39414
203.3		0.39414
203.4		0.39414
203.5		0.39414
203.6		0.39414
203.7		0.39414
203.8		0.39414
203.9		0.39414
204		0.39414
204.1		0.397383
204.2		0.397383
204.3		0.397383
204.4		0.397383
204.5		0.397383
204.6		0.397383
204.7		0.397383
204.8		0.397383
204.9		0.397383
205		0.397383
205.1		0.3991
205.2		0.3991
205.3		0.3991
205.4		0.3991
205.5		0.3991
205.6		0.3991
205.7		0.3991
205.8		0.3991
205.9		0.3991
206		0.3991
206.1		0.400549
206.2		0.400549
206.3		0.400549
206.4		0.400549
206.5		0.400549
206.6		0.400549
206.7		0.400549
206.8		0.400549
206.9		0.400549
207		0.400549
207.1		0.401312
207.2		0.401312
207.3		0.401312
207.4		0.401312
207.5		0.401312
207.6		0.401312
207.7		0.401312
207.8		0.401312
207.9		0.401312
208		0.401312
208.1		0.405776
208.2		0.405776
208.3		0.405776
208.4		0.405776
208.5		0.405776
208.6		0.405776
208.7		0.405776
208.8		0.405776
208.9		0.405776
209		0.405776
209.1		0.408962
209.2		0.408962
209.3		0.408962
209.4		0.408962
209.5		0.408962
209.6		0.408962
209.7		0.408962
209.8		0.408962
209.9		0.408962
210		0.408962
210.1		0.40942
210.2		0.40942
210.3		0.40942
210.4		0.40942
210.5		0.40942
210.6		0.40942
210.7		0.40942
210.8		0.40942
210.9		0.40942
211		0.40942
211.1		0.411442
211.2		0.411442
211.3		0.411442
211.4		0.411442
211.5		0.411442
211.6		0.411442
211.7		0.411442
211.8		0.411442
211.9		0.411442
212		0.411442
212.1		0.415219
212.2		0.415219
212.3		0.415219
212.4		0.415219
212.5		0.415219
212.6		0.415219
212.7		0.415219
212.8		0.415219
212.9		0.415219
213		0.415219
213.1		0.415943
213.2		0.415943
213.3		0.415943
213.4		0.415943
213.5		0.415943
213.6		0.415943
213.7		0.415943
213.8		0.415943
213.9		0.415943
214		0.415943
214.1		0.419453
214.2		0.419453
214.3		0.419453
214.4		0.419453
214.5		0.419453
214.6		0.419453
214.7		0.419453
214.8		0.419453
214.9		0.419453
215		0.419453
215.1		0.420483
215.2		0.420483
215.3		0.420483
215.4		0.420483
215.5		0.420483
215.6		0.420483
215.7		0.420483
215.8		0.420483
215.9		0.420483
216		0.420483
216.1		0.421418
216.2		0.421418
216.3		0.421418
216.4		0.421418
216.5		0.421418
216.6		0.421418
216.7		0.421418
216.8		0.421418
216.9		0.421418
217		0.421418
217.1		0.425367
217.2		0.425367
217.3		0.425367
217.4		0.425367
217.5		0.425367
217.6		0.425367
217.7		0.425367
217.8		0.425367
217.9		0.425367
218		0.425367
218.1		0.428152
218.2		0.428152
218.3		0.428152
218.4		0.428152
218.5		0.428152
218.6		0.428152
218.7		0.428152
218.8		0.428152
218.9		0.428152
219		0.428152
219.1		0.430002
219.2		0.430002
219.3		0.430002
219.4		0.430002
219.5		0.430002
219.6		0.430002
219.7		0.430002
219.8		0.430002
219.9		0.430002
220		0.430002
220.1		0.430822
220.2		0.430822
220.3		0.430822
220.4		0.430822
220.5		0.430822
220.6		0.430822
220.7		0.430822
220.8		0.430822
220.9		0.430822
221		0.430822
221.1		0.433607
221.2		0.433607
221.3		0.433607
221.4		0.433607
221.5		0.433607
221.6		0.433607
221.7		0.433607
221.8		0.433607
221.9		0.433607
222		0.433607
222.1		0.435172
222.2		0.435172
222.3		0.435172
222.4		0.435172
222.5		0.435172
222.6		0.435172
222.7		0.435172
222.8		0.435172
222.9		0.435172
223		0.435172
223.1		0.43769
223.2		0.43769
223.3		0.43769
223.4		0.43769
223.5		0.43769
223.6		0.43769
223.7		0.43769
223.8		0.43769
223.9		0.43769
224		0.43769
224.1		0.439654
224.2		0.439654
224.3		0.439654
224.4		0.439654
224.5		0.439654
224.6		0.439654
224.7		0.439654
224.8		0.439654
224.9		0.439654
225		0.439654
225.1		0.440456
225.2		0.440456
225.3		0.440456
225.4		0.440456
225.5		0.440456
225.6		0.440456
225.7		0.440456
225.8		0.440456
225.9		0.440456
226		0.440456
226.1		0.445224
226.2		0.445224
226.3		0.445224
226.4		0.445224
226.5		0.445224
226.6		0.445224
226.7		0.445224
226.8		0.445224
226.9		0.445224
227		0.445224
227.1		0.446407
227.2		0.446407
227.3		0.446407
227.4		0.446407
227.5		0.446407
227.6		0.446407
227.7		0.446407
227.8		0.446407
227.9		0.446407
228		0.446407
228.1		0.448124
228.2		0.448124
228.3		0.448124
228.4		0.448124
228.5		0.448124
228.6		0.448124
228.7		0.448124
228.8		0.448124
228.9		0.448124
229		0.448124
229.1		0.450489
229.2		0.450489
229.3		0.450489
229.4		0.450489
229.5		0.450489
229.6		0.450489
229.7		0.450489
229.8		0.450489
229.9		0.450489
230		0.450489
230.1		0.450489
230.2		0.450489
230.3		0.450489
230.4		0.450489
230.5		0.450489
230.6		0.450489
230.7		0.450489
230.8		0.450489
230.9		0.450489
231		0.450489
231.1		0.453751
231.2		0.453751
231.3		0.453751
231.4		0.453751
231.5		0.453751
231.6		0.453751
231.7		0.453751
231.8		0.453751
231.9		0.453751
232		0.453751
232.1		0.456422
232.2		0.456422
232.3		0.456422
232.4		0.456422
232.5		0.456422
232.6		0.456422
232.7		0.456422
232.8		0.456422
232.9		0.456422
233		0.456422
233.1		0.458215
233.2		0.458215
233.3		0.458215
233.4		0.458215
233.5		0.458215
233.6		0.458215
233.7		0.458215
233.8		0.458215
233.9		0.458215
234		0.458215
234.1		0.461935
234.2		0.461935
234.3		0.461935
234.4		0.461935
234.5		0.461935
234.6		0.461935
234.7		0.461935
234.8		0.461935
234.9		0.461935
235		0.461935
235.1		0.462106
235.2		0.462106
235.3		0.462106
235.4		0.462106
235.5		0.462106
235.6		0.462106
235.7		0.462106
235.8		0.462106
235.9		0.462106
236		0.462106
236.1		0.464147
236.2		0.464147
236.3		0.464147
236.4		0.464147
236.5		0.464147
236.6		0.464147
236.7		0.464147
236.8		0.464147
236.9		0.464147
237		0.464147
237.1		0.464624
237.2		0.464624
237.3		0.464624
237.4		0.464624
237.5		0.464624
237.6		0.464624
237.7		0.464624
237.8		0.464624
237.9		0.464624
238		0.464624
238.1		0.470213
238.2		0.470213
238.3		0.470213
238.4		0.470213
238.5		0.470213
238.6		0.470213
238.7		0.470213
238.8		0.470213
238.9		0.470213
239		0.470213
239.1		0.472846
239.2		0.472846
239.3		0.472846
239.4		0.472846
239.5		0.472846
239.6		0.472846
239.7		0.472846
239.8		0.472846
239.9		0.472846
240		0.472846
240.1		0.473075
240.2		0.473075
240.3		0.473075
240.4		0.473075
240.5		0.473075
240.6		0.473075
240.7		0.473075
240.8		0.473075
240.9		0.473075
241		0.473075
241.1		0.473246
241.2		0.473246
241.3		0.473246
241.4		0.473246
241.5		0.473246
241.6		0.473246
241.7		0.473246
241.8		0.473246
241.9		0.473246
242		0.473246
242.1		0.477786
242.2		0.477786
242.3		0.477786
242.4		0.477786
242.5		0.477786
242.6		0.477786
242.7		0.477786
242.8		0.477786
242.9		0.477786
243		0.477786
243.1		0.47956
243.2		0.47956
243.3		0.47956
243.4		0.47956
243.5		0.47956
243.6		0.47956
243.7		0.47956
243.8		0.47956
243.9		0.47956
244		0.47956
244.1		0.480362
244.2		0.480362
244.3		0.480362
244.4		0.480362
244.5		0.480362
244.6		0.480362
244.7		0.480362
244.8		0.480362
244.9		0.480362
245		0.480362
245.1		0.483337
245.2		0.483337
245.3		0.483337
245.4		0.483337
245.5		0.483337
245.6		0.483337
245.7		0.483337
245.8		0.483337
245.9		0.483337
246		0.483337
246.1		0.483833
246.2		0.483833
246.3		0.483833
246.4		0.483833
246.5		0.483833
246.6		0.483833
246.7		0.483833
246.8		0.483833
246.9		0.483833
247		0.483833
247.1		0.487019
247.2		0.487019
247.3		0.487019
247.4		0.487019
247.5		0.487019
247.6		0.487019
247.7		0.487019
247.8		0.487019
247.9		0.487019
248		0.487019
248.1		0.488335
248.2		0.488335
248.3		0.488335
248.4		0.488335
248.5		0.488335
248.6		0.488335
248.7		0.488335
248.8		0.488335
248.9		0.488335
249		0.488335
249.1		0.491406
249.2		0.491406
249.3		0.491406
249.4		0.491406
249.5		0.491406
249.6		0.491406
249.7		0.491406
249.8		0.491406
249.9		0.491406
250		0.491406
250.1		0.492341
250.2		0.492341
250.3		0.492341
250.4		0.492341
250.5		0.492341
250.6		0.492341
250.7		0.492341
250.8		0.492341
250.9		0.492341
251		0.492341
251.1		0.493581
251.2		0.493581
251.3		0.493581
251.4		0.493581
251.5		0.493581
251.6		0.493581
251.7		0.493581
251.8		0.493581
251.9		0.493581
252		0.493581
252.1		0.499056
252.2		0.499056
252.3		0.499056
252.4		0.499056
252.5		0.499056
252.6		0.499056
252.7		0.499056
252.8		0.499056
252.9		0.499056
253		0.499056
253.1		0.499151
253.2		0.499151
253.3		0.499151
253.4		0.499151
253.5		0.499151
253.6		0.499151
253.7		0.499151
253.8		0.499151
253.9		0.499151
254		0.499151
254.1		0.499266
254.2		0.499266
254.3		0.499266
254.4		0.499266
254.5		0.499266
254.6		0.499266
254.7		0.499266
254.8		0.499266
254.9		0.499266
255		0.499266
255.1		0.502661
255.2		0.502661
255.3		0.502661
255.4		0.502661
255.5		0.502661
255.6		0.502661
255.7		0.502661
255.8		0.502661
255.9		0.502661
256		0.502661
256.1		0.50577
256.2		0.50577
256.3		0.50577
256.4		0.50577
256.5		0.50577
256.6		0.50577
256.7		0.50577
256.8		0.50577
256.9		0.50577
257		0.50577
257.1		0.507239
257.2		0.507239
257.3		0.507239
257.4		0.507239
257.5		0.507239
257.6		0.507239
257.7		0.507239
257.8		0.507239
257.9		0.507239
258		0.507239
258.1		0.509166
258.2		0.509166
258.3		0.509166
258.4		0.509166
258.5		0.509166
258.6		0.509166
258.7		0.509166
258.8		0.509166
258.9		0.509166
259		0.509166
259.1		0.509605
259.2		0.509605
259.3		0.509605
259.4		0.509605
259.5		0.509605
259.6		0.509605
259.7		0.509605
259.8		0.509605
259.9		0.509605
260		0.509605
260.1		0.515194
260.2		0.515194
260.3		0.515194
260.4		0.515194
260.5		0.515194
260.6		0.515194
260.7		0.515194
260.8		0.515194
260.9		0.515194
261		0.515194
261.1		0.515652
261.2		0.515652
261.3		0.515652
261.4		0.515652
261.5		0.515652
261.6		0.515652
261.7		0.515652
261.8		0.515652
261.9		0.515652
262		0.515652
262.1		0.517254
262.2		0.517254
262.3		0.517254
262.4		0.517254
262.5		0.517254
262.6		0.517254
262.7		0.517254
262.8		0.517254
262.9		0.517254
263		0.517254
263.1		0.517635
263.2		0.517635
263.3		0.517635
263.4		0.517635
263.5		0.517635
263.6		0.517635
263.7		0.517635
263.8		0.517635
263.9		0.517635
264		0.517635
264.1		0.521222
264.2		0.521222
264.3		0.521222
264.4		0.521222
264.5		0.521222
264.6		0.521222
264.7		0.521222
264.8		0.521222
264.9		0.521222
265		0.521222
265.1		0.523854
265.2		0.523854
265.3		0.523854
265.4		0.523854
265.5		0.523854
265.6		0.523854
265.7		0.523854
265.8		0.523854
265.9		0.523854
266		0.523854
266.1		0.525227
266.2		0.525227
266.3		0.525227
266.4		0.525227
266.5		0.525227
266.6		0.525227
266.7		0.525227
266.8		0.525227
266.9		0.525227
267		0.525227
267.1		0.527116
267.2		0.527116
267.3		0.527116
267.4		0.527116
267.5		0.527116
267.6		0.527116
267.7		0.527116
267.8		0.527116
267.9		0.527116
268		0.527116
268.1		0.529329
268.2		0.529329
268.3		0.529329
268.4		0.529329
268.5		0.529329
268.6		0.529329
268.7		0.529329
268.8		0.529329
268.9		0.529329
269		0.529329
269.1		0.532381
269.2		0.532381
269.3		0.532381
269.4		0.532381
269.5		0.532381
269.6		0.532381
269.7		0.532381
269.8		0.532381
269.9		0.532381
270		0.532381
270.1		0.532743
270.2		0.532743
270.3		0.532743
270.4		0.532743
270.5		0.532743
270.6		0.532743
270.7		0.532743
270.8		0.532743
270.9		0.532743
271		0.532743
271.1		0.536883
271.2		0.536883
271.3		0.536883
271.4		0.536883
271.5		0.536883
271.6		0.536883
271.7		0.536883
271.8		0.536883
271.9		0.536883
272		0.536883
272.1		0.54066
272.2		0.54066
272.3		0.54066
272.4		0.54066
272.5		0.54066
272.6		0.54066
272.7		0.54066
272.8		0.54066
272.9		0.54066
273		0.54066
273.1		0.540927
273.2		0.540927
273.3		0.540927
273.4		0.540927
273.5		0.540927
273.6		0.540927
273.7		0.540927
273.8		0.540927
273.9		0.540927
274		0.540927
274.1		0.542224
274.2		0.542224
274.3		0.542224
274.4		0.542224
274.5		0.542224
274.6		0.542224
274.7		0.542224
274.8		0.542224
274.9		0.542224
275		0.542224
275.1		0.543979
275.2		0.543979
275.3		0.543979
275.4		0.543979
275.5		0.543979
275.6		0.543979
275.7		0.543979
275.8		0.543979
275.9		0.543979
276		0.543979
276.1		0.544246
276.2		0.544246
276.3		0.544246
276.4		0.544246
276.5		0.544246
276.6		0.544246
276.7		0.544246
276.8		0.544246
276.9		0.544246
277		0.544246
277.1		0.549854
277.2		0.549854
277.3		0.549854
277.4		0.549854
277.5		0.549854
277.6		0.549854
277.7		0.549854
277.8		0.549854
277.9		0.549854
278		0.549854
278.1		0.550445
278.2		0.550445
278.3		0.550445
278.4		0.550445
278.5		0.550445
278.6		0.550445
278.7		0.550445
278.8		0.550445
278.9		0.550445
279		0.550445
279.1		0.553078
279.2		0.553078
279.3		0.553078
279.4		0.553078
279.5		0.553078
279.6		0.553078
279.7		0.553078
279.8		0.553078
279.9		0.553078
280		0.553078
280.1		0.553402
280.2		0.553402
280.3		0.553402
280.4		0.553402
280.5		0.553402
280.6		0.553402
280.7		0.553402
280.8		0.553402
280.9		0.553402
281		0.553402
281.1		0.55634
281.2		0.55634
281.3		0.55634
281.4		0.55634
281.5		0.55634
281.6		0.55634
281.7		0.55634
281.8		0.55634
281.9		0.55634
282		0.55634
282.1		0.557561
282.2		0.557561
282.3		0.557561
282.4		0.557561
282.5		0.557561
282.6		0.557561
282.7		0.557561
282.8		0.557561
282.9		0.557561
283		0.557561
283.1		0.562024
283.2		0.562024
283.3		0.562024
283.4		0.562024
283.5		0.562024
283.6		0.562024
283.7		0.562024
283.8		0.562024
283.9		0.562024
284		0.562024
284.1		0.565858
284.2		0.565858
284.3		0.565858
284.4		0.565858
284.5		0.565858
284.6		0.565858
284.7		0.565858
284.8		0.565858
284.9		0.565858
285		0.565858
285.1		0.56872
285.2		0.56872
285.3		0.56872
285.4		0.56872
285.5		0.56872
285.6		0.56872
285.7		0.56872
285.8		0.56872
285.9		0.56872
286		0.56872
286.1		0.568796
286.2		0.568796
286.3		0.568796
286.4		0.568796
286.5		0.568796
286.6		0.568796
286.7		0.568796
286.8		0.568796
286.9		0.568796
287		0.568796
287.1		0.569903
287.2		0.569903
287.3		0.569903
287.4		0.569903
287.5		0.569903
287.6		0.569903
287.7		0.569903
287.8		0.569903
287.9		0.569903
288		0.569903
288.1		0.575015
288.2		0.575015
288.3		0.575015
288.4		0.575015
288.5		0.575015
288.6		0.575015
288.7		0.575015
288.8		0.575015
288.9		0.575015
289		0.575015
289.1		0.579173
289.2		0.579173
289.3		0.579173
289.4		0.579173
289.5		0.579173
289.6		0.579173
289.7		0.579173
289.8		0.579173
289.9		0.579173
290		0.579173
290.1		0.579688
290.2		0.579688
290.3		0.579688
290.4		0.579688
290.5		0.579688
290.6		0.579688
290.7		0.579688
290.8		0.579688
290.9		0.579688
291		0.579688
291.1		0.579688
291.2		0.579688
291.3		0.579688
291.4		0.579688
291.5		0.579688
291.6		0.579688
291.7		0.579688
291.8		0.579688
291.9		0.579688
292		0.579688
292.1		0.58171
292.2		0.58171
292.3		0.58171
292.4		0.58171
292.5		0.58171
292.6		0.58171
292.7		0.58171
292.8		0.58171
292.9		0.58171
293		0.58171
293.1		0.585773
293.2		0.585773
293.3		0.585773
293.4		0.585773
293.5		0.585773
293.6		0.585773
293.7		0.585773
293.8		0.585773
293.9		0.585773
294		0.585773
294.1		0.588234
294.2		0.588234
294.3		0.588234
294.4		0.588234
294.5		0.588234
294.6		0.588234
294.7		0.588234
294.8		0.588234
294.9		0.588234
295		0.588234
295.1		0.589932
295.2		0.589932
295.3		0.589932
295.4		0.589932
295.5		0.589932
295.6		0.589932
295.7		0.589932
295.8		0.589932
295.9		0.589932
296		0.589932
296.1		0.591019
296.2		0.591019
296.3		0.591019
296.4		0.591019
296.5		0.591019
296.6		0.591019
296.7		0.591019
296.8		0.591019
296.9		0.591019
297		0.591019
297.1		0.595235
297.2		0.595235
297.3		0.595235
297.4		0.595235
297.5		0.595235
297.6		0.595235
297.7		0.595235
297.8		0.595235
297.9		0.595235
298		0.595235
298.1		0.597696
298.2		0.597696
298.3		0.597696
298.4		0.597696
298.5		0.597696
298.6		0.597696
298.7		0.597696
298.8		0.597696
298.9		0.597696
299		0.597696
299.1		0.604639
299.2		0.604639
299.3		0.604639
299.4		0.604639
299.5		0.604639
299.6		0.604639
299.7		0.604639
299.8		0.604639
299.9		0.604639
300		0.604639
300.1		0.60483
300.2		0.60483
300.3		0.60483
300.4		0.60483
300.5		0.60483
300.6		0.60483
300.7		0.60483
300.8		0.60483
300.9		0.60483
301		0.60483
301.1		0.605173
301.2		0.605173
301.3		0.605173
301.4		0.605173
301.5		0.605173
301.6		0.605173
301.7		0.605173
301.8		0.605173
301.9		0.605173
302		0.605173
302.1		0.610782
302.2		0.610782
302.3		0.610782
302.4		0.610782
302.5		0.610782
302.6		0.610782
302.7		0.610782
302.8		0.610782
302.9		0.610782
303		0.610782
303.1		0.612269
303.2		0.612269
303.3		0.612269
303.4		0.612269
303.5		0.612269
303.6		0.612269
303.7		0.612269
303.8		0.612269
303.9		0.612269
304		0.612269
304.1		0.613872
304.2		0.613872
304.3		0.613872
304.4		0.613872
304.5		0.613872
304.6		0.613872
304.7		0.613872
304.8		0.613872
304.9		0.613872
305		0.613872
305.1		0.617897
305.2		0.617897
305.3		0.617897
305.4		0.617897
305.5		0.617897
305.6		0.617897
305.7		0.617897
305.8		0.617897
305.9		0.617897
306		0.617897
306.1		0.620605
306.2		0.620605
306.3		0.620605
306.4		0.620605
306.5		0.620605
306.6		0.620605
306.7		0.620605
306.8		0.620605
306.9		0.620605
307		0.620605
307.1		0.621044
307.2		0.621044
307.3		0.621044
307.4		0.621044
307.5		0.621044
307.6		0.621044
307.7		0.621044
307.8		0.621044
307.9		0.621044
308		0.621044
308.1		0.621655
308.2		0.621655
308.3		0.621655
308.4		0.621655
308.5		0.621655
308.6		0.621655
308.7		0.621655
308.8		0.621655
308.9		0.621655
309		0.621655
309.1		0.622704
309.2		0.622704
309.3		0.622704
309.4		0.622704
309.5		0.622704
309.6		0.622704
309.7		0.622704
309.8		0.622704
309.9		0.622704
310		0.622704
310.1		0.626214
310.2		0.626214
310.3		0.626214
310.4		0.626214
310.5		0.626214
310.6		0.626214
310.7		0.626214
310.8		0.626214
310.9		0.626214
311		0.626214
311.1		0.631784
311.2		0.631784
311.3		0.631784
311.4		0.631784
311.5		0.631784
311.6		0.631784
311.7		0.631784
311.8		0.631784
311.9		0.631784
312		0.631784
312.1		0.632051
312.2		0.632051
312.3		0.632051
312.4		0.632051
312.5		0.632051
312.6		0.632051
312.7		0.632051
312.8		0.632051
312.9		0.632051
313		0.632051
313.1		0.6331
313.2		0.6331
313.3		0.6331
313.4		0.6331
313.5		0.6331
313.6		0.6331
313.7		0.6331
313.8		0.6331
313.9		0.6331
314		0.6331
314.1		0.635866
314.2		0.635866
314.3		0.635866
314.4		0.635866
314.5		0.635866
314.6		0.635866
314.7		0.635866
314.8		0.635866
314.9		0.635866
315		0.635866
315.1		0.636534
315.2		0.636534
315.3		0.636534
315.4		0.636534
315.5		0.636534
315.6		0.636534
315.7		0.636534
315.8		0.636534
315.9		0.636534
316		0.636534
316.1		0.639624
316.2		0.639624
316.3		0.639624
316.4		0.639624
316.5		0.639624
316.6		0.639624
316.7		0.639624
316.8		0.639624
316.9		0.639624
317		0.639624
317.1		0.642008
317.2		0.642008
317.3		0.642008
317.4		0.642008
317.5		0.642008
317.6		0.642008
317.7		0.642008
317.8		0.642008
317.9		0.642008
318		0.642008
318.1		0.643115
318.2		0.643115
318.3		0.643115
318.4		0.643115
318.5		0.643115
318.6		0.643115
318.7		0.643115
318.8		0.643115
318.9		0.643115
319		0.643115
319.1		0.644908
319.2		0.644908
319.3		0.644908
319.4		0.644908
319.5		0.644908
319.6		0.644908
319.7		0.644908
319.8		0.644908
319.9		0.644908
320		0.644908
320.1		0.648418
320.2		0.648418
320.3		0.648418
320.4		0.648418
320.5		0.648418
320.6		0.648418
320.7		0.648418
320.8		0.648418
320.9		0.648418
321		0.648418
321.1		0.650306
321.2		0.650306
321.3		0.650306
321.4		0.650306
321.5		0.650306
321.6		0.650306
321.7		0.650306
321.8		0.650306
321.9		0.650306
322		0.650306
322.1		0.650707
322.2		0.650707
322.3		0.650707
322.4		0.650707
322.5		0.650707
322.6		0.650707
322.7		0.650707
322.8		0.650707
322.9		0.650707
323		0.650707
323.1		0.651069
323.2		0.651069
323.3		0.651069
323.4		0.651069
323.5		0.651069
323.6		0.651069
323.7		0.651069
323.8		0.651069
323.9		0.651069
324		0.651069
324.1		0.65868
324.2		0.65868
324.3		0.65868
324.4		0.65868
324.5		0.65868
324.6		0.65868
324.7		0.65868
324.8		0.65868
324.9		0.65868
325		0.65868
325.1		0.659634
325.2		0.659634
325.3		0.659634
325.4		0.659634
325.5		0.659634
325.6		0.659634
325.7		0.659634
325.8		0.659634
325.9		0.659634
326		0.659634
326.1		0.659825
326.2		0.659825
326.3		0.659825
326.4		0.659825
326.5		0.659825
326.6		0.659825
326.7		0.659825
326.8		0.659825
326.9		0.659825
327		0.659825
327.1		0.661275
327.2		0.661275
327.3		0.661275
327.4		0.661275
327.5		0.661275
327.6		0.661275
327.7		0.661275
327.8		0.661275
327.9		0.661275
328		0.661275
328.1		0.664994
328.2		0.664994
328.3		0.664994
328.4		0.664994
328.5		0.664994
328.6		0.664994
328.7		0.664994
328.8		0.664994
328.9		0.664994
329		0.664994
329.1		0.66736
329.2		0.66736
329.3		0.66736
329.4		0.66736
329.5		0.66736
329.6		0.66736
329.7		0.66736
329.8		0.66736
329.9		0.66736
330		0.66736
330.1		0.669954
330.2		0.669954
330.3		0.669954
330.4		0.669954
330.5		0.669954
330.6		0.669954
330.7		0.669954
330.8		0.669954
330.9		0.669954
331		0.669954
331.1		0.670336
331.2		0.670336
331.3		0.670336
331.4		0.670336
331.5		0.670336
331.6		0.670336
331.7		0.670336
331.8		0.670336
331.9		0.670336
332		0.670336
332.1		0.674952
332.2		0.674952
332.3		0.674952
332.4		0.674952
332.5		0.674952
332.6		0.674952
332.7		0.674952
332.8		0.674952
332.9		0.674952
333		0.674952
333.1		0.676497
333.2		0.676497
333.3		0.676497
333.4		0.676497
333.5		0.676497
333.6		0.676497
333.7		0.676497
333.8		0.676497
333.9		0.676497
334		0.676497
334.1		0.676783
334.2		0.676783
334.3		0.676783
334.4		0.676783
334.5		0.676783
334.6		0.676783
334.7		0.676783
334.8		0.676783
334.9		0.676783
335		0.676783
335.1		0.678824
335.2		0.678824
335.3		0.678824
335.4		0.678824
335.5		0.678824
335.6		0.678824
335.7		0.678824
335.8		0.678824
335.9		0.678824
336		0.678824
336.1		0.679892
336.2		0.679892
336.3		0.679892
336.4		0.679892
336.5		0.679892
336.6		0.679892
336.7		0.679892
336.8		0.679892
336.9		0.679892
337		0.679892
337.1		0.68676
337.2		0.68676
337.3		0.68676
337.4		0.68676
337.5		0.68676
337.6		0.68676
337.7		0.68676
337.8		0.68676
337.9		0.68676
338		0.68676
338.1		0.690155
338.2		0.690155
338.3		0.690155
338.4		0.690155
338.5		0.690155
338.6		0.690155
338.7		0.690155
338.8		0.690155
338.9		0.690155
339		0.690155
339.1		0.691796
339.2		0.691796
339.3		0.691796
339.4		0.691796
339.5		0.691796
339.6		0.691796
339.7		0.691796
339.8		0.691796
339.9		0.691796
340		0.691796
340.1		0.693131
340.2		0.693131
340.3		0.693131
340.4		0.693131
340.5		0.693131
340.6		0.693131
340.7		0.693131
340.8		0.693131
340.9		0.693131
341		0.693131
341.1		0.698071
341.2		0.698071
341.3		0.698071
341.4		0.698071
341.5		0.698071
341.6		0.698071
341.7		0.698071
341.8		0.698071
341.9		0.698071
342		0.698071
342.1		0.6983
342.2		0.6983
342.3		0.6983
342.4		0.6983
342.5		0.6983
342.6		0.6983
342.7		0.6983
342.8		0.6983
342.9		0.6983
343		0.6983
343.1		0.701009
343.2		0.701009
343.3		0.701009
343.4		0.701009
343.5		0.701009
343.6		0.701009
343.7		0.701009
343.8		0.701009
343.9		0.701009
344		0.701009
344.1		0.702764
344.2		0.702764
344.3		0.702764
344.4		0.702764
344.5		0.702764
344.6		0.702764
344.7		0.702764
344.8		0.702764
344.9		0.702764
345		0.702764
345.1		0.70326
345.2		0.70326
345.3		0.70326
345.4		0.70326
345.5		0.70326
345.6		0.70326
345.7		0.70326
345.8		0.70326
345.9		0.70326
346		0.70326
346.1		0.707533
346.2		0.707533
346.3		0.707533
346.4		0.707533
346.5		0.707533
346.6		0.707533
346.7		0.707533
346.8		0.707533
346.9		0.707533
347		0.707533
347.1		0.707914
347.2		0.707914
347.3		0.707914
347.4		0.707914
347.5		0.707914
347.6		0.707914
347.7		0.707914
347.8		0.707914
347.9		0.707914
348		0.707914
348.1		0.707914
348.2		0.707914
348.3		0.707914
348.4		0.707914
348.5		0.707914
348.6		0.707914
348.7		0.707914
348.8		0.707914
348.9		0.707914
349		0.707914
349.1		0.711539
349.2		0.711539
349.3		0.711539
349.4		0.711539
349.5		0.711539
349.6		0.711539
349.7		0.711539
349.8		0.711539
349.9		0.711539
350		0.711539
350.1		0.713065
350.2		0.713065
350.3		0.713065
350.4		0.713065
350.5		0.713065
350.6		0.713065
350.7		0.713065
350.8		0.713065
350.9		0.713065
351		0.713065
351.1		0.714133
351.2		0.714133
351.3		0.714133
351.4		0.714133
351.5		0.714133
351.6		0.714133
351.7		0.714133
351.8		0.714133
351.9		0.714133
352		0.714133
352.1		0.71915
352.2		0.71915
352.3		0.71915
352.4		0.71915
352.5		0.71915
352.6		0.71915
352.7		0.71915
352.8		0.71915
352.9		0.71915
353		0.71915
353.1		0.720485
353.2		0.720485
353.3		0.720485
353.4		0.720485
353.5		0.720485
353.6		0.720485
353.7		0.720485
353.8		0.720485
353.9		0.720485
354		0.720485
354.1		0.723843
354.2		0.723843
354.3		0.723843
354.4		0.723843
354.5		0.723843
354.6		0.723843
354.7		0.723843
354.8		0.723843
354.9		0.723843
355		0.723843
355.1		0.728268
355.2		0.728268
355.3		0.728268
355.4		0.728268
355.5		0.728268
355.6		0.728268
355.7		0.728268
355.8		0.728268
355.9		0.728268
356		0.728268
356.1		0.73132
356.2		0.73132
356.3		0.73132
356.4		0.73132
356.5		0.73132
356.6		0.73132
356.7		0.73132
356.8		0.73132
356.9		0.73132
357		0.73132
357.1		0.732846
357.2		0.732846
357.3		0.732846
357.4		0.732846
357.5		0.732846
357.6		0.732846
357.7		0.732846
357.8		0.732846
357.9		0.732846
358		0.732846
358.1		0.736013
358.2		0.736013
358.3		0.736013
358.4		0.736013
358.5		0.736013
358.6		0.736013
358.7		0.736013
358.8		0.736013
358.9		0.736013
359		0.736013
359.1		0.736146
359.2		0.736146
359.3		0.736146
359.4		0.736146
359.5		0.736146
359.6		0.736146
359.7		0.736146
359.8		0.736146
359.9		0.736146
360		0.736146
360.1		0.740934
360.2		0.740934
360.3		0.740934
360.4		0.740934
360.5		0.740934
360.6		0.740934
360.7		0.740934
360.8		0.740934
360.9		0.740934
361		0.740934
361.1		0.743357
361.2		0.743357
361.3		0.743357
361.4		0.743357
361.5		0.743357
361.6		0.743357
361.7		0.743357
361.8		0.743357
361.9		0.743357
362		0.743357
362.1		0.743815
362.2		0.743815
362.3		0.743815
362.4		0.743815
362.5		0.743815
362.6		0.743815
362.7		0.743815
362.8		0.743815
362.9		0.743815
363		0.743815
363.1		0.746676
363.2		0.746676
363.3		0.746676
363.4		0.746676
363.5		0.746676
363.6		0.746676
363.7		0.746676
363.8		0.746676
363.9		0.746676
364		0.746676
364.1		0.748851
364.2		0.748851
364.3		0.748851
364.4		0.748851
364.5		0.748851
364.6		0.748851
364.7		0.748851
364.8		0.748851
364.9		0.748851
365		0.748851
365.1		0.751159
365.2		0.751159
365.3		0.751159
365.4		0.751159
365.5		0.751159
365.6		0.751159
365.7		0.751159
365.8		0.751159
365.9		0.751159
366		0.751159
366.1		0.751407
366.2		0.751407
366.3		0.751407
366.4		0.751407
366.5		0.751407
366.6		0.751407
366.7		0.751407
366.8		0.751407
366.9		0.751407
367		0.751407
367.1		0.752914
367.2		0.752914
367.3		0.752914
367.4		0.752914
367.5		0.752914
367.6		0.752914
367.7		0.752914
367.8		0.752914
367.9		0.752914
368		0.752914
368.1		0.75713
368.2		0.75713
368.3		0.75713
368.4		0.75713
368.5		0.75713
368.6		0.75713
368.7		0.75713
368.8		0.75713
368.9		0.75713
369		0.75713
369.1		0.757511
369.2		0.757511
369.3		0.757511
369.4		0.757511
369.5		0.757511
369.6		0.757511
369.7		0.757511
369.8		0.757511
369.9		0.757511
370		0.757511
370.1		0.758865
370.2		0.758865
370.3		0.758865
370.4		0.758865
370.5		0.758865
370.6		0.758865
370.7		0.758865
370.8		0.758865
370.9		0.758865
371		0.758865
371.1		0.763196
371.2		0.763196
371.3		0.763196
371.4		0.763196
371.5		0.763196
371.6		0.763196
371.7		0.763196
371.8		0.763196
371.9		0.763196
372		0.763196
372.1		0.765198
372.2		0.765198
372.3		0.765198
372.4		0.765198
372.5		0.765198
372.6		0.765198
372.7		0.765198
372.8		0.765198
372.9		0.765198
373		0.765198
373.1		0.767125
373.2		0.767125
373.3		0.767125
373.4		0.767125
373.5		0.767125
373.6		0.767125
373.7		0.767125
373.8		0.767125
373.9		0.767125
374		0.767125
374.1		0.767907
374.2		0.767907
374.3		0.767907
374.4		0.767907
374.5		0.767907
374.6		0.767907
374.7		0.767907
374.8		0.767907
374.9		0.767907
375		0.767907
375.1		0.770501
375.2		0.770501
375.3		0.770501
375.4		0.770501
375.5		0.770501
375.6		0.770501
375.7		0.770501
375.8		0.770501
375.9		0.770501
376		0.770501
376.1		0.773668
376.2		0.773668
376.3		0.773668
376.4		0.773668
376.5		0.773668
376.6		0.773668
376.7		0.773668
376.8		0.773668
376.9		0.773668
377		0.773668
377.1		0.77424
377.2		0.77424
377.3		0.77424
377.4		0.77424
377.5		0.77424
377.6		0.77424
377.7		0.77424
377.8		0.77424
377.9		0.77424
378		0.77424
378.1		0.775289
378.2		0.775289
378.3		0.775289
378.4		0.775289
378.5		0.775289
378.6		0.775289
378.7		0.775289
378.8		0.775289
378.9		0.775289
379		0.775289
379.1		0.777636
379.2		0.777636
379.3		0.777636
379.4		0.777636
379.5		0.777636
379.6		0.777636
379.7		0.777636
379.8		0.777636
379.9		0.777636
380		0.777636
380.1		0.781527
380.2		0.781527
380.3		0.781527
380.4		0.781527
380.5		0.781527
380.6		0.781527
380.7		0.781527
380.8		0.781527
380.9		0.781527
381		0.781527
381.1		0.782557
381.2		0.782557
381.3		0.782557
381.4		0.782557
381.5		0.782557
381.6		0.782557
381.7		0.782557
381.8		0.782557
381.9		0.782557
382		0.782557
382.1		0.787517
382.2		0.787517
382.3		0.787517
382.4		0.787517
382.5		0.787517
382.6		0.787517
382.7		0.787517
382.8		0.787517
382.9		0.787517
383		0.787517
383.1		0.78786
383.2		0.78786
383.3		0.78786
383.4		0.78786
383.5		0.78786
383.6		0.78786
383.7		0.78786
383.8		0.78786
383.9		0.78786
384		0.78786
384.1		0.788661
384.2		0.788661
384.3		0.788661
384.4		0.788661
384.5		0.788661
384.6		0.788661
384.7		0.788661
384.8		0.788661
384.9		0.788661
385		0.788661
385.1		0.792
385.2		0.792
385.3		0.792
385.4		0.792
385.5		0.792
385.6		0.792
385.7		0.792
385.8		0.792
385.9		0.792
386		0.792
386.1		0.794937
386.2		0.794937
386.3		0.794937
386.4		0.794937
386.5		0.794937
386.6		0.794937
386.7		0.794937
386.8		0.794937
386.9		0.794937
387		0.794937
387.1		0.797055
387.2		0.797055
387.3		0.797055
387.4		0.797055
387.5		0.797055
387.6		0.797055
387.7		0.797055
387.8		0.797055
387.9		0.797055
388		0.797055
388.1		0.799287
388.2		0.799287
388.3		0.799287
388.4		0.799287
388.5		0.799287
388.6		0.799287
388.7		0.799287
388.8		0.799287
388.9		0.799287
389		0.799287
389.1		0.800107
389.2		0.800107
389.3		0.800107
389.4		0.800107
389.5		0.800107
389.6		0.800107
389.7		0.800107
389.8		0.800107
389.9		0.800107
390		0.800107
390.1		0.804456
390.2		0.804456
390.3		0.804456
390.4		0.804456
390.5		0.804456
390.6		0.804456
390.7		0.804456
390.8		0.804456
390.9		0.804456
391		0.804456
391.1		0.804628
391.2		0.804628
391.3		0.804628
391.4		0.804628
391.5		0.804628
391.6		0.804628
391.7		0.804628
391.8		0.804628
391.9		0.804628
392		0.804628
392.1		0.806364
392.2		0.806364
392.3		0.806364
392.4		0.806364
392.5		0.806364
392.6		0.806364
392.7		0.806364
392.8		0.806364
392.9		0.806364
393		0.806364
393.1		0.809397
393.2		0.809397
393.3		0.809397
393.4		0.809397
393.5		0.809397
393.6		0.809397
393.7		0.809397
393.8		0.809397
393.9		0.809397
394		0.809397
394.1		0.810846
394.2		0.810846
394.3		0.810846
394.4		0.810846
394.5		0.810846
394.6		0.810846
394.7		0.810846
394.8		0.810846
394.9		0.810846
395		0.810846
395.1		0.813727
395.2		0.813727
395.3		0.813727
395.4		0.813727
395.5		0.813727
395.6		0.813727
395.7		0.813727
395.8		0.813727
395.9		0.813727
396		0.813727
396.1		0.814032
396.2		0.814032
396.3		0.814032
396.4		0.814032
396.5		0.814032
396.6		0.814032
396.7		0.814032
396.8		0.814032
396.9		0.814032
397		0.814032
397.1		0.81634
397.2		0.81634
397.3		0.81634
397.4		0.81634
397.5		0.81634
397.6		0.81634
397.7		0.81634
397.8		0.81634
397.9		0.81634
398		0.81634
398.1		0.818934
398.2		0.818934
398.3		0.818934
398.4		0.818934
398.5		0.818934
398.6		0.818934
398.7		0.818934
398.8		0.818934
398.9		0.818934
399		0.818934
399.1		0.821185
399.2		0.821185
399.3		0.821185
399.4		0.821185
399.5		0.821185
399.6		0.821185
399.7		0.821185
399.8		0.821185
399.9		0.821185
400		0.821185
400.1		0.822559
400.2		0.822559
400.3		0.822559
400.4		0.822559
400.5		0.822559
400.6		0.822559
400.7		0.822559
400.8		0.822559
400.9		0.822559
401		0.822559
401.1		0.824772
401.2		0.824772
401.3		0.824772
401.4		0.824772
401.5		0.824772
401.6		0.824772
401.7		0.824772
401.8		0.824772
401.9		0.824772
402		0.824772
402.1		0.827003
402.2		0.827003
402.3		0.827003
402.4		0.827003
402.5		0.827003
402.6		0.827003
402.7		0.827003
402.8		0.827003
402.9		0.827003
403		0.827003
403.1		0.828949
403.2		0.828949
403.3		0.828949
403.4		0.828949
403.5		0.828949
403.6		0.828949
403.7		0.828949
403.8		0.828949
403.9		0.828949
404		0.828949
404.1		0.831467
404.2		0.831467
404.3		0.831467
404.4		0.831467
404.5		0.831467
404.6		0.831467
404.7		0.831467
404.8		0.831467
404.9		0.831467
405		0.831467
405.1		0.831791
405.2		0.831791
405.3		0.831791
405.4		0.831791
405.5		0.831791
405.6		0.831791
405.7		0.831791
405.8		0.831791
405.9		0.831791
406		0.831791
406.1		0.833871
406.2		0.833871
406.3		0.833871
406.4		0.833871
406.5		0.833871
406.6		0.833871
406.7		0.833871
406.8		0.833871
406.9		0.833871
407		0.833871
407.1		0.837285
407.2		0.837285
407.3		0.837285
407.4		0.837285
407.5		0.837285
407.6		0.837285
407.7		0.837285
407.8		0.837285
407.9		0.837285
408		0.837285
408.1		0.83904
408.2		0.83904
408.3		0.83904
408.4		0.83904
408.5		0.83904
408.6		0.83904
408.7		0.83904
408.8		0.83904
408.9		0.83904
409		0.83904
409.1		0.843008
409.2		0.843008
409.3		0.843008
409.4		0.843008
409.5		0.843008
409.6		0.843008
409.7		0.843008
409.8		0.843008
409.9		0.843008
410		0.843008
410.1		0.843065
410.2		0.843065
410.3		0.843065
410.4		0.843065
410.5		0.843065
410.6		0.843065
410.7		0.843065
410.8		0.843065
410.9		0.843065
411		0.843065
411.1		0.843141
411.2		0.843141
411.3		0.843141
411.4		0.843141
411.5		0.843141
411.6		0.843141
411.7		0.843141
411.8		0.843141
411.9		0.843141
412		0.843141
412.1		0.845793
412.2		0.845793
412.3		0.845793
412.4		0.845793
412.5		0.845793
412.6		0.845793
412.7		0.845793
412.8		0.845793
412.9		0.845793
413		0.845793
413.1		0.851611
413.2		0.851611
413.3		0.851611
413.4		0.851611
413.5		0.851611
413.6		0.851611
413.7		0.851611
413.8		0.851611
413.9		0.851611
414		0.851611
414.1		0.852126
414.2		0.852126
414.3		0.852126
414.4		0.852126
414.5		0.852126
414.6		0.852126
414.7		0.852126
414.8		0.852126
414.9		0.852126
415		0.852126
415.1		0.852279
415.2		0.852279
415.3		0.852279
415.4		0.852279
415.5		0.852279
415.6		0.852279
415.7		0.852279
415.8		0.852279
415.9		0.852279
416		0.852279
416.1		0.854587
416.2		0.854587
416.3		0.854587
416.4		0.854587
416.5		0.854587
416.6		0.854587
416.7		0.854587
416.8		0.854587
416.9		0.854587
417		0.854587
417.1		0.858459
417.2		0.858459
417.3		0.858459
417.4		0.858459
417.5		0.858459
417.6		0.858459
417.7		0.858459
417.8		0.858459
417.9		0.858459
418		0.858459
418.1		0.860119
418.2		0.860119
418.3		0.860119
418.4		0.860119
418.5		0.860119
418.6		0.860119
418.7		0.860119
418.8		0.860119
418.9		0.860119
419		0.860119
419.1		0.862846
419.2		0.862846
419.3		0.862846
419.4		0.862846
419.5		0.862846
419.6		0.862846
419.7		0.862846
419.8		0.862846
419.9		0.862846
420		0.862846
420.1		0.8671
420.2		0.8671
420.3		0.8671
420.4		0.8671
420.5		0.8671
420.6		0.8671
420.7		0.8671
420.8		0.8671
420.9		0.8671
421		0.8671
421.1		0.868913
421.2		0.868913
421.3		0.868913
421.4		0.868913
421.5		0.868913
421.6		0.868913
421.7		0.868913
421.8		0.868913
421.9		0.868913
422		0.868913
422.1		0.869046
422.2		0.869046
422.3		0.869046
422.4		0.869046
422.5		0.869046
422.6		0.869046
422.7		0.869046
422.8		0.869046
422.9		0.869046
423		0.869046
423.1		0.869237
423.2		0.869237
423.3		0.869237
423.4		0.869237
423.5		0.869237
423.6		0.869237
423.7		0.869237
423.8		0.869237
423.9		0.869237
424		0.869237
424.1		0.875532
424.2		0.875532
424.3		0.875532
424.4		0.875532
424.5		0.875532
424.6		0.875532
424.7		0.875532
424.8		0.875532
424.9		0.875532
425		0.875532
425.1		0.875875
425.2		0.875875
425.3		0.875875
425.4		0.875875
425.5		0.875875
425.6		0.875875
425.7		0.875875
425.8		0.875875
425.9		0.875875
426		0.875875
426.1		0.878183
426.2		0.878183
426.3		0.878183
426.4		0.878183
426.5		0.878183
426.6		0.878183
426.7		0.878183
426.8		0.878183
426.9		0.878183
427		0.878183
427.1		0.879786
427.2		0.879786
427.3		0.879786
427.4		0.879786
427.5		0.879786
427.6		0.879786
427.7		0.879786
427.8		0.879786
427.9		0.879786
428		0.879786
428.1		0.882475
428.2		0.882475
428.3		0.882475
428.4		0.882475
428.5		0.882475
428.6		0.882475
428.7		0.882475
428.8		0.882475
428.9		0.882475
429		0.882475
429.1		0.884097
429.2		0.884097
429.3		0.884097
429.4		0.884097
429.5		0.884097
429.6		0.884097
429.7		0.884097
429.8		0.884097
429.9		0.884097
430		0.884097
430.1		0.884822
430.2		0.884822
430.3		0.884822
430.4		0.884822
430.5		0.884822
430.6		0.884822
430.7		0.884822
430.8		0.884822
430.9		0.884822
431		0.884822
431.1		0.886081
431.2		0.886081
431.3		0.886081
431.4		0.886081
431.5		0.886081
431.6		0.886081
431.7		0.886081
431.8		0.886081
431.9		0.886081
432		0.886081
432.1		0.888827
432.2		0.888827
432.3		0.888827
432.4		0.888827
432.5		0.888827
432.6		0.888827
432.7		0.888827
432.8		0.888827
432.9		0.888827
433		0.888827
433.1		0.89228
433.2		0.89228
433.3		0.89228
433.4		0.89228
433.5		0.89228
433.6		0.89228
433.7		0.89228
433.8		0.89228
433.9		0.89228
434		0.89228
434.1		0.892623
434.2		0.892623
434.3		0.892623
434.4		0.892623
434.5		0.892623
434.6		0.892623
434.7		0.892623
434.8		0.892623
434.9		0.892623
435		0.892623
435.1		0.895447
435.2		0.895447
435.3		0.895447
435.4		0.895447
435.5		0.895447
435.6		0.895447
435.7		0.895447
435.8		0.895447
435.9		0.895447
436		0.895447
436.1		0.896858
436.2		0.896858
436.3		0.896858
436.4		0.896858
436.5		0.896858
436.6		0.896858
436.7		0.896858
436.8		0.896858
436.9		0.896858
437		0.896858
437.1		0.897736
437.2		0.897736
437.3		0.897736
437.4		0.897736
437.5		0.897736
437.6		0.897736
437.7		0.897736
437.8		0.897736
437.9		0.897736
438		0.897736
438.1		0.898937
438.2		0.898937
438.3		0.898937
438.4		0.898937
438.5		0.898937
438.6		0.898937
438.7		0.898937
438.8		0.898937
438.9		0.898937
439		0.898937
439.1		0.901818
439.2		0.901818
439.3		0.901818
439.4		0.901818
439.5		0.901818
439.6		0.901818
439.7		0.901818
439.8		0.901818
439.9		0.901818
440		0.901818
440.1		0.905023
440.2		0.905023
440.3		0.905023
440.4		0.905023
440.5		0.905023
440.6		0.905023
440.7		0.905023
440.8		0.905023
440.9		0.905023
441		0.905023
441.1		0.907827
441.2		0.907827
441.3		0.907827
441.4		0.907827
441.5		0.907827
441.6		0.907827
441.7		0.907827
441.8		0.907827
441.9		0.907827
442		0.907827
442.1		0.908628
442.2		0.908628
442.3		0.908628
442.4		0.908628
442.5		0.908628
442.6		0.908628
442.7		0.908628
442.8		0.908628
442.9		0.908628
443		0.908628
443.1		0.910001
443.2		0.910001
443.3		0.910001
443.4		0.910001
443.5		0.910001
443.6		0.910001
443.7		0.910001
443.8		0.910001
443.9		0.910001
444		0.910001
444.1		0.910574
444.2		0.910574
444.3		0.910574
444.4		0.910574
444.5		0.910574
444.6		0.910574
444.7		0.910574
444.8		0.910574
444.9		0.910574
445		0.910574
445.1		0.91683
445.2		0.91683
445.3		0.91683
445.4		0.91683
445.5		0.91683
445.6		0.91683
445.7		0.91683
445.8		0.91683
445.9		0.91683
446		0.91683
446.1		0.918318
446.2		0.918318
446.3		0.918318
446.4		0.918318
446.5		0.918318
446.6		0.918318
446.7		0.918318
446.8		0.918318
446.9		0.918318
447		0.918318
447.1		0.918528
447.2		0.918528
447.3		0.918528
447.4		0.918528
447.5		0.918528
447.6		0.918528
447.7		0.918528
447.8		0.918528
447.9		0.918528
448		0.918528
448.1		0.919692
448.2		0.919692
448.3		0.919692
448.4		0.919692
448.5		0.919692
448.6		0.919692
448.7		0.919692
448.8		0.919692
448.9		0.919692
449		0.919692
449.1		0.919959
449.2		0.919959
449.3		0.919959
449.4		0.919959
449.5		0.919959
449.6		0.919959
449.7		0.919959
449.8		0.919959
449.9		0.919959
450		0.919959
450.1		0.925567
450.2		0.925567
450.3		0.925567
450.4		0.925567
450.5		0.925567
450.6		0.925567
450.7		0.925567
450.8		0.925567
450.9		0.925567
451		0.925567
451.1		0.925853
451.2		0.925853
451.3		0.925853
451.4		0.925853
451.5		0.925853
451.6		0.925853
451.7		0.925853
451.8		0.925853
451.9		0.925853
452		0.925853
452.1		0.928009
452.2		0.928009
452.3		0.928009
452.4		0.928009
452.5		0.928009
452.6		0.928009
452.7		0.928009
452.8		0.928009
452.9		0.928009
453		0.928009
453.1		0.929191
453.2		0.929191
453.3		0.929191
453.4		0.929191
453.5		0.929191
453.6		0.929191
453.7		0.929191
453.8		0.929191
453.9		0.929191
454		0.929191
454.1		0.933541
454.2		0.933541
454.3		0.933541
454.4		0.933541
454.5		0.933541
454.6		0.933541
454.7		0.933541
454.8		0.933541
454.9		0.933541
455		0.933541
455.1		0.934189
455.2		0.934189
455.3		0.934189
455.4		0.934189
455.5		0.934189
455.6		0.934189
455.7		0.934189
455.8		0.934189
455.9		0.934189
456		0.934189
456.1		0.935868
456.2		0.935868
456.3		0.935868
456.4		0.935868
456.5		0.935868
456.6		0.935868
456.7		0.935868
456.8		0.935868
456.9		0.935868
457		0.935868
457.1		0.936745
457.2		0.936745
457.3		0.936745
457.4		0.936745
457.5		0.936745
457.6		0.936745
457.7		0.936745
457.8		0.936745
457.9		0.936745
458		0.936745
458.1		0.941343
458.2		0.941343
458.3		0.941343
458.4		0.941343
458.5		0.941343
458.6		0.941343
458.7		0.941343
458.8		0.941343
458.9		0.941343
459		0.941343
459.1		0.943097
459.2		0.943097
459.3		0.943097
459.4		0.943097
459.5		0.943097
459.6		0.943097
459.7		0.943097
459.8		0.943097
459.9		0.943097
460		0.943097
460.1		0.943365
460.2		0.943365
460.3		0.943365
460.4		0.943365
460.5		0.943365
460.6		0.943365
460.7		0.943365
460.8		0.943365
460.9		0.943365
461		0.943365
461.1		0.944433
461.2		0.944433
461.3		0.944433
461.4		0.944433
461.5		0.944433
461.6		0.944433
461.7		0.944433
461.8		0.944433
461.9		0.944433
462		0.944433
462.1		0.951014
462.2		0.951014
462.3		0.951014
462.4		0.951014
462.5		0.951014
462.6		0.951014
462.7		0.951014
462.8		0.951014
462.9		0.951014
463		0.951014
463.1		0.95191
463.2		0.95191
463.3		0.95191
463.4		0.95191
463.5		0.95191
463.6		0.95191
463.7		0.95191
463.8		0.95191
463.9		0.95191
464		0.95191
464.1		0.952425
464.2		0.952425
464.3		0.952425
464.4		0.952425
464.5		0.952425
464.6		0.952425
464.7		0.952425
464.8		0.952425
464.9		0.952425
465		0.952425
465.1		0.956126
465.2		0.956126
465.3		0.956126
465.4		0.956126
465.5		0.956126
465.6		0.956126
465.7		0.956126
465.8		0.956126
465.9		0.956126
466		0.956126
466.1		0.958434
466.2		0.958434
466.3		0.958434
466.4		0.958434
466.5		0.958434
466.6		0.958434
466.7		0.958434
466.8		0.958434
466.9		0.958434
467		0.958434
467.1		0.959503
467.2		0.959503
467.3		0.959503
467.4		0.959503
467.5		0.959503
467.6		0.959503
467.7		0.959503
467.8		0.959503
467.9		0.959503
468		0.959503
468.1		0.962059
468.2		0.962059
468.3		0.962059
468.4		0.962059
468.5		0.962059
468.6		0.962059
468.7		0.962059
468.8		0.962059
468.9		0.962059
469		0.962059
469.1		0.963966
469.2		0.963966
469.3		0.963966
469.4		0.963966
469.5		0.963966
469.6		0.963966
469.7		0.963966
469.8		0.963966
469.9		0.963966
470		0.963966
470.1		0.967285
470.2		0.967285
470.3		0.967285
470.4		0.967285
470.5		0.967285
470.6		0.967285
470.7		0.967285
470.8		0.967285
470.9		0.967285
471		0.967285
471.1		0.968335
471.2		0.968335
471.3		0.968335
471.4		0.968335
471.5		0.968335
471.6		0.968335
471.7		0.968335
471.8		0.968335
471.9		0.968335
472		0.968335
472.1		0.96925
472.2		0.96925
472.3		0.96925
472.4		0.96925
472.5		0.96925
472.6		0.96925
472.7		0.96925
472.8		0.96925
472.9		0.96925
473		0.96925
473.1		0.971577
473.2		0.971577
473.3		0.971577
473.4		0.971577
473.5		0.971577
473.6		0.971577
473.7		0.971577
473.8		0.971577
473.9		0.971577
474		0.971577
474.1		0.974343
474.2		0.974343
474.3		0.974343
474.4		0.974343
474.5		0.974343
474.6		0.974343
474.7		0.974343
474.8		0.974343
474.9		0.974343
475		0.974343
475.1		0.975812
475.2		0.975812
475.3		0.975812
475.4		0.975812
475.5		0.975812
475.6		0.975812
475.7		0.975812
475.8		0.975812
475.9		0.975812
476		0.975812
476.1		0.976747
476.2		0.976747
476.3		0.976747
476.4		0.976747
476.5		0.976747
476.6		0.976747
476.7		0.976747
476.8		0.976747
476.9		0.976747
477		0.976747
477.1		0.979761
477.2		0.979761
477.3		0.979761
477.4		0.979761
477.5		0.979761
477.6		0.979761
477.7		0.979761
477.8		0.979761
477.9		0.979761
478		0.979761
478.1		0.980943
478.2		0.980943
478.3		0.980943
478.4		0.980943
478.5		0.980943
478.6		0.980943
478.7		0.980943
478.8		0.980943
478.9		0.980943
479		0.980943
479.1		0.982698
479.2		0.982698
479.3		0.982698
479.4		0.982698
479.5		0.982698
479.6		0.982698
479.7		0.982698
479.8		0.982698
479.9		0.982698
480		0.982698
480.1		0.984434
480.2		0.984434
480.3		0.984434
480.4		0.984434
480.5		0.984434
480.6		0.984434
480.7		0.984434
480.8		0.984434
480.9		0.984434
481		0.984434
481.1		0.986266
481.2		0.986266
481.3		0.986266
481.4		0.986266
481.5		0.986266
481.6		0.986266
481.7		0.986266
481.8		0.986266
481.9		0.986266
482		0.986266
482.1		0.989604
482.2		0.989604
482.3		0.989604
482.4		0.989604
482.5		0.989604
482.6		0.989604
482.7		0.989604
482.8		0.989604
482.9		0.989604
483		0.989604
483.1		0.990748
483.2		0.990748
483.3		0.990748
483.4		0.990748
483.5		0.990748
483.6		0.990748
483.7		0.990748
483.8		0.990748
483.9		0.990748
484		0.990748
484.1		0.995746
484.2		0.995746
484.3		0.995746
484.4		0.995746
484.5		0.995746
484.6		0.995746
484.7		0.995746
484.8		0.995746
484.9		0.995746
485		0.995746
485.1		0.996986
485.2		0.996986
485.3		0.996986
485.4		0.996986
485.5		0.996986
485.6		0.996986
485.7		0.996986
485.8		0.996986
485.9		0.996986
486		0.996986
486.1		0.999008
486.2		0.999008
486.3		0.999008
486.4		0.999008
486.5		0.999008
486.6		0.999008
486.7		0.999008
486.8		0.999008
486.9		0.999008
487		0.999008
487.1		0.999714
487.2		0.999714
487.3		0.999714
487.4		0.999714
487.5		0.999714
487.6		0.999714
487.7		0.999714
487.8		0.999714
487.9		0.999714
488		0.999714
488.1		1
488.2		1
488.3		1
488.4		1
488.5		1
488.6		1
488.7		1
488.8		1
488.9		1
489		1
489.1		1
489.2		1
489.3		1
489.4		1
489.5		1
489.6		1
489.7		1
489.8		1
489.9		1
490		1
490.1		1
490.2		1
490.3		1
490.4		1
490.5		1
490.6		1
490.7		1
490.8		1
490.9		1
491		1
491.1		1
491.2		1
491.3		1
491.4		1
491.5		1
491.6		1
491.7		1
491.8		1
491.9		1
492		1
492.1		1
492.2		1
492.3		1
492.4		1
492.5		1
492.6		1
492.7		1
492.8		1
492.9		1
493		1
493.1		1
493.2		1
493.3		1
493.4		1
493.5		1
493.6		1
493.7		1
493.8		1
493.9		1
494		1
494.1		1
494.2		1
494.3		1
494.4		1
494.5		1
494.6		1
494.7		1
494.8		1
494.9		1
495		1
495.1		1
495.2		1
495.3		1
495.4		1
495.5		1
495.6		1
495.7		1
495.8		1
495.9		1
496		1
496.1		1
496.2		1
496.3		1
496.4		1
496.5		1
496.6		1
496.7		1
496.8		1
496.9		1
497		1
497.1		1
497.2		1
497.3		1
497.4		1
497.5		1
497.6		1
497.7		1
497.8		1
497.9		1
498		1
498.1		1
498.2		1
498.3		1
498.4		1
498.5		1
498.6		1
498.7		1
498.8		1
498.9		1
499		1
499.1		1
499.2		1
499.3		1
499.4		1
499.5		1
499.6		1
499.7		1
499.8		1
499.9		1
500		1
500.1		1
500.2		1
500.3		1
500.4		1
500.5		1
500.6		1
500.7		1
500.8		1
500.9		1
501		1
501.1		1
501.2		1
501.3		1
501.4		1
501.5		1
501.6		1
501.7		1
501.8		1
501.9		1
502		1
502.1		1
502.2		1
502.3		1
502.4		1
502.5		1
502.6		1
502.7		1
502.8		1
502.9		1
503		1
503.1		1
503.2		1
503.3		1
503.4		1
503.5		1
503.6		1
503.7		1
503.8		1
503.9		1
504		1
504.1		1
504.2		1
504.3		1
504.4		1
504.5		1
504.6		1
504.7		1
504.8		1
504.9		1
505		1
505.1		1
505.2		1
505.3		1
505.4		1
505.5		1
505.6		1
505.7		1
505.8		1
505.9		1
506		1
506.1		1
506.2		1
506.3		1
506.4		1
506.5		1
506.6		1
506.7		1
506.8		1
506.9		1
507		1
507.1		1
507.2		1
507.3		1
507.4		1
507.5		1
507.6		1
507.7		1
507.8		1
507.9		1
508		1
508.1		1
508.2		1
508.3		1
508.4		1
508.5		1
508.6		1
508.7		1
508.8		1
508.9		1
509		1
509.1		1
509.2		1
509.3		1
509.4		1
509.5		1
509.6		1
509.7		1
509.8		1
509.9		1
510		1
510.1		1
510.2		1
510.3		1
510.4		1
510.5		1
510.6		1
510.7		1
510.8		1
510.9		1
511		1
511.1		1
511.2		1
511.3		1
511.4		1
511.5		1
511.6		1
511.7		1
511.8		1
511.9		1
512		1
512.1		1
512.2		1
512.3		1
512.4		1
512.5		1
512.6		1
512.7		1
512.8		1
512.9		1
513		1
513.1		1
513.2		1
513.3		1
513.4		1
513.5		1
513.6		1
513.7		1
513.8		1
513.9		1
514		1
514.1		1
514.2		1
514.3		1
514.4		1
514.5		1
514.6		1
514.7		1
514.8		1
514.9		1
515		1
515.1		1
515.2		1
515.3		1
515.4		1
515.5		1
515.6		1
515.7		1
515.8		1
515.9		1
516		1
516.1		1
516.2		1
516.3		1
516.4		1
516.5		1
516.6		1
516.7		1
516.8		1
516.9		1
517		1
517.1		1
517.2		1
517.3		1
517.4		1
517.5		1
517.6		1
517.7		1
517.8		1
517.9		1
518		1
518.1		1
518.2		1
518.3		1
518.4		1
518.5		1
518.6		1
518.7		1
518.8		1
518.9		1
519		1
519.1		1
519.2		1
519.3		1
519.4		1
519.5		1
519.6		1
519.7		1
519.8		1
519.9		1
520		1
520.1		1
520.2		1
520.3		1
520.4		1
520.5		1
520.6		1
520.7		1
520.8		1
520.9		1
521		1
521.1		1
521.2		1
521.3		1
521.4		1
521.5		1
521.6		1
521.7		1
521.8		1
521.9		1
522		1
522.1		1
522.2		1
522.3		1
522.4		1
522.5		1
522.6		1
522.7		1
522.8		1
522.9		1
523		1
523.1		1
523.2		1
523.3		1
523.4		1
523.5		1
523.6		1
523.7		1
523.8		1
523.9		1
524		1
524.1		1
524.2		1
524.3		1
524.4		1
524.5		1
524.6		1
524.7		1
524.8		1
524.9		1
525		1
525.1		1
525.2		1
525.3		1
525.4		1
525.5		1
525.6		1
525.7		1
525.8		1
525.9		1
526		1
526.1		1
526.2		1
526.3		1
526.4		1
526.5		1
526.6		1
526.7		1
526.8		1
526.9		1
527		1
527.1		1
527.2		1
527.3		1
527.4		1
527.5		1
527.6		1
527.7		1
527.8		1
527.9		1
528		1
528.1		1
528.2		1
528.3		1
528.4		1
528.5		1
528.6		1
528.7		1
528.8		1
528.9		1
529		1
529.1		1
529.2		1
529.3		1
529.4		1
529.5		1
529.6		1
529.7		1
529.8		1
529.9		1
530		1
530.1		1
530.2		1
530.3		1
530.4		1
530.5		1
530.6		1
530.7		1
530.8		1
530.9		1
531		1
531.1		1
531.2		1
531.3		1
531.4		1
531.5		1
531.6		1
531.7		1
531.8		1
531.9		1
532		1
532.1		1
532.2		1
532.3		1
532.4		1
532.5		1
532.6		1
532.7		1
532.8		1
532.9		1
533		1
533.1		1
533.2		1
533.3		1
533.4		1
533.5		1
533.6		1
533.7		1
533.8		1
533.9		1
534		1
534.1		1
534.2		1
534.3		1
534.4		1
534.5		1
534.6		1
534.7		1
534.8		1
534.9		1
535		1
535.1		1
535.2		1
535.3		1
535.4		1
535.5		1
535.6		1
535.7		1
535.8		1
535.9		1
536		1
536.1		1
536.2		1
536.3		1
536.4		1
536.5		1
536.6		1
536.7		1
536.8		1
536.9		1
537		1
537.1		1
537.2		1
537.3		1
537.4		1
537.5		1
537.6		1
537.7		1
537.8		1
537.9		1
538		1
538.1		1
538.2		1
538.3		1
538.4		1
538.5		1
538.6		1
538.7		1
538.8		1
538.9		1
539		1
539.1		1
539.2		1
539.3		1
539.4		1
539.5		1
539.6		1
539.7		1
539.8		1
539.9		1
540		1
540.1		1
540.2		1
540.3		1
540.4		1
540.5		1
540.6		1
540.7		1
540.8		1
540.9		1
541		1
541.1		1
541.2		1
541.3		1
541.4		1
541.5		1
541.6		1
541.7		1
541.8		1
541.9		1
542		1
542.1		1
542.2		1
542.3		1
542.4		1
542.5		1
542.6		1
542.7		1
542.8		1
542.9		1
543		1
543.1		1
543.2		1
543.3		1
543.4		1
543.5		1
543.6		1
543.7		1
543.8		1
543.9		1
544		1
544.1		1
544.2		1
544.3		1
544.4		1
544.5		1
544.6		1
544.7		1
544.8		1
544.9		1
545		1
545.1		1
545.2		1
545.3		1
545.4		1
545.5		1
545.6		1
545.7		1
545.8		1
545.9		1
546		1
546.1		1
546.2		1
546.3		1
546.4		1
546.5		1
546.6		1
546.7		1
546.8		1
546.9		1
547		1
547.1		1
547.2		1
547.3		1
547.4		1
547.5		1
547.6		1
547.7		1
547.8		1
547.9		1
548		1
548.1		1
548.2		1
548.3		1
548.4		1
548.5		1
548.6		1
548.7		1
548.8		1
548.9		1
549		1
549.1		1
549.2		1
549.3		1
549.4		1
549.5		1
549.6		1
549.7		1
549.8		1
549.9		1
550		1
550.1		1
550.2		1
550.3		1
550.4		1
550.5		1
550.6		1
550.7		1
550.8		1
550.9		1
551		1
551.1		1
551.2		1
551.3		1
551.4		1
551.5		1
551.6		1
551.7		1
551.8		1
551.9		1
552		1
552.1		1
552.2		1
552.3		1
552.4		1
552.5		1
552.6		1
552.7		1
552.8		1
552.9		1
553		1
553.1		1
553.2		1
553.3		1
553.4		1
553.5		1
553.6		1
553.7		1
553.8		1
553.9		1
554		1
554.1		1
554.2		1
554.3		1
554.4		1
554.5		1
554.6		1
554.7		1
554.8		1
554.9		1
555		1
555.1		1
555.2		1
555.3		1
555.4		1
555.5		1
555.6		1
555.7		1
555.8		1
555.9		1
556		1
556.1		1
556.2		1
556.3		1
556.4		1
556.5		1
556.6		1
556.7		1
556.8		1
556.9		1
557		1
557.1		1
557.2		1
557.3		1
557.4		1
557.5		1
557.6		1
557.7		1
557.8		1
557.9		1
558		1
558.1		1
558.2		1
558.3		1
558.4		1
558.5		1
558.6		1
558.7		1
558.8		1
558.9		1
559		1
559.1		1
559.2		1
559.3		1
559.4		1
559.5		1
559.6		1
559.7		1
559.8		1
559.9		1
560		1
560.1		1
560.2		1
560.3		1
560.4		1
560.5		1
560.6		1
560.7		1
560.8		1
560.9		1
561		1
561.1		1
561.2		1
561.3		1
561.4		1
561.5		1
561.6		1
561.7		1
561.8		1
561.9		1
562		1
562.1		1
562.2		1
562.3		1
562.4		1
562.5		1
562.6		1
562.7		1
562.8		1
562.9		1
563		1
563.1		1
563.2		1
563.3		1
563.4		1
563.5		1
563.6		1
563.7		1
563.8		1
563.9		1
564		1
564.1		1
564.2		1
564.3		1
564.4		1
564.5		1
564.6		1
564.7		1
564.8		1
564.9		1
565		1
565.1		1
565.2		1
565.3		1
565.4		1
565.5		1
565.6		1
565.7		1
565.8		1
565.9		1
566		1
566.1		1
566.2		1
566.3		1
566.4		1
566.5		1
566.6		1
566.7		1
566.8		1
566.9		1
567		1
567.1		1
567.2		1
567.3		1
567.4		1
567.5		1
567.6		1
567.7		1
567.8		1
567.9		1
568		1
568.1		1
568.2		1
568.3		1
568.4		1
568.5		1
568.6		1
568.7		1
568.8		1
568.9		1
569		1
569.1		1
569.2		1
569.3		1
569.4		1
569.5		1
569.6		1
569.7		1
569.8		1
569.9		1
570		1
570.1		1
570.2		1
570.3		1
570.4		1
570.5		1
570.6		1
570.7		1
570.8		1
570.9		1
571		1
571.1		1
571.2		1
571.3		1
571.4		1
571.5		1
571.6		1
571.7		1
571.8		1
571.9		1
572		1
572.1		1
572.2		1
572.3		1
572.4		1
572.5		1
572.6		1
572.7		1
572.8		1
572.9		1
573		1
573.1		1
573.2		1
573.3		1
573.4		1
573.5		1
573.6		1
573.7		1
573.8		1
573.9		1
574		1
574.1		1
574.2		1
574.3		1
574.4		1
574.5		1
574.6		1
574.7		1
574.8		1
574.9		1
575		1
575.1		1
575.2		1
575.3		1
575.4		1
575.5		1
575.6		1
575.7		1
575.8		1
575.9		1
576		1
576.1		1
576.2		1
576.3		1
576.4		1
576.5		1
576.6		1
576.7		1
576.8		1
576.9		1
577		1
577.1		1
577.2		1
577.3		1
577.4		1
577.5		1
577.6		1
577.7		1
577.8		1
577.9		1
578		1
578.1		1
578.2		1
578.3		1
578.4		1
578.5		1
578.6		1
578.7		1
578.8		1
578.9		1
579		1
579.1		1
579.2		1
579.3		1
579.4		1
579.5		1
579.6		1
579.7		1
579.8		1
579.9		1
580		1
580.1		1
580.2		1
580.3		1
580.4		1
580.5		1
580.6		1
580.7		1
580.8		1
580.9		1
581		1
581.1		1
581.2		1
581.3		1
581.4		1
581.5		1
581.6		1
581.7		1
581.8		1
581.9		1
582		1
582.1		1
582.2		1
582.3		1
582.4		1
582.5		1
582.6		1
582.7		1
582.8		1
582.9		1
583		1
583.1		1
583.2		1
583.3		1
583.4		1
583.5		1
583.6		1
583.7		1
583.8		1
583.9		1
584		1
584.1		1
584.2		1
584.3		1
584.4		1
584.5		1
584.6		1
584.7		1
584.8		1
584.9		1
585		1
585.1		1
585.2		1
585.3		1
585.4		1
585.5		1
585.6		1
585.7		1
585.8		1
585.9		1
586		1
586.1		1
586.2		1
586.3		1
586.4		1
586.5		1
586.6		1
586.7		1
586.8		1
586.9		1
587		1
587.1		1
587.2		1
587.3		1
587.4		1
587.5		1
587.6		1
587.7		1
587.8		1
587.9		1
588		1
588.1		1
588.2		1
588.3		1
588.4		1
588.5		1
588.6		1
588.7		1
588.8		1
588.9		1
589		1
589.1		1
589.2		1
589.3		1
589.4		1
589.5		1
589.6		1
589.7		1
589.8		1
589.9		1
590		1
590.1		1
590.2		1
590.3		1
590.4		1
590.5		1
590.6		1
590.7		1
590.8		1
590.9		1
591		1
591.1		1
591.2		1
591.3		1
591.4		1
591.5		1
591.6		1
591.7		1
591.8		1
591.9		1
592		1
592.1		1
592.2		1
592.3		1
592.4		1
592.5		1
592.6		1
592.7		1
592.8		1
592.9		1
593		1
593.1		1
593.2		1
593.3		1
593.4		1
593.5		1
593.6		1
593.7		1
593.8		1
593.9		1
594		1
594.1		1
594.2		1
594.3		1
594.4		1
594.5		1
594.6		1
594.7		1
594.8		1
594.9		1
595		1
595.1		1
595.2		1
595.3		1
595.4		1
595.5		1
595.6		1
595.7		1
595.8		1
595.9		1
596		1
596.1		1
596.2		1
596.3		1
596.4		1
596.5		1
596.6		1
596.7		1
596.8		1
596.9		1
597		1
597.1		1
597.2		1
597.3		1
597.4		1
597.5		1
597.6		1
597.7		1
597.8		1
597.9		1
598		1
598.1		1
598.2		1
598.3		1
598.4		1
598.5		1
598.6		1
598.7		1
598.8		1
598.9		1
599		1
599.1		1
599.2		1
599.3		1
599.4		1
599.5		1
599.6		1
599.7		1
599.8		1
599.9		1
600		1
