# Calibration file of tamex_id 0 @ channel 30
# fine_T bin		 Calibration value
0.1		0
0.2		0
0.3		0
0.4		0
0.5		0
0.6		0
0.7		0
0.8		0
0.9		0
1		0
1.1		0
1.2		0
1.3		0
1.4		0
1.5		0
1.6		0
1.7		0
1.8		0
1.9		0
2		0
2.1		0
2.2		0
2.3		0
2.4		0
2.5		0
2.6		0
2.7		0
2.8		0
2.9		0
3		0
3.1		0
3.2		0
3.3		0
3.4		0
3.5		0
3.6		0
3.7		0
3.8		0
3.9		0
4		0
4.1		0
4.2		0
4.3		0
4.4		0
4.5		0
4.6		0
4.7		0
4.8		0
4.9		0
5		0
5.1		0
5.2		0
5.3		0
5.4		0
5.5		0
5.6		0
5.7		0
5.8		0
5.9		0
6		0
6.1		0
6.2		0
6.3		0
6.4		0
6.5		0
6.6		0
6.7		0
6.8		0
6.9		0
7		0
7.1		0
7.2		0
7.3		0
7.4		0
7.5		0
7.6		0
7.7		0
7.8		0
7.9		0
8		0
8.1		0
8.2		0
8.3		0
8.4		0
8.5		0
8.6		0
8.7		0
8.8		0
8.9		0
9		0
9.1		0
9.2		0
9.3		0
9.4		0
9.5		0
9.6		0
9.7		0
9.8		0
9.9		0
10		0
10.1		0
10.2		0
10.3		0
10.4		0
10.5		0
10.6		0
10.7		0
10.8		0
10.9		0
11		0
11.1		0
11.2		0
11.3		0
11.4		0
11.5		0
11.6		0
11.7		0
11.8		0
11.9		0
12		0
12.1		0
12.2		0
12.3		0
12.4		0
12.5		0
12.6		0
12.7		0
12.8		0
12.9		0
13		0
13.1		0
13.2		0
13.3		0
13.4		0
13.5		0
13.6		0
13.7		0
13.8		0
13.9		0
14		0
14.1		0
14.2		0
14.3		0
14.4		0
14.5		0
14.6		0
14.7		0
14.8		0
14.9		0
15		0
15.1		0
15.2		0
15.3		0
15.4		0
15.5		0
15.6		0
15.7		0
15.8		0
15.9		0
16		0
16.1		0
16.2		0
16.3		0
16.4		0
16.5		0
16.6		0
16.7		0
16.8		0
16.9		0
17		0
17.1		0.00615952
17.2		0.00615952
17.3		0.00615952
17.4		0.00615952
17.5		0.00615952
17.6		0.00615952
17.7		0.00615952
17.8		0.00615952
17.9		0.00615952
18		0.00615952
18.1		0.00689031
18.2		0.00689031
18.3		0.00689031
18.4		0.00689031
18.5		0.00689031
18.6		0.00689031
18.7		0.00689031
18.8		0.00689031
18.9		0.00689031
19		0.00689031
19.1		0.0074819
19.2		0.0074819
19.3		0.0074819
19.4		0.0074819
19.5		0.0074819
19.6		0.0074819
19.7		0.0074819
19.8		0.0074819
19.9		0.0074819
20		0.0074819
20.1		0.0132586
20.2		0.0132586
20.3		0.0132586
20.4		0.0132586
20.5		0.0132586
20.6		0.0132586
20.7		0.0132586
20.8		0.0132586
20.9		0.0132586
21		0.0132586
21.1		0.015451
21.2		0.015451
21.3		0.015451
21.4		0.015451
21.5		0.015451
21.6		0.015451
21.7		0.015451
21.8		0.015451
21.9		0.015451
22		0.015451
22.1		0.0162862
22.2		0.0162862
22.3		0.0162862
22.4		0.0162862
22.5		0.0162862
22.6		0.0162862
22.7		0.0162862
22.8		0.0162862
22.9		0.0162862
23		0.0162862
23.1		0.0187222
23.2		0.0187222
23.3		0.0187222
23.4		0.0187222
23.5		0.0187222
23.6		0.0187222
23.7		0.0187222
23.8		0.0187222
23.9		0.0187222
24		0.0187222
24.1		0.0247773
24.2		0.0247773
24.3		0.0247773
24.4		0.0247773
24.5		0.0247773
24.6		0.0247773
24.7		0.0247773
24.8		0.0247773
24.9		0.0247773
25		0.0247773
25.1		0.0258909
25.2		0.0258909
25.3		0.0258909
25.4		0.0258909
25.5		0.0258909
25.6		0.0258909
25.7		0.0258909
25.8		0.0258909
25.9		0.0258909
26		0.0258909
26.1		0.0265869
26.2		0.0265869
26.3		0.0265869
26.4		0.0265869
26.5		0.0265869
26.6		0.0265869
26.7		0.0265869
26.8		0.0265869
26.9		0.0265869
27		0.0265869
27.1		0.0272829
27.2		0.0272829
27.3		0.0272829
27.4		0.0272829
27.5		0.0272829
27.6		0.0272829
27.7		0.0272829
27.8		0.0272829
27.9		0.0272829
28		0.0272829
28.1		0.0325724
28.2		0.0325724
28.3		0.0325724
28.4		0.0325724
28.5		0.0325724
28.6		0.0325724
28.7		0.0325724
28.8		0.0325724
28.9		0.0325724
29		0.0325724
29.1		0.0357391
29.2		0.0357391
29.3		0.0357391
29.4		0.0357391
29.5		0.0357391
29.6		0.0357391
29.7		0.0357391
29.8		0.0357391
29.9		0.0357391
30		0.0357391
30.1		0.0359827
30.2		0.0359827
30.3		0.0359827
30.4		0.0359827
30.5		0.0359827
30.6		0.0359827
30.7		0.0359827
30.8		0.0359827
30.9		0.0359827
31		0.0359827
31.1		0.0360523
31.2		0.0360523
31.3		0.0360523
31.4		0.0360523
31.5		0.0360523
31.6		0.0360523
31.7		0.0360523
31.8		0.0360523
31.9		0.0360523
32		0.0360523
32.1		0.0395323
32.2		0.0395323
32.3		0.0395323
32.4		0.0395323
32.5		0.0395323
32.6		0.0395323
32.7		0.0395323
32.8		0.0395323
32.9		0.0395323
33		0.0395323
33.1		0.0405763
33.2		0.0405763
33.3		0.0405763
33.4		0.0405763
33.5		0.0405763
33.6		0.0405763
33.7		0.0405763
33.8		0.0405763
33.9		0.0405763
34		0.0405763
34.1		0.0421423
34.2		0.0421423
34.3		0.0421423
34.4		0.0421423
34.5		0.0421423
34.6		0.0421423
34.7		0.0421423
34.8		0.0421423
34.9		0.0421423
35		0.0421423
35.1		0.0457962
35.2		0.0457962
35.3		0.0457962
35.4		0.0457962
35.5		0.0457962
35.6		0.0457962
35.7		0.0457962
35.8		0.0457962
35.9		0.0457962
36		0.0457962
36.1		0.048093
36.2		0.048093
36.3		0.048093
36.4		0.048093
36.5		0.048093
36.6		0.048093
36.7		0.048093
36.8		0.048093
36.9		0.048093
37		0.048093
37.1		0.0489978
37.2		0.0489978
37.3		0.0489978
37.4		0.0489978
37.5		0.0489978
37.6		0.0489978
37.7		0.0489978
37.8		0.0489978
37.9		0.0489978
38		0.0489978
38.1		0.0495546
38.2		0.0495546
38.3		0.0495546
38.4		0.0495546
38.5		0.0495546
38.6		0.0495546
38.7		0.0495546
38.8		0.0495546
38.9		0.0495546
39		0.0495546
39.1		0.0531389
39.2		0.0531389
39.3		0.0531389
39.4		0.0531389
39.5		0.0531389
39.6		0.0531389
39.7		0.0531389
39.8		0.0531389
39.9		0.0531389
40		0.0531389
40.1		0.0547397
40.2		0.0547397
40.3		0.0547397
40.4		0.0547397
40.5		0.0547397
40.6		0.0547397
40.7		0.0547397
40.8		0.0547397
40.9		0.0547397
41		0.0547397
41.1		0.0581501
41.2		0.0581501
41.3		0.0581501
41.4		0.0581501
41.5		0.0581501
41.6		0.0581501
41.7		0.0581501
41.8		0.0581501
41.9		0.0581501
42		0.0581501
42.1		0.0585329
42.2		0.0585329
42.3		0.0585329
42.4		0.0585329
42.5		0.0585329
42.6		0.0585329
42.7		0.0585329
42.8		0.0585329
42.9		0.0585329
43		0.0585329
43.1		0.0603424
43.2		0.0603424
43.3		0.0603424
43.4		0.0603424
43.5		0.0603424
43.6		0.0603424
43.7		0.0603424
43.8		0.0603424
43.9		0.0603424
44		0.0603424
44.1		0.0629872
44.2		0.0629872
44.3		0.0629872
44.4		0.0629872
44.5		0.0629872
44.6		0.0629872
44.7		0.0629872
44.8		0.0629872
44.9		0.0629872
45		0.0629872
45.1		0.0636484
45.2		0.0636484
45.3		0.0636484
45.4		0.0636484
45.5		0.0636484
45.6		0.0636484
45.7		0.0636484
45.8		0.0636484
45.9		0.0636484
46		0.0636484
46.1		0.0699123
46.2		0.0699123
46.3		0.0699123
46.4		0.0699123
46.5		0.0699123
46.6		0.0699123
46.7		0.0699123
46.8		0.0699123
46.9		0.0699123
47		0.0699123
47.1		0.0701907
47.2		0.0701907
47.3		0.0701907
47.4		0.0701907
47.5		0.0701907
47.6		0.0701907
47.7		0.0701907
47.8		0.0701907
47.9		0.0701907
48		0.0701907
48.1		0.0720699
48.2		0.0720699
48.3		0.0720699
48.4		0.0720699
48.5		0.0720699
48.6		0.0720699
48.7		0.0720699
48.8		0.0720699
48.9		0.0720699
49		0.0720699
49.1		0.0744014
49.2		0.0744014
49.3		0.0744014
49.4		0.0744014
49.5		0.0744014
49.6		0.0744014
49.7		0.0744014
49.8		0.0744014
49.9		0.0744014
50		0.0744014
50.1		0.0768722
50.2		0.0768722
50.3		0.0768722
50.4		0.0768722
50.5		0.0768722
50.6		0.0768722
50.7		0.0768722
50.8		0.0768722
50.9		0.0768722
51		0.0768722
51.1		0.0780554
51.2		0.0780554
51.3		0.0780554
51.4		0.0780554
51.5		0.0780554
51.6		0.0780554
51.7		0.0780554
51.8		0.0780554
51.9		0.0780554
52		0.0780554
52.1		0.0818486
52.2		0.0818486
52.3		0.0818486
52.4		0.0818486
52.5		0.0818486
52.6		0.0818486
52.7		0.0818486
52.8		0.0818486
52.9		0.0818486
53		0.0818486
53.1		0.0820226
53.2		0.0820226
53.3		0.0820226
53.4		0.0820226
53.5		0.0820226
53.6		0.0820226
53.7		0.0820226
53.8		0.0820226
53.9		0.0820226
54		0.0820226
54.1		0.0873121
54.2		0.0873121
54.3		0.0873121
54.4		0.0873121
54.5		0.0873121
54.6		0.0873121
54.7		0.0873121
54.8		0.0873121
54.9		0.0873121
55		0.0873121
55.1		0.0876253
55.2		0.0876253
55.3		0.0876253
55.4		0.0876253
55.5		0.0876253
55.6		0.0876253
55.7		0.0876253
55.8		0.0876253
55.9		0.0876253
56		0.0876253
56.1		0.0879385
56.2		0.0879385
56.3		0.0879385
56.4		0.0879385
56.5		0.0879385
56.6		0.0879385
56.7		0.0879385
56.8		0.0879385
56.9		0.0879385
57		0.0879385
57.1		0.0885649
57.2		0.0885649
57.3		0.0885649
57.4		0.0885649
57.5		0.0885649
57.6		0.0885649
57.7		0.0885649
57.8		0.0885649
57.9		0.0885649
58		0.0885649
58.1		0.0935064
58.2		0.0935064
58.3		0.0935064
58.4		0.0935064
58.5		0.0935064
58.6		0.0935064
58.7		0.0935064
58.8		0.0935064
58.9		0.0935064
59		0.0935064
59.1		0.0973344
59.2		0.0973344
59.3		0.0973344
59.4		0.0973344
59.5		0.0973344
59.6		0.0973344
59.7		0.0973344
59.8		0.0973344
59.9		0.0973344
60		0.0973344
60.1		0.0984479
60.2		0.0984479
60.3		0.0984479
60.4		0.0984479
60.5		0.0984479
60.6		0.0984479
60.7		0.0984479
60.8		0.0984479
60.9		0.0984479
61		0.0984479
61.1		0.0988307
61.2		0.0988307
61.3		0.0988307
61.4		0.0988307
61.5		0.0988307
61.6		0.0988307
61.7		0.0988307
61.8		0.0988307
61.9		0.0988307
62		0.0988307
62.1		0.101684
62.2		0.101684
62.3		0.101684
62.4		0.101684
62.5		0.101684
62.6		0.101684
62.7		0.101684
62.8		0.101684
62.9		0.101684
63		0.101684
63.1		0.102241
63.2		0.102241
63.3		0.102241
63.4		0.102241
63.5		0.102241
63.6		0.102241
63.7		0.102241
63.8		0.102241
63.9		0.102241
64		0.102241
64.1		0.104781
64.2		0.104781
64.3		0.104781
64.4		0.104781
64.5		0.104781
64.6		0.104781
64.7		0.104781
64.8		0.104781
64.9		0.104781
65		0.104781
65.1		0.107844
65.2		0.107844
65.3		0.107844
65.4		0.107844
65.5		0.107844
65.6		0.107844
65.7		0.107844
65.8		0.107844
65.9		0.107844
66		0.107844
66.1		0.11021
66.2		0.11021
66.3		0.11021
66.4		0.11021
66.5		0.11021
66.6		0.11021
66.7		0.11021
66.8		0.11021
66.9		0.11021
67		0.11021
67.1		0.111637
67.2		0.111637
67.3		0.111637
67.4		0.111637
67.5		0.111637
67.6		0.111637
67.7		0.111637
67.8		0.111637
67.9		0.111637
68		0.111637
68.1		0.114317
68.2		0.114317
68.3		0.114317
68.4		0.114317
68.5		0.114317
68.6		0.114317
68.7		0.114317
68.8		0.114317
68.9		0.114317
69		0.114317
69.1		0.114978
69.2		0.114978
69.3		0.114978
69.4		0.114978
69.5		0.114978
69.6		0.114978
69.7		0.114978
69.8		0.114978
69.9		0.114978
70		0.114978
70.1		0.117657
70.2		0.117657
70.3		0.117657
70.4		0.117657
70.5		0.117657
70.6		0.117657
70.7		0.117657
70.8		0.117657
70.9		0.117657
71		0.117657
71.1		0.122181
71.2		0.122181
71.3		0.122181
71.4		0.122181
71.5		0.122181
71.6		0.122181
71.7		0.122181
71.8		0.122181
71.9		0.122181
72		0.122181
72.1		0.123782
72.2		0.123782
72.3		0.123782
72.4		0.123782
72.5		0.123782
72.6		0.123782
72.7		0.123782
72.8		0.123782
72.9		0.123782
73		0.123782
73.1		0.123852
73.2		0.123852
73.3		0.123852
73.4		0.123852
73.5		0.123852
73.6		0.123852
73.7		0.123852
73.8		0.123852
73.9		0.123852
74		0.123852
74.1		0.127053
74.2		0.127053
74.3		0.127053
74.4		0.127053
74.5		0.127053
74.6		0.127053
74.7		0.127053
74.8		0.127053
74.9		0.127053
75		0.127053
75.1		0.128898
75.2		0.128898
75.3		0.128898
75.4		0.128898
75.5		0.128898
75.6		0.128898
75.7		0.128898
75.8		0.128898
75.9		0.128898
76		0.128898
76.1		0.130603
76.2		0.130603
76.3		0.130603
76.4		0.130603
76.5		0.130603
76.6		0.130603
76.7		0.130603
76.8		0.130603
76.9		0.130603
77		0.130603
77.1		0.133282
77.2		0.133282
77.3		0.133282
77.4		0.133282
77.5		0.133282
77.6		0.133282
77.7		0.133282
77.8		0.133282
77.9		0.133282
78		0.133282
78.1		0.134117
78.2		0.134117
78.3		0.134117
78.4		0.134117
78.5		0.134117
78.6		0.134117
78.7		0.134117
78.8		0.134117
78.9		0.134117
79		0.134117
79.1		0.134361
79.2		0.134361
79.3		0.134361
79.4		0.134361
79.5		0.134361
79.6		0.134361
79.7		0.134361
79.8		0.134361
79.9		0.134361
80		0.134361
80.1		0.138015
80.2		0.138015
80.3		0.138015
80.4		0.138015
80.5		0.138015
80.6		0.138015
80.7		0.138015
80.8		0.138015
80.9		0.138015
81		0.138015
81.1		0.140068
81.2		0.140068
81.3		0.140068
81.4		0.140068
81.5		0.140068
81.6		0.140068
81.7		0.140068
81.8		0.140068
81.9		0.140068
82		0.140068
82.1		0.140764
82.2		0.140764
82.3		0.140764
82.4		0.140764
82.5		0.140764
82.6		0.140764
82.7		0.140764
82.8		0.140764
82.9		0.140764
83		0.140764
83.1		0.143096
83.2		0.143096
83.3		0.143096
83.4		0.143096
83.5		0.143096
83.6		0.143096
83.7		0.143096
83.8		0.143096
83.9		0.143096
84		0.143096
84.1		0.146297
84.2		0.146297
84.3		0.146297
84.4		0.146297
84.5		0.146297
84.6		0.146297
84.7		0.146297
84.8		0.146297
84.9		0.146297
85		0.146297
85.1		0.148281
85.2		0.148281
85.3		0.148281
85.4		0.148281
85.5		0.148281
85.6		0.148281
85.7		0.148281
85.8		0.148281
85.9		0.148281
86		0.148281
86.1		0.150856
86.2		0.150856
86.3		0.150856
86.4		0.150856
86.5		0.150856
86.6		0.150856
86.7		0.150856
86.8		0.150856
86.9		0.150856
87		0.150856
87.1		0.1511
87.2		0.1511
87.3		0.1511
87.4		0.1511
87.5		0.1511
87.6		0.1511
87.7		0.1511
87.8		0.1511
87.9		0.1511
88		0.1511
88.1		0.15632
88.2		0.15632
88.3		0.15632
88.4		0.15632
88.5		0.15632
88.6		0.15632
88.7		0.15632
88.8		0.15632
88.9		0.15632
89		0.15632
89.1		0.156424
89.2		0.156424
89.3		0.156424
89.4		0.156424
89.5		0.156424
89.6		0.156424
89.7		0.156424
89.8		0.156424
89.9		0.156424
90		0.156424
90.1		0.156737
90.2		0.156737
90.3		0.156737
90.4		0.156737
90.5		0.156737
90.6		0.156737
90.7		0.156737
90.8		0.156737
90.9		0.156737
91		0.156737
91.1		0.157503
91.2		0.157503
91.3		0.157503
91.4		0.157503
91.5		0.157503
91.6		0.157503
91.7		0.157503
91.8		0.157503
91.9		0.157503
92		0.157503
92.1		0.166585
92.2		0.166585
92.3		0.166585
92.4		0.166585
92.5		0.166585
92.6		0.166585
92.7		0.166585
92.8		0.166585
92.9		0.166585
93		0.166585
93.1		0.166759
93.2		0.166759
93.3		0.166759
93.4		0.166759
93.5		0.166759
93.6		0.166759
93.7		0.166759
93.8		0.166759
93.9		0.166759
94		0.166759
94.1		0.167003
94.2		0.167003
94.3		0.167003
94.4		0.167003
94.5		0.167003
94.6		0.167003
94.7		0.167003
94.8		0.167003
94.9		0.167003
95		0.167003
95.1		0.168952
95.2		0.168952
95.3		0.168952
95.4		0.168952
95.5		0.168952
95.6		0.168952
95.7		0.168952
95.8		0.168952
95.9		0.168952
96		0.168952
96.1		0.173545
96.2		0.173545
96.3		0.173545
96.4		0.173545
96.5		0.173545
96.6		0.173545
96.7		0.173545
96.8		0.173545
96.9		0.173545
97		0.173545
97.1		0.176399
97.2		0.176399
97.3		0.176399
97.4		0.176399
97.5		0.176399
97.6		0.176399
97.7		0.176399
97.8		0.176399
97.9		0.176399
98		0.176399
98.1		0.176712
98.2		0.176712
98.3		0.176712
98.4		0.176712
98.5		0.176712
98.6		0.176712
98.7		0.176712
98.8		0.176712
98.9		0.176712
99		0.176712
99.1		0.178765
99.2		0.178765
99.3		0.178765
99.4		0.178765
99.5		0.178765
99.6		0.178765
99.7		0.178765
99.8		0.178765
99.9		0.178765
100		0.178765
100.1		0.182941
100.2		0.182941
100.3		0.182941
100.4		0.182941
100.5		0.182941
100.6		0.182941
100.7		0.182941
100.8		0.182941
100.9		0.182941
101		0.182941
101.1		0.183916
101.2		0.183916
101.3		0.183916
101.4		0.183916
101.5		0.183916
101.6		0.183916
101.7		0.183916
101.8		0.183916
101.9		0.183916
102		0.183916
102.1		0.185516
102.2		0.185516
102.3		0.185516
102.4		0.185516
102.5		0.185516
102.6		0.185516
102.7		0.185516
102.8		0.185516
102.9		0.185516
103		0.185516
103.1		0.186874
103.2		0.186874
103.3		0.186874
103.4		0.186874
103.5		0.186874
103.6		0.186874
103.7		0.186874
103.8		0.186874
103.9		0.186874
104		0.186874
104.1		0.187813
104.2		0.187813
104.3		0.187813
104.4		0.187813
104.5		0.187813
104.6		0.187813
104.7		0.187813
104.8		0.187813
104.9		0.187813
105		0.187813
105.1		0.191293
105.2		0.191293
105.3		0.191293
105.4		0.191293
105.5		0.191293
105.6		0.191293
105.7		0.191293
105.8		0.191293
105.9		0.191293
106		0.191293
106.1		0.193903
106.2		0.193903
106.3		0.193903
106.4		0.193903
106.5		0.193903
106.6		0.193903
106.7		0.193903
106.8		0.193903
106.9		0.193903
107		0.193903
107.1		0.194042
107.2		0.194042
107.3		0.194042
107.4		0.194042
107.5		0.194042
107.6		0.194042
107.7		0.194042
107.8		0.194042
107.9		0.194042
108		0.194042
108.1		0.196165
108.2		0.196165
108.3		0.196165
108.4		0.196165
108.5		0.196165
108.6		0.196165
108.7		0.196165
108.8		0.196165
108.9		0.196165
109		0.196165
109.1		0.197522
109.2		0.197522
109.3		0.197522
109.4		0.197522
109.5		0.197522
109.6		0.197522
109.7		0.197522
109.8		0.197522
109.9		0.197522
110		0.197522
110.1		0.202046
110.2		0.202046
110.3		0.202046
110.4		0.202046
110.5		0.202046
110.6		0.202046
110.7		0.202046
110.8		0.202046
110.9		0.202046
111		0.202046
111.1		0.202464
111.2		0.202464
111.3		0.202464
111.4		0.202464
111.5		0.202464
111.6		0.202464
111.7		0.202464
111.8		0.202464
111.9		0.202464
112		0.202464
112.1		0.205248
112.2		0.205248
112.3		0.205248
112.4		0.205248
112.5		0.205248
112.6		0.205248
112.7		0.205248
112.8		0.205248
112.9		0.205248
113		0.205248
113.1		0.205874
113.2		0.205874
113.3		0.205874
113.4		0.205874
113.5		0.205874
113.6		0.205874
113.7		0.205874
113.8		0.205874
113.9		0.205874
114		0.205874
114.1		0.211581
114.2		0.211581
114.3		0.211581
114.4		0.211581
114.5		0.211581
114.6		0.211581
114.7		0.211581
114.8		0.211581
114.9		0.211581
115		0.211581
115.1		0.213634
115.2		0.213634
115.3		0.213634
115.4		0.213634
115.5		0.213634
115.6		0.213634
115.7		0.213634
115.8		0.213634
115.9		0.213634
116		0.213634
116.1		0.214052
116.2		0.214052
116.3		0.214052
116.4		0.214052
116.5		0.214052
116.6		0.214052
116.7		0.214052
116.8		0.214052
116.9		0.214052
117		0.214052
117.1		0.215131
117.2		0.215131
117.3		0.215131
117.4		0.215131
117.5		0.215131
117.6		0.215131
117.7		0.215131
117.8		0.215131
117.9		0.215131
118		0.215131
118.1		0.219968
118.2		0.219968
118.3		0.219968
118.4		0.219968
118.5		0.219968
118.6		0.219968
118.7		0.219968
118.8		0.219968
118.9		0.219968
119		0.219968
119.1		0.222891
119.2		0.222891
119.3		0.222891
119.4		0.222891
119.5		0.222891
119.6		0.222891
119.7		0.222891
119.8		0.222891
119.9		0.222891
120		0.222891
120.1		0.22317
120.2		0.22317
120.3		0.22317
120.4		0.22317
120.5		0.22317
120.6		0.22317
120.7		0.22317
120.8		0.22317
120.9		0.22317
121		0.22317
121.1		0.226023
121.2		0.226023
121.3		0.226023
121.4		0.226023
121.5		0.226023
121.6		0.226023
121.7		0.226023
121.8		0.226023
121.9		0.226023
122		0.226023
122.1		0.22919
122.2		0.22919
122.3		0.22919
122.4		0.22919
122.5		0.22919
122.6		0.22919
122.7		0.22919
122.8		0.22919
122.9		0.22919
123		0.22919
123.1		0.230721
123.2		0.230721
123.3		0.230721
123.4		0.230721
123.5		0.230721
123.6		0.230721
123.7		0.230721
123.8		0.230721
123.9		0.230721
124		0.230721
124.1		0.23521
124.2		0.23521
124.3		0.23521
124.4		0.23521
124.5		0.23521
124.6		0.23521
124.7		0.23521
124.8		0.23521
124.9		0.23521
125		0.23521
125.1		0.235906
125.2		0.235906
125.3		0.235906
125.4		0.235906
125.5		0.235906
125.6		0.235906
125.7		0.235906
125.8		0.235906
125.9		0.235906
126		0.235906
126.1		0.239143
126.2		0.239143
126.3		0.239143
126.4		0.239143
126.5		0.239143
126.6		0.239143
126.7		0.239143
126.8		0.239143
126.9		0.239143
127		0.239143
127.1		0.240674
127.2		0.240674
127.3		0.240674
127.4		0.240674
127.5		0.240674
127.6		0.240674
127.7		0.240674
127.8		0.240674
127.9		0.240674
128		0.240674
128.1		0.242344
128.2		0.242344
128.3		0.242344
128.4		0.242344
128.5		0.242344
128.6		0.242344
128.7		0.242344
128.8		0.242344
128.9		0.242344
129		0.242344
129.1		0.24833
129.2		0.24833
129.3		0.24833
129.4		0.24833
129.5		0.24833
129.6		0.24833
129.7		0.24833
129.8		0.24833
129.9		0.24833
130		0.24833
130.1		0.248782
130.2		0.248782
130.3		0.248782
130.4		0.248782
130.5		0.248782
130.6		0.248782
130.7		0.248782
130.8		0.248782
130.9		0.248782
131		0.248782
131.1		0.251148
131.2		0.251148
131.3		0.251148
131.4		0.251148
131.5		0.251148
131.6		0.251148
131.7		0.251148
131.8		0.251148
131.9		0.251148
132		0.251148
132.1		0.253445
132.2		0.253445
132.3		0.253445
132.4		0.253445
132.5		0.253445
132.6		0.253445
132.7		0.253445
132.8		0.253445
132.9		0.253445
133		0.253445
133.1		0.255672
133.2		0.255672
133.3		0.255672
133.4		0.255672
133.5		0.255672
133.6		0.255672
133.7		0.255672
133.8		0.255672
133.9		0.255672
134		0.255672
134.1		0.256751
134.2		0.256751
134.3		0.256751
134.4		0.256751
134.5		0.256751
134.6		0.256751
134.7		0.256751
134.8		0.256751
134.9		0.256751
135		0.256751
135.1		0.259257
135.2		0.259257
135.3		0.259257
135.4		0.259257
135.5		0.259257
135.6		0.259257
135.7		0.259257
135.8		0.259257
135.9		0.259257
136		0.259257
136.1		0.259709
136.2		0.259709
136.3		0.259709
136.4		0.259709
136.5		0.259709
136.6		0.259709
136.7		0.259709
136.8		0.259709
136.9		0.259709
137		0.259709
137.1		0.262006
137.2		0.262006
137.3		0.262006
137.4		0.262006
137.5		0.262006
137.6		0.262006
137.7		0.262006
137.8		0.262006
137.9		0.262006
138		0.262006
138.1		0.263502
138.2		0.263502
138.3		0.263502
138.4		0.263502
138.5		0.263502
138.6		0.263502
138.7		0.263502
138.8		0.263502
138.9		0.263502
139		0.263502
139.1		0.26653
139.2		0.26653
139.3		0.26653
139.4		0.26653
139.5		0.26653
139.6		0.26653
139.7		0.26653
139.8		0.26653
139.9		0.26653
140		0.26653
140.1		0.267365
140.2		0.267365
140.3		0.267365
140.4		0.267365
140.5		0.267365
140.6		0.267365
140.7		0.267365
140.8		0.267365
140.9		0.267365
141		0.267365
141.1		0.269453
141.2		0.269453
141.3		0.269453
141.4		0.269453
141.5		0.269453
141.6		0.269453
141.7		0.269453
141.8		0.269453
141.9		0.269453
142		0.269453
142.1		0.271471
142.2		0.271471
142.3		0.271471
142.4		0.271471
142.5		0.271471
142.6		0.271471
142.7		0.271471
142.8		0.271471
142.9		0.271471
143		0.271471
143.1		0.27168
143.2		0.27168
143.3		0.27168
143.4		0.27168
143.5		0.27168
143.6		0.27168
143.7		0.27168
143.8		0.27168
143.9		0.27168
144		0.27168
144.1		0.274394
144.2		0.274394
144.3		0.274394
144.4		0.274394
144.5		0.274394
144.6		0.274394
144.7		0.274394
144.8		0.274394
144.9		0.274394
145		0.274394
145.1		0.276552
145.2		0.276552
145.3		0.276552
145.4		0.276552
145.5		0.276552
145.6		0.276552
145.7		0.276552
145.8		0.276552
145.9		0.276552
146		0.276552
146.1		0.277422
146.2		0.277422
146.3		0.277422
146.4		0.277422
146.5		0.277422
146.6		0.277422
146.7		0.277422
146.8		0.277422
146.9		0.277422
147		0.277422
147.1		0.280241
147.2		0.280241
147.3		0.280241
147.4		0.280241
147.5		0.280241
147.6		0.280241
147.7		0.280241
147.8		0.280241
147.9		0.280241
148		0.280241
148.1		0.283825
148.2		0.283825
148.3		0.283825
148.4		0.283825
148.5		0.283825
148.6		0.283825
148.7		0.283825
148.8		0.283825
148.9		0.283825
149		0.283825
149.1		0.284173
149.2		0.284173
149.3		0.284173
149.4		0.284173
149.5		0.284173
149.6		0.284173
149.7		0.284173
149.8		0.284173
149.9		0.284173
150		0.284173
150.1		0.285948
150.2		0.285948
150.3		0.285948
150.4		0.285948
150.5		0.285948
150.6		0.285948
150.7		0.285948
150.8		0.285948
150.9		0.285948
151		0.285948
151.1		0.286574
151.2		0.286574
151.3		0.286574
151.4		0.286574
151.5		0.286574
151.6		0.286574
151.7		0.286574
151.8		0.286574
151.9		0.286574
152		0.286574
152.1		0.290089
152.2		0.290089
152.3		0.290089
152.4		0.290089
152.5		0.290089
152.6		0.290089
152.7		0.290089
152.8		0.290089
152.9		0.290089
153		0.290089
153.1		0.29082
153.2		0.29082
153.3		0.29082
153.4		0.29082
153.5		0.29082
153.6		0.29082
153.7		0.29082
153.8		0.29082
153.9		0.29082
154		0.29082
154.1		0.293117
154.2		0.293117
154.3		0.293117
154.4		0.293117
154.5		0.293117
154.6		0.293117
154.7		0.293117
154.8		0.293117
154.9		0.293117
155		0.293117
155.1		0.296005
155.2		0.296005
155.3		0.296005
155.4		0.296005
155.5		0.296005
155.6		0.296005
155.7		0.296005
155.8		0.296005
155.9		0.296005
156		0.296005
156.1		0.297014
156.2		0.297014
156.3		0.297014
156.4		0.297014
156.5		0.297014
156.6		0.297014
156.7		0.297014
156.8		0.297014
156.9		0.297014
157		0.297014
157.1		0.298719
157.2		0.298719
157.3		0.298719
157.4		0.298719
157.5		0.298719
157.6		0.298719
157.7		0.298719
157.8		0.298719
157.9		0.298719
158		0.298719
158.1		0.299694
158.2		0.299694
158.3		0.299694
158.4		0.299694
158.5		0.299694
158.6		0.299694
158.7		0.299694
158.8		0.299694
158.9		0.299694
159		0.299694
159.1		0.301155
159.2		0.301155
159.3		0.301155
159.4		0.301155
159.5		0.301155
159.6		0.301155
159.7		0.301155
159.8		0.301155
159.9		0.301155
160		0.301155
160.1		0.307245
160.2		0.307245
160.3		0.307245
160.4		0.307245
160.5		0.307245
160.6		0.307245
160.7		0.307245
160.8		0.307245
160.9		0.307245
161		0.307245
161.1		0.308185
161.2		0.308185
161.3		0.308185
161.4		0.308185
161.5		0.308185
161.6		0.308185
161.7		0.308185
161.8		0.308185
161.9		0.308185
162		0.308185
162.1		0.311352
162.2		0.311352
162.3		0.311352
162.4		0.311352
162.5		0.311352
162.6		0.311352
162.7		0.311352
162.8		0.311352
162.9		0.311352
163		0.311352
163.1		0.311734
163.2		0.311734
163.3		0.311734
163.4		0.311734
163.5		0.311734
163.6		0.311734
163.7		0.311734
163.8		0.311734
163.9		0.311734
164		0.311734
164.1		0.317059
164.2		0.317059
164.3		0.317059
164.4		0.317059
164.5		0.317059
164.6		0.317059
164.7		0.317059
164.8		0.317059
164.9		0.317059
165		0.317059
165.1		0.321095
165.2		0.321095
165.3		0.321095
165.4		0.321095
165.5		0.321095
165.6		0.321095
165.7		0.321095
165.8		0.321095
165.9		0.321095
166		0.321095
166.1		0.322105
166.2		0.322105
166.3		0.322105
166.4		0.322105
166.5		0.322105
166.6		0.322105
166.7		0.322105
166.8		0.322105
166.9		0.322105
167		0.322105
167.1		0.323636
167.2		0.323636
167.3		0.323636
167.4		0.323636
167.5		0.323636
167.6		0.323636
167.7		0.323636
167.8		0.323636
167.9		0.323636
168		0.323636
168.1		0.325933
168.2		0.325933
168.3		0.325933
168.4		0.325933
168.5		0.325933
168.6		0.325933
168.7		0.325933
168.8		0.325933
168.9		0.325933
169		0.325933
169.1		0.327812
169.2		0.327812
169.3		0.327812
169.4		0.327812
169.5		0.327812
169.6		0.327812
169.7		0.327812
169.8		0.327812
169.9		0.327812
170		0.327812
170.1		0.330422
170.2		0.330422
170.3		0.330422
170.4		0.330422
170.5		0.330422
170.6		0.330422
170.7		0.330422
170.8		0.330422
170.9		0.330422
171		0.330422
171.1		0.330944
171.2		0.330944
171.3		0.330944
171.4		0.330944
171.5		0.330944
171.6		0.330944
171.7		0.330944
171.8		0.330944
171.9		0.330944
172		0.330944
172.1		0.333067
172.2		0.333067
172.3		0.333067
172.4		0.333067
172.5		0.333067
172.6		0.333067
172.7		0.333067
172.8		0.333067
172.9		0.333067
173		0.333067
173.1		0.334807
173.2		0.334807
173.3		0.334807
173.4		0.334807
173.5		0.334807
173.6		0.334807
173.7		0.334807
173.8		0.334807
173.9		0.334807
174		0.334807
174.1		0.337904
174.2		0.337904
174.3		0.337904
174.4		0.337904
174.5		0.337904
174.6		0.337904
174.7		0.337904
174.8		0.337904
174.9		0.337904
175		0.337904
175.1		0.340096
175.2		0.340096
175.3		0.340096
175.4		0.340096
175.5		0.340096
175.6		0.340096
175.7		0.340096
175.8		0.340096
175.9		0.340096
176		0.340096
176.1		0.342845
176.2		0.342845
176.3		0.342845
176.4		0.342845
176.5		0.342845
176.6		0.342845
176.7		0.342845
176.8		0.342845
176.9		0.342845
177		0.342845
177.1		0.34462
177.2		0.34462
177.3		0.34462
177.4		0.34462
177.5		0.34462
177.6		0.34462
177.7		0.34462
177.8		0.34462
177.9		0.34462
178		0.34462
178.1		0.347856
178.2		0.347856
178.3		0.347856
178.4		0.347856
178.5		0.347856
178.6		0.347856
178.7		0.347856
178.8		0.347856
178.9		0.347856
179		0.347856
179.1		0.349144
179.2		0.349144
179.3		0.349144
179.4		0.349144
179.5		0.349144
179.6		0.349144
179.7		0.349144
179.8		0.349144
179.9		0.349144
180		0.349144
180.1		0.349457
180.2		0.349457
180.3		0.349457
180.4		0.349457
180.5		0.349457
180.6		0.349457
180.7		0.349457
180.8		0.349457
180.9		0.349457
181		0.349457
181.1		0.34984
181.2		0.34984
181.3		0.34984
181.4		0.34984
181.5		0.34984
181.6		0.34984
181.7		0.34984
181.8		0.34984
181.9		0.34984
182		0.34984
182.1		0.357009
182.2		0.357009
182.3		0.357009
182.4		0.357009
182.5		0.357009
182.6		0.357009
182.7		0.357009
182.8		0.357009
182.9		0.357009
183		0.357009
183.1		0.357496
183.2		0.357496
183.3		0.357496
183.4		0.357496
183.5		0.357496
183.6		0.357496
183.7		0.357496
183.8		0.357496
183.9		0.357496
184		0.357496
184.1		0.358401
184.2		0.358401
184.3		0.358401
184.4		0.358401
184.5		0.358401
184.6		0.358401
184.7		0.358401
184.8		0.358401
184.9		0.358401
185		0.358401
185.1		0.358783
185.2		0.358783
185.3		0.358783
185.4		0.358783
185.5		0.358783
185.6		0.358783
185.7		0.358783
185.8		0.358783
185.9		0.358783
186		0.358783
186.1		0.366196
186.2		0.366196
186.3		0.366196
186.4		0.366196
186.5		0.366196
186.6		0.366196
186.7		0.366196
186.8		0.366196
186.9		0.366196
187		0.366196
187.1		0.367831
187.2		0.367831
187.3		0.367831
187.4		0.367831
187.5		0.367831
187.6		0.367831
187.7		0.367831
187.8		0.367831
187.9		0.367831
188		0.367831
188.1		0.369467
188.2		0.369467
188.3		0.369467
188.4		0.369467
188.5		0.369467
188.6		0.369467
188.7		0.369467
188.8		0.369467
188.9		0.369467
189		0.369467
189.1		0.370058
189.2		0.370058
189.3		0.370058
189.4		0.370058
189.5		0.370058
189.6		0.370058
189.7		0.370058
189.8		0.370058
189.9		0.370058
190		0.370058
190.1		0.374617
190.2		0.374617
190.3		0.374617
190.4		0.374617
190.5		0.374617
190.6		0.374617
190.7		0.374617
190.8		0.374617
190.9		0.374617
191		0.374617
191.1		0.374791
191.2		0.374791
191.3		0.374791
191.4		0.374791
191.5		0.374791
191.6		0.374791
191.7		0.374791
191.8		0.374791
191.9		0.374791
192		0.374791
192.1		0.376044
192.2		0.376044
192.3		0.376044
192.4		0.376044
192.5		0.376044
192.6		0.376044
192.7		0.376044
192.8		0.376044
192.9		0.376044
193		0.376044
193.1		0.377158
193.2		0.377158
193.3		0.377158
193.4		0.377158
193.5		0.377158
193.6		0.377158
193.7		0.377158
193.8		0.377158
193.9		0.377158
194		0.377158
194.1		0.380707
194.2		0.380707
194.3		0.380707
194.4		0.380707
194.5		0.380707
194.6		0.380707
194.7		0.380707
194.8		0.380707
194.9		0.380707
195		0.380707
195.1		0.381334
195.2		0.381334
195.3		0.381334
195.4		0.381334
195.5		0.381334
195.6		0.381334
195.7		0.381334
195.8		0.381334
195.9		0.381334
196		0.381334
196.1		0.383387
196.2		0.383387
196.3		0.383387
196.4		0.383387
196.5		0.383387
196.6		0.383387
196.7		0.383387
196.8		0.383387
196.9		0.383387
197		0.383387
197.1		0.383769
197.2		0.383769
197.3		0.383769
197.4		0.383769
197.5		0.383769
197.6		0.383769
197.7		0.383769
197.8		0.383769
197.9		0.383769
198		0.383769
198.1		0.387319
198.2		0.387319
198.3		0.387319
198.4		0.387319
198.5		0.387319
198.6		0.387319
198.7		0.387319
198.8		0.387319
198.9		0.387319
199		0.387319
199.1		0.391391
199.2		0.391391
199.3		0.391391
199.4		0.391391
199.5		0.391391
199.6		0.391391
199.7		0.391391
199.8		0.391391
199.9		0.391391
200		0.391391
200.1		0.392087
200.2		0.392087
200.3		0.392087
200.4		0.392087
200.5		0.392087
200.6		0.392087
200.7		0.392087
200.8		0.392087
200.9		0.392087
201		0.392087
201.1		0.393931
201.2		0.393931
201.3		0.393931
201.4		0.393931
201.5		0.393931
201.6		0.393931
201.7		0.393931
201.8		0.393931
201.9		0.393931
202		0.393931
202.1		0.395741
202.2		0.395741
202.3		0.395741
202.4		0.395741
202.5		0.395741
202.6		0.395741
202.7		0.395741
202.8		0.395741
202.9		0.395741
203		0.395741
203.1		0.396959
203.2		0.396959
203.3		0.396959
203.4		0.396959
203.5		0.396959
203.6		0.396959
203.7		0.396959
203.8		0.396959
203.9		0.396959
204		0.396959
204.1		0.404023
204.2		0.404023
204.3		0.404023
204.4		0.404023
204.5		0.404023
204.6		0.404023
204.7		0.404023
204.8		0.404023
204.9		0.404023
205		0.404023
205.1		0.406389
205.2		0.406389
205.3		0.406389
205.4		0.406389
205.5		0.406389
205.6		0.406389
205.7		0.406389
205.8		0.406389
205.9		0.406389
206		0.406389
206.1		0.407677
206.2		0.407677
206.3		0.407677
206.4		0.407677
206.5		0.407677
206.6		0.407677
206.7		0.407677
206.8		0.407677
206.9		0.407677
207		0.407677
207.1		0.408094
207.2		0.408094
207.3		0.408094
207.4		0.408094
207.5		0.408094
207.6		0.408094
207.7		0.408094
207.8		0.408094
207.9		0.408094
208		0.408094
208.1		0.412653
208.2		0.412653
208.3		0.412653
208.4		0.412653
208.5		0.412653
208.6		0.412653
208.7		0.412653
208.8		0.412653
208.9		0.412653
209		0.412653
209.1		0.415437
209.2		0.415437
209.3		0.415437
209.4		0.415437
209.5		0.415437
209.6		0.415437
209.7		0.415437
209.8		0.415437
209.9		0.415437
210		0.415437
210.1		0.416516
210.2		0.416516
210.3		0.416516
210.4		0.416516
210.5		0.416516
210.6		0.416516
210.7		0.416516
210.8		0.416516
210.9		0.416516
211		0.416516
211.1		0.418465
211.2		0.418465
211.3		0.418465
211.4		0.418465
211.5		0.418465
211.6		0.418465
211.7		0.418465
211.8		0.418465
211.9		0.418465
212		0.418465
212.1		0.422119
212.2		0.422119
212.3		0.422119
212.4		0.422119
212.5		0.422119
212.6		0.422119
212.7		0.422119
212.8		0.422119
212.9		0.422119
213		0.422119
213.1		0.422815
213.2		0.422815
213.3		0.422815
213.4		0.422815
213.5		0.422815
213.6		0.422815
213.7		0.422815
213.8		0.422815
213.9		0.422815
214		0.422815
214.1		0.423476
214.2		0.423476
214.3		0.423476
214.4		0.423476
214.5		0.423476
214.6		0.423476
214.7		0.423476
214.8		0.423476
214.9		0.423476
215		0.423476
215.1		0.427965
215.2		0.427965
215.3		0.427965
215.4		0.427965
215.5		0.427965
215.6		0.427965
215.7		0.427965
215.8		0.427965
215.9		0.427965
216		0.427965
216.1		0.429601
216.2		0.429601
216.3		0.429601
216.4		0.429601
216.5		0.429601
216.6		0.429601
216.7		0.429601
216.8		0.429601
216.9		0.429601
217		0.429601
217.1		0.432245
217.2		0.432245
217.3		0.432245
217.4		0.432245
217.5		0.432245
217.6		0.432245
217.7		0.432245
217.8		0.432245
217.9		0.432245
218		0.432245
218.1		0.433846
218.2		0.433846
218.3		0.433846
218.4		0.433846
218.5		0.433846
218.6		0.433846
218.7		0.433846
218.8		0.433846
218.9		0.433846
219		0.433846
219.1		0.434438
219.2		0.434438
219.3		0.434438
219.4		0.434438
219.5		0.434438
219.6		0.434438
219.7		0.434438
219.8		0.434438
219.9		0.434438
220		0.434438
220.1		0.439136
220.2		0.439136
220.3		0.439136
220.4		0.439136
220.5		0.439136
220.6		0.439136
220.7		0.439136
220.8		0.439136
220.9		0.439136
221		0.439136
221.1		0.43931
221.2		0.43931
221.3		0.43931
221.4		0.43931
221.5		0.43931
221.6		0.43931
221.7		0.43931
221.8		0.43931
221.9		0.43931
222		0.43931
222.1		0.440458
222.2		0.440458
222.3		0.440458
222.4		0.440458
222.5		0.440458
222.6		0.440458
222.7		0.440458
222.8		0.440458
222.9		0.440458
223		0.440458
223.1		0.441746
223.2		0.441746
223.3		0.441746
223.4		0.441746
223.5		0.441746
223.6		0.441746
223.7		0.441746
223.8		0.441746
223.9		0.441746
224		0.441746
224.1		0.446026
224.2		0.446026
224.3		0.446026
224.4		0.446026
224.5		0.446026
224.6		0.446026
224.7		0.446026
224.8		0.446026
224.9		0.446026
225		0.446026
225.1		0.449541
225.2		0.449541
225.3		0.449541
225.4		0.449541
225.5		0.449541
225.6		0.449541
225.7		0.449541
225.8		0.449541
225.9		0.449541
226		0.449541
226.1		0.449923
226.2		0.449923
226.3		0.449923
226.4		0.449923
226.5		0.449923
226.6		0.449923
226.7		0.449923
226.8		0.449923
226.9		0.449923
227		0.449923
227.1		0.451489
227.2		0.451489
227.3		0.451489
227.4		0.451489
227.5		0.451489
227.6		0.451489
227.7		0.451489
227.8		0.451489
227.9		0.451489
228		0.451489
228.1		0.457823
228.2		0.457823
228.3		0.457823
228.4		0.457823
228.5		0.457823
228.6		0.457823
228.7		0.457823
228.8		0.457823
228.9		0.457823
229		0.457823
229.1		0.458519
229.2		0.458519
229.3		0.458519
229.4		0.458519
229.5		0.458519
229.6		0.458519
229.7		0.458519
229.8		0.458519
229.9		0.458519
230		0.458519
230.1		0.459354
230.2		0.459354
230.3		0.459354
230.4		0.459354
230.5		0.459354
230.6		0.459354
230.7		0.459354
230.8		0.459354
230.9		0.459354
231		0.459354
231.1		0.46179
231.2		0.46179
231.3		0.46179
231.4		0.46179
231.5		0.46179
231.6		0.46179
231.7		0.46179
231.8		0.46179
231.9		0.46179
232		0.46179
232.1		0.463286
232.2		0.463286
232.3		0.463286
232.4		0.463286
232.5		0.463286
232.6		0.463286
232.7		0.463286
232.8		0.463286
232.9		0.463286
233		0.463286
233.1		0.466906
233.2		0.466906
233.3		0.466906
233.4		0.466906
233.5		0.466906
233.6		0.466906
233.7		0.466906
233.8		0.466906
233.9		0.466906
234		0.466906
234.1		0.467184
234.2		0.467184
234.3		0.467184
234.4		0.467184
234.5		0.467184
234.6		0.467184
234.7		0.467184
234.8		0.467184
234.9		0.467184
235		0.467184
235.1		0.468332
235.2		0.468332
235.3		0.468332
235.4		0.468332
235.5		0.468332
235.6		0.468332
235.7		0.468332
235.8		0.468332
235.9		0.468332
236		0.468332
236.1		0.472856
236.2		0.472856
236.3		0.472856
236.4		0.472856
236.5		0.472856
236.6		0.472856
236.7		0.472856
236.8		0.472856
236.9		0.472856
237		0.472856
237.1		0.472926
237.2		0.472926
237.3		0.472926
237.4		0.472926
237.5		0.472926
237.6		0.472926
237.7		0.472926
237.8		0.472926
237.9		0.472926
238		0.472926
238.1		0.475292
238.2		0.475292
238.3		0.475292
238.4		0.475292
238.5		0.475292
238.6		0.475292
238.7		0.475292
238.8		0.475292
238.9		0.475292
239		0.475292
239.1		0.478737
239.2		0.478737
239.3		0.478737
239.4		0.478737
239.5		0.478737
239.6		0.478737
239.7		0.478737
239.8		0.478737
239.9		0.478737
240		0.478737
240.1		0.479433
240.2		0.479433
240.3		0.479433
240.4		0.479433
240.5		0.479433
240.6		0.479433
240.7		0.479433
240.8		0.479433
240.9		0.479433
241		0.479433
241.1		0.482565
241.2		0.482565
241.3		0.482565
241.4		0.482565
241.5		0.482565
241.6		0.482565
241.7		0.482565
241.8		0.482565
241.9		0.482565
242		0.482565
242.1		0.483366
242.2		0.483366
242.3		0.483366
242.4		0.483366
242.5		0.483366
242.6		0.483366
242.7		0.483366
242.8		0.483366
242.9		0.483366
243		0.483366
243.1		0.483505
243.2		0.483505
243.3		0.483505
243.4		0.483505
243.5		0.483505
243.6		0.483505
243.7		0.483505
243.8		0.483505
243.9		0.483505
244		0.483505
244.1		0.486463
244.2		0.486463
244.3		0.486463
244.4		0.486463
244.5		0.486463
244.6		0.486463
244.7		0.486463
244.8		0.486463
244.9		0.486463
245		0.486463
245.1		0.487089
245.2		0.487089
245.3		0.487089
245.4		0.487089
245.5		0.487089
245.6		0.487089
245.7		0.487089
245.8		0.487089
245.9		0.487089
246		0.487089
246.1		0.492831
246.2		0.492831
246.3		0.492831
246.4		0.492831
246.5		0.492831
246.6		0.492831
246.7		0.492831
246.8		0.492831
246.9		0.492831
247		0.492831
247.1		0.49384
247.2		0.49384
247.3		0.49384
247.4		0.49384
247.5		0.49384
247.6		0.49384
247.7		0.49384
247.8		0.49384
247.9		0.49384
248		0.49384
248.1		0.49471
248.2		0.49471
248.3		0.49471
248.4		0.49471
248.5		0.49471
248.6		0.49471
248.7		0.49471
248.8		0.49471
248.9		0.49471
249		0.49471
249.1		0.494815
249.2		0.494815
249.3		0.494815
249.4		0.494815
249.5		0.494815
249.6		0.494815
249.7		0.494815
249.8		0.494815
249.9		0.494815
250		0.494815
250.1		0.50254
250.2		0.50254
250.3		0.50254
250.4		0.50254
250.5		0.50254
250.6		0.50254
250.7		0.50254
250.8		0.50254
250.9		0.50254
251		0.50254
251.1		0.50348
251.2		0.50348
251.3		0.50348
251.4		0.50348
251.5		0.50348
251.6		0.50348
251.7		0.50348
251.8		0.50348
251.9		0.50348
252		0.50348
252.1		0.503967
252.2		0.503967
252.3		0.503967
252.4		0.503967
252.5		0.503967
252.6		0.503967
252.7		0.503967
252.8		0.503967
252.9		0.503967
253		0.503967
253.1		0.505359
253.2		0.505359
253.3		0.505359
253.4		0.505359
253.5		0.505359
253.6		0.505359
253.7		0.505359
253.8		0.505359
253.9		0.505359
254		0.505359
254.1		0.51037
254.2		0.51037
254.3		0.51037
254.4		0.51037
254.5		0.51037
254.6		0.51037
254.7		0.51037
254.8		0.51037
254.9		0.51037
255		0.51037
255.1		0.513607
255.2		0.513607
255.3		0.513607
255.4		0.513607
255.5		0.513607
255.6		0.513607
255.7		0.513607
255.8		0.513607
255.9		0.513607
256		0.513607
256.1		0.513955
256.2		0.513955
256.3		0.513955
256.4		0.513955
256.5		0.513955
256.6		0.513955
256.7		0.513955
256.8		0.513955
256.9		0.513955
257		0.513955
257.1		0.515903
257.2		0.515903
257.3		0.515903
257.4		0.515903
257.5		0.515903
257.6		0.515903
257.7		0.515903
257.8		0.515903
257.9		0.515903
258		0.515903
258.1		0.518235
258.2		0.518235
258.3		0.518235
258.4		0.518235
258.5		0.518235
258.6		0.518235
258.7		0.518235
258.8		0.518235
258.9		0.518235
259		0.518235
259.1		0.518409
259.2		0.518409
259.3		0.518409
259.4		0.518409
259.5		0.518409
259.6		0.518409
259.7		0.518409
259.8		0.518409
259.9		0.518409
260		0.518409
260.1		0.519836
260.2		0.519836
260.3		0.519836
260.4		0.519836
260.5		0.519836
260.6		0.519836
260.7		0.519836
260.8		0.519836
260.9		0.519836
261		0.519836
261.1		0.523072
261.2		0.523072
261.3		0.523072
261.4		0.523072
261.5		0.523072
261.6		0.523072
261.7		0.523072
261.8		0.523072
261.9		0.523072
262		0.523072
262.1		0.526413
262.2		0.526413
262.3		0.526413
262.4		0.526413
262.5		0.526413
262.6		0.526413
262.7		0.526413
262.8		0.526413
262.9		0.526413
263		0.526413
263.1		0.528327
263.2		0.528327
263.3		0.528327
263.4		0.528327
263.5		0.528327
263.6		0.528327
263.7		0.528327
263.8		0.528327
263.9		0.528327
264		0.528327
264.1		0.528849
264.2		0.528849
264.3		0.528849
264.4		0.528849
264.5		0.528849
264.6		0.528849
264.7		0.528849
264.8		0.528849
264.9		0.528849
265		0.528849
265.1		0.531285
265.2		0.531285
265.3		0.531285
265.4		0.531285
265.5		0.531285
265.6		0.531285
265.7		0.531285
265.8		0.531285
265.9		0.531285
266		0.531285
266.1		0.532294
266.2		0.532294
266.3		0.532294
266.4		0.532294
266.5		0.532294
266.6		0.532294
266.7		0.532294
266.8		0.532294
266.9		0.532294
267		0.532294
267.1		0.537792
267.2		0.537792
267.3		0.537792
267.4		0.537792
267.5		0.537792
267.6		0.537792
267.7		0.537792
267.8		0.537792
267.9		0.537792
268		0.537792
268.1		0.538384
268.2		0.538384
268.3		0.538384
268.4		0.538384
268.5		0.538384
268.6		0.538384
268.7		0.538384
268.8		0.538384
268.9		0.538384
269		0.538384
269.1		0.539845
269.2		0.539845
269.3		0.539845
269.4		0.539845
269.5		0.539845
269.6		0.539845
269.7		0.539845
269.8		0.539845
269.9		0.539845
270		0.539845
270.1		0.540402
270.2		0.540402
270.3		0.540402
270.4		0.540402
270.5		0.540402
270.6		0.540402
270.7		0.540402
270.8		0.540402
270.9		0.540402
271		0.540402
271.1		0.541585
271.2		0.541585
271.3		0.541585
271.4		0.541585
271.5		0.541585
271.6		0.541585
271.7		0.541585
271.8		0.541585
271.9		0.541585
272		0.541585
272.1		0.546423
272.2		0.546423
272.3		0.546423
272.4		0.546423
272.5		0.546423
272.6		0.546423
272.7		0.546423
272.8		0.546423
272.9		0.546423
273		0.546423
273.1		0.547362
273.2		0.547362
273.3		0.547362
273.4		0.547362
273.5		0.547362
273.6		0.547362
273.7		0.547362
273.8		0.547362
273.9		0.547362
274		0.547362
274.1		0.547606
274.2		0.547606
274.3		0.547606
274.4		0.547606
274.5		0.547606
274.6		0.547606
274.7		0.547606
274.8		0.547606
274.9		0.547606
275		0.547606
275.1		0.548476
275.2		0.548476
275.3		0.548476
275.4		0.548476
275.5		0.548476
275.6		0.548476
275.7		0.548476
275.8		0.548476
275.9		0.548476
276		0.548476
276.1		0.553905
276.2		0.553905
276.3		0.553905
276.4		0.553905
276.5		0.553905
276.6		0.553905
276.7		0.553905
276.8		0.553905
276.9		0.553905
277		0.553905
277.1		0.556201
277.2		0.556201
277.3		0.556201
277.4		0.556201
277.5		0.556201
277.6		0.556201
277.7		0.556201
277.8		0.556201
277.9		0.556201
278		0.556201
278.1		0.557489
278.2		0.557489
278.3		0.557489
278.4		0.557489
278.5		0.557489
278.6		0.557489
278.7		0.557489
278.8		0.557489
278.9		0.557489
279		0.557489
279.1		0.558394
279.2		0.558394
279.3		0.558394
279.4		0.558394
279.5		0.558394
279.6		0.558394
279.7		0.558394
279.8		0.558394
279.9		0.558394
280		0.558394
280.1		0.562639
280.2		0.562639
280.3		0.562639
280.4		0.562639
280.5		0.562639
280.6		0.562639
280.7		0.562639
280.8		0.562639
280.9		0.562639
281		0.562639
281.1		0.563788
281.2		0.563788
281.3		0.563788
281.4		0.563788
281.5		0.563788
281.6		0.563788
281.7		0.563788
281.8		0.563788
281.9		0.563788
282		0.563788
282.1		0.565075
282.2		0.565075
282.3		0.565075
282.4		0.565075
282.5		0.565075
282.6		0.565075
282.7		0.565075
282.8		0.565075
282.9		0.565075
283		0.565075
283.1		0.566989
283.2		0.566989
283.3		0.566989
283.4		0.566989
283.5		0.566989
283.6		0.566989
283.7		0.566989
283.8		0.566989
283.9		0.566989
284		0.566989
284.1		0.573462
284.2		0.573462
284.3		0.573462
284.4		0.573462
284.5		0.573462
284.6		0.573462
284.7		0.573462
284.8		0.573462
284.9		0.573462
285		0.573462
285.1		0.57461
285.2		0.57461
285.3		0.57461
285.4		0.57461
285.5		0.57461
285.6		0.57461
285.7		0.57461
285.8		0.57461
285.9		0.57461
286		0.57461
286.1		0.576246
286.2		0.576246
286.3		0.576246
286.4		0.576246
286.5		0.576246
286.6		0.576246
286.7		0.576246
286.8		0.576246
286.9		0.576246
287		0.576246
287.1		0.581605
287.2		0.581605
287.3		0.581605
287.4		0.581605
287.5		0.581605
287.6		0.581605
287.7		0.581605
287.8		0.581605
287.9		0.581605
288		0.581605
288.1		0.583345
288.2		0.583345
288.3		0.583345
288.4		0.583345
288.5		0.583345
288.6		0.583345
288.7		0.583345
288.8		0.583345
288.9		0.583345
289		0.583345
289.1		0.584215
289.2		0.584215
289.3		0.584215
289.4		0.584215
289.5		0.584215
289.6		0.584215
289.7		0.584215
289.8		0.584215
289.9		0.584215
290		0.584215
290.1		0.585329
290.2		0.585329
290.3		0.585329
290.4		0.585329
290.5		0.585329
290.6		0.585329
290.7		0.585329
290.8		0.585329
290.9		0.585329
291		0.585329
291.1		0.589713
291.2		0.589713
291.3		0.589713
291.4		0.589713
291.5		0.589713
291.6		0.589713
291.7		0.589713
291.8		0.589713
291.9		0.589713
292		0.589713
292.1		0.592497
292.2		0.592497
292.3		0.592497
292.4		0.592497
292.5		0.592497
292.6		0.592497
292.7		0.592497
292.8		0.592497
292.9		0.592497
293		0.592497
293.1		0.592497
293.2		0.592497
293.3		0.592497
293.4		0.592497
293.5		0.592497
293.6		0.592497
293.7		0.592497
293.8		0.592497
293.9		0.592497
294		0.592497
294.1		0.593715
294.2		0.593715
294.3		0.593715
294.4		0.593715
294.5		0.593715
294.6		0.593715
294.7		0.593715
294.8		0.593715
294.9		0.593715
295		0.593715
295.1		0.593715
295.2		0.593715
295.3		0.593715
295.4		0.593715
295.5		0.593715
295.6		0.593715
295.7		0.593715
295.8		0.593715
295.9		0.593715
296		0.593715
296.1		0.596778
296.2		0.596778
296.3		0.596778
296.4		0.596778
296.5		0.596778
296.6		0.596778
296.7		0.596778
296.8		0.596778
296.9		0.596778
297		0.596778
297.1		0.600049
297.2		0.600049
297.3		0.600049
297.4		0.600049
297.5		0.600049
297.6		0.600049
297.7		0.600049
297.8		0.600049
297.9		0.600049
298		0.600049
298.1		0.600536
298.2		0.600536
298.3		0.600536
298.4		0.600536
298.5		0.600536
298.6		0.600536
298.7		0.600536
298.8		0.600536
298.9		0.600536
299		0.600536
299.1		0.601128
299.2		0.601128
299.3		0.601128
299.4		0.601128
299.5		0.601128
299.6		0.601128
299.7		0.601128
299.8		0.601128
299.9		0.601128
300		0.601128
300.1		0.603494
300.2		0.603494
300.3		0.603494
300.4		0.603494
300.5		0.603494
300.6		0.603494
300.7		0.603494
300.8		0.603494
300.9		0.603494
301		0.603494
301.1		0.604573
301.2		0.604573
301.3		0.604573
301.4		0.604573
301.5		0.604573
301.6		0.604573
301.7		0.604573
301.8		0.604573
301.9		0.604573
302		0.604573
302.1		0.609514
302.2		0.609514
302.3		0.609514
302.4		0.609514
302.5		0.609514
302.6		0.609514
302.7		0.609514
302.8		0.609514
302.9		0.609514
303		0.609514
303.1		0.611846
303.2		0.611846
303.3		0.611846
303.4		0.611846
303.5		0.611846
303.6		0.611846
303.7		0.611846
303.8		0.611846
303.9		0.611846
304		0.611846
304.1		0.611985
304.2		0.611985
304.3		0.611985
304.4		0.611985
304.5		0.611985
304.6		0.611985
304.7		0.611985
304.8		0.611985
304.9		0.611985
305		0.611985
305.1		0.61289
305.2		0.61289
305.3		0.61289
305.4		0.61289
305.5		0.61289
305.6		0.61289
305.7		0.61289
305.8		0.61289
305.9		0.61289
306		0.61289
306.1		0.615778
306.2		0.615778
306.3		0.615778
306.4		0.615778
306.5		0.615778
306.6		0.615778
306.7		0.615778
306.8		0.615778
306.9		0.615778
307		0.615778
307.1		0.619293
307.2		0.619293
307.3		0.619293
307.4		0.619293
307.5		0.619293
307.6		0.619293
307.7		0.619293
307.8		0.619293
307.9		0.619293
308		0.619293
308.1		0.620372
308.2		0.620372
308.3		0.620372
308.4		0.620372
308.5		0.620372
308.6		0.620372
308.7		0.620372
308.8		0.620372
308.9		0.620372
309		0.620372
309.1		0.62413
309.2		0.62413
309.3		0.62413
309.4		0.62413
309.5		0.62413
309.6		0.62413
309.7		0.62413
309.8		0.62413
309.9		0.62413
310		0.62413
310.1		0.624443
310.2		0.624443
310.3		0.624443
310.4		0.624443
310.5		0.624443
310.6		0.624443
310.7		0.624443
310.8		0.624443
310.9		0.624443
311		0.624443
311.1		0.627506
311.2		0.627506
311.3		0.627506
311.4		0.627506
311.5		0.627506
311.6		0.627506
311.7		0.627506
311.8		0.627506
311.9		0.627506
312		0.627506
312.1		0.629976
312.2		0.629976
312.3		0.629976
312.4		0.629976
312.5		0.629976
312.6		0.629976
312.7		0.629976
312.8		0.629976
312.9		0.629976
313		0.629976
313.1		0.631264
313.2		0.631264
313.3		0.631264
313.4		0.631264
313.5		0.631264
313.6		0.631264
313.7		0.631264
313.8		0.631264
313.9		0.631264
314		0.631264
314.1		0.63457
314.2		0.63457
314.3		0.63457
314.4		0.63457
314.5		0.63457
314.6		0.63457
314.7		0.63457
314.8		0.63457
314.9		0.63457
315		0.63457
315.1		0.634779
315.2		0.634779
315.3		0.634779
315.4		0.634779
315.5		0.634779
315.6		0.634779
315.7		0.634779
315.8		0.634779
315.9		0.634779
316		0.634779
316.1		0.638398
316.2		0.638398
316.3		0.638398
316.4		0.638398
316.5		0.638398
316.6		0.638398
316.7		0.638398
316.8		0.638398
316.9		0.638398
317		0.638398
317.1		0.638676
317.2		0.638676
317.3		0.638676
317.4		0.638676
317.5		0.638676
317.6		0.638676
317.7		0.638676
317.8		0.638676
317.9		0.638676
318		0.638676
318.1		0.640764
318.2		0.640764
318.3		0.640764
318.4		0.640764
318.5		0.640764
318.6		0.640764
318.7		0.640764
318.8		0.640764
318.9		0.640764
319		0.640764
319.1		0.643409
319.2		0.643409
319.3		0.643409
319.4		0.643409
319.5		0.643409
319.6		0.643409
319.7		0.643409
319.8		0.643409
319.9		0.643409
320		0.643409
320.1		0.645741
320.2		0.645741
320.3		0.645741
320.4		0.645741
320.5		0.645741
320.6		0.645741
320.7		0.645741
320.8		0.645741
320.9		0.645741
321		0.645741
321.1		0.648177
321.2		0.648177
321.3		0.648177
321.4		0.648177
321.5		0.648177
321.6		0.648177
321.7		0.648177
321.8		0.648177
321.9		0.648177
322		0.648177
322.1		0.64936
322.2		0.64936
322.3		0.64936
322.4		0.64936
322.5		0.64936
322.6		0.64936
322.7		0.64936
322.8		0.64936
322.9		0.64936
323		0.64936
323.1		0.650543
323.2		0.650543
323.3		0.650543
323.4		0.650543
323.5		0.650543
323.6		0.650543
323.7		0.650543
323.8		0.650543
323.9		0.650543
324		0.650543
324.1		0.653327
324.2		0.653327
324.3		0.653327
324.4		0.653327
324.5		0.653327
324.6		0.653327
324.7		0.653327
324.8		0.653327
324.9		0.653327
325		0.653327
325.1		0.654406
325.2		0.654406
325.3		0.654406
325.4		0.654406
325.5		0.654406
325.6		0.654406
325.7		0.654406
325.8		0.654406
325.9		0.654406
326		0.654406
326.1		0.65625
326.2		0.65625
326.3		0.65625
326.4		0.65625
326.5		0.65625
326.6		0.65625
326.7		0.65625
326.8		0.65625
326.9		0.65625
327		0.65625
327.1		0.656702
327.2		0.656702
327.3		0.656702
327.4		0.656702
327.5		0.656702
327.6		0.656702
327.7		0.656702
327.8		0.656702
327.9		0.656702
328		0.656702
328.1		0.664428
328.2		0.664428
328.3		0.664428
328.4		0.664428
328.5		0.664428
328.6		0.664428
328.7		0.664428
328.8		0.664428
328.9		0.664428
329		0.664428
329.1		0.664671
329.2		0.664671
329.3		0.664671
329.4		0.664671
329.5		0.664671
329.6		0.664671
329.7		0.664671
329.8		0.664671
329.9		0.664671
330		0.664671
330.1		0.665159
330.2		0.665159
330.3		0.665159
330.4		0.665159
330.5		0.665159
330.6		0.665159
330.7		0.665159
330.8		0.665159
330.9		0.665159
331		0.665159
331.1		0.66575
331.2		0.66575
331.3		0.66575
331.4		0.66575
331.5		0.66575
331.6		0.66575
331.7		0.66575
331.8		0.66575
331.9		0.66575
332		0.66575
332.1		0.670866
332.2		0.670866
332.3		0.670866
332.4		0.670866
332.5		0.670866
332.6		0.670866
332.7		0.670866
332.8		0.670866
332.9		0.670866
333		0.670866
333.1		0.671249
333.2		0.671249
333.3		0.671249
333.4		0.671249
333.5		0.671249
333.6		0.671249
333.7		0.671249
333.8		0.671249
333.9		0.671249
334		0.671249
334.1		0.67365
334.2		0.67365
334.3		0.67365
334.4		0.67365
334.5		0.67365
334.6		0.67365
334.7		0.67365
334.8		0.67365
334.9		0.67365
335		0.67365
335.1		0.67445
335.2		0.67445
335.3		0.67445
335.4		0.67445
335.5		0.67445
335.6		0.67445
335.7		0.67445
335.8		0.67445
335.9		0.67445
336		0.67445
336.1		0.67974
336.2		0.67974
336.3		0.67974
336.4		0.67974
336.5		0.67974
336.6		0.67974
336.7		0.67974
336.8		0.67974
336.9		0.67974
337		0.67974
337.1		0.68141
337.2		0.68141
337.3		0.68141
337.4		0.68141
337.5		0.68141
337.6		0.68141
337.7		0.68141
337.8		0.68141
337.9		0.68141
338		0.68141
338.1		0.682036
338.2		0.682036
338.3		0.682036
338.4		0.682036
338.5		0.682036
338.6		0.682036
338.7		0.682036
338.8		0.682036
338.9		0.682036
339		0.682036
339.1		0.683324
339.2		0.683324
339.3		0.683324
339.4		0.683324
339.5		0.683324
339.6		0.683324
339.7		0.683324
339.8		0.683324
339.9		0.683324
340		0.683324
340.1		0.688092
340.2		0.688092
340.3		0.688092
340.4		0.688092
340.5		0.688092
340.6		0.688092
340.7		0.688092
340.8		0.688092
340.9		0.688092
341		0.688092
341.1		0.692337
341.2		0.692337
341.3		0.692337
341.4		0.692337
341.5		0.692337
341.6		0.692337
341.7		0.692337
341.8		0.692337
341.9		0.692337
342		0.692337
342.1		0.69279
342.2		0.69279
342.3		0.69279
342.4		0.69279
342.5		0.69279
342.6		0.69279
342.7		0.69279
342.8		0.69279
342.9		0.69279
343		0.69279
343.1		0.696235
343.2		0.696235
343.3		0.696235
343.4		0.696235
343.5		0.696235
343.6		0.696235
343.7		0.696235
343.8		0.696235
343.9		0.696235
344		0.696235
344.1		0.699053
344.2		0.699053
344.3		0.699053
344.4		0.699053
344.5		0.699053
344.6		0.699053
344.7		0.699053
344.8		0.699053
344.9		0.699053
345		0.699053
345.1		0.703647
345.2		0.703647
345.3		0.703647
345.4		0.703647
345.5		0.703647
345.6		0.703647
345.7		0.703647
345.8		0.703647
345.9		0.703647
346		0.703647
346.1		0.705317
346.2		0.705317
346.3		0.705317
346.4		0.705317
346.5		0.705317
346.6		0.705317
346.7		0.705317
346.8		0.705317
346.9		0.705317
347		0.705317
347.1		0.706257
347.2		0.706257
347.3		0.706257
347.4		0.706257
347.5		0.706257
347.6		0.706257
347.7		0.706257
347.8		0.706257
347.9		0.706257
348		0.706257
348.1		0.706744
348.2		0.706744
348.3		0.706744
348.4		0.706744
348.5		0.706744
348.6		0.706744
348.7		0.706744
348.8		0.706744
348.9		0.706744
349		0.706744
349.1		0.711755
349.2		0.711755
349.3		0.711755
349.4		0.711755
349.5		0.711755
349.6		0.711755
349.7		0.711755
349.8		0.711755
349.9		0.711755
350		0.711755
350.1		0.715131
350.2		0.715131
350.3		0.715131
350.4		0.715131
350.5		0.715131
350.6		0.715131
350.7		0.715131
350.8		0.715131
350.9		0.715131
351		0.715131
351.1		0.715131
351.2		0.715131
351.3		0.715131
351.4		0.715131
351.5		0.715131
351.6		0.715131
351.7		0.715131
351.8		0.715131
351.9		0.715131
352		0.715131
352.1		0.71614
352.2		0.71614
352.3		0.71614
352.4		0.71614
352.5		0.71614
352.6		0.71614
352.7		0.71614
352.8		0.71614
352.9		0.71614
353		0.71614
353.1		0.716488
353.2		0.716488
353.3		0.716488
353.4		0.716488
353.5		0.716488
353.6		0.716488
353.7		0.716488
353.8		0.716488
353.9		0.716488
354		0.716488
354.1		0.717845
354.2		0.717845
354.3		0.717845
354.4		0.717845
354.5		0.717845
354.6		0.717845
354.7		0.717845
354.8		0.717845
354.9		0.717845
355		0.717845
355.1		0.718646
355.2		0.718646
355.3		0.718646
355.4		0.718646
355.5		0.718646
355.6		0.718646
355.7		0.718646
355.8		0.718646
355.9		0.718646
356		0.718646
356.1		0.722717
356.2		0.722717
356.3		0.722717
356.4		0.722717
356.5		0.722717
356.6		0.722717
356.7		0.722717
356.8		0.722717
356.9		0.722717
357		0.722717
357.1		0.726441
357.2		0.726441
357.3		0.726441
357.4		0.726441
357.5		0.726441
357.6		0.726441
357.7		0.726441
357.8		0.726441
357.9		0.726441
358		0.726441
358.1		0.72651
358.2		0.72651
358.3		0.72651
358.4		0.72651
358.5		0.72651
358.6		0.72651
358.7		0.72651
358.8		0.72651
358.9		0.72651
359		0.72651
359.1		0.728111
359.2		0.728111
359.3		0.728111
359.4		0.728111
359.5		0.728111
359.6		0.728111
359.7		0.728111
359.8		0.728111
359.9		0.728111
360		0.728111
360.1		0.728389
360.2		0.728389
360.3		0.728389
360.4		0.728389
360.5		0.728389
360.6		0.728389
360.7		0.728389
360.8		0.728389
360.9		0.728389
361		0.728389
361.1		0.729886
361.2		0.729886
361.3		0.729886
361.4		0.729886
361.5		0.729886
361.6		0.729886
361.7		0.729886
361.8		0.729886
361.9		0.729886
362		0.729886
362.1		0.73347
362.2		0.73347
362.3		0.73347
362.4		0.73347
362.5		0.73347
362.6		0.73347
362.7		0.73347
362.8		0.73347
362.9		0.73347
363		0.73347
363.1		0.735036
363.2		0.735036
363.3		0.735036
363.4		0.735036
363.5		0.735036
363.6		0.735036
363.7		0.735036
363.8		0.735036
363.9		0.735036
364		0.735036
364.1		0.735245
364.2		0.735245
364.3		0.735245
364.4		0.735245
364.5		0.735245
364.6		0.735245
364.7		0.735245
364.8		0.735245
364.9		0.735245
365		0.735245
365.1		0.740256
365.2		0.740256
365.3		0.740256
365.4		0.740256
365.5		0.740256
365.6		0.740256
365.7		0.740256
365.8		0.740256
365.9		0.740256
366		0.740256
366.1		0.741718
366.2		0.741718
366.3		0.741718
366.4		0.741718
366.5		0.741718
366.6		0.741718
366.7		0.741718
366.8		0.741718
366.9		0.741718
367		0.741718
367.1		0.741927
367.2		0.741927
367.3		0.741927
367.4		0.741927
367.5		0.741927
367.6		0.741927
367.7		0.741927
367.8		0.741927
367.9		0.741927
368		0.741927
368.1		0.745128
368.2		0.745128
368.3		0.745128
368.4		0.745128
368.5		0.745128
368.6		0.745128
368.7		0.745128
368.8		0.745128
368.9		0.745128
369		0.745128
369.1		0.746694
369.2		0.746694
369.3		0.746694
369.4		0.746694
369.5		0.746694
369.6		0.746694
369.7		0.746694
369.8		0.746694
369.9		0.746694
370		0.746694
370.1		0.750592
370.2		0.750592
370.3		0.750592
370.4		0.750592
370.5		0.750592
370.6		0.750592
370.7		0.750592
370.8		0.750592
370.9		0.750592
371		0.750592
371.1		0.752819
371.2		0.752819
371.3		0.752819
371.4		0.752819
371.5		0.752819
371.6		0.752819
371.7		0.752819
371.8		0.752819
371.9		0.752819
372		0.752819
372.1		0.754768
372.2		0.754768
372.3		0.754768
372.4		0.754768
372.5		0.754768
372.6		0.754768
372.7		0.754768
372.8		0.754768
372.9		0.754768
373		0.754768
373.1		0.755394
373.2		0.755394
373.3		0.755394
373.4		0.755394
373.5		0.755394
373.6		0.755394
373.7		0.755394
373.8		0.755394
373.9		0.755394
374		0.755394
374.1		0.761832
374.2		0.761832
374.3		0.761832
374.4		0.761832
374.5		0.761832
374.6		0.761832
374.7		0.761832
374.8		0.761832
374.9		0.761832
375		0.761832
375.1		0.763572
375.2		0.763572
375.3		0.763572
375.4		0.763572
375.5		0.763572
375.6		0.763572
375.7		0.763572
375.8		0.763572
375.9		0.763572
376		0.763572
376.1		0.763746
376.2		0.763746
376.3		0.763746
376.4		0.763746
376.5		0.763746
376.6		0.763746
376.7		0.763746
376.8		0.763746
376.9		0.763746
377		0.763746
377.1		0.764407
377.2		0.764407
377.3		0.764407
377.4		0.764407
377.5		0.764407
377.6		0.764407
377.7		0.764407
377.8		0.764407
377.9		0.764407
378		0.764407
378.1		0.766182
378.2		0.766182
378.3		0.766182
378.4		0.766182
378.5		0.766182
378.6		0.766182
378.7		0.766182
378.8		0.766182
378.9		0.766182
379		0.766182
379.1		0.770949
379.2		0.770949
379.3		0.770949
379.4		0.770949
379.5		0.770949
379.6		0.770949
379.7		0.770949
379.8		0.770949
379.9		0.770949
380		0.770949
380.1		0.772724
380.2		0.772724
380.3		0.772724
380.4		0.772724
380.5		0.772724
380.6		0.772724
380.7		0.772724
380.8		0.772724
380.9		0.772724
381		0.772724
381.1		0.776134
381.2		0.776134
381.3		0.776134
381.4		0.776134
381.5		0.776134
381.6		0.776134
381.7		0.776134
381.8		0.776134
381.9		0.776134
382		0.776134
382.1		0.777526
382.2		0.777526
382.3		0.777526
382.4		0.777526
382.5		0.777526
382.6		0.777526
382.7		0.777526
382.8		0.777526
382.9		0.777526
383		0.777526
383.1		0.778257
383.2		0.778257
383.3		0.778257
383.4		0.778257
383.5		0.778257
383.6		0.778257
383.7		0.778257
383.8		0.778257
383.9		0.778257
384		0.778257
384.1		0.782155
384.2		0.782155
384.3		0.782155
384.4		0.782155
384.5		0.782155
384.6		0.782155
384.7		0.782155
384.8		0.782155
384.9		0.782155
385		0.782155
385.1		0.783025
385.2		0.783025
385.3		0.783025
385.4		0.783025
385.5		0.783025
385.6		0.783025
385.7		0.783025
385.8		0.783025
385.9		0.783025
386		0.783025
386.1		0.786157
386.2		0.786157
386.3		0.786157
386.4		0.786157
386.5		0.786157
386.6		0.786157
386.7		0.786157
386.8		0.786157
386.9		0.786157
387		0.786157
387.1		0.78814
387.2		0.78814
387.3		0.78814
387.4		0.78814
387.5		0.78814
387.6		0.78814
387.7		0.78814
387.8		0.78814
387.9		0.78814
388		0.78814
388.1		0.789497
388.2		0.789497
388.3		0.789497
388.4		0.789497
388.5		0.789497
388.6		0.789497
388.7		0.789497
388.8		0.789497
388.9		0.789497
389		0.789497
389.1		0.790124
389.2		0.790124
389.3		0.790124
389.4		0.790124
389.5		0.790124
389.6		0.790124
389.7		0.790124
389.8		0.790124
389.9		0.790124
390		0.790124
390.1		0.792838
390.2		0.792838
390.3		0.792838
390.4		0.792838
390.5		0.792838
390.6		0.792838
390.7		0.792838
390.8		0.792838
390.9		0.792838
391		0.792838
391.1		0.794857
391.2		0.794857
391.3		0.794857
391.4		0.794857
391.5		0.794857
391.6		0.794857
391.7		0.794857
391.8		0.794857
391.9		0.794857
392		0.794857
392.1		0.799729
392.2		0.799729
392.3		0.799729
392.4		0.799729
392.5		0.799729
392.6		0.799729
392.7		0.799729
392.8		0.799729
392.9		0.799729
393		0.799729
393.1		0.801434
393.2		0.801434
393.3		0.801434
393.4		0.801434
393.5		0.801434
393.6		0.801434
393.7		0.801434
393.8		0.801434
393.9		0.801434
394		0.801434
394.1		0.801747
394.2		0.801747
394.3		0.801747
394.4		0.801747
394.5		0.801747
394.6		0.801747
394.7		0.801747
394.8		0.801747
394.9		0.801747
395		0.801747
395.1		0.803139
395.2		0.803139
395.3		0.803139
395.4		0.803139
395.5		0.803139
395.6		0.803139
395.7		0.803139
395.8		0.803139
395.9		0.803139
396		0.803139
396.1		0.807489
396.2		0.807489
396.3		0.807489
396.4		0.807489
396.5		0.807489
396.6		0.807489
396.7		0.807489
396.8		0.807489
396.9		0.807489
397		0.807489
397.1		0.80996
397.2		0.80996
397.3		0.80996
397.4		0.80996
397.5		0.80996
397.6		0.80996
397.7		0.80996
397.8		0.80996
397.9		0.80996
398		0.80996
398.1		0.812187
398.2		0.812187
398.3		0.812187
398.4		0.812187
398.5		0.812187
398.6		0.812187
398.7		0.812187
398.8		0.812187
398.9		0.812187
399		0.812187
399.1		0.812639
399.2		0.812639
399.3		0.812639
399.4		0.812639
399.5		0.812639
399.6		0.812639
399.7		0.812639
399.8		0.812639
399.9		0.812639
400		0.812639
400.1		0.814588
400.2		0.814588
400.3		0.814588
400.4		0.814588
400.5		0.814588
400.6		0.814588
400.7		0.814588
400.8		0.814588
400.9		0.814588
401		0.814588
401.1		0.818486
401.2		0.818486
401.3		0.818486
401.4		0.818486
401.5		0.818486
401.6		0.818486
401.7		0.818486
401.8		0.818486
401.9		0.818486
402		0.818486
402.1		0.819042
402.2		0.819042
402.3		0.819042
402.4		0.819042
402.5		0.819042
402.6		0.819042
402.7		0.819042
402.8		0.819042
402.9		0.819042
403		0.819042
403.1		0.820052
403.2		0.820052
403.3		0.820052
403.4		0.820052
403.5		0.820052
403.6		0.820052
403.7		0.820052
403.8		0.820052
403.9		0.820052
404		0.820052
404.1		0.824715
404.2		0.824715
404.3		0.824715
404.4		0.824715
404.5		0.824715
404.6		0.824715
404.7		0.824715
404.8		0.824715
404.9		0.824715
405		0.824715
405.1		0.824923
405.2		0.824923
405.3		0.824923
405.4		0.824923
405.5		0.824923
405.6		0.824923
405.7		0.824923
405.8		0.824923
405.9		0.824923
406		0.824923
406.1		0.827255
406.2		0.827255
406.3		0.827255
406.4		0.827255
406.5		0.827255
406.6		0.827255
406.7		0.827255
406.8		0.827255
406.9		0.827255
407		0.827255
407.1		0.829587
407.2		0.829587
407.3		0.829587
407.4		0.829587
407.5		0.829587
407.6		0.829587
407.7		0.829587
407.8		0.829587
407.9		0.829587
408		0.829587
408.1		0.832475
408.2		0.832475
408.3		0.832475
408.4		0.832475
408.5		0.832475
408.6		0.832475
408.7		0.832475
408.8		0.832475
408.9		0.832475
409		0.832475
409.1		0.835259
409.2		0.835259
409.3		0.835259
409.4		0.835259
409.5		0.835259
409.6		0.835259
409.7		0.835259
409.8		0.835259
409.9		0.835259
410		0.835259
410.1		0.837034
410.2		0.837034
410.3		0.837034
410.4		0.837034
410.5		0.837034
410.6		0.837034
410.7		0.837034
410.8		0.837034
410.9		0.837034
411		0.837034
411.1		0.837904
411.2		0.837904
411.3		0.837904
411.4		0.837904
411.5		0.837904
411.6		0.837904
411.7		0.837904
411.8		0.837904
411.9		0.837904
412		0.837904
412.1		0.839678
412.2		0.839678
412.3		0.839678
412.4		0.839678
412.5		0.839678
412.6		0.839678
412.7		0.839678
412.8		0.839678
412.9		0.839678
413		0.839678
413.1		0.844446
413.2		0.844446
413.3		0.844446
413.4		0.844446
413.5		0.844446
413.6		0.844446
413.7		0.844446
413.8		0.844446
413.9		0.844446
414		0.844446
414.1		0.846778
414.2		0.846778
414.3		0.846778
414.4		0.846778
414.5		0.846778
414.6		0.846778
414.7		0.846778
414.8		0.846778
414.9		0.846778
415		0.846778
415.1		0.848344
415.2		0.848344
415.3		0.848344
415.4		0.848344
415.5		0.848344
415.6		0.848344
415.7		0.848344
415.8		0.848344
415.9		0.848344
416		0.848344
416.1		0.849283
416.2		0.849283
416.3		0.849283
416.4		0.849283
416.5		0.849283
416.6		0.849283
416.7		0.849283
416.8		0.849283
416.9		0.849283
417		0.849283
417.1		0.850606
417.2		0.850606
417.3		0.850606
417.4		0.850606
417.5		0.850606
417.6		0.850606
417.7		0.850606
417.8		0.850606
417.9		0.850606
418		0.850606
418.1		0.85499
418.2		0.85499
418.3		0.85499
418.4		0.85499
418.5		0.85499
418.6		0.85499
418.7		0.85499
418.8		0.85499
418.9		0.85499
419		0.85499
419.1		0.857705
419.2		0.857705
419.3		0.857705
419.4		0.857705
419.5		0.857705
419.6		0.857705
419.7		0.857705
419.8		0.857705
419.9		0.857705
420		0.857705
420.1		0.858992
420.2		0.858992
420.3		0.858992
420.4		0.858992
420.5		0.858992
420.6		0.858992
420.7		0.858992
420.8		0.858992
420.9		0.858992
421		0.858992
421.1		0.86028
421.2		0.86028
421.3		0.86028
421.4		0.86028
421.5		0.86028
421.6		0.86028
421.7		0.86028
421.8		0.86028
421.9		0.86028
422		0.86028
422.1		0.86108
422.2		0.86108
422.3		0.86108
422.4		0.86108
422.5		0.86108
422.6		0.86108
422.7		0.86108
422.8		0.86108
422.9		0.86108
423		0.86108
423.1		0.863795
423.2		0.863795
423.3		0.863795
423.4		0.863795
423.5		0.863795
423.6		0.863795
423.7		0.863795
423.8		0.863795
423.9		0.863795
424		0.863795
424.1		0.864943
424.2		0.864943
424.3		0.864943
424.4		0.864943
424.5		0.864943
424.6		0.864943
424.7		0.864943
424.8		0.864943
424.9		0.864943
425		0.864943
425.1		0.867309
425.2		0.867309
425.3		0.867309
425.4		0.867309
425.5		0.867309
425.6		0.867309
425.7		0.867309
425.8		0.867309
425.9		0.867309
426		0.867309
426.1		0.871555
426.2		0.871555
426.3		0.871555
426.4		0.871555
426.5		0.871555
426.6		0.871555
426.7		0.871555
426.8		0.871555
426.9		0.871555
427		0.871555
427.1		0.872251
427.2		0.872251
427.3		0.872251
427.4		0.872251
427.5		0.872251
427.6		0.872251
427.7		0.872251
427.8		0.872251
427.9		0.872251
428		0.872251
428.1		0.87319
428.2		0.87319
428.3		0.87319
428.4		0.87319
428.5		0.87319
428.6		0.87319
428.7		0.87319
428.8		0.87319
428.9		0.87319
429		0.87319
429.1		0.873852
429.2		0.873852
429.3		0.873852
429.4		0.873852
429.5		0.873852
429.6		0.873852
429.7		0.873852
429.8		0.873852
429.9		0.873852
430		0.873852
430.1		0.880081
430.2		0.880081
430.3		0.880081
430.4		0.880081
430.5		0.880081
430.6		0.880081
430.7		0.880081
430.8		0.880081
430.9		0.880081
431		0.880081
431.1		0.881125
431.2		0.881125
431.3		0.881125
431.4		0.881125
431.5		0.881125
431.6		0.881125
431.7		0.881125
431.8		0.881125
431.9		0.881125
432		0.881125
432.1		0.882204
432.2		0.882204
432.3		0.882204
432.4		0.882204
432.5		0.882204
432.6		0.882204
432.7		0.882204
432.8		0.882204
432.9		0.882204
433		0.882204
433.1		0.882656
433.2		0.882656
433.3		0.882656
433.4		0.882656
433.5		0.882656
433.6		0.882656
433.7		0.882656
433.8		0.882656
433.9		0.882656
434		0.882656
434.1		0.886449
434.2		0.886449
434.3		0.886449
434.4		0.886449
434.5		0.886449
434.6		0.886449
434.7		0.886449
434.8		0.886449
434.9		0.886449
435		0.886449
435.1		0.886623
435.2		0.886623
435.3		0.886623
435.4		0.886623
435.5		0.886623
435.6		0.886623
435.7		0.886623
435.8		0.886623
435.9		0.886623
436		0.886623
436.1		0.889059
436.2		0.889059
436.3		0.889059
436.4		0.889059
436.5		0.889059
436.6		0.889059
436.7		0.889059
436.8		0.889059
436.9		0.889059
437		0.889059
437.1		0.889929
437.2		0.889929
437.3		0.889929
437.4		0.889929
437.5		0.889929
437.6		0.889929
437.7		0.889929
437.8		0.889929
437.9		0.889929
438		0.889929
438.1		0.893235
438.2		0.893235
438.3		0.893235
438.4		0.893235
438.5		0.893235
438.6		0.893235
438.7		0.893235
438.8		0.893235
438.9		0.893235
439		0.893235
439.1		0.893861
439.2		0.893861
439.3		0.893861
439.4		0.893861
439.5		0.893861
439.6		0.893861
439.7		0.893861
439.8		0.893861
439.9		0.893861
440		0.893861
440.1		0.895775
440.2		0.895775
440.3		0.895775
440.4		0.895775
440.5		0.895775
440.6		0.895775
440.7		0.895775
440.8		0.895775
440.9		0.895775
441		0.895775
441.1		0.896019
441.2		0.896019
441.3		0.896019
441.4		0.896019
441.5		0.896019
441.6		0.896019
441.7		0.896019
441.8		0.896019
441.9		0.896019
442		0.896019
442.1		0.903048
442.2		0.903048
442.3		0.903048
442.4		0.903048
442.5		0.903048
442.6		0.903048
442.7		0.903048
442.8		0.903048
442.9		0.903048
443		0.903048
443.1		0.904162
443.2		0.904162
443.3		0.904162
443.4		0.904162
443.5		0.904162
443.6		0.904162
443.7		0.904162
443.8		0.904162
443.9		0.904162
444		0.904162
444.1		0.904754
444.2		0.904754
444.3		0.904754
444.4		0.904754
444.5		0.904754
444.6		0.904754
444.7		0.904754
444.8		0.904754
444.9		0.904754
445		0.904754
445.1		0.907886
445.2		0.907886
445.3		0.907886
445.4		0.907886
445.5		0.907886
445.6		0.907886
445.7		0.907886
445.8		0.907886
445.9		0.907886
446		0.907886
446.1		0.908547
446.2		0.908547
446.3		0.908547
446.4		0.908547
446.5		0.908547
446.6		0.908547
446.7		0.908547
446.8		0.908547
446.9		0.908547
447		0.908547
447.1		0.911261
447.2		0.911261
447.3		0.911261
447.4		0.911261
447.5		0.911261
447.6		0.911261
447.7		0.911261
447.8		0.911261
447.9		0.911261
448		0.911261
448.1		0.915228
448.2		0.915228
448.3		0.915228
448.4		0.915228
448.5		0.915228
448.6		0.915228
448.7		0.915228
448.8		0.915228
448.9		0.915228
449		0.915228
449.1		0.918012
449.2		0.918012
449.3		0.918012
449.4		0.918012
449.5		0.918012
449.6		0.918012
449.7		0.918012
449.8		0.918012
449.9		0.918012
450		0.918012
450.1		0.919439
450.2		0.919439
450.3		0.919439
450.4		0.919439
450.5		0.919439
450.6		0.919439
450.7		0.919439
450.8		0.919439
450.9		0.919439
451		0.919439
451.1		0.919752
451.2		0.919752
451.3		0.919752
451.4		0.919752
451.5		0.919752
451.6		0.919752
451.7		0.919752
451.8		0.919752
451.9		0.919752
452		0.919752
452.1		0.923476
452.2		0.923476
452.3		0.923476
452.4		0.923476
452.5		0.923476
452.6		0.923476
452.7		0.923476
452.8		0.923476
452.9		0.923476
453		0.923476
453.1		0.924798
453.2		0.924798
453.3		0.924798
453.4		0.924798
453.5		0.924798
453.6		0.924798
453.7		0.924798
453.8		0.924798
453.9		0.924798
454		0.924798
454.1		0.926329
454.2		0.926329
454.3		0.926329
454.4		0.926329
454.5		0.926329
454.6		0.926329
454.7		0.926329
454.8		0.926329
454.9		0.926329
455		0.926329
455.1		0.930992
455.2		0.930992
455.3		0.930992
455.4		0.930992
455.5		0.930992
455.6		0.930992
455.7		0.930992
455.8		0.930992
455.9		0.930992
456		0.930992
456.1		0.933985
456.2		0.933985
456.3		0.933985
456.4		0.933985
456.5		0.933985
456.6		0.933985
456.7		0.933985
456.8		0.933985
456.9		0.933985
457		0.933985
457.1		0.935412
457.2		0.935412
457.3		0.935412
457.4		0.935412
457.5		0.935412
457.6		0.935412
457.7		0.935412
457.8		0.935412
457.9		0.935412
458		0.935412
458.1		0.935899
458.2		0.935899
458.3		0.935899
458.4		0.935899
458.5		0.935899
458.6		0.935899
458.7		0.935899
458.8		0.935899
458.9		0.935899
459		0.935899
459.1		0.937639
459.2		0.937639
459.3		0.937639
459.4		0.937639
459.5		0.937639
459.6		0.937639
459.7		0.937639
459.8		0.937639
459.9		0.937639
460		0.937639
460.1		0.941363
460.2		0.941363
460.3		0.941363
460.4		0.941363
460.5		0.941363
460.6		0.941363
460.7		0.941363
460.8		0.941363
460.9		0.941363
461		0.941363
461.1		0.94185
461.2		0.94185
461.3		0.94185
461.4		0.94185
461.5		0.94185
461.6		0.94185
461.7		0.94185
461.8		0.94185
461.9		0.94185
462		0.94185
462.1		0.944356
462.2		0.944356
462.3		0.944356
462.4		0.944356
462.5		0.944356
462.6		0.944356
462.7		0.944356
462.8		0.944356
462.9		0.944356
463		0.944356
463.1		0.945782
463.2		0.945782
463.3		0.945782
463.4		0.945782
463.5		0.945782
463.6		0.945782
463.7		0.945782
463.8		0.945782
463.9		0.945782
464		0.945782
464.1		0.948218
464.2		0.948218
464.3		0.948218
464.4		0.948218
464.5		0.948218
464.6		0.948218
464.7		0.948218
464.8		0.948218
464.9		0.948218
465		0.948218
465.1		0.94968
465.2		0.94968
465.3		0.94968
465.4		0.94968
465.5		0.94968
465.6		0.94968
465.7		0.94968
465.8		0.94968
465.9		0.94968
466		0.94968
466.1		0.950271
466.2		0.950271
466.3		0.950271
466.4		0.950271
466.5		0.950271
466.6		0.950271
466.7		0.950271
466.8		0.950271
466.9		0.950271
467		0.950271
467.1		0.951176
467.2		0.951176
467.3		0.951176
467.4		0.951176
467.5		0.951176
467.6		0.951176
467.7		0.951176
467.8		0.951176
467.9		0.951176
468		0.951176
468.1		0.955526
468.2		0.955526
468.3		0.955526
468.4		0.955526
468.5		0.955526
468.6		0.955526
468.7		0.955526
468.8		0.955526
468.9		0.955526
469		0.955526
469.1		0.96012
469.2		0.96012
469.3		0.96012
469.4		0.96012
469.5		0.96012
469.6		0.96012
469.7		0.96012
469.8		0.96012
469.9		0.96012
470		0.96012
470.1		0.960607
470.2		0.960607
470.3		0.960607
470.4		0.960607
470.5		0.960607
470.6		0.960607
470.7		0.960607
470.8		0.960607
470.9		0.960607
471		0.960607
471.1		0.961546
471.2		0.961546
471.3		0.961546
471.4		0.961546
471.5		0.961546
471.6		0.961546
471.7		0.961546
471.8		0.961546
471.9		0.961546
472		0.961546
472.1		0.964191
472.2		0.964191
472.3		0.964191
472.4		0.964191
472.5		0.964191
472.6		0.964191
472.7		0.964191
472.8		0.964191
472.9		0.964191
473		0.964191
473.1		0.96621
473.2		0.96621
473.3		0.96621
473.4		0.96621
473.5		0.96621
473.6		0.96621
473.7		0.96621
473.8		0.96621
473.9		0.96621
474		0.96621
474.1		0.96708
474.2		0.96708
474.3		0.96708
474.4		0.96708
474.5		0.96708
474.6		0.96708
474.7		0.96708
474.8		0.96708
474.9		0.96708
475		0.96708
475.1		0.970212
475.2		0.970212
475.3		0.970212
475.4		0.970212
475.5		0.970212
475.6		0.970212
475.7		0.970212
475.8		0.970212
475.9		0.970212
476		0.970212
476.1		0.973796
476.2		0.973796
476.3		0.973796
476.4		0.973796
476.5		0.973796
476.6		0.973796
476.7		0.973796
476.8		0.973796
476.9		0.973796
477		0.973796
477.1		0.973866
477.2		0.973866
477.3		0.973866
477.4		0.973866
477.5		0.973866
477.6		0.973866
477.7		0.973866
477.8		0.973866
477.9		0.973866
478		0.973866
478.1		0.975606
478.2		0.975606
478.3		0.975606
478.4		0.975606
478.5		0.975606
478.6		0.975606
478.7		0.975606
478.8		0.975606
478.9		0.975606
479		0.975606
479.1		0.975849
479.2		0.975849
479.3		0.975849
479.4		0.975849
479.5		0.975849
479.6		0.975849
479.7		0.975849
479.8		0.975849
479.9		0.975849
480		0.975849
480.1		0.981278
480.2		0.981278
480.3		0.981278
480.4		0.981278
480.5		0.981278
480.6		0.981278
480.7		0.981278
480.8		0.981278
480.9		0.981278
481		0.981278
481.1		0.984479
481.2		0.984479
481.3		0.984479
481.4		0.984479
481.5		0.984479
481.6		0.984479
481.7		0.984479
481.8		0.984479
481.9		0.984479
482		0.984479
482.1		0.98695
482.2		0.98695
482.3		0.98695
482.4		0.98695
482.5		0.98695
482.6		0.98695
482.7		0.98695
482.8		0.98695
482.9		0.98695
483		0.98695
483.1		0.988725
483.2		0.988725
483.3		0.988725
483.4		0.988725
483.5		0.988725
483.6		0.988725
483.7		0.988725
483.8		0.988725
483.9		0.988725
484		0.988725
484.1		0.988934
484.2		0.988934
484.3		0.988934
484.4		0.988934
484.5		0.988934
484.6		0.988934
484.7		0.988934
484.8		0.988934
484.9		0.988934
485		0.988934
485.1		0.992274
485.2		0.992274
485.3		0.992274
485.4		0.992274
485.5		0.992274
485.6		0.992274
485.7		0.992274
485.8		0.992274
485.9		0.992274
486		0.992274
486.1		0.995232
486.2		0.995232
486.3		0.995232
486.4		0.995232
486.5		0.995232
486.6		0.995232
486.7		0.995232
486.8		0.995232
486.9		0.995232
487		0.995232
487.1		0.995754
487.2		0.995754
487.3		0.995754
487.4		0.995754
487.5		0.995754
487.6		0.995754
487.7		0.995754
487.8		0.995754
487.9		0.995754
488		0.995754
488.1		0.997599
488.2		0.997599
488.3		0.997599
488.4		0.997599
488.5		0.997599
488.6		0.997599
488.7		0.997599
488.8		0.997599
488.9		0.997599
489		0.997599
489.1		0.998504
489.2		0.998504
489.3		0.998504
489.4		0.998504
489.5		0.998504
489.6		0.998504
489.7		0.998504
489.8		0.998504
489.9		0.998504
490		0.998504
490.1		1
490.2		1
490.3		1
490.4		1
490.5		1
490.6		1
490.7		1
490.8		1
490.9		1
491		1
491.1		1
491.2		1
491.3		1
491.4		1
491.5		1
491.6		1
491.7		1
491.8		1
491.9		1
492		1
492.1		1
492.2		1
492.3		1
492.4		1
492.5		1
492.6		1
492.7		1
492.8		1
492.9		1
493		1
493.1		1
493.2		1
493.3		1
493.4		1
493.5		1
493.6		1
493.7		1
493.8		1
493.9		1
494		1
494.1		1
494.2		1
494.3		1
494.4		1
494.5		1
494.6		1
494.7		1
494.8		1
494.9		1
495		1
495.1		1
495.2		1
495.3		1
495.4		1
495.5		1
495.6		1
495.7		1
495.8		1
495.9		1
496		1
496.1		1
496.2		1
496.3		1
496.4		1
496.5		1
496.6		1
496.7		1
496.8		1
496.9		1
497		1
497.1		1
497.2		1
497.3		1
497.4		1
497.5		1
497.6		1
497.7		1
497.8		1
497.9		1
498		1
498.1		1
498.2		1
498.3		1
498.4		1
498.5		1
498.6		1
498.7		1
498.8		1
498.9		1
499		1
499.1		1
499.2		1
499.3		1
499.4		1
499.5		1
499.6		1
499.7		1
499.8		1
499.9		1
500		1
500.1		1
500.2		1
500.3		1
500.4		1
500.5		1
500.6		1
500.7		1
500.8		1
500.9		1
501		1
501.1		1
501.2		1
501.3		1
501.4		1
501.5		1
501.6		1
501.7		1
501.8		1
501.9		1
502		1
502.1		1
502.2		1
502.3		1
502.4		1
502.5		1
502.6		1
502.7		1
502.8		1
502.9		1
503		1
503.1		1
503.2		1
503.3		1
503.4		1
503.5		1
503.6		1
503.7		1
503.8		1
503.9		1
504		1
504.1		1
504.2		1
504.3		1
504.4		1
504.5		1
504.6		1
504.7		1
504.8		1
504.9		1
505		1
505.1		1
505.2		1
505.3		1
505.4		1
505.5		1
505.6		1
505.7		1
505.8		1
505.9		1
506		1
506.1		1
506.2		1
506.3		1
506.4		1
506.5		1
506.6		1
506.7		1
506.8		1
506.9		1
507		1
507.1		1
507.2		1
507.3		1
507.4		1
507.5		1
507.6		1
507.7		1
507.8		1
507.9		1
508		1
508.1		1
508.2		1
508.3		1
508.4		1
508.5		1
508.6		1
508.7		1
508.8		1
508.9		1
509		1
509.1		1
509.2		1
509.3		1
509.4		1
509.5		1
509.6		1
509.7		1
509.8		1
509.9		1
510		1
510.1		1
510.2		1
510.3		1
510.4		1
510.5		1
510.6		1
510.7		1
510.8		1
510.9		1
511		1
511.1		1
511.2		1
511.3		1
511.4		1
511.5		1
511.6		1
511.7		1
511.8		1
511.9		1
512		1
512.1		1
512.2		1
512.3		1
512.4		1
512.5		1
512.6		1
512.7		1
512.8		1
512.9		1
513		1
513.1		1
513.2		1
513.3		1
513.4		1
513.5		1
513.6		1
513.7		1
513.8		1
513.9		1
514		1
514.1		1
514.2		1
514.3		1
514.4		1
514.5		1
514.6		1
514.7		1
514.8		1
514.9		1
515		1
515.1		1
515.2		1
515.3		1
515.4		1
515.5		1
515.6		1
515.7		1
515.8		1
515.9		1
516		1
516.1		1
516.2		1
516.3		1
516.4		1
516.5		1
516.6		1
516.7		1
516.8		1
516.9		1
517		1
517.1		1
517.2		1
517.3		1
517.4		1
517.5		1
517.6		1
517.7		1
517.8		1
517.9		1
518		1
518.1		1
518.2		1
518.3		1
518.4		1
518.5		1
518.6		1
518.7		1
518.8		1
518.9		1
519		1
519.1		1
519.2		1
519.3		1
519.4		1
519.5		1
519.6		1
519.7		1
519.8		1
519.9		1
520		1
520.1		1
520.2		1
520.3		1
520.4		1
520.5		1
520.6		1
520.7		1
520.8		1
520.9		1
521		1
521.1		1
521.2		1
521.3		1
521.4		1
521.5		1
521.6		1
521.7		1
521.8		1
521.9		1
522		1
522.1		1
522.2		1
522.3		1
522.4		1
522.5		1
522.6		1
522.7		1
522.8		1
522.9		1
523		1
523.1		1
523.2		1
523.3		1
523.4		1
523.5		1
523.6		1
523.7		1
523.8		1
523.9		1
524		1
524.1		1
524.2		1
524.3		1
524.4		1
524.5		1
524.6		1
524.7		1
524.8		1
524.9		1
525		1
525.1		1
525.2		1
525.3		1
525.4		1
525.5		1
525.6		1
525.7		1
525.8		1
525.9		1
526		1
526.1		1
526.2		1
526.3		1
526.4		1
526.5		1
526.6		1
526.7		1
526.8		1
526.9		1
527		1
527.1		1
527.2		1
527.3		1
527.4		1
527.5		1
527.6		1
527.7		1
527.8		1
527.9		1
528		1
528.1		1
528.2		1
528.3		1
528.4		1
528.5		1
528.6		1
528.7		1
528.8		1
528.9		1
529		1
529.1		1
529.2		1
529.3		1
529.4		1
529.5		1
529.6		1
529.7		1
529.8		1
529.9		1
530		1
530.1		1
530.2		1
530.3		1
530.4		1
530.5		1
530.6		1
530.7		1
530.8		1
530.9		1
531		1
531.1		1
531.2		1
531.3		1
531.4		1
531.5		1
531.6		1
531.7		1
531.8		1
531.9		1
532		1
532.1		1
532.2		1
532.3		1
532.4		1
532.5		1
532.6		1
532.7		1
532.8		1
532.9		1
533		1
533.1		1
533.2		1
533.3		1
533.4		1
533.5		1
533.6		1
533.7		1
533.8		1
533.9		1
534		1
534.1		1
534.2		1
534.3		1
534.4		1
534.5		1
534.6		1
534.7		1
534.8		1
534.9		1
535		1
535.1		1
535.2		1
535.3		1
535.4		1
535.5		1
535.6		1
535.7		1
535.8		1
535.9		1
536		1
536.1		1
536.2		1
536.3		1
536.4		1
536.5		1
536.6		1
536.7		1
536.8		1
536.9		1
537		1
537.1		1
537.2		1
537.3		1
537.4		1
537.5		1
537.6		1
537.7		1
537.8		1
537.9		1
538		1
538.1		1
538.2		1
538.3		1
538.4		1
538.5		1
538.6		1
538.7		1
538.8		1
538.9		1
539		1
539.1		1
539.2		1
539.3		1
539.4		1
539.5		1
539.6		1
539.7		1
539.8		1
539.9		1
540		1
540.1		1
540.2		1
540.3		1
540.4		1
540.5		1
540.6		1
540.7		1
540.8		1
540.9		1
541		1
541.1		1
541.2		1
541.3		1
541.4		1
541.5		1
541.6		1
541.7		1
541.8		1
541.9		1
542		1
542.1		1
542.2		1
542.3		1
542.4		1
542.5		1
542.6		1
542.7		1
542.8		1
542.9		1
543		1
543.1		1
543.2		1
543.3		1
543.4		1
543.5		1
543.6		1
543.7		1
543.8		1
543.9		1
544		1
544.1		1
544.2		1
544.3		1
544.4		1
544.5		1
544.6		1
544.7		1
544.8		1
544.9		1
545		1
545.1		1
545.2		1
545.3		1
545.4		1
545.5		1
545.6		1
545.7		1
545.8		1
545.9		1
546		1
546.1		1
546.2		1
546.3		1
546.4		1
546.5		1
546.6		1
546.7		1
546.8		1
546.9		1
547		1
547.1		1
547.2		1
547.3		1
547.4		1
547.5		1
547.6		1
547.7		1
547.8		1
547.9		1
548		1
548.1		1
548.2		1
548.3		1
548.4		1
548.5		1
548.6		1
548.7		1
548.8		1
548.9		1
549		1
549.1		1
549.2		1
549.3		1
549.4		1
549.5		1
549.6		1
549.7		1
549.8		1
549.9		1
550		1
550.1		1
550.2		1
550.3		1
550.4		1
550.5		1
550.6		1
550.7		1
550.8		1
550.9		1
551		1
551.1		1
551.2		1
551.3		1
551.4		1
551.5		1
551.6		1
551.7		1
551.8		1
551.9		1
552		1
552.1		1
552.2		1
552.3		1
552.4		1
552.5		1
552.6		1
552.7		1
552.8		1
552.9		1
553		1
553.1		1
553.2		1
553.3		1
553.4		1
553.5		1
553.6		1
553.7		1
553.8		1
553.9		1
554		1
554.1		1
554.2		1
554.3		1
554.4		1
554.5		1
554.6		1
554.7		1
554.8		1
554.9		1
555		1
555.1		1
555.2		1
555.3		1
555.4		1
555.5		1
555.6		1
555.7		1
555.8		1
555.9		1
556		1
556.1		1
556.2		1
556.3		1
556.4		1
556.5		1
556.6		1
556.7		1
556.8		1
556.9		1
557		1
557.1		1
557.2		1
557.3		1
557.4		1
557.5		1
557.6		1
557.7		1
557.8		1
557.9		1
558		1
558.1		1
558.2		1
558.3		1
558.4		1
558.5		1
558.6		1
558.7		1
558.8		1
558.9		1
559		1
559.1		1
559.2		1
559.3		1
559.4		1
559.5		1
559.6		1
559.7		1
559.8		1
559.9		1
560		1
560.1		1
560.2		1
560.3		1
560.4		1
560.5		1
560.6		1
560.7		1
560.8		1
560.9		1
561		1
561.1		1
561.2		1
561.3		1
561.4		1
561.5		1
561.6		1
561.7		1
561.8		1
561.9		1
562		1
562.1		1
562.2		1
562.3		1
562.4		1
562.5		1
562.6		1
562.7		1
562.8		1
562.9		1
563		1
563.1		1
563.2		1
563.3		1
563.4		1
563.5		1
563.6		1
563.7		1
563.8		1
563.9		1
564		1
564.1		1
564.2		1
564.3		1
564.4		1
564.5		1
564.6		1
564.7		1
564.8		1
564.9		1
565		1
565.1		1
565.2		1
565.3		1
565.4		1
565.5		1
565.6		1
565.7		1
565.8		1
565.9		1
566		1
566.1		1
566.2		1
566.3		1
566.4		1
566.5		1
566.6		1
566.7		1
566.8		1
566.9		1
567		1
567.1		1
567.2		1
567.3		1
567.4		1
567.5		1
567.6		1
567.7		1
567.8		1
567.9		1
568		1
568.1		1
568.2		1
568.3		1
568.4		1
568.5		1
568.6		1
568.7		1
568.8		1
568.9		1
569		1
569.1		1
569.2		1
569.3		1
569.4		1
569.5		1
569.6		1
569.7		1
569.8		1
569.9		1
570		1
570.1		1
570.2		1
570.3		1
570.4		1
570.5		1
570.6		1
570.7		1
570.8		1
570.9		1
571		1
571.1		1
571.2		1
571.3		1
571.4		1
571.5		1
571.6		1
571.7		1
571.8		1
571.9		1
572		1
572.1		1
572.2		1
572.3		1
572.4		1
572.5		1
572.6		1
572.7		1
572.8		1
572.9		1
573		1
573.1		1
573.2		1
573.3		1
573.4		1
573.5		1
573.6		1
573.7		1
573.8		1
573.9		1
574		1
574.1		1
574.2		1
574.3		1
574.4		1
574.5		1
574.6		1
574.7		1
574.8		1
574.9		1
575		1
575.1		1
575.2		1
575.3		1
575.4		1
575.5		1
575.6		1
575.7		1
575.8		1
575.9		1
576		1
576.1		1
576.2		1
576.3		1
576.4		1
576.5		1
576.6		1
576.7		1
576.8		1
576.9		1
577		1
577.1		1
577.2		1
577.3		1
577.4		1
577.5		1
577.6		1
577.7		1
577.8		1
577.9		1
578		1
578.1		1
578.2		1
578.3		1
578.4		1
578.5		1
578.6		1
578.7		1
578.8		1
578.9		1
579		1
579.1		1
579.2		1
579.3		1
579.4		1
579.5		1
579.6		1
579.7		1
579.8		1
579.9		1
580		1
580.1		1
580.2		1
580.3		1
580.4		1
580.5		1
580.6		1
580.7		1
580.8		1
580.9		1
581		1
581.1		1
581.2		1
581.3		1
581.4		1
581.5		1
581.6		1
581.7		1
581.8		1
581.9		1
582		1
582.1		1
582.2		1
582.3		1
582.4		1
582.5		1
582.6		1
582.7		1
582.8		1
582.9		1
583		1
583.1		1
583.2		1
583.3		1
583.4		1
583.5		1
583.6		1
583.7		1
583.8		1
583.9		1
584		1
584.1		1
584.2		1
584.3		1
584.4		1
584.5		1
584.6		1
584.7		1
584.8		1
584.9		1
585		1
585.1		1
585.2		1
585.3		1
585.4		1
585.5		1
585.6		1
585.7		1
585.8		1
585.9		1
586		1
586.1		1
586.2		1
586.3		1
586.4		1
586.5		1
586.6		1
586.7		1
586.8		1
586.9		1
587		1
587.1		1
587.2		1
587.3		1
587.4		1
587.5		1
587.6		1
587.7		1
587.8		1
587.9		1
588		1
588.1		1
588.2		1
588.3		1
588.4		1
588.5		1
588.6		1
588.7		1
588.8		1
588.9		1
589		1
589.1		1
589.2		1
589.3		1
589.4		1
589.5		1
589.6		1
589.7		1
589.8		1
589.9		1
590		1
590.1		1
590.2		1
590.3		1
590.4		1
590.5		1
590.6		1
590.7		1
590.8		1
590.9		1
591		1
591.1		1
591.2		1
591.3		1
591.4		1
591.5		1
591.6		1
591.7		1
591.8		1
591.9		1
592		1
592.1		1
592.2		1
592.3		1
592.4		1
592.5		1
592.6		1
592.7		1
592.8		1
592.9		1
593		1
593.1		1
593.2		1
593.3		1
593.4		1
593.5		1
593.6		1
593.7		1
593.8		1
593.9		1
594		1
594.1		1
594.2		1
594.3		1
594.4		1
594.5		1
594.6		1
594.7		1
594.8		1
594.9		1
595		1
595.1		1
595.2		1
595.3		1
595.4		1
595.5		1
595.6		1
595.7		1
595.8		1
595.9		1
596		1
596.1		1
596.2		1
596.3		1
596.4		1
596.5		1
596.6		1
596.7		1
596.8		1
596.9		1
597		1
597.1		1
597.2		1
597.3		1
597.4		1
597.5		1
597.6		1
597.7		1
597.8		1
597.9		1
598		1
598.1		1
598.2		1
598.3		1
598.4		1
598.5		1
598.6		1
598.7		1
598.8		1
598.9		1
599		1
599.1		1
599.2		1
599.3		1
599.4		1
599.5		1
599.6		1
599.7		1
599.8		1
599.9		1
600		1
