# Calibration file of tamex_id 1 @ channel 63
# fine_T bin		 Calibration value
0.1		0
0.2		0
0.3		0
0.4		0
0.5		0
0.6		0
0.7		0
0.8		0
0.9		0
1		0
1.1		0
1.2		0
1.3		0
1.4		0
1.5		0
1.6		0
1.7		0
1.8		0
1.9		0
2		0
2.1		0
2.2		0
2.3		0
2.4		0
2.5		0
2.6		0
2.7		0
2.8		0
2.9		0
3		0
3.1		0
3.2		0
3.3		0
3.4		0
3.5		0
3.6		0
3.7		0
3.8		0
3.9		0
4		0
4.1		0
4.2		0
4.3		0
4.4		0
4.5		0
4.6		0
4.7		0
4.8		0
4.9		0
5		0
5.1		0
5.2		0
5.3		0
5.4		0
5.5		0
5.6		0
5.7		0
5.8		0
5.9		0
6		0
6.1		0
6.2		0
6.3		0
6.4		0
6.5		0
6.6		0
6.7		0
6.8		0
6.9		0
7		0
7.1		0
7.2		0
7.3		0
7.4		0
7.5		0
7.6		0
7.7		0
7.8		0
7.9		0
8		0
8.1		0
8.2		0
8.3		0
8.4		0
8.5		0
8.6		0
8.7		0
8.8		0
8.9		0
9		0
9.1		0
9.2		0
9.3		0
9.4		0
9.5		0
9.6		0
9.7		0
9.8		0
9.9		0
10		0
10.1		0
10.2		0
10.3		0
10.4		0
10.5		0
10.6		0
10.7		0
10.8		0
10.9		0
11		0
11.1		0
11.2		0
11.3		0
11.4		0
11.5		0
11.6		0
11.7		0
11.8		0
11.9		0
12		0
12.1		0
12.2		0
12.3		0
12.4		0
12.5		0
12.6		0
12.7		0
12.8		0
12.9		0
13		0
13.1		0
13.2		0
13.3		0
13.4		0
13.5		0
13.6		0
13.7		0
13.8		0
13.9		0
14		0
14.1		0
14.2		0
14.3		0
14.4		0
14.5		0
14.6		0
14.7		0
14.8		0
14.9		0
15		0
15.1		0
15.2		0
15.3		0
15.4		0
15.5		0
15.6		0
15.7		0
15.8		0
15.9		0
16		0
16.1		0
16.2		0
16.3		0
16.4		0
16.5		0
16.6		0
16.7		0
16.8		0
16.9		0
17		0
17.1		0.00523276
17.2		0.00523276
17.3		0.00523276
17.4		0.00523276
17.5		0.00523276
17.6		0.00523276
17.7		0.00523276
17.8		0.00523276
17.9		0.00523276
18		0.00523276
18.1		0.00792666
18.2		0.00792666
18.3		0.00792666
18.4		0.00792666
18.5		0.00792666
18.6		0.00792666
18.7		0.00792666
18.8		0.00792666
18.9		0.00792666
19		0.00792666
19.1		0.00825613
19.2		0.00825613
19.3		0.00825613
19.4		0.00825613
19.5		0.00825613
19.6		0.00825613
19.7		0.00825613
19.8		0.00825613
19.9		0.00825613
20		0.00825613
20.1		0.0118609
20.2		0.0118609
20.3		0.0118609
20.4		0.0118609
20.5		0.0118609
20.6		0.0118609
20.7		0.0118609
20.8		0.0118609
20.9		0.0118609
21		0.0118609
21.1		0.0159309
21.2		0.0159309
21.3		0.0159309
21.4		0.0159309
21.5		0.0159309
21.6		0.0159309
21.7		0.0159309
21.8		0.0159309
21.9		0.0159309
22		0.0159309
22.1		0.0167255
22.2		0.0167255
22.3		0.0167255
22.4		0.0167255
22.5		0.0167255
22.6		0.0167255
22.7		0.0167255
22.8		0.0167255
22.9		0.0167255
23		0.0167255
23.1		0.0181209
23.2		0.0181209
23.3		0.0181209
23.4		0.0181209
23.5		0.0181209
23.6		0.0181209
23.7		0.0181209
23.8		0.0181209
23.9		0.0181209
24		0.0181209
24.1		0.0200977
24.2		0.0200977
24.3		0.0200977
24.4		0.0200977
24.5		0.0200977
24.6		0.0200977
24.7		0.0200977
24.8		0.0200977
24.9		0.0200977
25		0.0200977
25.1		0.0227334
25.2		0.0227334
25.3		0.0227334
25.4		0.0227334
25.5		0.0227334
25.6		0.0227334
25.7		0.0227334
25.8		0.0227334
25.9		0.0227334
26		0.0227334
26.1		0.0248265
26.2		0.0248265
26.3		0.0248265
26.4		0.0248265
26.5		0.0248265
26.6		0.0248265
26.7		0.0248265
26.8		0.0248265
26.9		0.0248265
27		0.0248265
27.1		0.0273654
27.2		0.0273654
27.3		0.0273654
27.4		0.0273654
27.5		0.0273654
27.6		0.0273654
27.7		0.0273654
27.8		0.0273654
27.9		0.0273654
28		0.0273654
28.1		0.0277336
28.2		0.0277336
28.3		0.0277336
28.4		0.0277336
28.5		0.0277336
28.6		0.0277336
28.7		0.0277336
28.8		0.0277336
28.9		0.0277336
29		0.0277336
29.1		0.03035
29.2		0.03035
29.3		0.03035
29.4		0.03035
29.5		0.03035
29.6		0.03035
29.7		0.03035
29.8		0.03035
29.9		0.03035
30		0.03035
30.1		0.0331602
30.2		0.0331602
30.3		0.0331602
30.4		0.0331602
30.5		0.0331602
30.6		0.0331602
30.7		0.0331602
30.8		0.0331602
30.9		0.0331602
31		0.0331602
31.1		0.0337416
31.2		0.0337416
31.3		0.0337416
31.4		0.0337416
31.5		0.0337416
31.6		0.0337416
31.7		0.0337416
31.8		0.0337416
31.9		0.0337416
32		0.0337416
32.1		0.0340517
32.2		0.0340517
32.3		0.0340517
32.4		0.0340517
32.5		0.0340517
32.6		0.0340517
32.7		0.0340517
32.8		0.0340517
32.9		0.0340517
33		0.0340517
33.1		0.035137
33.2		0.035137
33.3		0.035137
33.4		0.035137
33.5		0.035137
33.6		0.035137
33.7		0.035137
33.8		0.035137
33.9		0.035137
34		0.035137
34.1		0.0409124
34.2		0.0409124
34.3		0.0409124
34.4		0.0409124
34.5		0.0409124
34.6		0.0409124
34.7		0.0409124
34.8		0.0409124
34.9		0.0409124
35		0.0409124
35.1		0.041397
35.2		0.041397
35.3		0.041397
35.4		0.041397
35.5		0.041397
35.6		0.041397
35.7		0.041397
35.8		0.041397
35.9		0.041397
36		0.041397
36.1		0.0420171
36.2		0.0420171
36.3		0.0420171
36.4		0.0420171
36.5		0.0420171
36.6		0.0420171
36.7		0.0420171
36.8		0.0420171
36.9		0.0420171
37		0.0420171
37.1		0.0429474
37.2		0.0429474
37.3		0.0429474
37.4		0.0429474
37.5		0.0429474
37.6		0.0429474
37.7		0.0429474
37.8		0.0429474
37.9		0.0429474
38		0.0429474
38.1		0.0484709
38.2		0.0484709
38.3		0.0484709
38.4		0.0484709
38.5		0.0484709
38.6		0.0484709
38.7		0.0484709
38.8		0.0484709
38.9		0.0484709
39		0.0484709
39.1		0.0496918
39.2		0.0496918
39.3		0.0496918
39.4		0.0496918
39.5		0.0496918
39.6		0.0496918
39.7		0.0496918
39.8		0.0496918
39.9		0.0496918
40		0.0496918
40.1		0.0497694
40.2		0.0497694
40.3		0.0497694
40.4		0.0497694
40.5		0.0497694
40.6		0.0497694
40.7		0.0497694
40.8		0.0497694
40.9		0.0497694
41		0.0497694
41.1		0.0506027
41.2		0.0506027
41.3		0.0506027
41.4		0.0506027
41.5		0.0506027
41.6		0.0506027
41.7		0.0506027
41.8		0.0506027
41.9		0.0506027
42		0.0506027
42.1		0.0558936
42.2		0.0558936
42.3		0.0558936
42.4		0.0558936
42.5		0.0558936
42.6		0.0558936
42.7		0.0558936
42.8		0.0558936
42.9		0.0558936
43		0.0558936
43.1		0.0563588
43.2		0.0563588
43.3		0.0563588
43.4		0.0563588
43.5		0.0563588
43.6		0.0563588
43.7		0.0563588
43.8		0.0563588
43.9		0.0563588
44		0.0563588
44.1		0.0588395
44.2		0.0588395
44.3		0.0588395
44.4		0.0588395
44.5		0.0588395
44.6		0.0588395
44.7		0.0588395
44.8		0.0588395
44.9		0.0588395
45		0.0588395
45.1		0.0600217
45.2		0.0600217
45.3		0.0600217
45.4		0.0600217
45.5		0.0600217
45.6		0.0600217
45.7		0.0600217
45.8		0.0600217
45.9		0.0600217
46		0.0600217
46.1		0.0630645
46.2		0.0630645
46.3		0.0630645
46.4		0.0630645
46.5		0.0630645
46.6		0.0630645
46.7		0.0630645
46.8		0.0630645
46.9		0.0630645
47		0.0630645
47.1		0.06508
47.2		0.06508
47.3		0.06508
47.4		0.06508
47.5		0.06508
47.6		0.06508
47.7		0.06508
47.8		0.06508
47.9		0.06508
48		0.06508
48.1		0.0658165
48.2		0.0658165
48.3		0.0658165
48.4		0.0658165
48.5		0.0658165
48.6		0.0658165
48.7		0.0658165
48.8		0.0658165
48.9		0.0658165
49		0.0658165
49.1		0.0669406
49.2		0.0669406
49.3		0.0669406
49.4		0.0669406
49.5		0.0669406
49.6		0.0669406
49.7		0.0669406
49.8		0.0669406
49.9		0.0669406
50		0.0669406
50.1		0.0706229
50.2		0.0706229
50.3		0.0706229
50.4		0.0706229
50.5		0.0706229
50.6		0.0706229
50.7		0.0706229
50.8		0.0706229
50.9		0.0706229
51		0.0706229
51.1		0.0721733
51.2		0.0721733
51.3		0.0721733
51.4		0.0721733
51.5		0.0721733
51.6		0.0721733
51.7		0.0721733
51.8		0.0721733
51.9		0.0721733
52		0.0721733
52.1		0.0743246
52.2		0.0743246
52.3		0.0743246
52.4		0.0743246
52.5		0.0743246
52.6		0.0743246
52.7		0.0743246
52.8		0.0743246
52.9		0.0743246
53		0.0743246
53.1		0.0769603
53.2		0.0769603
53.3		0.0769603
53.4		0.0769603
53.5		0.0769603
53.6		0.0769603
53.7		0.0769603
53.8		0.0769603
53.9		0.0769603
54		0.0769603
54.1		0.0776193
54.2		0.0776193
54.3		0.0776193
54.4		0.0776193
54.5		0.0776193
54.6		0.0776193
54.7		0.0776193
54.8		0.0776193
54.9		0.0776193
55		0.0776193
55.1		0.0815729
55.2		0.0815729
55.3		0.0815729
55.4		0.0815729
55.5		0.0815729
55.6		0.0815729
55.7		0.0815729
55.8		0.0815729
55.9		0.0815729
56		0.0815729
56.1		0.0817474
56.2		0.0817474
56.3		0.0817474
56.4		0.0817474
56.5		0.0817474
56.6		0.0817474
56.7		0.0817474
56.8		0.0817474
56.9		0.0817474
57		0.0817474
57.1		0.0841312
57.2		0.0841312
57.3		0.0841312
57.4		0.0841312
57.5		0.0841312
57.6		0.0841312
57.7		0.0841312
57.8		0.0841312
57.9		0.0841312
58		0.0841312
58.1		0.087484
58.2		0.087484
58.3		0.087484
58.4		0.087484
58.5		0.087484
58.6		0.087484
58.7		0.087484
58.8		0.087484
58.9		0.087484
59		0.087484
59.1		0.0885499
59.2		0.0885499
59.3		0.0885499
59.4		0.0885499
59.5		0.0885499
59.6		0.0885499
59.7		0.0885499
59.8		0.0885499
59.9		0.0885499
60		0.0885499
60.1		0.0906624
60.2		0.0906624
60.3		0.0906624
60.4		0.0906624
60.5		0.0906624
60.6		0.0906624
60.7		0.0906624
60.8		0.0906624
60.9		0.0906624
61		0.0906624
61.1		0.0929881
61.2		0.0929881
61.3		0.0929881
61.4		0.0929881
61.5		0.0929881
61.6		0.0929881
61.7		0.0929881
61.8		0.0929881
61.9		0.0929881
62		0.0929881
62.1		0.0938215
62.2		0.0938215
62.3		0.0938215
62.4		0.0938215
62.5		0.0938215
62.6		0.0938215
62.7		0.0938215
62.8		0.0938215
62.9		0.0938215
63		0.0938215
63.1		0.098434
63.2		0.098434
63.3		0.098434
63.4		0.098434
63.5		0.098434
63.6		0.098434
63.7		0.098434
63.8		0.098434
63.9		0.098434
64		0.098434
64.1		0.101554
64.2		0.101554
64.3		0.101554
64.4		0.101554
64.5		0.101554
64.6		0.101554
64.7		0.101554
64.8		0.101554
64.9		0.101554
65		0.101554
65.1		0.101942
65.2		0.101942
65.3		0.101942
65.4		0.101942
65.5		0.101942
65.6		0.101942
65.7		0.101942
65.8		0.101942
65.9		0.101942
66		0.101942
66.1		0.104326
66.2		0.104326
66.3		0.104326
66.4		0.104326
66.5		0.104326
66.6		0.104326
66.7		0.104326
66.8		0.104326
66.9		0.104326
67		0.104326
67.1		0.1045
67.2		0.1045
67.3		0.1045
67.4		0.1045
67.5		0.1045
67.6		0.1045
67.7		0.1045
67.8		0.1045
67.9		0.1045
68		0.1045
68.1		0.108725
68.2		0.108725
68.3		0.108725
68.4		0.108725
68.5		0.108725
68.6		0.108725
68.7		0.108725
68.8		0.108725
68.9		0.108725
69		0.108725
69.1		0.110993
69.2		0.110993
69.3		0.110993
69.4		0.110993
69.5		0.110993
69.6		0.110993
69.7		0.110993
69.8		0.110993
69.9		0.110993
70		0.110993
70.1		0.111574
70.2		0.111574
70.3		0.111574
70.4		0.111574
70.5		0.111574
70.6		0.111574
70.7		0.111574
70.8		0.111574
70.9		0.111574
71		0.111574
71.1		0.11328
71.2		0.11328
71.3		0.11328
71.4		0.11328
71.5		0.11328
71.6		0.11328
71.7		0.11328
71.8		0.11328
71.9		0.11328
72		0.11328
72.1		0.115528
72.2		0.115528
72.3		0.115528
72.4		0.115528
72.5		0.115528
72.6		0.115528
72.7		0.115528
72.8		0.115528
72.9		0.115528
73		0.115528
73.1		0.116943
73.2		0.116943
73.3		0.116943
73.4		0.116943
73.5		0.116943
73.6		0.116943
73.7		0.116943
73.8		0.116943
73.9		0.116943
74		0.116943
74.1		0.118357
74.2		0.118357
74.3		0.118357
74.4		0.118357
74.5		0.118357
74.6		0.118357
74.7		0.118357
74.8		0.118357
74.9		0.118357
75		0.118357
75.1		0.12045
75.2		0.12045
75.3		0.12045
75.4		0.12045
75.5		0.12045
75.6		0.12045
75.7		0.12045
75.8		0.12045
75.9		0.12045
76		0.12045
76.1		0.123377
76.2		0.123377
76.3		0.123377
76.4		0.123377
76.5		0.123377
76.6		0.123377
76.7		0.123377
76.8		0.123377
76.9		0.123377
77		0.123377
77.1		0.124889
77.2		0.124889
77.3		0.124889
77.4		0.124889
77.5		0.124889
77.6		0.124889
77.7		0.124889
77.8		0.124889
77.9		0.124889
78		0.124889
78.1		0.125858
78.2		0.125858
78.3		0.125858
78.4		0.125858
78.5		0.125858
78.6		0.125858
78.7		0.125858
78.8		0.125858
78.9		0.125858
79		0.125858
79.1		0.127001
79.2		0.127001
79.3		0.127001
79.4		0.127001
79.5		0.127001
79.6		0.127001
79.7		0.127001
79.8		0.127001
79.9		0.127001
80		0.127001
80.1		0.13297
80.2		0.13297
80.3		0.13297
80.4		0.13297
80.5		0.13297
80.6		0.13297
80.7		0.13297
80.8		0.13297
80.9		0.13297
81		0.13297
81.1		0.133455
81.2		0.133455
81.3		0.133455
81.4		0.133455
81.5		0.133455
81.6		0.133455
81.7		0.133455
81.8		0.133455
81.9		0.133455
82		0.133455
82.1		0.135354
82.2		0.135354
82.3		0.135354
82.4		0.135354
82.5		0.135354
82.6		0.135354
82.7		0.135354
82.8		0.135354
82.9		0.135354
83		0.135354
83.1		0.136594
83.2		0.136594
83.3		0.136594
83.4		0.136594
83.5		0.136594
83.6		0.136594
83.7		0.136594
83.8		0.136594
83.9		0.136594
84		0.136594
84.1		0.140723
84.2		0.140723
84.3		0.140723
84.4		0.140723
84.5		0.140723
84.6		0.140723
84.7		0.140723
84.8		0.140723
84.9		0.140723
85		0.140723
85.1		0.142564
85.2		0.142564
85.3		0.142564
85.4		0.142564
85.5		0.142564
85.6		0.142564
85.7		0.142564
85.8		0.142564
85.9		0.142564
86		0.142564
86.1		0.143571
86.2		0.143571
86.3		0.143571
86.4		0.143571
86.5		0.143571
86.6		0.143571
86.7		0.143571
86.8		0.143571
86.9		0.143571
87		0.143571
87.1		0.143765
87.2		0.143765
87.3		0.143765
87.4		0.143765
87.5		0.143765
87.6		0.143765
87.7		0.143765
87.8		0.143765
87.9		0.143765
88		0.143765
88.1		0.148843
88.2		0.148843
88.3		0.148843
88.4		0.148843
88.5		0.148843
88.6		0.148843
88.7		0.148843
88.8		0.148843
88.9		0.148843
89		0.148843
89.1		0.149037
89.2		0.149037
89.3		0.149037
89.4		0.149037
89.5		0.149037
89.6		0.149037
89.7		0.149037
89.8		0.149037
89.9		0.149037
90		0.149037
90.1		0.151537
90.2		0.151537
90.3		0.151537
90.4		0.151537
90.5		0.151537
90.6		0.151537
90.7		0.151537
90.8		0.151537
90.9		0.151537
91		0.151537
91.1		0.151924
91.2		0.151924
91.3		0.151924
91.4		0.151924
91.5		0.151924
91.6		0.151924
91.7		0.151924
91.8		0.151924
91.9		0.151924
92		0.151924
92.1		0.153766
92.2		0.153766
92.3		0.153766
92.4		0.153766
92.5		0.153766
92.6		0.153766
92.7		0.153766
92.8		0.153766
92.9		0.153766
93		0.153766
93.1		0.159735
93.2		0.159735
93.3		0.159735
93.4		0.159735
93.5		0.159735
93.6		0.159735
93.7		0.159735
93.8		0.159735
93.9		0.159735
94		0.159735
94.1		0.16082
94.2		0.16082
94.3		0.16082
94.4		0.16082
94.5		0.16082
94.6		0.16082
94.7		0.16082
94.8		0.16082
94.9		0.16082
95		0.16082
95.1		0.161595
95.2		0.161595
95.3		0.161595
95.4		0.161595
95.5		0.161595
95.6		0.161595
95.7		0.161595
95.8		0.161595
95.9		0.161595
96		0.161595
96.1		0.162235
96.2		0.162235
96.3		0.162235
96.4		0.162235
96.5		0.162235
96.6		0.162235
96.7		0.162235
96.8		0.162235
96.9		0.162235
97		0.162235
97.1		0.165123
97.2		0.165123
97.3		0.165123
97.4		0.165123
97.5		0.165123
97.6		0.165123
97.7		0.165123
97.8		0.165123
97.9		0.165123
98		0.165123
98.1		0.169406
98.2		0.169406
98.3		0.169406
98.4		0.169406
98.5		0.169406
98.6		0.169406
98.7		0.169406
98.8		0.169406
98.9		0.169406
99		0.169406
99.1		0.170549
99.2		0.170549
99.3		0.170549
99.4		0.170549
99.5		0.170549
99.6		0.170549
99.7		0.170549
99.8		0.170549
99.9		0.170549
100		0.170549
100.1		0.170937
100.2		0.170937
100.3		0.170937
100.4		0.170937
100.5		0.170937
100.6		0.170937
100.7		0.170937
100.8		0.170937
100.9		0.170937
101		0.170937
101.1		0.171848
101.2		0.171848
101.3		0.171848
101.4		0.171848
101.5		0.171848
101.6		0.171848
101.7		0.171848
101.8		0.171848
101.9		0.171848
102		0.171848
102.1		0.175627
102.2		0.175627
102.3		0.175627
102.4		0.175627
102.5		0.175627
102.6		0.175627
102.7		0.175627
102.8		0.175627
102.9		0.175627
103		0.175627
103.1		0.177662
103.2		0.177662
103.3		0.177662
103.4		0.177662
103.5		0.177662
103.6		0.177662
103.7		0.177662
103.8		0.177662
103.9		0.177662
104		0.177662
104.1		0.180588
104.2		0.180588
104.3		0.180588
104.4		0.180588
104.5		0.180588
104.6		0.180588
104.7		0.180588
104.8		0.180588
104.9		0.180588
105		0.180588
105.1		0.181073
105.2		0.181073
105.3		0.181073
105.4		0.181073
105.5		0.181073
105.6		0.181073
105.7		0.181073
105.8		0.181073
105.9		0.181073
106		0.181073
106.1		0.181267
106.2		0.181267
106.3		0.181267
106.4		0.181267
106.5		0.181267
106.6		0.181267
106.7		0.181267
106.8		0.181267
106.9		0.181267
107		0.181267
107.1		0.184503
107.2		0.184503
107.3		0.184503
107.4		0.184503
107.5		0.184503
107.6		0.184503
107.7		0.184503
107.8		0.184503
107.9		0.184503
108		0.184503
108.1		0.184755
108.2		0.184755
108.3		0.184755
108.4		0.184755
108.5		0.184755
108.6		0.184755
108.7		0.184755
108.8		0.184755
108.9		0.184755
109		0.184755
109.1		0.187895
109.2		0.187895
109.3		0.187895
109.4		0.187895
109.5		0.187895
109.6		0.187895
109.7		0.187895
109.8		0.187895
109.9		0.187895
110		0.187895
110.1		0.191345
110.2		0.191345
110.3		0.191345
110.4		0.191345
110.5		0.191345
110.6		0.191345
110.7		0.191345
110.8		0.191345
110.9		0.191345
111		0.191345
111.1		0.193825
111.2		0.193825
111.3		0.193825
111.4		0.193825
111.5		0.193825
111.6		0.193825
111.7		0.193825
111.8		0.193825
111.9		0.193825
112		0.193825
112.1		0.195434
112.2		0.195434
112.3		0.195434
112.4		0.195434
112.5		0.195434
112.6		0.195434
112.7		0.195434
112.8		0.195434
112.9		0.195434
113		0.195434
113.1		0.195608
113.2		0.195608
113.3		0.195608
113.4		0.195608
113.5		0.195608
113.6		0.195608
113.7		0.195608
113.8		0.195608
113.9		0.195608
114		0.195608
114.1		0.201093
114.2		0.201093
114.3		0.201093
114.4		0.201093
114.5		0.201093
114.6		0.201093
114.7		0.201093
114.8		0.201093
114.9		0.201093
115		0.201093
115.1		0.201364
115.2		0.201364
115.3		0.201364
115.4		0.201364
115.5		0.201364
115.6		0.201364
115.7		0.201364
115.8		0.201364
115.9		0.201364
116		0.201364
116.1		0.201771
116.2		0.201771
116.3		0.201771
116.4		0.201771
116.5		0.201771
116.6		0.201771
116.7		0.201771
116.8		0.201771
116.9		0.201771
117		0.201771
117.1		0.205822
117.2		0.205822
117.3		0.205822
117.4		0.205822
117.5		0.205822
117.6		0.205822
117.7		0.205822
117.8		0.205822
117.9		0.205822
118		0.205822
118.1		0.2084
118.2		0.2084
118.3		0.2084
118.4		0.2084
118.5		0.2084
118.6		0.2084
118.7		0.2084
118.8		0.2084
118.9		0.2084
119		0.2084
119.1		0.211675
119.2		0.211675
119.3		0.211675
119.4		0.211675
119.5		0.211675
119.6		0.211675
119.7		0.211675
119.8		0.211675
119.9		0.211675
120		0.211675
120.1		0.212024
120.2		0.212024
120.3		0.212024
120.4		0.212024
120.5		0.212024
120.6		0.212024
120.7		0.212024
120.8		0.212024
120.9		0.212024
121		0.212024
121.1		0.212605
121.2		0.212605
121.3		0.212605
121.4		0.212605
121.5		0.212605
121.6		0.212605
121.7		0.212605
121.8		0.212605
121.9		0.212605
122		0.212605
122.1		0.21495
122.2		0.21495
122.3		0.21495
122.4		0.21495
122.5		0.21495
122.6		0.21495
122.7		0.21495
122.8		0.21495
122.9		0.21495
123		0.21495
123.1		0.216753
123.2		0.216753
123.3		0.216753
123.4		0.216753
123.5		0.216753
123.6		0.216753
123.7		0.216753
123.8		0.216753
123.9		0.216753
124		0.216753
124.1		0.217799
124.2		0.217799
124.3		0.217799
124.4		0.217799
124.5		0.217799
124.6		0.217799
124.7		0.217799
124.8		0.217799
124.9		0.217799
125		0.217799
125.1		0.223439
125.2		0.223439
125.3		0.223439
125.4		0.223439
125.5		0.223439
125.6		0.223439
125.7		0.223439
125.8		0.223439
125.9		0.223439
126		0.223439
126.1		0.224233
126.2		0.224233
126.3		0.224233
126.4		0.224233
126.5		0.224233
126.6		0.224233
126.7		0.224233
126.8		0.224233
126.9		0.224233
127		0.224233
127.1		0.225435
127.2		0.225435
127.3		0.225435
127.4		0.225435
127.5		0.225435
127.6		0.225435
127.7		0.225435
127.8		0.225435
127.9		0.225435
128		0.225435
128.1		0.227451
128.2		0.227451
128.3		0.227451
128.4		0.227451
128.5		0.227451
128.6		0.227451
128.7		0.227451
128.8		0.227451
128.9		0.227451
129		0.227451
129.1		0.230241
129.2		0.230241
129.3		0.230241
129.4		0.230241
129.5		0.230241
129.6		0.230241
129.7		0.230241
129.8		0.230241
129.9		0.230241
130		0.230241
130.1		0.230726
130.2		0.230726
130.3		0.230726
130.4		0.230726
130.5		0.230726
130.6		0.230726
130.7		0.230726
130.8		0.230726
130.9		0.230726
131		0.230726
131.1		0.235687
131.2		0.235687
131.3		0.235687
131.4		0.235687
131.5		0.235687
131.6		0.235687
131.7		0.235687
131.8		0.235687
131.9		0.235687
132		0.235687
132.1		0.235998
132.2		0.235998
132.3		0.235998
132.4		0.235998
132.5		0.235998
132.6		0.235998
132.7		0.235998
132.8		0.235998
132.9		0.235998
133		0.235998
133.1		0.236618
133.2		0.236618
133.3		0.236618
133.4		0.236618
133.5		0.236618
133.6		0.236618
133.7		0.236618
133.8		0.236618
133.9		0.236618
134		0.236618
134.1		0.238226
134.2		0.238226
134.3		0.238226
134.4		0.238226
134.5		0.238226
134.6		0.238226
134.7		0.238226
134.8		0.238226
134.9		0.238226
135		0.238226
135.1		0.240901
135.2		0.240901
135.3		0.240901
135.4		0.240901
135.5		0.240901
135.6		0.240901
135.7		0.240901
135.8		0.240901
135.9		0.240901
136		0.240901
136.1		0.246192
136.2		0.246192
136.3		0.246192
136.4		0.246192
136.5		0.246192
136.6		0.246192
136.7		0.246192
136.8		0.246192
136.9		0.246192
137		0.246192
137.1		0.24656
137.2		0.24656
137.3		0.24656
137.4		0.24656
137.5		0.24656
137.6		0.24656
137.7		0.24656
137.8		0.24656
137.9		0.24656
138		0.24656
138.1		0.246909
138.2		0.246909
138.3		0.246909
138.4		0.246909
138.5		0.246909
138.6		0.246909
138.7		0.246909
138.8		0.246909
138.9		0.246909
139		0.246909
139.1		0.247936
139.2		0.247936
139.3		0.247936
139.4		0.247936
139.5		0.247936
139.6		0.247936
139.7		0.247936
139.8		0.247936
139.9		0.247936
140		0.247936
140.1		0.252587
140.2		0.252587
140.3		0.252587
140.4		0.252587
140.5		0.252587
140.6		0.252587
140.7		0.252587
140.8		0.252587
140.9		0.252587
141		0.252587
141.1		0.254099
141.2		0.254099
141.3		0.254099
141.4		0.254099
141.5		0.254099
141.6		0.254099
141.7		0.254099
141.8		0.254099
141.9		0.254099
142		0.254099
142.1		0.258111
142.2		0.258111
142.3		0.258111
142.4		0.258111
142.5		0.258111
142.6		0.258111
142.7		0.258111
142.8		0.258111
142.9		0.258111
143		0.258111
143.1		0.258789
143.2		0.258789
143.3		0.258789
143.4		0.258789
143.5		0.258789
143.6		0.258789
143.7		0.258789
143.8		0.258789
143.9		0.258789
144		0.258789
144.1		0.260572
144.2		0.260572
144.3		0.260572
144.4		0.260572
144.5		0.260572
144.6		0.260572
144.7		0.260572
144.8		0.260572
144.9		0.260572
145		0.260572
145.1		0.260979
145.2		0.260979
145.3		0.260979
145.4		0.260979
145.5		0.260979
145.6		0.260979
145.7		0.260979
145.8		0.260979
145.9		0.260979
146		0.260979
146.1		0.26253
146.2		0.26253
146.3		0.26253
146.4		0.26253
146.5		0.26253
146.6		0.26253
146.7		0.26253
146.8		0.26253
146.9		0.26253
147		0.26253
147.1		0.263188
147.2		0.263188
147.3		0.263188
147.4		0.263188
147.5		0.263188
147.6		0.263188
147.7		0.263188
147.8		0.263188
147.9		0.263188
148		0.263188
148.1		0.26846
148.2		0.26846
148.3		0.26846
148.4		0.26846
148.5		0.26846
148.6		0.26846
148.7		0.26846
148.8		0.26846
148.9		0.26846
149		0.26846
149.1		0.270146
149.2		0.270146
149.3		0.270146
149.4		0.270146
149.5		0.270146
149.6		0.270146
149.7		0.270146
149.8		0.270146
149.9		0.270146
150		0.270146
150.1		0.270669
150.2		0.270669
150.3		0.270669
150.4		0.270669
150.5		0.270669
150.6		0.270669
150.7		0.270669
150.8		0.270669
150.9		0.270669
151		0.270669
151.1		0.273034
151.2		0.273034
151.3		0.273034
151.4		0.273034
151.5		0.273034
151.6		0.273034
151.7		0.273034
151.8		0.273034
151.9		0.273034
152		0.273034
152.1		0.27596
152.2		0.27596
152.3		0.27596
152.4		0.27596
152.5		0.27596
152.6		0.27596
152.7		0.27596
152.8		0.27596
152.9		0.27596
153		0.27596
153.1		0.278693
153.2		0.278693
153.3		0.278693
153.4		0.278693
153.5		0.278693
153.6		0.278693
153.7		0.278693
153.8		0.278693
153.9		0.278693
154		0.278693
154.1		0.279798
154.2		0.279798
154.3		0.279798
154.4		0.279798
154.5		0.279798
154.6		0.279798
154.7		0.279798
154.8		0.279798
154.9		0.279798
155		0.279798
155.1		0.282143
155.2		0.282143
155.3		0.282143
155.4		0.282143
155.5		0.282143
155.6		0.282143
155.7		0.282143
155.8		0.282143
155.9		0.282143
156		0.282143
156.1		0.283732
156.2		0.283732
156.3		0.283732
156.4		0.283732
156.5		0.283732
156.6		0.283732
156.7		0.283732
156.8		0.283732
156.9		0.283732
157		0.283732
157.1		0.286813
157.2		0.286813
157.3		0.286813
157.4		0.286813
157.5		0.286813
157.6		0.286813
157.7		0.286813
157.8		0.286813
157.9		0.286813
158		0.286813
158.1		0.288403
158.2		0.288403
158.3		0.288403
158.4		0.288403
158.5		0.288403
158.6		0.288403
158.7		0.288403
158.8		0.288403
158.9		0.288403
159		0.288403
159.1		0.290631
159.2		0.290631
159.3		0.290631
159.4		0.290631
159.5		0.290631
159.6		0.290631
159.7		0.290631
159.8		0.290631
159.9		0.290631
160		0.290631
160.1		0.292725
160.2		0.292725
160.3		0.292725
160.4		0.292725
160.5		0.292725
160.6		0.292725
160.7		0.292725
160.8		0.292725
160.9		0.292725
161		0.292725
161.1		0.293577
161.2		0.293577
161.3		0.293577
161.4		0.293577
161.5		0.293577
161.6		0.293577
161.7		0.293577
161.8		0.293577
161.9		0.293577
162		0.293577
162.1		0.296969
162.2		0.296969
162.3		0.296969
162.4		0.296969
162.5		0.296969
162.6		0.296969
162.7		0.296969
162.8		0.296969
162.9		0.296969
163		0.296969
163.1		0.297841
163.2		0.297841
163.3		0.297841
163.4		0.297841
163.5		0.297841
163.6		0.297841
163.7		0.297841
163.8		0.297841
163.9		0.297841
164		0.297841
164.1		0.298132
164.2		0.298132
164.3		0.298132
164.4		0.298132
164.5		0.298132
164.6		0.298132
164.7		0.298132
164.8		0.298132
164.9		0.298132
165		0.298132
165.1		0.301581
165.2		0.301581
165.3		0.301581
165.4		0.301581
165.5		0.301581
165.6		0.301581
165.7		0.301581
165.8		0.301581
165.9		0.301581
166		0.301581
166.1		0.307008
166.2		0.307008
166.3		0.307008
166.4		0.307008
166.5		0.307008
166.6		0.307008
166.7		0.307008
166.8		0.307008
166.9		0.307008
167		0.307008
167.1		0.307803
167.2		0.307803
167.3		0.307803
167.4		0.307803
167.5		0.307803
167.6		0.307803
167.7		0.307803
167.8		0.307803
167.9		0.307803
168		0.307803
168.1		0.308268
168.2		0.308268
168.3		0.308268
168.4		0.308268
168.5		0.308268
168.6		0.308268
168.7		0.308268
168.8		0.308268
168.9		0.308268
169		0.308268
169.1		0.310768
169.2		0.310768
169.3		0.310768
169.4		0.310768
169.5		0.310768
169.6		0.310768
169.7		0.310768
169.8		0.310768
169.9		0.310768
170		0.310768
170.1		0.314935
170.2		0.314935
170.3		0.314935
170.4		0.314935
170.5		0.314935
170.6		0.314935
170.7		0.314935
170.8		0.314935
170.9		0.314935
171		0.314935
171.1		0.315962
171.2		0.315962
171.3		0.315962
171.4		0.315962
171.5		0.315962
171.6		0.315962
171.7		0.315962
171.8		0.315962
171.9		0.315962
172		0.315962
172.1		0.316136
172.2		0.316136
172.3		0.316136
172.4		0.316136
172.5		0.316136
172.6		0.316136
172.7		0.316136
172.8		0.316136
172.9		0.316136
173		0.316136
173.1		0.318481
173.2		0.318481
173.3		0.318481
173.4		0.318481
173.5		0.318481
173.6		0.318481
173.7		0.318481
173.8		0.318481
173.9		0.318481
174		0.318481
174.1		0.321854
174.2		0.321854
174.3		0.321854
174.4		0.321854
174.5		0.321854
174.6		0.321854
174.7		0.321854
174.8		0.321854
174.9		0.321854
175		0.321854
175.1		0.325013
175.2		0.325013
175.3		0.325013
175.4		0.325013
175.5		0.325013
175.6		0.325013
175.7		0.325013
175.8		0.325013
175.9		0.325013
176		0.325013
176.1		0.326137
176.2		0.326137
176.3		0.326137
176.4		0.326137
176.5		0.326137
176.6		0.326137
176.7		0.326137
176.8		0.326137
176.9		0.326137
177		0.326137
177.1		0.32633
177.2		0.32633
177.3		0.32633
177.4		0.32633
177.5		0.32633
177.6		0.32633
177.7		0.32633
177.8		0.32633
177.9		0.32633
178		0.32633
178.1		0.328559
178.2		0.328559
178.3		0.328559
178.4		0.328559
178.5		0.328559
178.6		0.328559
178.7		0.328559
178.8		0.328559
178.9		0.328559
179		0.328559
179.1		0.331835
179.2		0.331835
179.3		0.331835
179.4		0.331835
179.5		0.331835
179.6		0.331835
179.7		0.331835
179.8		0.331835
179.9		0.331835
180		0.331835
180.1		0.332649
180.2		0.332649
180.3		0.332649
180.4		0.332649
180.5		0.332649
180.6		0.332649
180.7		0.332649
180.8		0.332649
180.9		0.332649
181		0.332649
181.1		0.336079
181.2		0.336079
181.3		0.336079
181.4		0.336079
181.5		0.336079
181.6		0.336079
181.7		0.336079
181.8		0.336079
181.9		0.336079
182		0.336079
182.1		0.3373
182.2		0.3373
182.3		0.3373
182.4		0.3373
182.5		0.3373
182.6		0.3373
182.7		0.3373
182.8		0.3373
182.9		0.3373
183		0.3373
183.1		0.338734
183.2		0.338734
183.3		0.338734
183.4		0.338734
183.5		0.338734
183.6		0.338734
183.7		0.338734
183.8		0.338734
183.9		0.338734
184		0.338734
184.1		0.340304
184.2		0.340304
184.3		0.340304
184.4		0.340304
184.5		0.340304
184.6		0.340304
184.7		0.340304
184.8		0.340304
184.9		0.340304
185		0.340304
185.1		0.340459
185.2		0.340459
185.3		0.340459
185.4		0.340459
185.5		0.340459
185.6		0.340459
185.7		0.340459
185.8		0.340459
185.9		0.340459
186		0.340459
186.1		0.346041
186.2		0.346041
186.3		0.346041
186.4		0.346041
186.5		0.346041
186.6		0.346041
186.7		0.346041
186.8		0.346041
186.9		0.346041
187		0.346041
187.1		0.348095
187.2		0.348095
187.3		0.348095
187.4		0.348095
187.5		0.348095
187.6		0.348095
187.7		0.348095
187.8		0.348095
187.9		0.348095
188		0.348095
188.1		0.349878
188.2		0.349878
188.3		0.349878
188.4		0.349878
188.5		0.349878
188.6		0.349878
188.7		0.349878
188.8		0.349878
188.9		0.349878
189		0.349878
189.1		0.351021
189.2		0.351021
189.3		0.351021
189.4		0.351021
189.5		0.351021
189.6		0.351021
189.7		0.351021
189.8		0.351021
189.9		0.351021
190		0.351021
190.1		0.353444
190.2		0.353444
190.3		0.353444
190.4		0.353444
190.5		0.353444
190.6		0.353444
190.7		0.353444
190.8		0.353444
190.9		0.353444
191		0.353444
191.1		0.353715
191.2		0.353715
191.3		0.353715
191.4		0.353715
191.5		0.353715
191.6		0.353715
191.7		0.353715
191.8		0.353715
191.9		0.353715
192		0.353715
192.1		0.358464
192.2		0.358464
192.3		0.358464
192.4		0.358464
192.5		0.358464
192.6		0.358464
192.7		0.358464
192.8		0.358464
192.9		0.358464
193		0.358464
193.1		0.35984
193.2		0.35984
193.3		0.35984
193.4		0.35984
193.5		0.35984
193.6		0.35984
193.7		0.35984
193.8		0.35984
193.9		0.35984
194		0.35984
194.1		0.360595
194.2		0.360595
194.3		0.360595
194.4		0.360595
194.5		0.360595
194.6		0.360595
194.7		0.360595
194.8		0.360595
194.9		0.360595
195		0.360595
195.1		0.361526
195.2		0.361526
195.3		0.361526
195.4		0.361526
195.5		0.361526
195.6		0.361526
195.7		0.361526
195.8		0.361526
195.9		0.361526
196		0.361526
196.1		0.366933
196.2		0.366933
196.3		0.366933
196.4		0.366933
196.5		0.366933
196.6		0.366933
196.7		0.366933
196.8		0.366933
196.9		0.366933
197		0.366933
197.1		0.367204
197.2		0.367204
197.3		0.367204
197.4		0.367204
197.5		0.367204
197.6		0.367204
197.7		0.367204
197.8		0.367204
197.9		0.367204
198		0.367204
198.1		0.370072
198.2		0.370072
198.3		0.370072
198.4		0.370072
198.5		0.370072
198.6		0.370072
198.7		0.370072
198.8		0.370072
198.9		0.370072
199		0.370072
199.1		0.371797
199.2		0.371797
199.3		0.371797
199.4		0.371797
199.5		0.371797
199.6		0.371797
199.7		0.371797
199.8		0.371797
199.9		0.371797
200		0.371797
200.1		0.37546
200.2		0.37546
200.3		0.37546
200.4		0.37546
200.5		0.37546
200.6		0.37546
200.7		0.37546
200.8		0.37546
200.9		0.37546
201		0.37546
201.1		0.377166
201.2		0.377166
201.3		0.377166
201.4		0.377166
201.5		0.377166
201.6		0.377166
201.7		0.377166
201.8		0.377166
201.9		0.377166
202		0.377166
202.1		0.378716
202.2		0.378716
202.3		0.378716
202.4		0.378716
202.5		0.378716
202.6		0.378716
202.7		0.378716
202.8		0.378716
202.9		0.378716
203		0.378716
203.1		0.379259
203.2		0.379259
203.3		0.379259
203.4		0.379259
203.5		0.379259
203.6		0.379259
203.7		0.379259
203.8		0.379259
203.9		0.379259
204		0.379259
204.1		0.384104
204.2		0.384104
204.3		0.384104
204.4		0.384104
204.5		0.384104
204.6		0.384104
204.7		0.384104
204.8		0.384104
204.9		0.384104
205		0.384104
205.1		0.38455
205.2		0.38455
205.3		0.38455
205.4		0.38455
205.5		0.38455
205.6		0.38455
205.7		0.38455
205.8		0.38455
205.9		0.38455
206		0.38455
206.1		0.38548
206.2		0.38548
206.3		0.38548
206.4		0.38548
206.5		0.38548
206.6		0.38548
206.7		0.38548
206.8		0.38548
206.9		0.38548
207		0.38548
207.1		0.387069
207.2		0.387069
207.3		0.387069
207.4		0.387069
207.5		0.387069
207.6		0.387069
207.7		0.387069
207.8		0.387069
207.9		0.387069
208		0.387069
208.1		0.390267
208.2		0.390267
208.3		0.390267
208.4		0.390267
208.5		0.390267
208.6		0.390267
208.7		0.390267
208.8		0.390267
208.9		0.390267
209		0.390267
209.1		0.394201
209.2		0.394201
209.3		0.394201
209.4		0.394201
209.5		0.394201
209.6		0.394201
209.7		0.394201
209.8		0.394201
209.9		0.394201
210		0.394201
210.1		0.394492
210.2		0.394492
210.3		0.394492
210.4		0.394492
210.5		0.394492
210.6		0.394492
210.7		0.394492
210.8		0.394492
210.9		0.394492
211		0.394492
211.1		0.394666
211.2		0.394666
211.3		0.394666
211.4		0.394666
211.5		0.394666
211.6		0.394666
211.7		0.394666
211.8		0.394666
211.9		0.394666
212		0.394666
212.1		0.4005
212.2		0.4005
212.3		0.4005
212.4		0.4005
212.5		0.4005
212.6		0.4005
212.7		0.4005
212.8		0.4005
212.9		0.4005
213		0.4005
213.1		0.401566
213.2		0.401566
213.3		0.401566
213.4		0.401566
213.5		0.401566
213.6		0.401566
213.7		0.401566
213.8		0.401566
213.9		0.401566
214		0.401566
214.1		0.404531
214.2		0.404531
214.3		0.404531
214.4		0.404531
214.5		0.404531
214.6		0.404531
214.7		0.404531
214.8		0.404531
214.9		0.404531
215		0.404531
215.1		0.406741
215.2		0.406741
215.3		0.406741
215.4		0.406741
215.5		0.406741
215.6		0.406741
215.7		0.406741
215.8		0.406741
215.9		0.406741
216		0.406741
216.1		0.409202
216.2		0.409202
216.3		0.409202
216.4		0.409202
216.5		0.409202
216.6		0.409202
216.7		0.409202
216.8		0.409202
216.9		0.409202
217		0.409202
217.1		0.410016
217.2		0.410016
217.3		0.410016
217.4		0.410016
217.5		0.410016
217.6		0.410016
217.7		0.410016
217.8		0.410016
217.9		0.410016
218		0.410016
218.1		0.411082
218.2		0.411082
218.3		0.411082
218.4		0.411082
218.5		0.411082
218.6		0.411082
218.7		0.411082
218.8		0.411082
218.9		0.411082
219		0.411082
219.1		0.415365
219.2		0.415365
219.3		0.415365
219.4		0.415365
219.5		0.415365
219.6		0.415365
219.7		0.415365
219.8		0.415365
219.9		0.415365
220		0.415365
220.1		0.415559
220.2		0.415559
220.3		0.415559
220.4		0.415559
220.5		0.415559
220.6		0.415559
220.7		0.415559
220.8		0.415559
220.9		0.415559
221		0.415559
221.1		0.417361
221.2		0.417361
221.3		0.417361
221.4		0.417361
221.5		0.417361
221.6		0.417361
221.7		0.417361
221.8		0.417361
221.9		0.417361
222		0.417361
222.1		0.420578
222.2		0.420578
222.3		0.420578
222.4		0.420578
222.5		0.420578
222.6		0.420578
222.7		0.420578
222.8		0.420578
222.9		0.420578
223		0.420578
223.1		0.421625
223.2		0.421625
223.3		0.421625
223.4		0.421625
223.5		0.421625
223.6		0.421625
223.7		0.421625
223.8		0.421625
223.9		0.421625
224		0.421625
224.1		0.421974
224.2		0.421974
224.3		0.421974
224.4		0.421974
224.5		0.421974
224.6		0.421974
224.7		0.421974
224.8		0.421974
224.9		0.421974
225		0.421974
225.1		0.424261
225.2		0.424261
225.3		0.424261
225.4		0.424261
225.5		0.424261
225.6		0.424261
225.7		0.424261
225.8		0.424261
225.9		0.424261
226		0.424261
226.1		0.427672
226.2		0.427672
226.3		0.427672
226.4		0.427672
226.5		0.427672
226.6		0.427672
226.7		0.427672
226.8		0.427672
226.9		0.427672
227		0.427672
227.1		0.428253
227.2		0.428253
227.3		0.428253
227.4		0.428253
227.5		0.428253
227.6		0.428253
227.7		0.428253
227.8		0.428253
227.9		0.428253
228		0.428253
228.1		0.431528
228.2		0.431528
228.3		0.431528
228.4		0.431528
228.5		0.431528
228.6		0.431528
228.7		0.431528
228.8		0.431528
228.9		0.431528
229		0.431528
229.1		0.432885
229.2		0.432885
229.3		0.432885
229.4		0.432885
229.5		0.432885
229.6		0.432885
229.7		0.432885
229.8		0.432885
229.9		0.432885
230		0.432885
230.1		0.437343
230.2		0.437343
230.3		0.437343
230.4		0.437343
230.5		0.437343
230.6		0.437343
230.7		0.437343
230.8		0.437343
230.9		0.437343
231		0.437343
231.1		0.438001
231.2		0.438001
231.3		0.438001
231.4		0.438001
231.5		0.438001
231.6		0.438001
231.7		0.438001
231.8		0.438001
231.9		0.438001
232		0.438001
232.1		0.439843
232.2		0.439843
232.3		0.439843
232.4		0.439843
232.5		0.439843
232.6		0.439843
232.7		0.439843
232.8		0.439843
232.9		0.439843
233		0.439843
233.1		0.440482
233.2		0.440482
233.3		0.440482
233.4		0.440482
233.5		0.440482
233.6		0.440482
233.7		0.440482
233.8		0.440482
233.9		0.440482
234		0.440482
234.1		0.443176
234.2		0.443176
234.3		0.443176
234.4		0.443176
234.5		0.443176
234.6		0.443176
234.7		0.443176
234.8		0.443176
234.9		0.443176
235		0.443176
235.1		0.445095
235.2		0.445095
235.3		0.445095
235.4		0.445095
235.5		0.445095
235.6		0.445095
235.7		0.445095
235.8		0.445095
235.9		0.445095
236		0.445095
236.1		0.44523
236.2		0.44523
236.3		0.44523
236.4		0.44523
236.5		0.44523
236.6		0.44523
236.7		0.44523
236.8		0.44523
236.9		0.44523
237		0.44523
237.1		0.445327
237.2		0.445327
237.3		0.445327
237.4		0.445327
237.5		0.445327
237.6		0.445327
237.7		0.445327
237.8		0.445327
237.9		0.445327
238		0.445327
238.1		0.452266
238.2		0.452266
238.3		0.452266
238.4		0.452266
238.5		0.452266
238.6		0.452266
238.7		0.452266
238.8		0.452266
238.9		0.452266
239		0.452266
239.1		0.453312
239.2		0.453312
239.3		0.453312
239.4		0.453312
239.5		0.453312
239.6		0.453312
239.7		0.453312
239.8		0.453312
239.9		0.453312
240		0.453312
240.1		0.454785
240.2		0.454785
240.3		0.454785
240.4		0.454785
240.5		0.454785
240.6		0.454785
240.7		0.454785
240.8		0.454785
240.9		0.454785
241		0.454785
241.1		0.455308
241.2		0.455308
241.3		0.455308
241.4		0.455308
241.5		0.455308
241.6		0.455308
241.7		0.455308
241.8		0.455308
241.9		0.455308
242		0.455308
242.1		0.459747
242.2		0.459747
242.3		0.459747
242.4		0.459747
242.5		0.459747
242.6		0.459747
242.7		0.459747
242.8		0.459747
242.9		0.459747
243		0.459747
243.1		0.460483
243.2		0.460483
243.3		0.460483
243.4		0.460483
243.5		0.460483
243.6		0.460483
243.7		0.460483
243.8		0.460483
243.9		0.460483
244		0.460483
244.1		0.46434
244.2		0.46434
244.3		0.46434
244.4		0.46434
244.5		0.46434
244.6		0.46434
244.7		0.46434
244.8		0.46434
244.9		0.46434
245		0.46434
245.1		0.464999
245.2		0.464999
245.3		0.464999
245.4		0.464999
245.5		0.464999
245.6		0.464999
245.7		0.464999
245.8		0.464999
245.9		0.464999
246		0.464999
246.1		0.466297
246.2		0.466297
246.3		0.466297
246.4		0.466297
246.5		0.466297
246.6		0.466297
246.7		0.466297
246.8		0.466297
246.9		0.466297
247		0.466297
247.1		0.469185
247.2		0.469185
247.3		0.469185
247.4		0.469185
247.5		0.469185
247.6		0.469185
247.7		0.469185
247.8		0.469185
247.9		0.469185
248		0.469185
248.1		0.470135
248.2		0.470135
248.3		0.470135
248.4		0.470135
248.5		0.470135
248.6		0.470135
248.7		0.470135
248.8		0.470135
248.9		0.470135
249		0.470135
249.1		0.470367
249.2		0.470367
249.3		0.470367
249.4		0.470367
249.5		0.470367
249.6		0.470367
249.7		0.470367
249.8		0.470367
249.9		0.470367
250		0.470367
250.1		0.474941
250.2		0.474941
250.3		0.474941
250.4		0.474941
250.5		0.474941
250.6		0.474941
250.7		0.474941
250.8		0.474941
250.9		0.474941
251		0.474941
251.1		0.476065
251.2		0.476065
251.3		0.476065
251.4		0.476065
251.5		0.476065
251.6		0.476065
251.7		0.476065
251.8		0.476065
251.9		0.476065
252		0.476065
252.1		0.478197
252.2		0.478197
252.3		0.478197
252.4		0.478197
252.5		0.478197
252.6		0.478197
252.7		0.478197
252.8		0.478197
252.9		0.478197
253		0.478197
253.1		0.479476
253.2		0.479476
253.3		0.479476
253.4		0.479476
253.5		0.479476
253.6		0.479476
253.7		0.479476
253.8		0.479476
253.9		0.479476
254		0.479476
254.1		0.480426
254.2		0.480426
254.3		0.480426
254.4		0.480426
254.5		0.480426
254.6		0.480426
254.7		0.480426
254.8		0.480426
254.9		0.480426
255		0.480426
255.1		0.484515
255.2		0.484515
255.3		0.484515
255.4		0.484515
255.5		0.484515
255.6		0.484515
255.7		0.484515
255.8		0.484515
255.9		0.484515
256		0.484515
256.1		0.487015
256.2		0.487015
256.3		0.487015
256.4		0.487015
256.5		0.487015
256.6		0.487015
256.7		0.487015
256.8		0.487015
256.9		0.487015
257		0.487015
257.1		0.488701
257.2		0.488701
257.3		0.488701
257.4		0.488701
257.5		0.488701
257.6		0.488701
257.7		0.488701
257.8		0.488701
257.9		0.488701
258		0.488701
258.1		0.490271
258.2		0.490271
258.3		0.490271
258.4		0.490271
258.5		0.490271
258.6		0.490271
258.7		0.490271
258.8		0.490271
258.9		0.490271
259		0.490271
259.1		0.491027
259.2		0.491027
259.3		0.491027
259.4		0.491027
259.5		0.491027
259.6		0.491027
259.7		0.491027
259.8		0.491027
259.9		0.491027
260		0.491027
260.1		0.496066
260.2		0.496066
260.3		0.496066
260.4		0.496066
260.5		0.496066
260.6		0.496066
260.7		0.496066
260.8		0.496066
260.9		0.496066
261		0.496066
261.1		0.496318
261.2		0.496318
261.3		0.496318
261.4		0.496318
261.5		0.496318
261.6		0.496318
261.7		0.496318
261.8		0.496318
261.9		0.496318
262		0.496318
262.1		0.497015
262.2		0.497015
262.3		0.497015
262.4		0.497015
262.5		0.497015
262.6		0.497015
262.7		0.497015
262.8		0.497015
262.9		0.497015
263		0.497015
263.1		0.497481
263.2		0.497481
263.3		0.497481
263.4		0.497481
263.5		0.497481
263.6		0.497481
263.7		0.497481
263.8		0.497481
263.9		0.497481
264		0.497481
264.1		0.502558
264.2		0.502558
264.3		0.502558
264.4		0.502558
264.5		0.502558
264.6		0.502558
264.7		0.502558
264.8		0.502558
264.9		0.502558
265		0.502558
265.1		0.506124
265.2		0.506124
265.3		0.506124
265.4		0.506124
265.5		0.506124
265.6		0.506124
265.7		0.506124
265.8		0.506124
265.9		0.506124
266		0.506124
266.1		0.508101
266.2		0.508101
266.3		0.508101
266.4		0.508101
266.5		0.508101
266.6		0.508101
266.7		0.508101
266.8		0.508101
266.9		0.508101
267		0.508101
267.1		0.508431
267.2		0.508431
267.3		0.508431
267.4		0.508431
267.5		0.508431
267.6		0.508431
267.7		0.508431
267.8		0.508431
267.9		0.508431
268		0.508431
268.1		0.512442
268.2		0.512442
268.3		0.512442
268.4		0.512442
268.5		0.512442
268.6		0.512442
268.7		0.512442
268.8		0.512442
268.9		0.512442
269		0.512442
269.1		0.512539
269.2		0.512539
269.3		0.512539
269.4		0.512539
269.5		0.512539
269.6		0.512539
269.7		0.512539
269.8		0.512539
269.9		0.512539
270		0.512539
270.1		0.514032
270.2		0.514032
270.3		0.514032
270.4		0.514032
270.5		0.514032
270.6		0.514032
270.7		0.514032
270.8		0.514032
270.9		0.514032
271		0.514032
271.1		0.516435
271.2		0.516435
271.3		0.516435
271.4		0.516435
271.5		0.516435
271.6		0.516435
271.7		0.516435
271.8		0.516435
271.9		0.516435
272		0.516435
272.1		0.519594
272.2		0.519594
272.3		0.519594
272.4		0.519594
272.5		0.519594
272.6		0.519594
272.7		0.519594
272.8		0.519594
272.9		0.519594
273		0.519594
273.1		0.520098
273.2		0.520098
273.3		0.520098
273.4		0.520098
273.5		0.520098
273.6		0.520098
273.7		0.520098
273.8		0.520098
273.9		0.520098
274		0.520098
274.1		0.520369
274.2		0.520369
274.3		0.520369
274.4		0.520369
274.5		0.520369
274.6		0.520369
274.7		0.520369
274.8		0.520369
274.9		0.520369
275		0.520369
275.1		0.523761
275.2		0.523761
275.3		0.523761
275.4		0.523761
275.5		0.523761
275.6		0.523761
275.7		0.523761
275.8		0.523761
275.9		0.523761
276		0.523761
276.1		0.525602
276.2		0.525602
276.3		0.525602
276.4		0.525602
276.5		0.525602
276.6		0.525602
276.7		0.525602
276.8		0.525602
276.9		0.525602
277		0.525602
277.1		0.52754
277.2		0.52754
277.3		0.52754
277.4		0.52754
277.5		0.52754
277.6		0.52754
277.7		0.52754
277.8		0.52754
277.9		0.52754
278		0.52754
278.1		0.533296
278.2		0.533296
278.3		0.533296
278.4		0.533296
278.5		0.533296
278.6		0.533296
278.7		0.533296
278.8		0.533296
278.9		0.533296
279		0.533296
279.1		0.533994
279.2		0.533994
279.3		0.533994
279.4		0.533994
279.5		0.533994
279.6		0.533994
279.7		0.533994
279.8		0.533994
279.9		0.533994
280		0.533994
280.1		0.535563
280.2		0.535563
280.3		0.535563
280.4		0.535563
280.5		0.535563
280.6		0.535563
280.7		0.535563
280.8		0.535563
280.9		0.535563
281		0.535563
281.1		0.536319
281.2		0.536319
281.3		0.536319
281.4		0.536319
281.5		0.536319
281.6		0.536319
281.7		0.536319
281.8		0.536319
281.9		0.536319
282		0.536319
282.1		0.541223
282.2		0.541223
282.3		0.541223
282.4		0.541223
282.5		0.541223
282.6		0.541223
282.7		0.541223
282.8		0.541223
282.9		0.541223
283		0.541223
283.1		0.544285
283.2		0.544285
283.3		0.544285
283.4		0.544285
283.5		0.544285
283.6		0.544285
283.7		0.544285
283.8		0.544285
283.9		0.544285
284		0.544285
284.1		0.544944
284.2		0.544944
284.3		0.544944
284.4		0.544944
284.5		0.544944
284.6		0.544944
284.7		0.544944
284.8		0.544944
284.9		0.544944
285		0.544944
285.1		0.551514
285.2		0.551514
285.3		0.551514
285.4		0.551514
285.5		0.551514
285.6		0.551514
285.7		0.551514
285.8		0.551514
285.9		0.551514
286		0.551514
286.1		0.551649
286.2		0.551649
286.3		0.551649
286.4		0.551649
286.5		0.551649
286.6		0.551649
286.7		0.551649
286.8		0.551649
286.9		0.551649
287		0.551649
287.1		0.552366
287.2		0.552366
287.3		0.552366
287.4		0.552366
287.5		0.552366
287.6		0.552366
287.7		0.552366
287.8		0.552366
287.9		0.552366
288		0.552366
288.1		0.553839
288.2		0.553839
288.3		0.553839
288.4		0.553839
288.5		0.553839
288.6		0.553839
288.7		0.553839
288.8		0.553839
288.9		0.553839
289		0.553839
289.1		0.560855
289.2		0.560855
289.3		0.560855
289.4		0.560855
289.5		0.560855
289.6		0.560855
289.7		0.560855
289.8		0.560855
289.9		0.560855
290		0.560855
290.1		0.560855
290.2		0.560855
290.3		0.560855
290.4		0.560855
290.5		0.560855
290.6		0.560855
290.7		0.560855
290.8		0.560855
290.9		0.560855
291		0.560855
291.1		0.561863
291.2		0.561863
291.3		0.561863
291.4		0.561863
291.5		0.561863
291.6		0.561863
291.7		0.561863
291.8		0.561863
291.9		0.561863
292		0.561863
292.1		0.562154
292.2		0.562154
292.3		0.562154
292.4		0.562154
292.5		0.562154
292.6		0.562154
292.7		0.562154
292.8		0.562154
292.9		0.562154
293		0.562154
293.1		0.562192
293.2		0.562192
293.3		0.562192
293.4		0.562192
293.5		0.562192
293.6		0.562192
293.7		0.562192
293.8		0.562192
293.9		0.562192
294		0.562192
294.1		0.562716
294.2		0.562716
294.3		0.562716
294.4		0.562716
294.5		0.562716
294.6		0.562716
294.7		0.562716
294.8		0.562716
294.9		0.562716
295		0.562716
295.1		0.5676
295.2		0.5676
295.3		0.5676
295.4		0.5676
295.5		0.5676
295.6		0.5676
295.7		0.5676
295.8		0.5676
295.9		0.5676
296		0.5676
296.1		0.568956
296.2		0.568956
296.3		0.568956
296.4		0.568956
296.5		0.568956
296.6		0.568956
296.7		0.568956
296.8		0.568956
296.9		0.568956
297		0.568956
297.1		0.569673
297.2		0.569673
297.3		0.569673
297.4		0.569673
297.5		0.569673
297.6		0.569673
297.7		0.569673
297.8		0.569673
297.9		0.569673
298		0.569673
298.1		0.572425
298.2		0.572425
298.3		0.572425
298.4		0.572425
298.5		0.572425
298.6		0.572425
298.7		0.572425
298.8		0.572425
298.9		0.572425
299		0.572425
299.1		0.572871
299.2		0.572871
299.3		0.572871
299.4		0.572871
299.5		0.572871
299.6		0.572871
299.7		0.572871
299.8		0.572871
299.9		0.572871
300		0.572871
300.1		0.575507
300.2		0.575507
300.3		0.575507
300.4		0.575507
300.5		0.575507
300.6		0.575507
300.7		0.575507
300.8		0.575507
300.9		0.575507
301		0.575507
301.1		0.576108
301.2		0.576108
301.3		0.576108
301.4		0.576108
301.5		0.576108
301.6		0.576108
301.7		0.576108
301.8		0.576108
301.9		0.576108
302		0.576108
302.1		0.579228
302.2		0.579228
302.3		0.579228
302.4		0.579228
302.5		0.579228
302.6		0.579228
302.7		0.579228
302.8		0.579228
302.9		0.579228
303		0.579228
303.1		0.57948
303.2		0.57948
303.3		0.57948
303.4		0.57948
303.5		0.57948
303.6		0.57948
303.7		0.57948
303.8		0.57948
303.9		0.57948
304		0.57948
304.1		0.581864
304.2		0.581864
304.3		0.581864
304.4		0.581864
304.5		0.581864
304.6		0.581864
304.7		0.581864
304.8		0.581864
304.9		0.581864
305		0.581864
305.1		0.585585
305.2		0.585585
305.3		0.585585
305.4		0.585585
305.5		0.585585
305.6		0.585585
305.7		0.585585
305.8		0.585585
305.9		0.585585
306		0.585585
306.1		0.58605
306.2		0.58605
306.3		0.58605
306.4		0.58605
306.5		0.58605
306.6		0.58605
306.7		0.58605
306.8		0.58605
306.9		0.58605
307		0.58605
307.1		0.587038
307.2		0.587038
307.3		0.587038
307.4		0.587038
307.5		0.587038
307.6		0.587038
307.7		0.587038
307.8		0.587038
307.9		0.587038
308		0.587038
308.1		0.588376
308.2		0.588376
308.3		0.588376
308.4		0.588376
308.5		0.588376
308.6		0.588376
308.7		0.588376
308.8		0.588376
308.9		0.588376
309		0.588376
309.1		0.591922
309.2		0.591922
309.3		0.591922
309.4		0.591922
309.5		0.591922
309.6		0.591922
309.7		0.591922
309.8		0.591922
309.9		0.591922
310		0.591922
310.1		0.593318
310.2		0.593318
310.3		0.593318
310.4		0.593318
310.5		0.593318
310.6		0.593318
310.7		0.593318
310.8		0.593318
310.9		0.593318
311		0.593318
311.1		0.597484
311.2		0.597484
311.3		0.597484
311.4		0.597484
311.5		0.597484
311.6		0.597484
311.7		0.597484
311.8		0.597484
311.9		0.597484
312		0.597484
312.1		0.598628
312.2		0.598628
312.3		0.598628
312.4		0.598628
312.5		0.598628
312.6		0.598628
312.7		0.598628
312.8		0.598628
312.9		0.598628
313		0.598628
313.1		0.599384
313.2		0.599384
313.3		0.599384
313.4		0.599384
313.5		0.599384
313.6		0.599384
313.7		0.599384
313.8		0.599384
313.9		0.599384
314		0.599384
314.1		0.602775
314.2		0.602775
314.3		0.602775
314.4		0.602775
314.5		0.602775
314.6		0.602775
314.7		0.602775
314.8		0.602775
314.9		0.602775
315		0.602775
315.1		0.605469
315.2		0.605469
315.3		0.605469
315.4		0.605469
315.5		0.605469
315.6		0.605469
315.7		0.605469
315.8		0.605469
315.9		0.605469
316		0.605469
316.1		0.606865
316.2		0.606865
316.3		0.606865
316.4		0.606865
316.5		0.606865
316.6		0.606865
316.7		0.606865
316.8		0.606865
316.9		0.606865
317		0.606865
317.1		0.607485
317.2		0.607485
317.3		0.607485
317.4		0.607485
317.5		0.607485
317.6		0.607485
317.7		0.607485
317.8		0.607485
317.9		0.607485
318		0.607485
318.1		0.61202
318.2		0.61202
318.3		0.61202
318.4		0.61202
318.5		0.61202
318.6		0.61202
318.7		0.61202
318.8		0.61202
318.9		0.61202
319		0.61202
319.1		0.613861
319.2		0.613861
319.3		0.613861
319.4		0.613861
319.5		0.613861
319.6		0.613861
319.7		0.613861
319.8		0.613861
319.9		0.613861
320		0.613861
320.1		0.614656
320.2		0.614656
320.3		0.614656
320.4		0.614656
320.5		0.614656
320.6		0.614656
320.7		0.614656
320.8		0.614656
320.9		0.614656
321		0.614656
321.1		0.618105
321.2		0.618105
321.3		0.618105
321.4		0.618105
321.5		0.618105
321.6		0.618105
321.7		0.618105
321.8		0.618105
321.9		0.618105
322		0.618105
322.1		0.620993
322.2		0.620993
322.3		0.620993
322.4		0.620993
322.5		0.620993
322.6		0.620993
322.7		0.620993
322.8		0.620993
322.9		0.620993
323		0.620993
323.1		0.62173
323.2		0.62173
323.3		0.62173
323.4		0.62173
323.5		0.62173
323.6		0.62173
323.7		0.62173
323.8		0.62173
323.9		0.62173
324		0.62173
324.1		0.621962
324.2		0.621962
324.3		0.621962
324.4		0.621962
324.5		0.621962
324.6		0.621962
324.7		0.621962
324.8		0.621962
324.9		0.621962
325		0.621962
325.1		0.625044
325.2		0.625044
325.3		0.625044
325.4		0.625044
325.5		0.625044
325.6		0.625044
325.7		0.625044
325.8		0.625044
325.9		0.625044
326		0.625044
326.1		0.627272
326.2		0.627272
326.3		0.627272
326.4		0.627272
326.5		0.627272
326.6		0.627272
326.7		0.627272
326.8		0.627272
326.9		0.627272
327		0.627272
327.1		0.630373
327.2		0.630373
327.3		0.630373
327.4		0.630373
327.5		0.630373
327.6		0.630373
327.7		0.630373
327.8		0.630373
327.9		0.630373
328		0.630373
328.1		0.630877
328.2		0.630877
328.3		0.630877
328.4		0.630877
328.5		0.630877
328.6		0.630877
328.7		0.630877
328.8		0.630877
328.9		0.630877
329		0.630877
329.1		0.632583
329.2		0.632583
329.3		0.632583
329.4		0.632583
329.5		0.632583
329.6		0.632583
329.7		0.632583
329.8		0.632583
329.9		0.632583
330		0.632583
330.1		0.633087
330.2		0.633087
330.3		0.633087
330.4		0.633087
330.5		0.633087
330.6		0.633087
330.7		0.633087
330.8		0.633087
330.9		0.633087
331		0.633087
331.1		0.637118
331.2		0.637118
331.3		0.637118
331.4		0.637118
331.5		0.637118
331.6		0.637118
331.7		0.637118
331.8		0.637118
331.9		0.637118
332		0.637118
332.1		0.638998
332.2		0.638998
332.3		0.638998
332.4		0.638998
332.5		0.638998
332.6		0.638998
332.7		0.638998
332.8		0.638998
332.9		0.638998
333		0.638998
333.1		0.641207
333.2		0.641207
333.3		0.641207
333.4		0.641207
333.5		0.641207
333.6		0.641207
333.7		0.641207
333.8		0.641207
333.9		0.641207
334		0.641207
334.1		0.642913
334.2		0.642913
334.3		0.642913
334.4		0.642913
334.5		0.642913
334.6		0.642913
334.7		0.642913
334.8		0.642913
334.9		0.642913
335		0.642913
335.1		0.645141
335.2		0.645141
335.3		0.645141
335.4		0.645141
335.5		0.645141
335.6		0.645141
335.7		0.645141
335.8		0.645141
335.9		0.645141
336		0.645141
336.1		0.647079
336.2		0.647079
336.3		0.647079
336.4		0.647079
336.5		0.647079
336.6		0.647079
336.7		0.647079
336.8		0.647079
336.9		0.647079
337		0.647079
337.1		0.647835
337.2		0.647835
337.3		0.647835
337.4		0.647835
337.5		0.647835
337.6		0.647835
337.7		0.647835
337.8		0.647835
337.9		0.647835
338		0.647835
338.1		0.649948
338.2		0.649948
338.3		0.649948
338.4		0.649948
338.5		0.649948
338.6		0.649948
338.7		0.649948
338.8		0.649948
338.9		0.649948
339		0.649948
339.1		0.652622
339.2		0.652622
339.3		0.652622
339.4		0.652622
339.5		0.652622
339.6		0.652622
339.7		0.652622
339.8		0.652622
339.9		0.652622
340		0.652622
340.1		0.655704
340.2		0.655704
340.3		0.655704
340.4		0.655704
340.5		0.655704
340.6		0.655704
340.7		0.655704
340.8		0.655704
340.9		0.655704
341		0.655704
341.1		0.656518
341.2		0.656518
341.3		0.656518
341.4		0.656518
341.5		0.656518
341.6		0.656518
341.7		0.656518
341.8		0.656518
341.9		0.656518
342		0.656518
342.1		0.658708
342.2		0.658708
342.3		0.658708
342.4		0.658708
342.5		0.658708
342.6		0.658708
342.7		0.658708
342.8		0.658708
342.9		0.658708
343		0.658708
343.1		0.661305
343.2		0.661305
343.3		0.661305
343.4		0.661305
343.5		0.661305
343.6		0.661305
343.7		0.661305
343.8		0.661305
343.9		0.661305
344		0.661305
344.1		0.666848
344.2		0.666848
344.3		0.666848
344.4		0.666848
344.5		0.666848
344.6		0.666848
344.7		0.666848
344.8		0.666848
344.9		0.666848
345		0.666848
345.1		0.667119
345.2		0.667119
345.3		0.667119
345.4		0.667119
345.5		0.667119
345.6		0.667119
345.7		0.667119
345.8		0.667119
345.9		0.667119
346		0.667119
346.1		0.669638
346.2		0.669638
346.3		0.669638
346.4		0.669638
346.5		0.669638
346.6		0.669638
346.7		0.669638
346.8		0.669638
346.9		0.669638
347		0.669638
347.1		0.672836
347.2		0.672836
347.3		0.672836
347.4		0.672836
347.5		0.672836
347.6		0.672836
347.7		0.672836
347.8		0.672836
347.9		0.672836
348		0.672836
348.1		0.67677
348.2		0.67677
348.3		0.67677
348.4		0.67677
348.5		0.67677
348.6		0.67677
348.7		0.67677
348.8		0.67677
348.9		0.67677
349		0.67677
349.1		0.677778
349.2		0.677778
349.3		0.677778
349.4		0.677778
349.5		0.677778
349.6		0.677778
349.7		0.677778
349.8		0.677778
349.9		0.677778
350		0.677778
350.1		0.679871
350.2		0.679871
350.3		0.679871
350.4		0.679871
350.5		0.679871
350.6		0.679871
350.7		0.679871
350.8		0.679871
350.9		0.679871
351		0.679871
351.1		0.683127
351.2		0.683127
351.3		0.683127
351.4		0.683127
351.5		0.683127
351.6		0.683127
351.7		0.683127
351.8		0.683127
351.9		0.683127
352		0.683127
352.1		0.683941
352.2		0.683941
352.3		0.683941
352.4		0.683941
352.5		0.683941
352.6		0.683941
352.7		0.683941
352.8		0.683941
352.9		0.683941
353		0.683941
353.1		0.686926
353.2		0.686926
353.3		0.686926
353.4		0.686926
353.5		0.686926
353.6		0.686926
353.7		0.686926
353.8		0.686926
353.9		0.686926
354		0.686926
354.1		0.686926
354.2		0.686926
354.3		0.686926
354.4		0.686926
354.5		0.686926
354.6		0.686926
354.7		0.686926
354.8		0.686926
354.9		0.686926
355		0.686926
355.1		0.690628
355.2		0.690628
355.3		0.690628
355.4		0.690628
355.5		0.690628
355.6		0.690628
355.7		0.690628
355.8		0.690628
355.9		0.690628
356		0.690628
356.1		0.690628
356.2		0.690628
356.3		0.690628
356.4		0.690628
356.5		0.690628
356.6		0.690628
356.7		0.690628
356.8		0.690628
356.9		0.690628
357		0.690628
357.1		0.691713
357.2		0.691713
357.3		0.691713
357.4		0.691713
357.5		0.691713
357.6		0.691713
357.7		0.691713
357.8		0.691713
357.9		0.691713
358		0.691713
358.1		0.692275
358.2		0.692275
358.3		0.692275
358.4		0.692275
358.5		0.692275
358.6		0.692275
358.7		0.692275
358.8		0.692275
358.9		0.692275
359		0.692275
359.1		0.696849
359.2		0.696849
359.3		0.696849
359.4		0.696849
359.5		0.696849
359.6		0.696849
359.7		0.696849
359.8		0.696849
359.9		0.696849
360		0.696849
360.1		0.696849
360.2		0.696849
360.3		0.696849
360.4		0.696849
360.5		0.696849
360.6		0.696849
360.7		0.696849
360.8		0.696849
360.9		0.696849
361		0.696849
361.1		0.698477
361.2		0.698477
361.3		0.698477
361.4		0.698477
361.5		0.698477
361.6		0.698477
361.7		0.698477
361.8		0.698477
361.9		0.698477
362		0.698477
362.1		0.698981
362.2		0.698981
362.3		0.698981
362.4		0.698981
362.5		0.698981
362.6		0.698981
362.7		0.698981
362.8		0.698981
362.9		0.698981
363		0.698981
363.1		0.702237
363.2		0.702237
363.3		0.702237
363.4		0.702237
363.5		0.702237
363.6		0.702237
363.7		0.702237
363.8		0.702237
363.9		0.702237
364		0.702237
364.1		0.704
364.2		0.704
364.3		0.704
364.4		0.704
364.5		0.704
364.6		0.704
364.7		0.704
364.8		0.704
364.9		0.704
365		0.704
365.1		0.704678
365.2		0.704678
365.3		0.704678
365.4		0.704678
365.5		0.704678
365.6		0.704678
365.7		0.704678
365.8		0.704678
365.9		0.704678
366		0.704678
366.1		0.707411
366.2		0.707411
366.3		0.707411
366.4		0.707411
366.5		0.707411
366.6		0.707411
366.7		0.707411
366.8		0.707411
366.9		0.707411
367		0.707411
367.1		0.709737
367.2		0.709737
367.3		0.709737
367.4		0.709737
367.5		0.709737
367.6		0.709737
367.7		0.709737
367.8		0.709737
367.9		0.709737
368		0.709737
368.1		0.710396
368.2		0.710396
368.3		0.710396
368.4		0.710396
368.5		0.710396
368.6		0.710396
368.7		0.710396
368.8		0.710396
368.9		0.710396
369		0.710396
369.1		0.711946
369.2		0.711946
369.3		0.711946
369.4		0.711946
369.5		0.711946
369.6		0.711946
369.7		0.711946
369.8		0.711946
369.9		0.711946
370		0.711946
370.1		0.714873
370.2		0.714873
370.3		0.714873
370.4		0.714873
370.5		0.714873
370.6		0.714873
370.7		0.714873
370.8		0.714873
370.9		0.714873
371		0.714873
371.1		0.716249
371.2		0.716249
371.3		0.716249
371.4		0.716249
371.5		0.716249
371.6		0.716249
371.7		0.716249
371.8		0.716249
371.9		0.716249
372		0.716249
372.1		0.721288
372.2		0.721288
372.3		0.721288
372.4		0.721288
372.5		0.721288
372.6		0.721288
372.7		0.721288
372.8		0.721288
372.9		0.721288
373		0.721288
373.1		0.72216
373.2		0.72216
373.3		0.72216
373.4		0.72216
373.5		0.72216
373.6		0.72216
373.7		0.72216
373.8		0.72216
373.9		0.72216
374		0.72216
374.1		0.722276
374.2		0.722276
374.3		0.722276
374.4		0.722276
374.5		0.722276
374.6		0.722276
374.7		0.722276
374.8		0.722276
374.9		0.722276
375		0.722276
375.1		0.724912
375.2		0.724912
375.3		0.724912
375.4		0.724912
375.5		0.724912
375.6		0.724912
375.7		0.724912
375.8		0.724912
375.9		0.724912
376		0.724912
376.1		0.728265
376.2		0.728265
376.3		0.728265
376.4		0.728265
376.5		0.728265
376.6		0.728265
376.7		0.728265
376.8		0.728265
376.9		0.728265
377		0.728265
377.1		0.729272
377.2		0.729272
377.3		0.729272
377.4		0.729272
377.5		0.729272
377.6		0.729272
377.7		0.729272
377.8		0.729272
377.9		0.729272
378		0.729272
378.1		0.731269
378.2		0.731269
378.3		0.731269
378.4		0.731269
378.5		0.731269
378.6		0.731269
378.7		0.731269
378.8		0.731269
378.9		0.731269
379		0.731269
379.1		0.732354
379.2		0.732354
379.3		0.732354
379.4		0.732354
379.5		0.732354
379.6		0.732354
379.7		0.732354
379.8		0.732354
379.9		0.732354
380		0.732354
380.1		0.735164
380.2		0.735164
380.3		0.735164
380.4		0.735164
380.5		0.735164
380.6		0.735164
380.7		0.735164
380.8		0.735164
380.9		0.735164
381		0.735164
381.1		0.737393
381.2		0.737393
381.3		0.737393
381.4		0.737393
381.5		0.737393
381.6		0.737393
381.7		0.737393
381.8		0.737393
381.9		0.737393
382		0.737393
382.1		0.739234
382.2		0.739234
382.3		0.739234
382.4		0.739234
382.5		0.739234
382.6		0.739234
382.7		0.739234
382.8		0.739234
382.9		0.739234
383		0.739234
383.1		0.740397
383.2		0.740397
383.3		0.740397
383.4		0.740397
383.5		0.740397
383.6		0.740397
383.7		0.740397
383.8		0.740397
383.9		0.740397
384		0.740397
384.1		0.743013
384.2		0.743013
384.3		0.743013
384.4		0.743013
384.5		0.743013
384.6		0.743013
384.7		0.743013
384.8		0.743013
384.9		0.743013
385		0.743013
385.1		0.74373
385.2		0.74373
385.3		0.74373
385.4		0.74373
385.5		0.74373
385.6		0.74373
385.7		0.74373
385.8		0.74373
385.9		0.74373
386		0.74373
386.1		0.749273
386.2		0.749273
386.3		0.749273
386.4		0.749273
386.5		0.749273
386.6		0.749273
386.7		0.749273
386.8		0.749273
386.9		0.749273
387		0.749273
387.1		0.751483
387.2		0.751483
387.3		0.751483
387.4		0.751483
387.5		0.751483
387.6		0.751483
387.7		0.751483
387.8		0.751483
387.9		0.751483
388		0.751483
388.1		0.752394
388.2		0.752394
388.3		0.752394
388.4		0.752394
388.5		0.752394
388.6		0.752394
388.7		0.752394
388.8		0.752394
388.9		0.752394
389		0.752394
389.1		0.752704
389.2		0.752704
389.3		0.752704
389.4		0.752704
389.5		0.752704
389.6		0.752704
389.7		0.752704
389.8		0.752704
389.9		0.752704
390		0.752704
390.1		0.756076
390.2		0.756076
390.3		0.756076
390.4		0.756076
390.5		0.756076
390.6		0.756076
390.7		0.756076
390.8		0.756076
390.9		0.756076
391		0.756076
391.1		0.757646
391.2		0.757646
391.3		0.757646
391.4		0.757646
391.5		0.757646
391.6		0.757646
391.7		0.757646
391.8		0.757646
391.9		0.757646
392		0.757646
392.1		0.757994
392.2		0.757994
392.3		0.757994
392.4		0.757994
392.5		0.757994
392.6		0.757994
392.7		0.757994
392.8		0.757994
392.9		0.757994
393		0.757994
393.1		0.761483
393.2		0.761483
393.3		0.761483
393.4		0.761483
393.5		0.761483
393.6		0.761483
393.7		0.761483
393.8		0.761483
393.9		0.761483
394		0.761483
394.1		0.764022
394.2		0.764022
394.3		0.764022
394.4		0.764022
394.5		0.764022
394.6		0.764022
394.7		0.764022
394.8		0.764022
394.9		0.764022
395		0.764022
395.1		0.766096
395.2		0.766096
395.3		0.766096
395.4		0.766096
395.5		0.766096
395.6		0.766096
395.7		0.766096
395.8		0.766096
395.9		0.766096
396		0.766096
396.1		0.767433
396.2		0.767433
396.3		0.767433
396.4		0.767433
396.5		0.767433
396.6		0.767433
396.7		0.767433
396.8		0.767433
396.9		0.767433
397		0.767433
397.1		0.768189
397.2		0.768189
397.3		0.768189
397.4		0.768189
397.5		0.768189
397.6		0.768189
397.7		0.768189
397.8		0.768189
397.9		0.768189
398		0.768189
398.1		0.770747
398.2		0.770747
398.3		0.770747
398.4		0.770747
398.5		0.770747
398.6		0.770747
398.7		0.770747
398.8		0.770747
398.9		0.770747
399		0.770747
399.1		0.771871
399.2		0.771871
399.3		0.771871
399.4		0.771871
399.5		0.771871
399.6		0.771871
399.7		0.771871
399.8		0.771871
399.9		0.771871
400		0.771871
400.1		0.77379
400.2		0.77379
400.3		0.77379
400.4		0.77379
400.5		0.77379
400.6		0.77379
400.7		0.77379
400.8		0.77379
400.9		0.77379
401		0.77379
401.1		0.774894
401.2		0.774894
401.3		0.774894
401.4		0.774894
401.5		0.774894
401.6		0.774894
401.7		0.774894
401.8		0.774894
401.9		0.774894
402		0.774894
402.1		0.779856
402.2		0.779856
402.3		0.779856
402.4		0.779856
402.5		0.779856
402.6		0.779856
402.7		0.779856
402.8		0.779856
402.9		0.779856
403		0.779856
403.1		0.780282
403.2		0.780282
403.3		0.780282
403.4		0.780282
403.5		0.780282
403.6		0.780282
403.7		0.780282
403.8		0.780282
403.9		0.780282
404		0.780282
404.1		0.781329
404.2		0.781329
404.3		0.781329
404.4		0.781329
404.5		0.781329
404.6		0.781329
404.7		0.781329
404.8		0.781329
404.9		0.781329
405		0.781329
405.1		0.782065
405.2		0.782065
405.3		0.782065
405.4		0.782065
405.5		0.782065
405.6		0.782065
405.7		0.782065
405.8		0.782065
405.9		0.782065
406		0.782065
406.1		0.787647
406.2		0.787647
406.3		0.787647
406.4		0.787647
406.5		0.787647
406.6		0.787647
406.7		0.787647
406.8		0.787647
406.9		0.787647
407		0.787647
407.1		0.790205
407.2		0.790205
407.3		0.790205
407.4		0.790205
407.5		0.790205
407.6		0.790205
407.7		0.790205
407.8		0.790205
407.9		0.790205
408		0.790205
408.1		0.79036
408.2		0.79036
408.3		0.79036
408.4		0.79036
408.5		0.79036
408.6		0.79036
408.7		0.79036
408.8		0.79036
408.9		0.79036
409		0.79036
409.1		0.792027
409.2		0.792027
409.3		0.792027
409.4		0.792027
409.5		0.792027
409.6		0.792027
409.7		0.792027
409.8		0.792027
409.9		0.792027
410		0.792027
410.1		0.793868
410.2		0.793868
410.3		0.793868
410.4		0.793868
410.5		0.793868
410.6		0.793868
410.7		0.793868
410.8		0.793868
410.9		0.793868
411		0.793868
411.1		0.79693
411.2		0.79693
411.3		0.79693
411.4		0.79693
411.5		0.79693
411.6		0.79693
411.7		0.79693
411.8		0.79693
411.9		0.79693
412		0.79693
412.1		0.797628
412.2		0.797628
412.3		0.797628
412.4		0.797628
412.5		0.797628
412.6		0.797628
412.7		0.797628
412.8		0.797628
412.9		0.797628
413		0.797628
413.1		0.802454
413.2		0.802454
413.3		0.802454
413.4		0.802454
413.5		0.802454
413.6		0.802454
413.7		0.802454
413.8		0.802454
413.9		0.802454
414		0.802454
414.1		0.802996
414.2		0.802996
414.3		0.802996
414.4		0.802996
414.5		0.802996
414.6		0.802996
414.7		0.802996
414.8		0.802996
414.9		0.802996
415		0.802996
415.1		0.803074
415.2		0.803074
415.3		0.803074
415.4		0.803074
415.5		0.803074
415.6		0.803074
415.7		0.803074
415.8		0.803074
415.9		0.803074
416		0.803074
416.1		0.806233
416.2		0.806233
416.3		0.806233
416.4		0.806233
416.5		0.806233
416.6		0.806233
416.7		0.806233
416.8		0.806233
416.9		0.806233
417		0.806233
417.1		0.809198
417.2		0.809198
417.3		0.809198
417.4		0.809198
417.5		0.809198
417.6		0.809198
417.7		0.809198
417.8		0.809198
417.9		0.809198
418		0.809198
418.1		0.811155
418.2		0.811155
418.3		0.811155
418.4		0.811155
418.5		0.811155
418.6		0.811155
418.7		0.811155
418.8		0.811155
418.9		0.811155
419		0.811155
419.1		0.813811
419.2		0.813811
419.3		0.813811
419.4		0.813811
419.5		0.813811
419.6		0.813811
419.7		0.813811
419.8		0.813811
419.9		0.813811
420		0.813811
420.1		0.816621
420.2		0.816621
420.3		0.816621
420.4		0.816621
420.5		0.816621
420.6		0.816621
420.7		0.816621
420.8		0.816621
420.9		0.816621
421		0.816621
421.1		0.817512
421.2		0.817512
421.3		0.817512
421.4		0.817512
421.5		0.817512
421.6		0.817512
421.7		0.817512
421.8		0.817512
421.9		0.817512
422		0.817512
422.1		0.818501
422.2		0.818501
422.3		0.818501
422.4		0.818501
422.5		0.818501
422.6		0.818501
422.7		0.818501
422.8		0.818501
422.9		0.818501
423		0.818501
423.1		0.820768
423.2		0.820768
423.3		0.820768
423.4		0.820768
423.5		0.820768
423.6		0.820768
423.7		0.820768
423.8		0.820768
423.9		0.820768
424		0.820768
424.1		0.824703
424.2		0.824703
424.3		0.824703
424.4		0.824703
424.5		0.824703
424.6		0.824703
424.7		0.824703
424.8		0.824703
424.9		0.824703
425		0.824703
425.1		0.825148
425.2		0.825148
425.3		0.825148
425.4		0.825148
425.5		0.825148
425.6		0.825148
425.7		0.825148
425.8		0.825148
425.9		0.825148
426		0.825148
426.1		0.826486
426.2		0.826486
426.3		0.826486
426.4		0.826486
426.5		0.826486
426.6		0.826486
426.7		0.826486
426.8		0.826486
426.9		0.826486
427		0.826486
427.1		0.827493
427.2		0.827493
427.3		0.827493
427.4		0.827493
427.5		0.827493
427.6		0.827493
427.7		0.827493
427.8		0.827493
427.9		0.827493
428		0.827493
428.1		0.835517
428.2		0.835517
428.3		0.835517
428.4		0.835517
428.5		0.835517
428.6		0.835517
428.7		0.835517
428.8		0.835517
428.9		0.835517
429		0.835517
429.1		0.836292
429.2		0.836292
429.3		0.836292
429.4		0.836292
429.5		0.836292
429.6		0.836292
429.7		0.836292
429.8		0.836292
429.9		0.836292
430		0.836292
430.1		0.83637
430.2		0.83637
430.3		0.83637
430.4		0.83637
430.5		0.83637
430.6		0.83637
430.7		0.83637
430.8		0.83637
430.9		0.83637
431		0.83637
431.1		0.836563
431.2		0.836563
431.3		0.836563
431.4		0.836563
431.5		0.836563
431.6		0.836563
431.7		0.836563
431.8		0.836563
431.9		0.836563
432		0.836563
432.1		0.843385
432.2		0.843385
432.3		0.843385
432.4		0.843385
432.5		0.843385
432.6		0.843385
432.7		0.843385
432.8		0.843385
432.9		0.843385
433		0.843385
433.1		0.845498
433.2		0.845498
433.3		0.845498
433.4		0.845498
433.5		0.845498
433.6		0.845498
433.7		0.845498
433.8		0.845498
433.9		0.845498
434		0.845498
434.1		0.846641
434.2		0.846641
434.3		0.846641
434.4		0.846641
434.5		0.846641
434.6		0.846641
434.7		0.846641
434.8		0.846641
434.9		0.846641
435		0.846641
435.1		0.847281
435.2		0.847281
435.3		0.847281
435.4		0.847281
435.5		0.847281
435.6		0.847281
435.7		0.847281
435.8		0.847281
435.9		0.847281
436		0.847281
436.1		0.850905
436.2		0.850905
436.3		0.850905
436.4		0.850905
436.5		0.850905
436.6		0.850905
436.7		0.850905
436.8		0.850905
436.9		0.850905
437		0.850905
437.1		0.852107
437.2		0.852107
437.3		0.852107
437.4		0.852107
437.5		0.852107
437.6		0.852107
437.7		0.852107
437.8		0.852107
437.9		0.852107
438		0.852107
438.1		0.853405
438.2		0.853405
438.3		0.853405
438.4		0.853405
438.5		0.853405
438.6		0.853405
438.7		0.853405
438.8		0.853405
438.9		0.853405
439		0.853405
439.1		0.857146
439.2		0.857146
439.3		0.857146
439.4		0.857146
439.5		0.857146
439.6		0.857146
439.7		0.857146
439.8		0.857146
439.9		0.857146
440		0.857146
440.1		0.860324
440.2		0.860324
440.3		0.860324
440.4		0.860324
440.5		0.860324
440.6		0.860324
440.7		0.860324
440.8		0.860324
440.9		0.860324
441		0.860324
441.1		0.860557
441.2		0.860557
441.3		0.860557
441.4		0.860557
441.5		0.860557
441.6		0.860557
441.7		0.860557
441.8		0.860557
441.9		0.860557
442		0.860557
442.1		0.861719
442.2		0.861719
442.3		0.861719
442.4		0.861719
442.5		0.861719
442.6		0.861719
442.7		0.861719
442.8		0.861719
442.9		0.861719
443		0.861719
443.1		0.861991
443.2		0.861991
443.3		0.861991
443.4		0.861991
443.5		0.861991
443.6		0.861991
443.7		0.861991
443.8		0.861991
443.9		0.861991
444		0.861991
444.1		0.8642
444.2		0.8642
444.3		0.8642
444.4		0.8642
444.5		0.8642
444.6		0.8642
444.7		0.8642
444.8		0.8642
444.9		0.8642
445		0.8642
445.1		0.871197
445.2		0.871197
445.3		0.871197
445.4		0.871197
445.5		0.871197
445.6		0.871197
445.7		0.871197
445.8		0.871197
445.9		0.871197
446		0.871197
446.1		0.871642
446.2		0.871642
446.3		0.871642
446.4		0.871642
446.5		0.871642
446.6		0.871642
446.7		0.871642
446.8		0.871642
446.9		0.871642
447		0.871642
447.1		0.872689
447.2		0.872689
447.3		0.872689
447.4		0.872689
447.5		0.872689
447.6		0.872689
447.7		0.872689
447.8		0.872689
447.9		0.872689
448		0.872689
448.1		0.874821
448.2		0.874821
448.3		0.874821
448.4		0.874821
448.5		0.874821
448.6		0.874821
448.7		0.874821
448.8		0.874821
448.9		0.874821
449		0.874821
449.1		0.874956
449.2		0.874956
449.3		0.874956
449.4		0.874956
449.5		0.874956
449.6		0.874956
449.7		0.874956
449.8		0.874956
449.9		0.874956
450		0.874956
450.1		0.878736
450.2		0.878736
450.3		0.878736
450.4		0.878736
450.5		0.878736
450.6		0.878736
450.7		0.878736
450.8		0.878736
450.9		0.878736
451		0.878736
451.1		0.882166
451.2		0.882166
451.3		0.882166
451.4		0.882166
451.5		0.882166
451.6		0.882166
451.7		0.882166
451.8		0.882166
451.9		0.882166
452		0.882166
452.1		0.882999
452.2		0.882999
452.3		0.882999
452.4		0.882999
452.5		0.882999
452.6		0.882999
452.7		0.882999
452.8		0.882999
452.9		0.882999
453		0.882999
453.1		0.885189
453.2		0.885189
453.3		0.885189
453.4		0.885189
453.5		0.885189
453.6		0.885189
453.7		0.885189
453.8		0.885189
453.9		0.885189
454		0.885189
454.1		0.885558
454.2		0.885558
454.3		0.885558
454.4		0.885558
454.5		0.885558
454.6		0.885558
454.7		0.885558
454.8		0.885558
454.9		0.885558
455		0.885558
455.1		0.886255
455.2		0.886255
455.3		0.886255
455.4		0.886255
455.5		0.886255
455.6		0.886255
455.7		0.886255
455.8		0.886255
455.9		0.886255
456		0.886255
456.1		0.890538
456.2		0.890538
456.3		0.890538
456.4		0.890538
456.5		0.890538
456.6		0.890538
456.7		0.890538
456.8		0.890538
456.9		0.890538
457		0.890538
457.1		0.893465
457.2		0.893465
457.3		0.893465
457.4		0.893465
457.5		0.893465
457.6		0.893465
457.7		0.893465
457.8		0.893465
457.9		0.893465
458		0.893465
458.1		0.895093
458.2		0.895093
458.3		0.895093
458.4		0.895093
458.5		0.895093
458.6		0.895093
458.7		0.895093
458.8		0.895093
458.9		0.895093
459		0.895093
459.1		0.896508
459.2		0.896508
459.3		0.896508
459.4		0.896508
459.5		0.896508
459.6		0.896508
459.7		0.896508
459.8		0.896508
459.9		0.896508
460		0.896508
460.1		0.896682
460.2		0.896682
460.3		0.896682
460.4		0.896682
460.5		0.896682
460.6		0.896682
460.7		0.896682
460.8		0.896682
460.9		0.896682
461		0.896682
461.1		0.89705
461.2		0.89705
461.3		0.89705
461.4		0.89705
461.5		0.89705
461.6		0.89705
461.7		0.89705
461.8		0.89705
461.9		0.89705
462		0.89705
462.1		0.90488
462.2		0.90488
462.3		0.90488
462.4		0.90488
462.5		0.90488
462.6		0.90488
462.7		0.90488
462.8		0.90488
462.9		0.90488
463		0.90488
463.1		0.905868
463.2		0.905868
463.3		0.905868
463.4		0.905868
463.5		0.905868
463.6		0.905868
463.7		0.905868
463.8		0.905868
463.9		0.905868
464		0.905868
464.1		0.906179
464.2		0.906179
464.3		0.906179
464.4		0.906179
464.5		0.906179
464.6		0.906179
464.7		0.906179
464.8		0.906179
464.9		0.906179
465		0.906179
465.1		0.908582
465.2		0.908582
465.3		0.908582
465.4		0.908582
465.5		0.908582
465.6		0.908582
465.7		0.908582
465.8		0.908582
465.9		0.908582
466		0.908582
466.1		0.910326
466.2		0.910326
466.3		0.910326
466.4		0.910326
466.5		0.910326
466.6		0.910326
466.7		0.910326
466.8		0.910326
466.9		0.910326
467		0.910326
467.1		0.91333
467.2		0.91333
467.3		0.91333
467.4		0.91333
467.5		0.91333
467.6		0.91333
467.7		0.91333
467.8		0.91333
467.9		0.91333
468		0.91333
468.1		0.915753
468.2		0.915753
468.3		0.915753
468.4		0.915753
468.5		0.915753
468.6		0.915753
468.7		0.915753
468.8		0.915753
468.9		0.915753
469		0.915753
469.1		0.916043
469.2		0.916043
469.3		0.916043
469.4		0.916043
469.5		0.916043
469.6		0.916043
469.7		0.916043
469.8		0.916043
469.9		0.916043
470		0.916043
470.1		0.916218
470.2		0.916218
470.3		0.916218
470.4		0.916218
470.5		0.916218
470.6		0.916218
470.7		0.916218
470.8		0.916218
470.9		0.916218
471		0.916218
471.1		0.922439
471.2		0.922439
471.3		0.922439
471.4		0.922439
471.5		0.922439
471.6		0.922439
471.7		0.922439
471.8		0.922439
471.9		0.922439
472		0.922439
472.1		0.9249
472.2		0.9249
472.3		0.9249
472.4		0.9249
472.5		0.9249
472.6		0.9249
472.7		0.9249
472.8		0.9249
472.9		0.9249
473		0.9249
473.1		0.92616
473.2		0.92616
473.3		0.92616
473.4		0.92616
473.5		0.92616
473.6		0.92616
473.7		0.92616
473.8		0.92616
473.9		0.92616
474		0.92616
474.1		0.926683
474.2		0.926683
474.3		0.926683
474.4		0.926683
474.5		0.926683
474.6		0.926683
474.7		0.926683
474.8		0.926683
474.9		0.926683
475		0.926683
475.1		0.929338
475.2		0.929338
475.3		0.929338
475.4		0.929338
475.5		0.929338
475.6		0.929338
475.7		0.929338
475.8		0.929338
475.9		0.929338
476		0.929338
476.1		0.932342
476.2		0.932342
476.3		0.932342
476.4		0.932342
476.5		0.932342
476.6		0.932342
476.7		0.932342
476.8		0.932342
476.9		0.932342
477		0.932342
477.1		0.935114
477.2		0.935114
477.3		0.935114
477.4		0.935114
477.5		0.935114
477.6		0.935114
477.7		0.935114
477.8		0.935114
477.9		0.935114
478		0.935114
478.1		0.937246
478.2		0.937246
478.3		0.937246
478.4		0.937246
478.5		0.937246
478.6		0.937246
478.7		0.937246
478.8		0.937246
478.9		0.937246
479		0.937246
479.1		0.939067
479.2		0.939067
479.3		0.939067
479.4		0.939067
479.5		0.939067
479.6		0.939067
479.7		0.939067
479.8		0.939067
479.9		0.939067
480		0.939067
480.1		0.941316
480.2		0.941316
480.3		0.941316
480.4		0.941316
480.5		0.941316
480.6		0.941316
480.7		0.941316
480.8		0.941316
480.9		0.941316
481		0.941316
481.1		0.942168
481.2		0.942168
481.3		0.942168
481.4		0.942168
481.5		0.942168
481.6		0.942168
481.7		0.942168
481.8		0.942168
481.9		0.942168
482		0.942168
482.1		0.944126
482.2		0.944126
482.3		0.944126
482.4		0.944126
482.5		0.944126
482.6		0.944126
482.7		0.944126
482.8		0.944126
482.9		0.944126
483		0.944126
483.1		0.944436
483.2		0.944436
483.3		0.944436
483.4		0.944436
483.5		0.944436
483.6		0.944436
483.7		0.944436
483.8		0.944436
483.9		0.944436
484		0.944436
484.1		0.951355
484.2		0.951355
484.3		0.951355
484.4		0.951355
484.5		0.951355
484.6		0.951355
484.7		0.951355
484.8		0.951355
484.9		0.951355
485		0.951355
485.1		0.951645
485.2		0.951645
485.3		0.951645
485.4		0.951645
485.5		0.951645
485.6		0.951645
485.7		0.951645
485.8		0.951645
485.9		0.951645
486		0.951645
486.1		0.952052
486.2		0.952052
486.3		0.952052
486.4		0.952052
486.5		0.952052
486.6		0.952052
486.7		0.952052
486.8		0.952052
486.9		0.952052
487		0.952052
487.1		0.954242
487.2		0.954242
487.3		0.954242
487.4		0.954242
487.5		0.954242
487.6		0.954242
487.7		0.954242
487.8		0.954242
487.9		0.954242
488		0.954242
488.1		0.958913
488.2		0.958913
488.3		0.958913
488.4		0.958913
488.5		0.958913
488.6		0.958913
488.7		0.958913
488.8		0.958913
488.9		0.958913
489		0.958913
489.1		0.959204
489.2		0.959204
489.3		0.959204
489.4		0.959204
489.5		0.959204
489.6		0.959204
489.7		0.959204
489.8		0.959204
489.9		0.959204
490		0.959204
490.1		0.960754
490.2		0.960754
490.3		0.960754
490.4		0.960754
490.5		0.960754
490.6		0.960754
490.7		0.960754
490.8		0.960754
490.9		0.960754
491		0.960754
491.1		0.961064
491.2		0.961064
491.3		0.961064
491.4		0.961064
491.5		0.961064
491.6		0.961064
491.7		0.961064
491.8		0.961064
491.9		0.961064
492		0.961064
492.1		0.96622
492.2		0.96622
492.3		0.96622
492.4		0.96622
492.5		0.96622
492.6		0.96622
492.7		0.96622
492.8		0.96622
492.9		0.96622
493		0.96622
493.1		0.966491
493.2		0.966491
493.3		0.966491
493.4		0.966491
493.5		0.966491
493.6		0.966491
493.7		0.966491
493.8		0.966491
493.9		0.966491
494		0.966491
494.1		0.968332
494.2		0.968332
494.3		0.968332
494.4		0.968332
494.5		0.968332
494.6		0.968332
494.7		0.968332
494.8		0.968332
494.9		0.968332
495		0.968332
495.1		0.968914
495.2		0.968914
495.3		0.968914
495.4		0.968914
495.5		0.968914
495.6		0.968914
495.7		0.968914
495.8		0.968914
495.9		0.968914
496		0.968914
496.1		0.973856
496.2		0.973856
496.3		0.973856
496.4		0.973856
496.5		0.973856
496.6		0.973856
496.7		0.973856
496.8		0.973856
496.9		0.973856
497		0.973856
497.1		0.975755
497.2		0.975755
497.3		0.975755
497.4		0.975755
497.5		0.975755
497.6		0.975755
497.7		0.975755
497.8		0.975755
497.9		0.975755
498		0.975755
498.1		0.976491
498.2		0.976491
498.3		0.976491
498.4		0.976491
498.5		0.976491
498.6		0.976491
498.7		0.976491
498.8		0.976491
498.9		0.976491
499		0.976491
499.1		0.978836
499.2		0.978836
499.3		0.978836
499.4		0.978836
499.5		0.978836
499.6		0.978836
499.7		0.978836
499.8		0.978836
499.9		0.978836
500		0.978836
500.1		0.981627
500.2		0.981627
500.3		0.981627
500.4		0.981627
500.5		0.981627
500.6		0.981627
500.7		0.981627
500.8		0.981627
500.9		0.981627
501		0.981627
501.1		0.983604
501.2		0.983604
501.3		0.983604
501.4		0.983604
501.5		0.983604
501.6		0.983604
501.7		0.983604
501.8		0.983604
501.9		0.983604
502		0.983604
502.1		0.984767
502.2		0.984767
502.3		0.984767
502.4		0.984767
502.5		0.984767
502.6		0.984767
502.7		0.984767
502.8		0.984767
502.9		0.984767
503		0.984767
503.1		0.985445
503.2		0.985445
503.3		0.985445
503.4		0.985445
503.5		0.985445
503.6		0.985445
503.7		0.985445
503.8		0.985445
503.9		0.985445
504		0.985445
504.1		0.988178
504.2		0.988178
504.3		0.988178
504.4		0.988178
504.5		0.988178
504.6		0.988178
504.7		0.988178
504.8		0.988178
504.9		0.988178
505		0.988178
505.1		0.991569
505.2		0.991569
505.3		0.991569
505.4		0.991569
505.5		0.991569
505.6		0.991569
505.7		0.991569
505.8		0.991569
505.9		0.991569
506		0.991569
506.1		0.992403
506.2		0.992403
506.3		0.992403
506.4		0.992403
506.5		0.992403
506.6		0.992403
506.7		0.992403
506.8		0.992403
506.9		0.992403
507		0.992403
507.1		0.994399
507.2		0.994399
507.3		0.994399
507.4		0.994399
507.5		0.994399
507.6		0.994399
507.7		0.994399
507.8		0.994399
507.9		0.994399
508		0.994399
508.1		0.995601
508.2		0.995601
508.3		0.995601
508.4		0.995601
508.5		0.995601
508.6		0.995601
508.7		0.995601
508.8		0.995601
508.9		0.995601
509		0.995601
509.1		0.999496
509.2		0.999496
509.3		0.999496
509.4		0.999496
509.5		0.999496
509.6		0.999496
509.7		0.999496
509.8		0.999496
509.9		0.999496
510		0.999496
510.1		1
510.2		1
510.3		1
510.4		1
510.5		1
510.6		1
510.7		1
510.8		1
510.9		1
511		1
511.1		1
511.2		1
511.3		1
511.4		1
511.5		1
511.6		1
511.7		1
511.8		1
511.9		1
512		1
512.1		1
512.2		1
512.3		1
512.4		1
512.5		1
512.6		1
512.7		1
512.8		1
512.9		1
513		1
513.1		1
513.2		1
513.3		1
513.4		1
513.5		1
513.6		1
513.7		1
513.8		1
513.9		1
514		1
514.1		1
514.2		1
514.3		1
514.4		1
514.5		1
514.6		1
514.7		1
514.8		1
514.9		1
515		1
515.1		1
515.2		1
515.3		1
515.4		1
515.5		1
515.6		1
515.7		1
515.8		1
515.9		1
516		1
516.1		1
516.2		1
516.3		1
516.4		1
516.5		1
516.6		1
516.7		1
516.8		1
516.9		1
517		1
517.1		1
517.2		1
517.3		1
517.4		1
517.5		1
517.6		1
517.7		1
517.8		1
517.9		1
518		1
518.1		1
518.2		1
518.3		1
518.4		1
518.5		1
518.6		1
518.7		1
518.8		1
518.9		1
519		1
519.1		1
519.2		1
519.3		1
519.4		1
519.5		1
519.6		1
519.7		1
519.8		1
519.9		1
520		1
520.1		1
520.2		1
520.3		1
520.4		1
520.5		1
520.6		1
520.7		1
520.8		1
520.9		1
521		1
521.1		1
521.2		1
521.3		1
521.4		1
521.5		1
521.6		1
521.7		1
521.8		1
521.9		1
522		1
522.1		1
522.2		1
522.3		1
522.4		1
522.5		1
522.6		1
522.7		1
522.8		1
522.9		1
523		1
523.1		1
523.2		1
523.3		1
523.4		1
523.5		1
523.6		1
523.7		1
523.8		1
523.9		1
524		1
524.1		1
524.2		1
524.3		1
524.4		1
524.5		1
524.6		1
524.7		1
524.8		1
524.9		1
525		1
525.1		1
525.2		1
525.3		1
525.4		1
525.5		1
525.6		1
525.7		1
525.8		1
525.9		1
526		1
526.1		1
526.2		1
526.3		1
526.4		1
526.5		1
526.6		1
526.7		1
526.8		1
526.9		1
527		1
527.1		1
527.2		1
527.3		1
527.4		1
527.5		1
527.6		1
527.7		1
527.8		1
527.9		1
528		1
528.1		1
528.2		1
528.3		1
528.4		1
528.5		1
528.6		1
528.7		1
528.8		1
528.9		1
529		1
529.1		1
529.2		1
529.3		1
529.4		1
529.5		1
529.6		1
529.7		1
529.8		1
529.9		1
530		1
530.1		1
530.2		1
530.3		1
530.4		1
530.5		1
530.6		1
530.7		1
530.8		1
530.9		1
531		1
531.1		1
531.2		1
531.3		1
531.4		1
531.5		1
531.6		1
531.7		1
531.8		1
531.9		1
532		1
532.1		1
532.2		1
532.3		1
532.4		1
532.5		1
532.6		1
532.7		1
532.8		1
532.9		1
533		1
533.1		1
533.2		1
533.3		1
533.4		1
533.5		1
533.6		1
533.7		1
533.8		1
533.9		1
534		1
534.1		1
534.2		1
534.3		1
534.4		1
534.5		1
534.6		1
534.7		1
534.8		1
534.9		1
535		1
535.1		1
535.2		1
535.3		1
535.4		1
535.5		1
535.6		1
535.7		1
535.8		1
535.9		1
536		1
536.1		1
536.2		1
536.3		1
536.4		1
536.5		1
536.6		1
536.7		1
536.8		1
536.9		1
537		1
537.1		1
537.2		1
537.3		1
537.4		1
537.5		1
537.6		1
537.7		1
537.8		1
537.9		1
538		1
538.1		1
538.2		1
538.3		1
538.4		1
538.5		1
538.6		1
538.7		1
538.8		1
538.9		1
539		1
539.1		1
539.2		1
539.3		1
539.4		1
539.5		1
539.6		1
539.7		1
539.8		1
539.9		1
540		1
540.1		1
540.2		1
540.3		1
540.4		1
540.5		1
540.6		1
540.7		1
540.8		1
540.9		1
541		1
541.1		1
541.2		1
541.3		1
541.4		1
541.5		1
541.6		1
541.7		1
541.8		1
541.9		1
542		1
542.1		1
542.2		1
542.3		1
542.4		1
542.5		1
542.6		1
542.7		1
542.8		1
542.9		1
543		1
543.1		1
543.2		1
543.3		1
543.4		1
543.5		1
543.6		1
543.7		1
543.8		1
543.9		1
544		1
544.1		1
544.2		1
544.3		1
544.4		1
544.5		1
544.6		1
544.7		1
544.8		1
544.9		1
545		1
545.1		1
545.2		1
545.3		1
545.4		1
545.5		1
545.6		1
545.7		1
545.8		1
545.9		1
546		1
546.1		1
546.2		1
546.3		1
546.4		1
546.5		1
546.6		1
546.7		1
546.8		1
546.9		1
547		1
547.1		1
547.2		1
547.3		1
547.4		1
547.5		1
547.6		1
547.7		1
547.8		1
547.9		1
548		1
548.1		1
548.2		1
548.3		1
548.4		1
548.5		1
548.6		1
548.7		1
548.8		1
548.9		1
549		1
549.1		1
549.2		1
549.3		1
549.4		1
549.5		1
549.6		1
549.7		1
549.8		1
549.9		1
550		1
550.1		1
550.2		1
550.3		1
550.4		1
550.5		1
550.6		1
550.7		1
550.8		1
550.9		1
551		1
551.1		1
551.2		1
551.3		1
551.4		1
551.5		1
551.6		1
551.7		1
551.8		1
551.9		1
552		1
552.1		1
552.2		1
552.3		1
552.4		1
552.5		1
552.6		1
552.7		1
552.8		1
552.9		1
553		1
553.1		1
553.2		1
553.3		1
553.4		1
553.5		1
553.6		1
553.7		1
553.8		1
553.9		1
554		1
554.1		1
554.2		1
554.3		1
554.4		1
554.5		1
554.6		1
554.7		1
554.8		1
554.9		1
555		1
555.1		1
555.2		1
555.3		1
555.4		1
555.5		1
555.6		1
555.7		1
555.8		1
555.9		1
556		1
556.1		1
556.2		1
556.3		1
556.4		1
556.5		1
556.6		1
556.7		1
556.8		1
556.9		1
557		1
557.1		1
557.2		1
557.3		1
557.4		1
557.5		1
557.6		1
557.7		1
557.8		1
557.9		1
558		1
558.1		1
558.2		1
558.3		1
558.4		1
558.5		1
558.6		1
558.7		1
558.8		1
558.9		1
559		1
559.1		1
559.2		1
559.3		1
559.4		1
559.5		1
559.6		1
559.7		1
559.8		1
559.9		1
560		1
560.1		1
560.2		1
560.3		1
560.4		1
560.5		1
560.6		1
560.7		1
560.8		1
560.9		1
561		1
561.1		1
561.2		1
561.3		1
561.4		1
561.5		1
561.6		1
561.7		1
561.8		1
561.9		1
562		1
562.1		1
562.2		1
562.3		1
562.4		1
562.5		1
562.6		1
562.7		1
562.8		1
562.9		1
563		1
563.1		1
563.2		1
563.3		1
563.4		1
563.5		1
563.6		1
563.7		1
563.8		1
563.9		1
564		1
564.1		1
564.2		1
564.3		1
564.4		1
564.5		1
564.6		1
564.7		1
564.8		1
564.9		1
565		1
565.1		1
565.2		1
565.3		1
565.4		1
565.5		1
565.6		1
565.7		1
565.8		1
565.9		1
566		1
566.1		1
566.2		1
566.3		1
566.4		1
566.5		1
566.6		1
566.7		1
566.8		1
566.9		1
567		1
567.1		1
567.2		1
567.3		1
567.4		1
567.5		1
567.6		1
567.7		1
567.8		1
567.9		1
568		1
568.1		1
568.2		1
568.3		1
568.4		1
568.5		1
568.6		1
568.7		1
568.8		1
568.9		1
569		1
569.1		1
569.2		1
569.3		1
569.4		1
569.5		1
569.6		1
569.7		1
569.8		1
569.9		1
570		1
570.1		1
570.2		1
570.3		1
570.4		1
570.5		1
570.6		1
570.7		1
570.8		1
570.9		1
571		1
571.1		1
571.2		1
571.3		1
571.4		1
571.5		1
571.6		1
571.7		1
571.8		1
571.9		1
572		1
572.1		1
572.2		1
572.3		1
572.4		1
572.5		1
572.6		1
572.7		1
572.8		1
572.9		1
573		1
573.1		1
573.2		1
573.3		1
573.4		1
573.5		1
573.6		1
573.7		1
573.8		1
573.9		1
574		1
574.1		1
574.2		1
574.3		1
574.4		1
574.5		1
574.6		1
574.7		1
574.8		1
574.9		1
575		1
575.1		1
575.2		1
575.3		1
575.4		1
575.5		1
575.6		1
575.7		1
575.8		1
575.9		1
576		1
576.1		1
576.2		1
576.3		1
576.4		1
576.5		1
576.6		1
576.7		1
576.8		1
576.9		1
577		1
577.1		1
577.2		1
577.3		1
577.4		1
577.5		1
577.6		1
577.7		1
577.8		1
577.9		1
578		1
578.1		1
578.2		1
578.3		1
578.4		1
578.5		1
578.6		1
578.7		1
578.8		1
578.9		1
579		1
579.1		1
579.2		1
579.3		1
579.4		1
579.5		1
579.6		1
579.7		1
579.8		1
579.9		1
580		1
580.1		1
580.2		1
580.3		1
580.4		1
580.5		1
580.6		1
580.7		1
580.8		1
580.9		1
581		1
581.1		1
581.2		1
581.3		1
581.4		1
581.5		1
581.6		1
581.7		1
581.8		1
581.9		1
582		1
582.1		1
582.2		1
582.3		1
582.4		1
582.5		1
582.6		1
582.7		1
582.8		1
582.9		1
583		1
583.1		1
583.2		1
583.3		1
583.4		1
583.5		1
583.6		1
583.7		1
583.8		1
583.9		1
584		1
584.1		1
584.2		1
584.3		1
584.4		1
584.5		1
584.6		1
584.7		1
584.8		1
584.9		1
585		1
585.1		1
585.2		1
585.3		1
585.4		1
585.5		1
585.6		1
585.7		1
585.8		1
585.9		1
586		1
586.1		1
586.2		1
586.3		1
586.4		1
586.5		1
586.6		1
586.7		1
586.8		1
586.9		1
587		1
587.1		1
587.2		1
587.3		1
587.4		1
587.5		1
587.6		1
587.7		1
587.8		1
587.9		1
588		1
588.1		1
588.2		1
588.3		1
588.4		1
588.5		1
588.6		1
588.7		1
588.8		1
588.9		1
589		1
589.1		1
589.2		1
589.3		1
589.4		1
589.5		1
589.6		1
589.7		1
589.8		1
589.9		1
590		1
590.1		1
590.2		1
590.3		1
590.4		1
590.5		1
590.6		1
590.7		1
590.8		1
590.9		1
591		1
591.1		1
591.2		1
591.3		1
591.4		1
591.5		1
591.6		1
591.7		1
591.8		1
591.9		1
592		1
592.1		1
592.2		1
592.3		1
592.4		1
592.5		1
592.6		1
592.7		1
592.8		1
592.9		1
593		1
593.1		1
593.2		1
593.3		1
593.4		1
593.5		1
593.6		1
593.7		1
593.8		1
593.9		1
594		1
594.1		1
594.2		1
594.3		1
594.4		1
594.5		1
594.6		1
594.7		1
594.8		1
594.9		1
595		1
595.1		1
595.2		1
595.3		1
595.4		1
595.5		1
595.6		1
595.7		1
595.8		1
595.9		1
596		1
596.1		1
596.2		1
596.3		1
596.4		1
596.5		1
596.6		1
596.7		1
596.8		1
596.9		1
597		1
597.1		1
597.2		1
597.3		1
597.4		1
597.5		1
597.6		1
597.7		1
597.8		1
597.9		1
598		1
598.1		1
598.2		1
598.3		1
598.4		1
598.5		1
598.6		1
598.7		1
598.8		1
598.9		1
599		1
599.1		1
599.2		1
599.3		1
599.4		1
599.5		1
599.6		1
599.7		1
599.8		1
599.9		1
600		1
