# Calibration file of tamex_id 1 @ channel 13
# fine_T bin		 Calibration value
0.1		0
0.2		0
0.3		0
0.4		0
0.5		0
0.6		0
0.7		0
0.8		0
0.9		0
1		0
1.1		0
1.2		0
1.3		0
1.4		0
1.5		0
1.6		0
1.7		0
1.8		0
1.9		0
2		0
2.1		0
2.2		0
2.3		0
2.4		0
2.5		0
2.6		0
2.7		0
2.8		0
2.9		0
3		0
3.1		0
3.2		0
3.3		0
3.4		0
3.5		0
3.6		0
3.7		0
3.8		0
3.9		0
4		0
4.1		0
4.2		0
4.3		0
4.4		0
4.5		0
4.6		0
4.7		0
4.8		0
4.9		0
5		0
5.1		0
5.2		0
5.3		0
5.4		0
5.5		0
5.6		0
5.7		0
5.8		0
5.9		0
6		0
6.1		0
6.2		0
6.3		0
6.4		0
6.5		0
6.6		0
6.7		0
6.8		0
6.9		0
7		0
7.1		0
7.2		0
7.3		0
7.4		0
7.5		0
7.6		0
7.7		0
7.8		0
7.9		0
8		0
8.1		0
8.2		0
8.3		0
8.4		0
8.5		0
8.6		0
8.7		0
8.8		0
8.9		0
9		0
9.1		0
9.2		0
9.3		0
9.4		0
9.5		0
9.6		0
9.7		0
9.8		0
9.9		0
10		0
10.1		0
10.2		0
10.3		0
10.4		0
10.5		0
10.6		0
10.7		0
10.8		0
10.9		0
11		0
11.1		0
11.2		0
11.3		0
11.4		0
11.5		0
11.6		0
11.7		0
11.8		0
11.9		0
12		0
12.1		0
12.2		0
12.3		0
12.4		0
12.5		0
12.6		0
12.7		0
12.8		0
12.9		0
13		0
13.1		0
13.2		0
13.3		0
13.4		0
13.5		0
13.6		0
13.7		0
13.8		0
13.9		0
14		0
14.1		0
14.2		0
14.3		0
14.4		0
14.5		0
14.6		0
14.7		0
14.8		0
14.9		0
15		0
15.1		0
15.2		0
15.3		0
15.4		0
15.5		0
15.6		0
15.7		0
15.8		0
15.9		0
16		0
16.1		1.98118e-05
16.2		1.98118e-05
16.3		1.98118e-05
16.4		1.98118e-05
16.5		1.98118e-05
16.6		1.98118e-05
16.7		1.98118e-05
16.8		1.98118e-05
16.9		1.98118e-05
17		1.98118e-05
17.1		0.0065577
17.2		0.0065577
17.3		0.0065577
17.4		0.0065577
17.5		0.0065577
17.6		0.0065577
17.7		0.0065577
17.8		0.0065577
17.9		0.0065577
18		0.0065577
18.1		0.00794453
18.2		0.00794453
18.3		0.00794453
18.4		0.00794453
18.5		0.00794453
18.6		0.00794453
18.7		0.00794453
18.8		0.00794453
18.9		0.00794453
19		0.00794453
19.1		0.00838039
19.2		0.00838039
19.3		0.00838039
19.4		0.00838039
19.5		0.00838039
19.6		0.00838039
19.7		0.00838039
19.8		0.00838039
19.9		0.00838039
20		0.00838039
20.1		0.0128975
20.2		0.0128975
20.3		0.0128975
20.4		0.0128975
20.5		0.0128975
20.6		0.0128975
20.7		0.0128975
20.8		0.0128975
20.9		0.0128975
21		0.0128975
21.1		0.0164834
21.2		0.0164834
21.3		0.0164834
21.4		0.0164834
21.5		0.0164834
21.6		0.0164834
21.7		0.0164834
21.8		0.0164834
21.9		0.0164834
22		0.0164834
22.1		0.0172363
22.2		0.0172363
22.3		0.0172363
22.4		0.0172363
22.5		0.0172363
22.6		0.0172363
22.7		0.0172363
22.8		0.0172363
22.9		0.0172363
23		0.0172363
23.1		0.0184052
23.2		0.0184052
23.3		0.0184052
23.4		0.0184052
23.5		0.0184052
23.6		0.0184052
23.7		0.0184052
23.8		0.0184052
23.9		0.0184052
24		0.0184052
24.1		0.019158
24.2		0.019158
24.3		0.019158
24.4		0.019158
24.5		0.019158
24.6		0.019158
24.7		0.019158
24.8		0.019158
24.9		0.019158
25		0.019158
25.1		0.0230015
25.2		0.0230015
25.3		0.0230015
25.4		0.0230015
25.5		0.0230015
25.6		0.0230015
25.7		0.0230015
25.8		0.0230015
25.9		0.0230015
26		0.0230015
26.1		0.0253195
26.2		0.0253195
26.3		0.0253195
26.4		0.0253195
26.5		0.0253195
26.6		0.0253195
26.7		0.0253195
26.8		0.0253195
26.9		0.0253195
27		0.0253195
27.1		0.0260129
27.2		0.0260129
27.3		0.0260129
27.4		0.0260129
27.5		0.0260129
27.6		0.0260129
27.7		0.0260129
27.8		0.0260129
27.9		0.0260129
28		0.0260129
28.1		0.0286082
28.2		0.0286082
28.3		0.0286082
28.4		0.0286082
28.5		0.0286082
28.6		0.0286082
28.7		0.0286082
28.8		0.0286082
28.9		0.0286082
29		0.0286082
29.1		0.0289252
29.2		0.0289252
29.3		0.0289252
29.4		0.0289252
29.5		0.0289252
29.6		0.0289252
29.7		0.0289252
29.8		0.0289252
29.9		0.0289252
30		0.0289252
30.1		0.0317187
30.2		0.0317187
30.3		0.0317187
30.4		0.0317187
30.5		0.0317187
30.6		0.0317187
30.7		0.0317187
30.8		0.0317187
30.9		0.0317187
31		0.0317187
31.1		0.032947
31.2		0.032947
31.3		0.032947
31.4		0.032947
31.5		0.032947
31.6		0.032947
31.7		0.032947
31.8		0.032947
31.9		0.032947
32		0.032947
32.1		0.0344131
32.2		0.0344131
32.3		0.0344131
32.4		0.0344131
32.5		0.0344131
32.6		0.0344131
32.7		0.0344131
32.8		0.0344131
32.9		0.0344131
33		0.0344131
33.1		0.0346904
33.2		0.0346904
33.3		0.0346904
33.4		0.0346904
33.5		0.0346904
33.6		0.0346904
33.7		0.0346904
33.8		0.0346904
33.9		0.0346904
34		0.0346904
34.1		0.0390094
34.2		0.0390094
34.3		0.0390094
34.4		0.0390094
34.5		0.0390094
34.6		0.0390094
34.7		0.0390094
34.8		0.0390094
34.9		0.0390094
35		0.0390094
35.1		0.0408915
35.2		0.0408915
35.3		0.0408915
35.4		0.0408915
35.5		0.0408915
35.6		0.0408915
35.7		0.0408915
35.8		0.0408915
35.9		0.0408915
36		0.0408915
36.1		0.0434869
36.2		0.0434869
36.3		0.0434869
36.4		0.0434869
36.5		0.0434869
36.6		0.0434869
36.7		0.0434869
36.8		0.0434869
36.9		0.0434869
37		0.0434869
37.1		0.044101
37.2		0.044101
37.3		0.044101
37.4		0.044101
37.5		0.044101
37.6		0.044101
37.7		0.044101
37.8		0.044101
37.9		0.044101
38		0.044101
38.1		0.0453294
38.2		0.0453294
38.3		0.0453294
38.4		0.0453294
38.5		0.0453294
38.6		0.0453294
38.7		0.0453294
38.8		0.0453294
38.9		0.0453294
39		0.0453294
39.1		0.0482219
39.2		0.0482219
39.3		0.0482219
39.4		0.0482219
39.5		0.0482219
39.6		0.0482219
39.7		0.0482219
39.8		0.0482219
39.9		0.0482219
40		0.0482219
40.1		0.0499059
40.2		0.0499059
40.3		0.0499059
40.4		0.0499059
40.5		0.0499059
40.6		0.0499059
40.7		0.0499059
40.8		0.0499059
40.9		0.0499059
41		0.0499059
41.1		0.0518673
41.2		0.0518673
41.3		0.0518673
41.4		0.0518673
41.5		0.0518673
41.6		0.0518673
41.7		0.0518673
41.8		0.0518673
41.9		0.0518673
42		0.0518673
42.1		0.0541456
42.2		0.0541456
42.3		0.0541456
42.4		0.0541456
42.5		0.0541456
42.6		0.0541456
42.7		0.0541456
42.8		0.0541456
42.9		0.0541456
43		0.0541456
43.1		0.0552947
43.2		0.0552947
43.3		0.0552947
43.4		0.0552947
43.5		0.0552947
43.6		0.0552947
43.7		0.0552947
43.8		0.0552947
43.9		0.0552947
44		0.0552947
44.1		0.0554136
44.2		0.0554136
44.3		0.0554136
44.4		0.0554136
44.5		0.0554136
44.6		0.0554136
44.7		0.0554136
44.8		0.0554136
44.9		0.0554136
45		0.0554136
45.1		0.0577514
45.2		0.0577514
45.3		0.0577514
45.4		0.0577514
45.5		0.0577514
45.6		0.0577514
45.7		0.0577514
45.8		0.0577514
45.9		0.0577514
46		0.0577514
46.1		0.06316
46.2		0.06316
46.3		0.06316
46.4		0.06316
46.5		0.06316
46.6		0.06316
46.7		0.06316
46.8		0.06316
46.9		0.06316
47		0.06316
47.1		0.0637147
47.2		0.0637147
47.3		0.0637147
47.4		0.0637147
47.5		0.0637147
47.6		0.0637147
47.7		0.0637147
47.8		0.0637147
47.9		0.0637147
48		0.0637147
48.1		0.0639723
48.2		0.0639723
48.3		0.0639723
48.4		0.0639723
48.5		0.0639723
48.6		0.0639723
48.7		0.0639723
48.8		0.0639723
48.9		0.0639723
49		0.0639723
49.1		0.0663695
49.2		0.0663695
49.3		0.0663695
49.4		0.0663695
49.5		0.0663695
49.6		0.0663695
49.7		0.0663695
49.8		0.0663695
49.9		0.0663695
50		0.0663695
50.1		0.0677563
50.2		0.0677563
50.3		0.0677563
50.4		0.0677563
50.5		0.0677563
50.6		0.0677563
50.7		0.0677563
50.8		0.0677563
50.9		0.0677563
51		0.0677563
51.1		0.0681922
51.2		0.0681922
51.3		0.0681922
51.4		0.0681922
51.5		0.0681922
51.6		0.0681922
51.7		0.0681922
51.8		0.0681922
51.9		0.0681922
52		0.0681922
52.1		0.0723526
52.2		0.0723526
52.3		0.0723526
52.4		0.0723526
52.5		0.0723526
52.6		0.0723526
52.7		0.0723526
52.8		0.0723526
52.9		0.0723526
53		0.0723526
53.1		0.0730857
53.2		0.0730857
53.3		0.0730857
53.4		0.0730857
53.5		0.0730857
53.6		0.0730857
53.7		0.0730857
53.8		0.0730857
53.9		0.0730857
54		0.0730857
54.1		0.0749282
54.2		0.0749282
54.3		0.0749282
54.4		0.0749282
54.5		0.0749282
54.6		0.0749282
54.7		0.0749282
54.8		0.0749282
54.9		0.0749282
55		0.0749282
55.1		0.0777018
55.2		0.0777018
55.3		0.0777018
55.4		0.0777018
55.5		0.0777018
55.6		0.0777018
55.7		0.0777018
55.8		0.0777018
55.9		0.0777018
56		0.0777018
56.1		0.0785736
56.2		0.0785736
56.3		0.0785736
56.4		0.0785736
56.5		0.0785736
56.6		0.0785736
56.7		0.0785736
56.8		0.0785736
56.9		0.0785736
57		0.0785736
57.1		0.0803368
57.2		0.0803368
57.3		0.0803368
57.4		0.0803368
57.5		0.0803368
57.6		0.0803368
57.7		0.0803368
57.8		0.0803368
57.9		0.0803368
58		0.0803368
58.1		0.0839822
58.2		0.0839822
58.3		0.0839822
58.4		0.0839822
58.5		0.0839822
58.6		0.0839822
58.7		0.0839822
58.8		0.0839822
58.9		0.0839822
59		0.0839822
59.1		0.0850916
59.2		0.0850916
59.3		0.0850916
59.4		0.0850916
59.5		0.0850916
59.6		0.0850916
59.7		0.0850916
59.8		0.0850916
59.9		0.0850916
60		0.0850916
60.1		0.087053
60.2		0.087053
60.3		0.087053
60.4		0.087053
60.5		0.087053
60.6		0.087053
60.7		0.087053
60.8		0.087053
60.9		0.087053
61		0.087053
61.1		0.0882417
61.2		0.0882417
61.3		0.0882417
61.4		0.0882417
61.5		0.0882417
61.6		0.0882417
61.7		0.0882417
61.8		0.0882417
61.9		0.0882417
62		0.0882417
62.1		0.0907974
62.2		0.0907974
62.3		0.0907974
62.4		0.0907974
62.5		0.0907974
62.6		0.0907974
62.7		0.0907974
62.8		0.0907974
62.9		0.0907974
63		0.0907974
63.1		0.0928975
63.2		0.0928975
63.3		0.0928975
63.4		0.0928975
63.5		0.0928975
63.6		0.0928975
63.7		0.0928975
63.8		0.0928975
63.9		0.0928975
64		0.0928975
64.1		0.0944428
64.2		0.0944428
64.3		0.0944428
64.4		0.0944428
64.5		0.0944428
64.6		0.0944428
64.7		0.0944428
64.8		0.0944428
64.9		0.0944428
65		0.0944428
65.1		0.0970579
65.2		0.0970579
65.3		0.0970579
65.4		0.0970579
65.5		0.0970579
65.6		0.0970579
65.7		0.0970579
65.8		0.0970579
65.9		0.0970579
66		0.0970579
66.1		0.0984448
66.2		0.0984448
66.3		0.0984448
66.4		0.0984448
66.5		0.0984448
66.6		0.0984448
66.7		0.0984448
66.8		0.0984448
66.9		0.0984448
67		0.0984448
67.1		0.0997325
67.2		0.0997325
67.3		0.0997325
67.4		0.0997325
67.5		0.0997325
67.6		0.0997325
67.7		0.0997325
67.8		0.0997325
67.9		0.0997325
68		0.0997325
68.1		0.101833
68.2		0.101833
68.3		0.101833
68.4		0.101833
68.5		0.101833
68.6		0.101833
68.7		0.101833
68.8		0.101833
68.9		0.101833
69		0.101833
69.1		0.103219
69.2		0.103219
69.3		0.103219
69.4		0.103219
69.5		0.103219
69.6		0.103219
69.7		0.103219
69.8		0.103219
69.9		0.103219
70		0.103219
70.1		0.103318
70.2		0.103318
70.3		0.103318
70.4		0.103318
70.5		0.103318
70.6		0.103318
70.7		0.103318
70.8		0.103318
70.9		0.103318
71		0.103318
71.1		0.104666
71.2		0.104666
71.3		0.104666
71.4		0.104666
71.5		0.104666
71.6		0.104666
71.7		0.104666
71.8		0.104666
71.9		0.104666
72		0.104666
72.1		0.108886
72.2		0.108886
72.3		0.108886
72.4		0.108886
72.5		0.108886
72.6		0.108886
72.7		0.108886
72.8		0.108886
72.9		0.108886
73		0.108886
73.1		0.113046
73.2		0.113046
73.3		0.113046
73.4		0.113046
73.5		0.113046
73.6		0.113046
73.7		0.113046
73.8		0.113046
73.9		0.113046
74		0.113046
74.1		0.113125
74.2		0.113125
74.3		0.113125
74.4		0.113125
74.5		0.113125
74.6		0.113125
74.7		0.113125
74.8		0.113125
74.9		0.113125
75		0.113125
75.1		0.114076
75.2		0.114076
75.3		0.114076
75.4		0.114076
75.5		0.114076
75.6		0.114076
75.7		0.114076
75.8		0.114076
75.9		0.114076
76		0.114076
76.1		0.116394
76.2		0.116394
76.3		0.116394
76.4		0.116394
76.5		0.116394
76.6		0.116394
76.7		0.116394
76.8		0.116394
76.9		0.116394
77		0.116394
77.1		0.118237
77.2		0.118237
77.3		0.118237
77.4		0.118237
77.5		0.118237
77.6		0.118237
77.7		0.118237
77.8		0.118237
77.9		0.118237
78		0.118237
78.1		0.119227
78.2		0.119227
78.3		0.119227
78.4		0.119227
78.5		0.119227
78.6		0.119227
78.7		0.119227
78.8		0.119227
78.9		0.119227
79		0.119227
79.1		0.122774
79.2		0.122774
79.3		0.122774
79.4		0.122774
79.5		0.122774
79.6		0.122774
79.7		0.122774
79.8		0.122774
79.9		0.122774
80		0.122774
80.1		0.126062
80.2		0.126062
80.3		0.126062
80.4		0.126062
80.5		0.126062
80.6		0.126062
80.7		0.126062
80.8		0.126062
80.9		0.126062
81		0.126062
81.1		0.126122
81.2		0.126122
81.3		0.126122
81.4		0.126122
81.5		0.126122
81.6		0.126122
81.7		0.126122
81.8		0.126122
81.9		0.126122
82		0.126122
82.1		0.126597
82.2		0.126597
82.3		0.126597
82.4		0.126597
82.5		0.126597
82.6		0.126597
82.7		0.126597
82.8		0.126597
82.9		0.126597
83		0.126597
83.1		0.129331
83.2		0.129331
83.3		0.129331
83.4		0.129331
83.5		0.129331
83.6		0.129331
83.7		0.129331
83.8		0.129331
83.9		0.129331
84		0.129331
84.1		0.131491
84.2		0.131491
84.3		0.131491
84.4		0.131491
84.5		0.131491
84.6		0.131491
84.7		0.131491
84.8		0.131491
84.9		0.131491
85		0.131491
85.1		0.133947
85.2		0.133947
85.3		0.133947
85.4		0.133947
85.5		0.133947
85.6		0.133947
85.7		0.133947
85.8		0.133947
85.9		0.133947
86		0.133947
86.1		0.137474
86.2		0.137474
86.3		0.137474
86.4		0.137474
86.5		0.137474
86.6		0.137474
86.7		0.137474
86.8		0.137474
86.9		0.137474
87		0.137474
87.1		0.137672
87.2		0.137672
87.3		0.137672
87.4		0.137672
87.5		0.137672
87.6		0.137672
87.7		0.137672
87.8		0.137672
87.9		0.137672
88		0.137672
88.1		0.137989
88.2		0.137989
88.3		0.137989
88.4		0.137989
88.5		0.137989
88.6		0.137989
88.7		0.137989
88.8		0.137989
88.9		0.137989
89		0.137989
89.1		0.141456
89.2		0.141456
89.3		0.141456
89.4		0.141456
89.5		0.141456
89.6		0.141456
89.7		0.141456
89.8		0.141456
89.9		0.141456
90		0.141456
90.1		0.144646
90.2		0.144646
90.3		0.144646
90.4		0.144646
90.5		0.144646
90.6		0.144646
90.7		0.144646
90.8		0.144646
90.9		0.144646
91		0.144646
91.1		0.145201
91.2		0.145201
91.3		0.145201
91.4		0.145201
91.5		0.145201
91.6		0.145201
91.7		0.145201
91.8		0.145201
91.9		0.145201
92		0.145201
92.1		0.148608
92.2		0.148608
92.3		0.148608
92.4		0.148608
92.5		0.148608
92.6		0.148608
92.7		0.148608
92.8		0.148608
92.9		0.148608
93		0.148608
93.1		0.149361
93.2		0.149361
93.3		0.149361
93.4		0.149361
93.5		0.149361
93.6		0.149361
93.7		0.149361
93.8		0.149361
93.9		0.149361
94		0.149361
94.1		0.152214
94.2		0.152214
94.3		0.152214
94.4		0.152214
94.5		0.152214
94.6		0.152214
94.7		0.152214
94.8		0.152214
94.9		0.152214
95		0.152214
95.1		0.153363
95.2		0.153363
95.3		0.153363
95.4		0.153363
95.5		0.153363
95.6		0.153363
95.7		0.153363
95.8		0.153363
95.9		0.153363
96		0.153363
96.1		0.154373
96.2		0.154373
96.3		0.154373
96.4		0.154373
96.5		0.154373
96.6		0.154373
96.7		0.154373
96.8		0.154373
96.9		0.154373
97		0.154373
97.1		0.155523
97.2		0.155523
97.3		0.155523
97.4		0.155523
97.5		0.155523
97.6		0.155523
97.7		0.155523
97.8		0.155523
97.9		0.155523
98		0.155523
98.1		0.160555
98.2		0.160555
98.3		0.160555
98.4		0.160555
98.5		0.160555
98.6		0.160555
98.7		0.160555
98.8		0.160555
98.9		0.160555
99		0.160555
99.1		0.161228
99.2		0.161228
99.3		0.161228
99.4		0.161228
99.5		0.161228
99.6		0.161228
99.7		0.161228
99.8		0.161228
99.9		0.161228
100		0.161228
100.1		0.162338
100.2		0.162338
100.3		0.162338
100.4		0.162338
100.5		0.162338
100.6		0.162338
100.7		0.162338
100.8		0.162338
100.9		0.162338
101		0.162338
101.1		0.163408
101.2		0.163408
101.3		0.163408
101.4		0.163408
101.5		0.163408
101.6		0.163408
101.7		0.163408
101.8		0.163408
101.9		0.163408
102		0.163408
102.1		0.16733
102.2		0.16733
102.3		0.16733
102.4		0.16733
102.5		0.16733
102.6		0.16733
102.7		0.16733
102.8		0.16733
102.9		0.16733
103		0.16733
103.1		0.168182
103.2		0.168182
103.3		0.168182
103.4		0.168182
103.5		0.168182
103.6		0.168182
103.7		0.168182
103.8		0.168182
103.9		0.168182
104		0.168182
104.1		0.169787
104.2		0.169787
104.3		0.169787
104.4		0.169787
104.5		0.169787
104.6		0.169787
104.7		0.169787
104.8		0.169787
104.9		0.169787
105		0.169787
105.1		0.172402
105.2		0.172402
105.3		0.172402
105.4		0.172402
105.5		0.172402
105.6		0.172402
105.7		0.172402
105.8		0.172402
105.9		0.172402
106		0.172402
106.1		0.17365
106.2		0.17365
106.3		0.17365
106.4		0.17365
106.5		0.17365
106.6		0.17365
106.7		0.17365
106.8		0.17365
106.9		0.17365
107		0.17365
107.1		0.173848
107.2		0.173848
107.3		0.173848
107.4		0.173848
107.5		0.173848
107.6		0.173848
107.7		0.173848
107.8		0.173848
107.9		0.173848
108		0.173848
108.1		0.177533
108.2		0.177533
108.3		0.177533
108.4		0.177533
108.5		0.177533
108.6		0.177533
108.7		0.177533
108.8		0.177533
108.9		0.177533
109		0.177533
109.1		0.17791
109.2		0.17791
109.3		0.17791
109.4		0.17791
109.5		0.17791
109.6		0.17791
109.7		0.17791
109.8		0.17791
109.9		0.17791
110		0.17791
110.1		0.183794
110.2		0.183794
110.3		0.183794
110.4		0.183794
110.5		0.183794
110.6		0.183794
110.7		0.183794
110.8		0.183794
110.9		0.183794
111		0.183794
111.1		0.183913
111.2		0.183913
111.3		0.183913
111.4		0.183913
111.5		0.183913
111.6		0.183913
111.7		0.183913
111.8		0.183913
111.9		0.183913
112		0.183913
112.1		0.184864
112.2		0.184864
112.3		0.184864
112.4		0.184864
112.5		0.184864
112.6		0.184864
112.7		0.184864
112.8		0.184864
112.9		0.184864
113		0.184864
113.1		0.185438
113.2		0.185438
113.3		0.185438
113.4		0.185438
113.5		0.185438
113.6		0.185438
113.7		0.185438
113.8		0.185438
113.9		0.185438
114		0.185438
114.1		0.187459
114.2		0.187459
114.3		0.187459
114.4		0.187459
114.5		0.187459
114.6		0.187459
114.7		0.187459
114.8		0.187459
114.9		0.187459
115		0.187459
115.1		0.192115
115.2		0.192115
115.3		0.192115
115.4		0.192115
115.5		0.192115
115.6		0.192115
115.7		0.192115
115.8		0.192115
115.9		0.192115
116		0.192115
116.1		0.193858
116.2		0.193858
116.3		0.193858
116.4		0.193858
116.5		0.193858
116.6		0.193858
116.7		0.193858
116.8		0.193858
116.9		0.193858
117		0.193858
117.1		0.194156
117.2		0.194156
117.3		0.194156
117.4		0.194156
117.5		0.194156
117.6		0.194156
117.7		0.194156
117.8		0.194156
117.9		0.194156
118		0.194156
118.1		0.196652
118.2		0.196652
118.3		0.196652
118.4		0.196652
118.5		0.196652
118.6		0.196652
118.7		0.196652
118.8		0.196652
118.9		0.196652
119		0.196652
119.1		0.198138
119.2		0.198138
119.3		0.198138
119.4		0.198138
119.5		0.198138
119.6		0.198138
119.7		0.198138
119.8		0.198138
119.9		0.198138
120		0.198138
120.1		0.198276
120.2		0.198276
120.3		0.198276
120.4		0.198276
120.5		0.198276
120.6		0.198276
120.7		0.198276
120.8		0.198276
120.9		0.198276
121		0.198276
121.1		0.200812
121.2		0.200812
121.3		0.200812
121.4		0.200812
121.5		0.200812
121.6		0.200812
121.7		0.200812
121.8		0.200812
121.9		0.200812
122		0.200812
122.1		0.201763
122.2		0.201763
122.3		0.201763
122.4		0.201763
122.5		0.201763
122.6		0.201763
122.7		0.201763
122.8		0.201763
122.9		0.201763
123		0.201763
123.1		0.205963
123.2		0.205963
123.3		0.205963
123.4		0.205963
123.5		0.205963
123.6		0.205963
123.7		0.205963
123.8		0.205963
123.9		0.205963
124		0.205963
124.1		0.206637
124.2		0.206637
124.3		0.206637
124.4		0.206637
124.5		0.206637
124.6		0.206637
124.7		0.206637
124.8		0.206637
124.9		0.206637
125		0.206637
125.1		0.208796
125.2		0.208796
125.3		0.208796
125.4		0.208796
125.5		0.208796
125.6		0.208796
125.7		0.208796
125.8		0.208796
125.9		0.208796
126		0.208796
126.1		0.211689
126.2		0.211689
126.3		0.211689
126.4		0.211689
126.5		0.211689
126.6		0.211689
126.7		0.211689
126.8		0.211689
126.9		0.211689
127		0.211689
127.1		0.212164
127.2		0.212164
127.3		0.212164
127.4		0.212164
127.5		0.212164
127.6		0.212164
127.7		0.212164
127.8		0.212164
127.9		0.212164
128		0.212164
128.1		0.214443
128.2		0.214443
128.3		0.214443
128.4		0.214443
128.5		0.214443
128.6		0.214443
128.7		0.214443
128.8		0.214443
128.9		0.214443
129		0.214443
129.1		0.215731
129.2		0.215731
129.3		0.215731
129.4		0.215731
129.5		0.215731
129.6		0.215731
129.7		0.215731
129.8		0.215731
129.9		0.215731
130		0.215731
130.1		0.216365
130.2		0.216365
130.3		0.216365
130.4		0.216365
130.5		0.216365
130.6		0.216365
130.7		0.216365
130.8		0.216365
130.9		0.216365
131		0.216365
131.1		0.22108
131.2		0.22108
131.3		0.22108
131.4		0.22108
131.5		0.22108
131.6		0.22108
131.7		0.22108
131.8		0.22108
131.9		0.22108
132		0.22108
132.1		0.222645
132.2		0.222645
132.3		0.222645
132.4		0.222645
132.5		0.222645
132.6		0.222645
132.7		0.222645
132.8		0.222645
132.9		0.222645
133		0.222645
133.1		0.2232
133.2		0.2232
133.3		0.2232
133.4		0.2232
133.5		0.2232
133.6		0.2232
133.7		0.2232
133.8		0.2232
133.9		0.2232
134		0.2232
134.1		0.225399
134.2		0.225399
134.3		0.225399
134.4		0.225399
134.5		0.225399
134.6		0.225399
134.7		0.225399
134.8		0.225399
134.9		0.225399
135		0.225399
135.1		0.226528
135.2		0.226528
135.3		0.226528
135.4		0.226528
135.5		0.226528
135.6		0.226528
135.7		0.226528
135.8		0.226528
135.9		0.226528
136		0.226528
136.1		0.231838
136.2		0.231838
136.3		0.231838
136.4		0.231838
136.5		0.231838
136.6		0.231838
136.7		0.231838
136.8		0.231838
136.9		0.231838
137		0.231838
137.1		0.233621
137.2		0.233621
137.3		0.233621
137.4		0.233621
137.5		0.233621
137.6		0.233621
137.7		0.233621
137.8		0.233621
137.9		0.233621
138		0.233621
138.1		0.233819
138.2		0.233819
138.3		0.233819
138.4		0.233819
138.5		0.233819
138.6		0.233819
138.7		0.233819
138.8		0.233819
138.9		0.233819
139		0.233819
139.1		0.23475
139.2		0.23475
139.3		0.23475
139.4		0.23475
139.5		0.23475
139.6		0.23475
139.7		0.23475
139.8		0.23475
139.9		0.23475
140		0.23475
140.1		0.239346
140.2		0.239346
140.3		0.239346
140.4		0.239346
140.5		0.239346
140.6		0.239346
140.7		0.239346
140.8		0.239346
140.9		0.239346
141		0.239346
141.1		0.240277
141.2		0.240277
141.3		0.240277
141.4		0.240277
141.5		0.240277
141.6		0.240277
141.7		0.240277
141.8		0.240277
141.9		0.240277
142		0.240277
142.1		0.242912
142.2		0.242912
142.3		0.242912
142.4		0.242912
142.5		0.242912
142.6		0.242912
142.7		0.242912
142.8		0.242912
142.9		0.242912
143		0.242912
143.1		0.244359
143.2		0.244359
143.3		0.244359
143.4		0.244359
143.5		0.244359
143.6		0.244359
143.7		0.244359
143.8		0.244359
143.9		0.244359
144		0.244359
144.1		0.245627
144.2		0.245627
144.3		0.245627
144.4		0.245627
144.5		0.245627
144.6		0.245627
144.7		0.245627
144.8		0.245627
144.9		0.245627
145		0.245627
145.1		0.248717
145.2		0.248717
145.3		0.248717
145.4		0.248717
145.5		0.248717
145.6		0.248717
145.7		0.248717
145.8		0.248717
145.9		0.248717
146		0.248717
146.1		0.250045
146.2		0.250045
146.3		0.250045
146.4		0.250045
146.5		0.250045
146.6		0.250045
146.7		0.250045
146.8		0.250045
146.9		0.250045
147		0.250045
147.1		0.250183
147.2		0.250183
147.3		0.250183
147.4		0.250183
147.5		0.250183
147.6		0.250183
147.7		0.250183
147.8		0.250183
147.9		0.250183
148		0.250183
148.1		0.256206
148.2		0.256206
148.3		0.256206
148.4		0.256206
148.5		0.256206
148.6		0.256206
148.7		0.256206
148.8		0.256206
148.9		0.256206
149		0.256206
149.1		0.256424
149.2		0.256424
149.3		0.256424
149.4		0.256424
149.5		0.256424
149.6		0.256424
149.7		0.256424
149.8		0.256424
149.9		0.256424
150		0.256424
150.1		0.256662
150.2		0.256662
150.3		0.256662
150.4		0.256662
150.5		0.256662
150.6		0.256662
150.7		0.256662
150.8		0.256662
150.9		0.256662
151		0.256662
151.1		0.260802
151.2		0.260802
151.3		0.260802
151.4		0.260802
151.5		0.260802
151.6		0.260802
151.7		0.260802
151.8		0.260802
151.9		0.260802
152		0.260802
152.1		0.262407
152.2		0.262407
152.3		0.262407
152.4		0.262407
152.5		0.262407
152.6		0.262407
152.7		0.262407
152.8		0.262407
152.9		0.262407
153		0.262407
153.1		0.265478
153.2		0.265478
153.3		0.265478
153.4		0.265478
153.5		0.265478
153.6		0.265478
153.7		0.265478
153.8		0.265478
153.9		0.265478
154		0.265478
154.1		0.265636
154.2		0.265636
154.3		0.265636
154.4		0.265636
154.5		0.265636
154.6		0.265636
154.7		0.265636
154.8		0.265636
154.9		0.265636
155		0.265636
155.1		0.265953
155.2		0.265953
155.3		0.265953
155.4		0.265953
155.5		0.265953
155.6		0.265953
155.7		0.265953
155.8		0.265953
155.9		0.265953
156		0.265953
156.1		0.269619
156.2		0.269619
156.3		0.269619
156.4		0.269619
156.5		0.269619
156.6		0.269619
156.7		0.269619
156.8		0.269619
156.9		0.269619
157		0.269619
157.1		0.269995
157.2		0.269995
157.3		0.269995
157.4		0.269995
157.5		0.269995
157.6		0.269995
157.7		0.269995
157.8		0.269995
157.9		0.269995
158		0.269995
158.1		0.271005
158.2		0.271005
158.3		0.271005
158.4		0.271005
158.5		0.271005
158.6		0.271005
158.7		0.271005
158.8		0.271005
158.9		0.271005
159		0.271005
159.1		0.274671
159.2		0.274671
159.3		0.274671
159.4		0.274671
159.5		0.274671
159.6		0.274671
159.7		0.274671
159.8		0.274671
159.9		0.274671
160		0.274671
160.1		0.277345
160.2		0.277345
160.3		0.277345
160.4		0.277345
160.5		0.277345
160.6		0.277345
160.7		0.277345
160.8		0.277345
160.9		0.277345
161		0.277345
161.1		0.277543
161.2		0.277543
161.3		0.277543
161.4		0.277543
161.5		0.277543
161.6		0.277543
161.7		0.277543
161.8		0.277543
161.9		0.277543
162		0.277543
162.1		0.282298
162.2		0.282298
162.3		0.282298
162.4		0.282298
162.5		0.282298
162.6		0.282298
162.7		0.282298
162.8		0.282298
162.9		0.282298
163		0.282298
163.1		0.282873
163.2		0.282873
163.3		0.282873
163.4		0.282873
163.5		0.282873
163.6		0.282873
163.7		0.282873
163.8		0.282873
163.9		0.282873
164		0.282873
164.1		0.283943
164.2		0.283943
164.3		0.283943
164.4		0.283943
164.5		0.283943
164.6		0.283943
164.7		0.283943
164.8		0.283943
164.9		0.283943
165		0.283943
165.1		0.288717
165.2		0.288717
165.3		0.288717
165.4		0.288717
165.5		0.288717
165.6		0.288717
165.7		0.288717
165.8		0.288717
165.9		0.288717
166		0.288717
166.1		0.288995
166.2		0.288995
166.3		0.288995
166.4		0.288995
166.5		0.288995
166.6		0.288995
166.7		0.288995
166.8		0.288995
166.9		0.288995
167		0.288995
167.1		0.289312
167.2		0.289312
167.3		0.289312
167.4		0.289312
167.5		0.289312
167.6		0.289312
167.7		0.289312
167.8		0.289312
167.9		0.289312
168		0.289312
168.1		0.290956
168.2		0.290956
168.3		0.290956
168.4		0.290956
168.5		0.290956
168.6		0.290956
168.7		0.290956
168.8		0.290956
168.9		0.290956
169		0.290956
169.1		0.293214
169.2		0.293214
169.3		0.293214
169.4		0.293214
169.5		0.293214
169.6		0.293214
169.7		0.293214
169.8		0.293214
169.9		0.293214
170		0.293214
170.1		0.294165
170.2		0.294165
170.3		0.294165
170.4		0.294165
170.5		0.294165
170.6		0.294165
170.7		0.294165
170.8		0.294165
170.9		0.294165
171		0.294165
171.1		0.297474
171.2		0.297474
171.3		0.297474
171.4		0.297474
171.5		0.297474
171.6		0.297474
171.7		0.297474
171.8		0.297474
171.9		0.297474
172		0.297474
172.1		0.298227
172.2		0.298227
172.3		0.298227
172.4		0.298227
172.5		0.298227
172.6		0.298227
172.7		0.298227
172.8		0.298227
172.9		0.298227
173		0.298227
173.1		0.30003
173.2		0.30003
173.3		0.30003
173.4		0.30003
173.5		0.30003
173.6		0.30003
173.7		0.30003
173.8		0.30003
173.9		0.30003
174		0.30003
174.1		0.301555
174.2		0.301555
174.3		0.301555
174.4		0.301555
174.5		0.301555
174.6		0.301555
174.7		0.301555
174.8		0.301555
174.9		0.301555
175		0.301555
175.1		0.303497
175.2		0.303497
175.3		0.303497
175.4		0.303497
175.5		0.303497
175.6		0.303497
175.7		0.303497
175.8		0.303497
175.9		0.303497
176		0.303497
176.1		0.306686
176.2		0.306686
176.3		0.306686
176.4		0.306686
176.5		0.306686
176.6		0.306686
176.7		0.306686
176.8		0.306686
176.9		0.306686
177		0.306686
177.1		0.307063
177.2		0.307063
177.3		0.307063
177.4		0.307063
177.5		0.307063
177.6		0.307063
177.7		0.307063
177.8		0.307063
177.9		0.307063
178		0.307063
178.1		0.310986
178.2		0.310986
178.3		0.310986
178.4		0.310986
178.5		0.310986
178.6		0.310986
178.7		0.310986
178.8		0.310986
178.9		0.310986
179		0.310986
179.1		0.311382
179.2		0.311382
179.3		0.311382
179.4		0.311382
179.5		0.311382
179.6		0.311382
179.7		0.311382
179.8		0.311382
179.9		0.311382
180		0.311382
180.1		0.31267
180.2		0.31267
180.3		0.31267
180.4		0.31267
180.5		0.31267
180.6		0.31267
180.7		0.31267
180.8		0.31267
180.9		0.31267
181		0.31267
181.1		0.316256
181.2		0.316256
181.3		0.316256
181.4		0.316256
181.5		0.316256
181.6		0.316256
181.7		0.316256
181.8		0.316256
181.9		0.316256
182		0.316256
182.1		0.318653
182.2		0.318653
182.3		0.318653
182.4		0.318653
182.5		0.318653
182.6		0.318653
182.7		0.318653
182.8		0.318653
182.9		0.318653
183		0.318653
183.1		0.320634
183.2		0.320634
183.3		0.320634
183.4		0.320634
183.5		0.320634
183.6		0.320634
183.7		0.320634
183.8		0.320634
183.9		0.320634
184		0.320634
184.1		0.320812
184.2		0.320812
184.3		0.320812
184.4		0.320812
184.5		0.320812
184.6		0.320812
184.7		0.320812
184.8		0.320812
184.9		0.320812
185		0.320812
185.1		0.321367
185.2		0.321367
185.3		0.321367
185.4		0.321367
185.5		0.321367
185.6		0.321367
185.7		0.321367
185.8		0.321367
185.9		0.321367
186		0.321367
186.1		0.323903
186.2		0.323903
186.3		0.323903
186.4		0.323903
186.5		0.323903
186.6		0.323903
186.7		0.323903
186.8		0.323903
186.9		0.323903
187		0.323903
187.1		0.328598
187.2		0.328598
187.3		0.328598
187.4		0.328598
187.5		0.328598
187.6		0.328598
187.7		0.328598
187.8		0.328598
187.9		0.328598
188		0.328598
188.1		0.332085
188.2		0.332085
188.3		0.332085
188.4		0.332085
188.5		0.332085
188.6		0.332085
188.7		0.332085
188.8		0.332085
188.9		0.332085
189		0.332085
189.1		0.332145
189.2		0.332145
189.3		0.332145
189.4		0.332145
189.5		0.332145
189.6		0.332145
189.7		0.332145
189.8		0.332145
189.9		0.332145
190		0.332145
190.1		0.332382
190.2		0.332382
190.3		0.332382
190.4		0.332382
190.5		0.332382
190.6		0.332382
190.7		0.332382
190.8		0.332382
190.9		0.332382
191		0.332382
191.1		0.333848
191.2		0.333848
191.3		0.333848
191.4		0.333848
191.5		0.333848
191.6		0.333848
191.7		0.333848
191.8		0.333848
191.9		0.333848
192		0.333848
192.1		0.337712
192.2		0.337712
192.3		0.337712
192.4		0.337712
192.5		0.337712
192.6		0.337712
192.7		0.337712
192.8		0.337712
192.9		0.337712
193		0.337712
193.1		0.340406
193.2		0.340406
193.3		0.340406
193.4		0.340406
193.5		0.340406
193.6		0.340406
193.7		0.340406
193.8		0.340406
193.9		0.340406
194		0.340406
194.1		0.342486
194.2		0.342486
194.3		0.342486
194.4		0.342486
194.5		0.342486
194.6		0.342486
194.7		0.342486
194.8		0.342486
194.9		0.342486
195		0.342486
195.1		0.343616
195.2		0.343616
195.3		0.343616
195.4		0.343616
195.5		0.343616
195.6		0.343616
195.7		0.343616
195.8		0.343616
195.9		0.343616
196		0.343616
196.1		0.346845
196.2		0.346845
196.3		0.346845
196.4		0.346845
196.5		0.346845
196.6		0.346845
196.7		0.346845
196.8		0.346845
196.9		0.346845
197		0.346845
197.1		0.346944
197.2		0.346944
197.3		0.346944
197.4		0.346944
197.5		0.346944
197.6		0.346944
197.7		0.346944
197.8		0.346944
197.9		0.346944
198		0.346944
198.1		0.347202
198.2		0.347202
198.3		0.347202
198.4		0.347202
198.5		0.347202
198.6		0.347202
198.7		0.347202
198.8		0.347202
198.9		0.347202
199		0.347202
199.1		0.351838
199.2		0.351838
199.3		0.351838
199.4		0.351838
199.5		0.351838
199.6		0.351838
199.7		0.351838
199.8		0.351838
199.9		0.351838
200		0.351838
200.1		0.35364
200.2		0.35364
200.3		0.35364
200.4		0.35364
200.5		0.35364
200.6		0.35364
200.7		0.35364
200.8		0.35364
200.9		0.35364
201		0.35364
201.1		0.356751
201.2		0.356751
201.3		0.356751
201.4		0.356751
201.5		0.356751
201.6		0.356751
201.7		0.356751
201.8		0.356751
201.9		0.356751
202		0.356751
202.1		0.357028
202.2		0.357028
202.3		0.357028
202.4		0.357028
202.5		0.357028
202.6		0.357028
202.7		0.357028
202.8		0.357028
202.9		0.357028
203		0.357028
203.1		0.357226
203.2		0.357226
203.3		0.357226
203.4		0.357226
203.5		0.357226
203.6		0.357226
203.7		0.357226
203.8		0.357226
203.9		0.357226
204		0.357226
204.1		0.361664
204.2		0.361664
204.3		0.361664
204.4		0.361664
204.5		0.361664
204.6		0.361664
204.7		0.361664
204.8		0.361664
204.9		0.361664
205		0.361664
205.1		0.364002
205.2		0.364002
205.3		0.364002
205.4		0.364002
205.5		0.364002
205.6		0.364002
205.7		0.364002
205.8		0.364002
205.9		0.364002
206		0.364002
206.1		0.364458
206.2		0.364458
206.3		0.364458
206.4		0.364458
206.5		0.364458
206.6		0.364458
206.7		0.364458
206.8		0.364458
206.9		0.364458
207		0.364458
207.1		0.366082
207.2		0.366082
207.3		0.366082
207.4		0.366082
207.5		0.366082
207.6		0.366082
207.7		0.366082
207.8		0.366082
207.9		0.366082
208		0.366082
208.1		0.367093
208.2		0.367093
208.3		0.367093
208.4		0.367093
208.5		0.367093
208.6		0.367093
208.7		0.367093
208.8		0.367093
208.9		0.367093
209		0.367093
209.1		0.369906
209.2		0.369906
209.3		0.369906
209.4		0.369906
209.5		0.369906
209.6		0.369906
209.7		0.369906
209.8		0.369906
209.9		0.369906
210		0.369906
210.1		0.371808
210.2		0.371808
210.3		0.371808
210.4		0.371808
210.5		0.371808
210.6		0.371808
210.7		0.371808
210.8		0.371808
210.9		0.371808
211		0.371808
211.1		0.372798
211.2		0.372798
211.3		0.372798
211.4		0.372798
211.5		0.372798
211.6		0.372798
211.7		0.372798
211.8		0.372798
211.9		0.372798
212		0.372798
212.1		0.376781
212.2		0.376781
212.3		0.376781
212.4		0.376781
212.5		0.376781
212.6		0.376781
212.7		0.376781
212.8		0.376781
212.9		0.376781
213		0.376781
213.1		0.377672
213.2		0.377672
213.3		0.377672
213.4		0.377672
213.5		0.377672
213.6		0.377672
213.7		0.377672
213.8		0.377672
213.9		0.377672
214		0.377672
214.1		0.380386
214.2		0.380386
214.3		0.380386
214.4		0.380386
214.5		0.380386
214.6		0.380386
214.7		0.380386
214.8		0.380386
214.9		0.380386
215		0.380386
215.1		0.380485
215.2		0.380485
215.3		0.380485
215.4		0.380485
215.5		0.380485
215.6		0.380485
215.7		0.380485
215.8		0.380485
215.9		0.380485
216		0.380485
216.1		0.383893
216.2		0.383893
216.3		0.383893
216.4		0.383893
216.5		0.383893
216.6		0.383893
216.7		0.383893
216.8		0.383893
216.9		0.383893
217		0.383893
217.1		0.385934
217.2		0.385934
217.3		0.385934
217.4		0.385934
217.5		0.385934
217.6		0.385934
217.7		0.385934
217.8		0.385934
217.9		0.385934
218		0.385934
218.1		0.387637
218.2		0.387637
218.3		0.387637
218.4		0.387637
218.5		0.387637
218.6		0.387637
218.7		0.387637
218.8		0.387637
218.9		0.387637
219		0.387637
219.1		0.389995
219.2		0.389995
219.3		0.389995
219.4		0.389995
219.5		0.389995
219.6		0.389995
219.7		0.389995
219.8		0.389995
219.9		0.389995
220		0.389995
220.1		0.392036
220.2		0.392036
220.3		0.392036
220.4		0.392036
220.5		0.392036
220.6		0.392036
220.7		0.392036
220.8		0.392036
220.9		0.392036
221		0.392036
221.1		0.393739
221.2		0.393739
221.3		0.393739
221.4		0.393739
221.5		0.393739
221.6		0.393739
221.7		0.393739
221.8		0.393739
221.9		0.393739
222		0.393739
222.1		0.394908
222.2		0.394908
222.3		0.394908
222.4		0.394908
222.5		0.394908
222.6		0.394908
222.7		0.394908
222.8		0.394908
222.9		0.394908
223		0.394908
223.1		0.396157
223.2		0.396157
223.3		0.396157
223.4		0.396157
223.5		0.396157
223.6		0.396157
223.7		0.396157
223.8		0.396157
223.9		0.396157
224		0.396157
224.1		0.398039
224.2		0.398039
224.3		0.398039
224.4		0.398039
224.5		0.398039
224.6		0.398039
224.7		0.398039
224.8		0.398039
224.9		0.398039
225		0.398039
225.1		0.400079
225.2		0.400079
225.3		0.400079
225.4		0.400079
225.5		0.400079
225.6		0.400079
225.7		0.400079
225.8		0.400079
225.9		0.400079
226		0.400079
226.1		0.405329
226.2		0.405329
226.3		0.405329
226.4		0.405329
226.5		0.405329
226.6		0.405329
226.7		0.405329
226.8		0.405329
226.9		0.405329
227		0.405329
227.1		0.405805
227.2		0.405805
227.3		0.405805
227.4		0.405805
227.5		0.405805
227.6		0.405805
227.7		0.405805
227.8		0.405805
227.9		0.405805
228		0.405805
228.1		0.405963
228.2		0.405963
228.3		0.405963
228.4		0.405963
228.5		0.405963
228.6		0.405963
228.7		0.405963
228.8		0.405963
228.9		0.405963
229		0.405963
229.1		0.408598
229.2		0.408598
229.3		0.408598
229.4		0.408598
229.5		0.408598
229.6		0.408598
229.7		0.408598
229.8		0.408598
229.9		0.408598
230		0.408598
230.1		0.411114
230.2		0.411114
230.3		0.411114
230.4		0.411114
230.5		0.411114
230.6		0.411114
230.7		0.411114
230.8		0.411114
230.9		0.411114
231		0.411114
231.1		0.413373
231.2		0.413373
231.3		0.413373
231.4		0.413373
231.5		0.413373
231.6		0.413373
231.7		0.413373
231.8		0.413373
231.9		0.413373
232		0.413373
232.1		0.415929
232.2		0.415929
232.3		0.415929
232.4		0.415929
232.5		0.415929
232.6		0.415929
232.7		0.415929
232.8		0.415929
232.9		0.415929
233		0.415929
233.1		0.416226
233.2		0.416226
233.3		0.416226
233.4		0.416226
233.5		0.416226
233.6		0.416226
233.7		0.416226
233.8		0.416226
233.9		0.416226
234		0.416226
234.1		0.418841
234.2		0.418841
234.3		0.418841
234.4		0.418841
234.5		0.418841
234.6		0.418841
234.7		0.418841
234.8		0.418841
234.9		0.418841
235		0.418841
235.1		0.419336
235.2		0.419336
235.3		0.419336
235.4		0.419336
235.5		0.419336
235.6		0.419336
235.7		0.419336
235.8		0.419336
235.9		0.419336
236		0.419336
236.1		0.421337
236.2		0.421337
236.3		0.421337
236.4		0.421337
236.5		0.421337
236.6		0.421337
236.7		0.421337
236.8		0.421337
236.9		0.421337
237		0.421337
237.1		0.422605
237.2		0.422605
237.3		0.422605
237.4		0.422605
237.5		0.422605
237.6		0.422605
237.7		0.422605
237.8		0.422605
237.9		0.422605
238		0.422605
238.1		0.42734
238.2		0.42734
238.3		0.42734
238.4		0.42734
238.5		0.42734
238.6		0.42734
238.7		0.42734
238.8		0.42734
238.9		0.42734
239		0.42734
239.1		0.430154
239.2		0.430154
239.3		0.430154
239.4		0.430154
239.5		0.430154
239.6		0.430154
239.7		0.430154
239.8		0.430154
239.9		0.430154
240		0.430154
240.1		0.430371
240.2		0.430371
240.3		0.430371
240.4		0.430371
240.5		0.430371
240.6		0.430371
240.7		0.430371
240.8		0.430371
240.9		0.430371
241		0.430371
241.1		0.430589
241.2		0.430589
241.3		0.430589
241.4		0.430589
241.5		0.430589
241.6		0.430589
241.7		0.430589
241.8		0.430589
241.9		0.430589
242		0.430589
242.1		0.434948
242.2		0.434948
242.3		0.434948
242.4		0.434948
242.5		0.434948
242.6		0.434948
242.7		0.434948
242.8		0.434948
242.9		0.434948
243		0.434948
243.1		0.435146
243.2		0.435146
243.3		0.435146
243.4		0.435146
243.5		0.435146
243.6		0.435146
243.7		0.435146
243.8		0.435146
243.9		0.435146
244		0.435146
244.1		0.435206
244.2		0.435206
244.3		0.435206
244.4		0.435206
244.5		0.435206
244.6		0.435206
244.7		0.435206
244.8		0.435206
244.9		0.435206
245		0.435206
245.1		0.44101
245.2		0.44101
245.3		0.44101
245.4		0.44101
245.5		0.44101
245.6		0.44101
245.7		0.44101
245.8		0.44101
245.9		0.44101
246		0.44101
246.1		0.441882
246.2		0.441882
246.3		0.441882
246.4		0.441882
246.5		0.441882
246.6		0.441882
246.7		0.441882
246.8		0.441882
246.9		0.441882
247		0.441882
247.1		0.442635
247.2		0.442635
247.3		0.442635
247.4		0.442635
247.5		0.442635
247.6		0.442635
247.7		0.442635
247.8		0.442635
247.9		0.442635
248		0.442635
248.1		0.444993
248.2		0.444993
248.3		0.444993
248.4		0.444993
248.5		0.444993
248.6		0.444993
248.7		0.444993
248.8		0.444993
248.9		0.444993
249		0.444993
249.1		0.446994
249.2		0.446994
249.3		0.446994
249.4		0.446994
249.5		0.446994
249.6		0.446994
249.7		0.446994
249.8		0.446994
249.9		0.446994
250		0.446994
250.1		0.447509
250.2		0.447509
250.3		0.447509
250.4		0.447509
250.5		0.447509
250.6		0.447509
250.7		0.447509
250.8		0.447509
250.9		0.447509
251		0.447509
251.1		0.452125
251.2		0.452125
251.3		0.452125
251.4		0.452125
251.5		0.452125
251.6		0.452125
251.7		0.452125
251.8		0.452125
251.9		0.452125
252		0.452125
252.1		0.452937
252.2		0.452937
252.3		0.452937
252.4		0.452937
252.5		0.452937
252.6		0.452937
252.7		0.452937
252.8		0.452937
252.9		0.452937
253		0.452937
253.1		0.453512
253.2		0.453512
253.3		0.453512
253.4		0.453512
253.5		0.453512
253.6		0.453512
253.7		0.453512
253.8		0.453512
253.9		0.453512
254		0.453512
254.1		0.455572
254.2		0.455572
254.3		0.455572
254.4		0.455572
254.5		0.455572
254.6		0.455572
254.7		0.455572
254.8		0.455572
254.9		0.455572
255		0.455572
255.1		0.458623
255.2		0.458623
255.3		0.458623
255.4		0.458623
255.5		0.458623
255.6		0.458623
255.7		0.458623
255.8		0.458623
255.9		0.458623
256		0.458623
256.1		0.461317
256.2		0.461317
256.3		0.461317
256.4		0.461317
256.5		0.461317
256.6		0.461317
256.7		0.461317
256.8		0.461317
256.9		0.461317
257		0.461317
257.1		0.463418
257.2		0.463418
257.3		0.463418
257.4		0.463418
257.5		0.463418
257.6		0.463418
257.7		0.463418
257.8		0.463418
257.9		0.463418
258		0.463418
258.1		0.465002
258.2		0.465002
258.3		0.465002
258.4		0.465002
258.5		0.465002
258.6		0.465002
258.7		0.465002
258.8		0.465002
258.9		0.465002
259		0.465002
259.1		0.465201
259.2		0.465201
259.3		0.465201
259.4		0.465201
259.5		0.465201
259.6		0.465201
259.7		0.465201
259.8		0.465201
259.9		0.465201
260		0.465201
260.1		0.469064
260.2		0.469064
260.3		0.469064
260.4		0.469064
260.5		0.469064
260.6		0.469064
260.7		0.469064
260.8		0.469064
260.9		0.469064
261		0.469064
261.1		0.469995
261.2		0.469995
261.3		0.469995
261.4		0.469995
261.5		0.469995
261.6		0.469995
261.7		0.469995
261.8		0.469995
261.9		0.469995
262		0.469995
262.1		0.471738
262.2		0.471738
262.3		0.471738
262.4		0.471738
262.5		0.471738
262.6		0.471738
262.7		0.471738
262.8		0.471738
262.9		0.471738
263		0.471738
263.1		0.473997
263.2		0.473997
263.3		0.473997
263.4		0.473997
263.5		0.473997
263.6		0.473997
263.7		0.473997
263.8		0.473997
263.9		0.473997
264		0.473997
264.1		0.479643
264.2		0.479643
264.3		0.479643
264.4		0.479643
264.5		0.479643
264.6		0.479643
264.7		0.479643
264.8		0.479643
264.9		0.479643
265		0.479643
265.1		0.480693
265.2		0.480693
265.3		0.480693
265.4		0.480693
265.5		0.480693
265.6		0.480693
265.7		0.480693
265.8		0.480693
265.9		0.480693
266		0.480693
266.1		0.48105
266.2		0.48105
266.3		0.48105
266.4		0.48105
266.5		0.48105
266.6		0.48105
266.7		0.48105
266.8		0.48105
266.9		0.48105
267		0.48105
267.1		0.481446
267.2		0.481446
267.3		0.481446
267.4		0.481446
267.5		0.481446
267.6		0.481446
267.7		0.481446
267.8		0.481446
267.9		0.481446
268		0.481446
268.1		0.487053
268.2		0.487053
268.3		0.487053
268.4		0.487053
268.5		0.487053
268.6		0.487053
268.7		0.487053
268.8		0.487053
268.9		0.487053
269		0.487053
269.1		0.488004
269.2		0.488004
269.3		0.488004
269.4		0.488004
269.5		0.488004
269.6		0.488004
269.7		0.488004
269.8		0.488004
269.9		0.488004
270		0.488004
270.1		0.488559
270.2		0.488559
270.3		0.488559
270.4		0.488559
270.5		0.488559
270.6		0.488559
270.7		0.488559
270.8		0.488559
270.9		0.488559
271		0.488559
271.1		0.49056
271.2		0.49056
271.3		0.49056
271.4		0.49056
271.5		0.49056
271.6		0.49056
271.7		0.49056
271.8		0.49056
271.9		0.49056
272		0.49056
272.1		0.4947
272.2		0.4947
272.3		0.4947
272.4		0.4947
272.5		0.4947
272.6		0.4947
272.7		0.4947
272.8		0.4947
272.9		0.4947
273		0.4947
273.1		0.496246
273.2		0.496246
273.3		0.496246
273.4		0.496246
273.5		0.496246
273.6		0.496246
273.7		0.496246
273.8		0.496246
273.9		0.496246
274		0.496246
274.1		0.496444
274.2		0.496444
274.3		0.496444
274.4		0.496444
274.5		0.496444
274.6		0.496444
274.7		0.496444
274.8		0.496444
274.9		0.496444
275		0.496444
275.1		0.497216
275.2		0.497216
275.3		0.497216
275.4		0.497216
275.5		0.497216
275.6		0.497216
275.7		0.497216
275.8		0.497216
275.9		0.497216
276		0.497216
276.1		0.499217
276.2		0.499217
276.3		0.499217
276.4		0.499217
276.5		0.499217
276.6		0.499217
276.7		0.499217
276.8		0.499217
276.9		0.499217
277		0.499217
277.1		0.503358
277.2		0.503358
277.3		0.503358
277.4		0.503358
277.5		0.503358
277.6		0.503358
277.7		0.503358
277.8		0.503358
277.9		0.503358
278		0.503358
278.1		0.505062
278.2		0.505062
278.3		0.505062
278.4		0.505062
278.5		0.505062
278.6		0.505062
278.7		0.505062
278.8		0.505062
278.9		0.505062
279		0.505062
279.1		0.505201
279.2		0.505201
279.3		0.505201
279.4		0.505201
279.5		0.505201
279.6		0.505201
279.7		0.505201
279.8		0.505201
279.9		0.505201
280		0.505201
280.1		0.506568
280.2		0.506568
280.3		0.506568
280.4		0.506568
280.5		0.506568
280.6		0.506568
280.7		0.506568
280.8		0.506568
280.9		0.506568
281		0.506568
281.1		0.508093
281.2		0.508093
281.3		0.508093
281.4		0.508093
281.5		0.508093
281.6		0.508093
281.7		0.508093
281.8		0.508093
281.9		0.508093
282		0.508093
282.1		0.513997
282.2		0.513997
282.3		0.513997
282.4		0.513997
282.5		0.513997
282.6		0.513997
282.7		0.513997
282.8		0.513997
282.9		0.513997
283		0.513997
283.1		0.515126
283.2		0.515126
283.3		0.515126
283.4		0.515126
283.5		0.515126
283.6		0.515126
283.7		0.515126
283.8		0.515126
283.9		0.515126
284		0.515126
284.1		0.517226
284.2		0.517226
284.3		0.517226
284.4		0.517226
284.5		0.517226
284.6		0.517226
284.7		0.517226
284.8		0.517226
284.9		0.517226
285		0.517226
285.1		0.520713
285.2		0.520713
285.3		0.520713
285.4		0.520713
285.5		0.520713
285.6		0.520713
285.7		0.520713
285.8		0.520713
285.9		0.520713
286		0.520713
286.1		0.522952
286.2		0.522952
286.3		0.522952
286.4		0.522952
286.5		0.522952
286.6		0.522952
286.7		0.522952
286.8		0.522952
286.9		0.522952
287		0.522952
287.1		0.525369
287.2		0.525369
287.3		0.525369
287.4		0.525369
287.5		0.525369
287.6		0.525369
287.7		0.525369
287.8		0.525369
287.9		0.525369
288		0.525369
288.1		0.528202
288.2		0.528202
288.3		0.528202
288.4		0.528202
288.5		0.528202
288.6		0.528202
288.7		0.528202
288.8		0.528202
288.9		0.528202
289		0.528202
289.1		0.529331
289.2		0.529331
289.3		0.529331
289.4		0.529331
289.5		0.529331
289.6		0.529331
289.7		0.529331
289.8		0.529331
289.9		0.529331
290		0.529331
290.1		0.532719
290.2		0.532719
290.3		0.532719
290.4		0.532719
290.5		0.532719
290.6		0.532719
290.7		0.532719
290.8		0.532719
290.9		0.532719
291		0.532719
291.1		0.535988
291.2		0.535988
291.3		0.535988
291.4		0.535988
291.5		0.535988
291.6		0.535988
291.7		0.535988
291.8		0.535988
291.9		0.535988
292		0.535988
292.1		0.535988
292.2		0.535988
292.3		0.535988
292.4		0.535988
292.5		0.535988
292.6		0.535988
292.7		0.535988
292.8		0.535988
292.9		0.535988
293		0.535988
293.1		0.537494
293.2		0.537494
293.3		0.537494
293.4		0.537494
293.5		0.537494
293.6		0.537494
293.7		0.537494
293.8		0.537494
293.9		0.537494
294		0.537494
294.1		0.537652
294.2		0.537652
294.3		0.537652
294.4		0.537652
294.5		0.537652
294.6		0.537652
294.7		0.537652
294.8		0.537652
294.9		0.537652
295		0.537652
295.1		0.539891
295.2		0.539891
295.3		0.539891
295.4		0.539891
295.5		0.539891
295.6		0.539891
295.7		0.539891
295.8		0.539891
295.9		0.539891
296		0.539891
296.1		0.545478
296.2		0.545478
296.3		0.545478
296.4		0.545478
296.5		0.545478
296.6		0.545478
296.7		0.545478
296.8		0.545478
296.9		0.545478
297		0.545478
297.1		0.547043
297.2		0.547043
297.3		0.547043
297.4		0.547043
297.5		0.547043
297.6		0.547043
297.7		0.547043
297.8		0.547043
297.9		0.547043
298		0.547043
298.1		0.547935
298.2		0.547935
298.3		0.547935
298.4		0.547935
298.5		0.547935
298.6		0.547935
298.7		0.547935
298.8		0.547935
298.9		0.547935
299		0.547935
299.1		0.553442
299.2		0.553442
299.3		0.553442
299.4		0.553442
299.5		0.553442
299.6		0.553442
299.7		0.553442
299.8		0.553442
299.9		0.553442
300		0.553442
300.1		0.555087
300.2		0.555087
300.3		0.555087
300.4		0.555087
300.5		0.555087
300.6		0.555087
300.7		0.555087
300.8		0.555087
300.9		0.555087
301		0.555087
301.1		0.556315
301.2		0.556315
301.3		0.556315
301.4		0.556315
301.5		0.556315
301.6		0.556315
301.7		0.556315
301.8		0.556315
301.9		0.556315
302		0.556315
302.1		0.560099
302.2		0.560099
302.3		0.560099
302.4		0.560099
302.5		0.560099
302.6		0.560099
302.7		0.560099
302.8		0.560099
302.9		0.560099
303		0.560099
303.1		0.561783
303.2		0.561783
303.3		0.561783
303.4		0.561783
303.5		0.561783
303.6		0.561783
303.7		0.561783
303.8		0.561783
303.9		0.561783
304		0.561783
304.1		0.563328
304.2		0.563328
304.3		0.563328
304.4		0.563328
304.5		0.563328
304.6		0.563328
304.7		0.563328
304.8		0.563328
304.9		0.563328
305		0.563328
305.1		0.564081
305.2		0.564081
305.3		0.564081
305.4		0.564081
305.5		0.564081
305.6		0.564081
305.7		0.564081
305.8		0.564081
305.9		0.564081
306		0.564081
306.1		0.569549
306.2		0.569549
306.3		0.569549
306.4		0.569549
306.5		0.569549
306.6		0.569549
306.7		0.569549
306.8		0.569549
306.9		0.569549
307		0.569549
307.1		0.570282
307.2		0.570282
307.3		0.570282
307.4		0.570282
307.5		0.570282
307.6		0.570282
307.7		0.570282
307.8		0.570282
307.9		0.570282
308		0.570282
308.1		0.571689
308.2		0.571689
308.3		0.571689
308.4		0.571689
308.5		0.571689
308.6		0.571689
308.7		0.571689
308.8		0.571689
308.9		0.571689
309		0.571689
309.1		0.571808
309.2		0.571808
309.3		0.571808
309.4		0.571808
309.5		0.571808
309.6		0.571808
309.7		0.571808
309.8		0.571808
309.9		0.571808
310		0.571808
310.1		0.577197
310.2		0.577197
310.3		0.577197
310.4		0.577197
310.5		0.577197
310.6		0.577197
310.7		0.577197
310.8		0.577197
310.9		0.577197
311		0.577197
311.1		0.578861
311.2		0.578861
311.3		0.578861
311.4		0.578861
311.5		0.578861
311.6		0.578861
311.7		0.578861
311.8		0.578861
311.9		0.578861
312		0.578861
312.1		0.580446
312.2		0.580446
312.3		0.580446
312.4		0.580446
312.5		0.580446
312.6		0.580446
312.7		0.580446
312.8		0.580446
312.9		0.580446
313		0.580446
313.1		0.580703
313.2		0.580703
313.3		0.580703
313.4		0.580703
313.5		0.580703
313.6		0.580703
313.7		0.580703
313.8		0.580703
313.9		0.580703
314		0.580703
314.1		0.585022
314.2		0.585022
314.3		0.585022
314.4		0.585022
314.5		0.585022
314.6		0.585022
314.7		0.585022
314.8		0.585022
314.9		0.585022
315		0.585022
315.1		0.585953
315.2		0.585953
315.3		0.585953
315.4		0.585953
315.5		0.585953
315.6		0.585953
315.7		0.585953
315.8		0.585953
315.9		0.585953
316		0.585953
316.1		0.589104
316.2		0.589104
316.3		0.589104
316.4		0.589104
316.5		0.589104
316.6		0.589104
316.7		0.589104
316.8		0.589104
316.9		0.589104
317		0.589104
317.1		0.589678
317.2		0.589678
317.3		0.589678
317.4		0.589678
317.5		0.589678
317.6		0.589678
317.7		0.589678
317.8		0.589678
317.9		0.589678
318		0.589678
318.1		0.591085
318.2		0.591085
318.3		0.591085
318.4		0.591085
318.5		0.591085
318.6		0.591085
318.7		0.591085
318.8		0.591085
318.9		0.591085
319		0.591085
319.1		0.594096
319.2		0.594096
319.3		0.594096
319.4		0.594096
319.5		0.594096
319.6		0.594096
319.7		0.594096
319.8		0.594096
319.9		0.594096
320		0.594096
320.1		0.594215
320.2		0.594215
320.3		0.594215
320.4		0.594215
320.5		0.594215
320.6		0.594215
320.7		0.594215
320.8		0.594215
320.9		0.594215
321		0.594215
321.1		0.597583
321.2		0.597583
321.3		0.597583
321.4		0.597583
321.5		0.597583
321.6		0.597583
321.7		0.597583
321.8		0.597583
321.9		0.597583
322		0.597583
322.1		0.598078
322.2		0.598078
322.3		0.598078
322.4		0.598078
322.5		0.598078
322.6		0.598078
322.7		0.598078
322.8		0.598078
322.9		0.598078
323		0.598078
323.1		0.599128
323.2		0.599128
323.3		0.599128
323.4		0.599128
323.5		0.599128
323.6		0.599128
323.7		0.599128
323.8		0.599128
323.9		0.599128
324		0.599128
324.1		0.60321
324.2		0.60321
324.3		0.60321
324.4		0.60321
324.5		0.60321
324.6		0.60321
324.7		0.60321
324.8		0.60321
324.9		0.60321
325		0.60321
325.1		0.605131
325.2		0.605131
325.3		0.605131
325.4		0.605131
325.5		0.605131
325.6		0.605131
325.7		0.605131
325.8		0.605131
325.9		0.605131
326		0.605131
326.1		0.605428
326.2		0.605428
326.3		0.605428
326.4		0.605428
326.5		0.605428
326.6		0.605428
326.7		0.605428
326.8		0.605428
326.9		0.605428
327		0.605428
327.1		0.60733
327.2		0.60733
327.3		0.60733
327.4		0.60733
327.5		0.60733
327.6		0.60733
327.7		0.60733
327.8		0.60733
327.9		0.60733
328		0.60733
328.1		0.60945
328.2		0.60945
328.3		0.60945
328.4		0.60945
328.5		0.60945
328.6		0.60945
328.7		0.60945
328.8		0.60945
328.9		0.60945
329		0.60945
329.1		0.613214
329.2		0.613214
329.3		0.613214
329.4		0.613214
329.5		0.613214
329.6		0.613214
329.7		0.613214
329.8		0.613214
329.9		0.613214
330		0.613214
330.1		0.613571
330.2		0.613571
330.3		0.613571
330.4		0.613571
330.5		0.613571
330.6		0.613571
330.7		0.613571
330.8		0.613571
330.9		0.613571
331		0.613571
331.1		0.613947
331.2		0.613947
331.3		0.613947
331.4		0.613947
331.5		0.613947
331.6		0.613947
331.7		0.613947
331.8		0.613947
331.9		0.613947
332		0.613947
332.1		0.618286
332.2		0.618286
332.3		0.618286
332.4		0.618286
332.5		0.618286
332.6		0.618286
332.7		0.618286
332.8		0.618286
332.9		0.618286
333		0.618286
333.1		0.618326
333.2		0.618326
333.3		0.618326
333.4		0.618326
333.5		0.618326
333.6		0.618326
333.7		0.618326
333.8		0.618326
333.9		0.618326
334		0.618326
334.1		0.620446
334.2		0.620446
334.3		0.620446
334.4		0.620446
334.5		0.620446
334.6		0.620446
334.7		0.620446
334.8		0.620446
334.9		0.620446
335		0.620446
335.1		0.623259
335.2		0.623259
335.3		0.623259
335.4		0.623259
335.5		0.623259
335.6		0.623259
335.7		0.623259
335.8		0.623259
335.9		0.623259
336		0.623259
336.1		0.625736
336.2		0.625736
336.3		0.625736
336.4		0.625736
336.5		0.625736
336.6		0.625736
336.7		0.625736
336.8		0.625736
336.9		0.625736
337		0.625736
337.1		0.629321
337.2		0.629321
337.3		0.629321
337.4		0.629321
337.5		0.629321
337.6		0.629321
337.7		0.629321
337.8		0.629321
337.9		0.629321
338		0.629321
338.1		0.629539
338.2		0.629539
338.3		0.629539
338.4		0.629539
338.5		0.629539
338.6		0.629539
338.7		0.629539
338.8		0.629539
338.9		0.629539
339		0.629539
339.1		0.636592
339.2		0.636592
339.3		0.636592
339.4		0.636592
339.5		0.636592
339.6		0.636592
339.7		0.636592
339.8		0.636592
339.9		0.636592
340		0.636592
340.1		0.637306
340.2		0.637306
340.3		0.637306
340.4		0.637306
340.5		0.637306
340.6		0.637306
340.7		0.637306
340.8		0.637306
340.9		0.637306
341		0.637306
341.1		0.642199
341.2		0.642199
341.3		0.642199
341.4		0.642199
341.5		0.642199
341.6		0.642199
341.7		0.642199
341.8		0.642199
341.9		0.642199
342		0.642199
342.1		0.643051
342.2		0.643051
342.3		0.643051
342.4		0.643051
342.5		0.643051
342.6		0.643051
342.7		0.643051
342.8		0.643051
342.9		0.643051
343		0.643051
343.1		0.643962
343.2		0.643962
343.3		0.643962
343.4		0.643962
343.5		0.643962
343.6		0.643962
343.7		0.643962
343.8		0.643962
343.9		0.643962
344		0.643962
344.1		0.644775
344.2		0.644775
344.3		0.644775
344.4		0.644775
344.5		0.644775
344.6		0.644775
344.7		0.644775
344.8		0.644775
344.9		0.644775
345		0.644775
345.1		0.646974
345.2		0.646974
345.3		0.646974
345.4		0.646974
345.5		0.646974
345.6		0.646974
345.7		0.646974
345.8		0.646974
345.9		0.646974
346		0.646974
346.1		0.651451
346.2		0.651451
346.3		0.651451
346.4		0.651451
346.5		0.651451
346.6		0.651451
346.7		0.651451
346.8		0.651451
346.9		0.651451
347		0.651451
347.1		0.651669
347.2		0.651669
347.3		0.651669
347.4		0.651669
347.5		0.651669
347.6		0.651669
347.7		0.651669
347.8		0.651669
347.9		0.651669
348		0.651669
348.1		0.651669
348.2		0.651669
348.3		0.651669
348.4		0.651669
348.5		0.651669
348.6		0.651669
348.7		0.651669
348.8		0.651669
348.9		0.651669
349		0.651669
349.1		0.653452
349.2		0.653452
349.3		0.653452
349.4		0.653452
349.5		0.653452
349.6		0.653452
349.7		0.653452
349.8		0.653452
349.9		0.653452
350		0.653452
350.1		0.654522
350.2		0.654522
350.3		0.654522
350.4		0.654522
350.5		0.654522
350.6		0.654522
350.7		0.654522
350.8		0.654522
350.9		0.654522
351		0.654522
351.1		0.656107
351.2		0.656107
351.3		0.656107
351.4		0.656107
351.5		0.656107
351.6		0.656107
351.7		0.656107
351.8		0.656107
351.9		0.656107
352		0.656107
352.1		0.661179
352.2		0.661179
352.3		0.661179
352.4		0.661179
352.5		0.661179
352.6		0.661179
352.7		0.661179
352.8		0.661179
352.9		0.661179
353		0.661179
353.1		0.66318
353.2		0.66318
353.3		0.66318
353.4		0.66318
353.5		0.66318
353.6		0.66318
353.7		0.66318
353.8		0.66318
353.9		0.66318
354		0.66318
354.1		0.664111
354.2		0.664111
354.3		0.664111
354.4		0.664111
354.5		0.664111
354.6		0.664111
354.7		0.664111
354.8		0.664111
354.9		0.664111
355		0.664111
355.1		0.669856
355.2		0.669856
355.3		0.669856
355.4		0.669856
355.5		0.669856
355.6		0.669856
355.7		0.669856
355.8		0.669856
355.9		0.669856
356		0.669856
356.1		0.671501
356.2		0.671501
356.3		0.671501
356.4		0.671501
356.5		0.671501
356.6		0.671501
356.7		0.671501
356.8		0.671501
356.9		0.671501
357		0.671501
357.1		0.672472
357.2		0.672472
357.3		0.672472
357.4		0.672472
357.5		0.672472
357.6		0.672472
357.7		0.672472
357.8		0.672472
357.9		0.672472
358		0.672472
358.1		0.675087
358.2		0.675087
358.3		0.675087
358.4		0.675087
358.5		0.675087
358.6		0.675087
358.7		0.675087
358.8		0.675087
358.9		0.675087
359		0.675087
359.1		0.679366
359.2		0.679366
359.3		0.679366
359.4		0.679366
359.5		0.679366
359.6		0.679366
359.7		0.679366
359.8		0.679366
359.9		0.679366
360		0.679366
360.1		0.68004
360.2		0.68004
360.3		0.68004
360.4		0.68004
360.5		0.68004
360.6		0.68004
360.7		0.68004
360.8		0.68004
360.9		0.68004
361		0.68004
361.1		0.682932
361.2		0.682932
361.3		0.682932
361.4		0.682932
361.5		0.682932
361.6		0.682932
361.7		0.682932
361.8		0.682932
361.9		0.682932
362		0.682932
362.1		0.683645
362.2		0.683645
362.3		0.683645
362.4		0.683645
362.5		0.683645
362.6		0.683645
362.7		0.683645
362.8		0.683645
362.9		0.683645
363		0.683645
363.1		0.684775
363.2		0.684775
363.3		0.684775
363.4		0.684775
363.5		0.684775
363.6		0.684775
363.7		0.684775
363.8		0.684775
363.9		0.684775
364		0.684775
364.1		0.687925
364.2		0.687925
364.3		0.687925
364.4		0.687925
364.5		0.687925
364.6		0.687925
364.7		0.687925
364.8		0.687925
364.9		0.687925
365		0.687925
365.1		0.689648
365.2		0.689648
365.3		0.689648
365.4		0.689648
365.5		0.689648
365.6		0.689648
365.7		0.689648
365.8		0.689648
365.9		0.689648
366		0.689648
366.1		0.690045
366.2		0.690045
366.3		0.690045
366.4		0.690045
366.5		0.690045
366.6		0.690045
366.7		0.690045
366.8		0.690045
366.9		0.690045
367		0.690045
367.1		0.691748
367.2		0.691748
367.3		0.691748
367.4		0.691748
367.5		0.691748
367.6		0.691748
367.7		0.691748
367.8		0.691748
367.9		0.691748
368		0.691748
368.1		0.697791
368.2		0.697791
368.3		0.697791
368.4		0.697791
368.5		0.697791
368.6		0.697791
368.7		0.697791
368.8		0.697791
368.9		0.697791
369		0.697791
369.1		0.6989
369.2		0.6989
369.3		0.6989
369.4		0.6989
369.5		0.6989
369.6		0.6989
369.7		0.6989
369.8		0.6989
369.9		0.6989
370		0.6989
370.1		0.699039
370.2		0.699039
370.3		0.699039
370.4		0.699039
370.5		0.699039
370.6		0.699039
370.7		0.699039
370.8		0.699039
370.9		0.699039
371		0.699039
371.1		0.699178
371.2		0.699178
371.3		0.699178
371.4		0.699178
371.5		0.699178
371.6		0.699178
371.7		0.699178
371.8		0.699178
371.9		0.699178
372		0.699178
372.1		0.70421
372.2		0.70421
372.3		0.70421
372.4		0.70421
372.5		0.70421
372.6		0.70421
372.7		0.70421
372.8		0.70421
372.9		0.70421
373		0.70421
373.1		0.704666
373.2		0.704666
373.3		0.704666
373.4		0.704666
373.5		0.704666
373.6		0.704666
373.7		0.704666
373.8		0.704666
373.9		0.704666
374		0.704666
374.1		0.707023
374.2		0.707023
374.3		0.707023
374.4		0.707023
374.5		0.707023
374.6		0.707023
374.7		0.707023
374.8		0.707023
374.9		0.707023
375		0.707023
375.1		0.709856
375.2		0.709856
375.3		0.709856
375.4		0.709856
375.5		0.709856
375.6		0.709856
375.7		0.709856
375.8		0.709856
375.9		0.709856
376		0.709856
376.1		0.711441
376.2		0.711441
376.3		0.711441
376.4		0.711441
376.5		0.711441
376.6		0.711441
376.7		0.711441
376.8		0.711441
376.9		0.711441
377		0.711441
377.1		0.712491
377.2		0.712491
377.3		0.712491
377.4		0.712491
377.5		0.712491
377.6		0.712491
377.7		0.712491
377.8		0.712491
377.9		0.712491
378		0.712491
378.1		0.715027
378.2		0.715027
378.3		0.715027
378.4		0.715027
378.5		0.715027
378.6		0.715027
378.7		0.715027
378.8		0.715027
378.9		0.715027
379		0.715027
379.1		0.715939
379.2		0.715939
379.3		0.715939
379.4		0.715939
379.5		0.715939
379.6		0.715939
379.7		0.715939
379.8		0.715939
379.9		0.715939
380		0.715939
380.1		0.717167
380.2		0.717167
380.3		0.717167
380.4		0.717167
380.5		0.717167
380.6		0.717167
380.7		0.717167
380.8		0.717167
380.9		0.717167
381		0.717167
381.1		0.721862
381.2		0.721862
381.3		0.721862
381.4		0.721862
381.5		0.721862
381.6		0.721862
381.7		0.721862
381.8		0.721862
381.9		0.721862
382		0.721862
382.1		0.72206
382.2		0.72206
382.3		0.72206
382.4		0.72206
382.5		0.72206
382.6		0.72206
382.7		0.72206
382.8		0.72206
382.9		0.72206
383		0.72206
383.1		0.72315
383.2		0.72315
383.3		0.72315
383.4		0.72315
383.5		0.72315
383.6		0.72315
383.7		0.72315
383.8		0.72315
383.9		0.72315
384		0.72315
384.1		0.7242
384.2		0.7242
384.3		0.7242
384.4		0.7242
384.5		0.7242
384.6		0.7242
384.7		0.7242
384.8		0.7242
384.9		0.7242
385		0.7242
385.1		0.728737
385.2		0.728737
385.3		0.728737
385.4		0.728737
385.5		0.728737
385.6		0.728737
385.7		0.728737
385.8		0.728737
385.9		0.728737
386		0.728737
386.1		0.730461
386.2		0.730461
386.3		0.730461
386.4		0.730461
386.5		0.730461
386.6		0.730461
386.7		0.730461
386.8		0.730461
386.9		0.730461
387		0.730461
387.1		0.734522
387.2		0.734522
387.3		0.734522
387.4		0.734522
387.5		0.734522
387.6		0.734522
387.7		0.734522
387.8		0.734522
387.9		0.734522
388		0.734522
388.1		0.735037
388.2		0.735037
388.3		0.735037
388.4		0.735037
388.5		0.735037
388.6		0.735037
388.7		0.735037
388.8		0.735037
388.9		0.735037
389		0.735037
389.1		0.735196
389.2		0.735196
389.3		0.735196
389.4		0.735196
389.5		0.735196
389.6		0.735196
389.7		0.735196
389.8		0.735196
389.9		0.735196
390		0.735196
390.1		0.739594
390.2		0.739594
390.3		0.739594
390.4		0.739594
390.5		0.739594
390.6		0.739594
390.7		0.739594
390.8		0.739594
390.9		0.739594
391		0.739594
391.1		0.739871
391.2		0.739871
391.3		0.739871
391.4		0.739871
391.5		0.739871
391.6		0.739871
391.7		0.739871
391.8		0.739871
391.9		0.739871
392		0.739871
392.1		0.74005
392.2		0.74005
392.3		0.74005
392.4		0.74005
392.5		0.74005
392.6		0.74005
392.7		0.74005
392.8		0.74005
392.9		0.74005
393		0.74005
393.1		0.743497
393.2		0.743497
393.3		0.743497
393.4		0.743497
393.5		0.743497
393.6		0.743497
393.7		0.743497
393.8		0.743497
393.9		0.743497
394		0.743497
394.1		0.747855
394.2		0.747855
394.3		0.747855
394.4		0.747855
394.5		0.747855
394.6		0.747855
394.7		0.747855
394.8		0.747855
394.9		0.747855
395		0.747855
395.1		0.748172
395.2		0.748172
395.3		0.748172
395.4		0.748172
395.5		0.748172
395.6		0.748172
395.7		0.748172
395.8		0.748172
395.9		0.748172
396		0.748172
396.1		0.749004
396.2		0.749004
396.3		0.749004
396.4		0.749004
396.5		0.749004
396.6		0.749004
396.7		0.749004
396.8		0.749004
396.9		0.749004
397		0.749004
397.1		0.749599
397.2		0.749599
397.3		0.749599
397.4		0.749599
397.5		0.749599
397.6		0.749599
397.7		0.749599
397.8		0.749599
397.9		0.749599
398		0.749599
398.1		0.754433
398.2		0.754433
398.3		0.754433
398.4		0.754433
398.5		0.754433
398.6		0.754433
398.7		0.754433
398.8		0.754433
398.9		0.754433
399		0.754433
399.1		0.754789
399.2		0.754789
399.3		0.754789
399.4		0.754789
399.5		0.754789
399.6		0.754789
399.7		0.754789
399.8		0.754789
399.9		0.754789
400		0.754789
400.1		0.758098
400.2		0.758098
400.3		0.758098
400.4		0.758098
400.5		0.758098
400.6		0.758098
400.7		0.758098
400.8		0.758098
400.9		0.758098
401		0.758098
401.1		0.758554
401.2		0.758554
401.3		0.758554
401.4		0.758554
401.5		0.758554
401.6		0.758554
401.7		0.758554
401.8		0.758554
401.9		0.758554
402		0.758554
402.1		0.763764
402.2		0.763764
402.3		0.763764
402.4		0.763764
402.5		0.763764
402.6		0.763764
402.7		0.763764
402.8		0.763764
402.9		0.763764
403		0.763764
403.1		0.764042
403.2		0.764042
403.3		0.764042
403.4		0.764042
403.5		0.764042
403.6		0.764042
403.7		0.764042
403.8		0.764042
403.9		0.764042
404		0.764042
404.1		0.764398
404.2		0.764398
404.3		0.764398
404.4		0.764398
404.5		0.764398
404.6		0.764398
404.7		0.764398
404.8		0.764398
404.9		0.764398
405		0.764398
405.1		0.764814
405.2		0.764814
405.3		0.764814
405.4		0.764814
405.5		0.764814
405.6		0.764814
405.7		0.764814
405.8		0.764814
405.9		0.764814
406		0.764814
406.1		0.76945
406.2		0.76945
406.3		0.76945
406.4		0.76945
406.5		0.76945
406.6		0.76945
406.7		0.76945
406.8		0.76945
406.9		0.76945
407		0.76945
407.1		0.772363
407.2		0.772363
407.3		0.772363
407.4		0.772363
407.5		0.772363
407.6		0.772363
407.7		0.772363
407.8		0.772363
407.9		0.772363
408		0.772363
408.1		0.77262
408.2		0.77262
408.3		0.77262
408.4		0.77262
408.5		0.77262
408.6		0.77262
408.7		0.77262
408.8		0.77262
408.9		0.77262
409		0.77262
409.1		0.773274
409.2		0.773274
409.3		0.773274
409.4		0.773274
409.5		0.773274
409.6		0.773274
409.7		0.773274
409.8		0.773274
409.9		0.773274
410		0.773274
410.1		0.776781
410.2		0.776781
410.3		0.776781
410.4		0.776781
410.5		0.776781
410.6		0.776781
410.7		0.776781
410.8		0.776781
410.9		0.776781
411		0.776781
411.1		0.778306
411.2		0.778306
411.3		0.778306
411.4		0.778306
411.5		0.778306
411.6		0.778306
411.7		0.778306
411.8		0.778306
411.9		0.778306
412		0.778306
412.1		0.779812
412.2		0.779812
412.3		0.779812
412.4		0.779812
412.5		0.779812
412.6		0.779812
412.7		0.779812
412.8		0.779812
412.9		0.779812
413		0.779812
413.1		0.782288
413.2		0.782288
413.3		0.782288
413.4		0.782288
413.5		0.782288
413.6		0.782288
413.7		0.782288
413.8		0.782288
413.9		0.782288
414		0.782288
414.1		0.782447
414.2		0.782447
414.3		0.782447
414.4		0.782447
414.5		0.782447
414.6		0.782447
414.7		0.782447
414.8		0.782447
414.9		0.782447
415		0.782447
415.1		0.788212
415.2		0.788212
415.3		0.788212
415.4		0.788212
415.5		0.788212
415.6		0.788212
415.7		0.788212
415.8		0.788212
415.9		0.788212
416		0.788212
416.1		0.788608
416.2		0.788608
416.3		0.788608
416.4		0.788608
416.5		0.788608
416.6		0.788608
416.7		0.788608
416.8		0.788608
416.9		0.788608
417		0.788608
417.1		0.790332
417.2		0.790332
417.3		0.790332
417.4		0.790332
417.5		0.790332
417.6		0.790332
417.7		0.790332
417.8		0.790332
417.9		0.790332
418		0.790332
418.1		0.791956
418.2		0.791956
418.3		0.791956
418.4		0.791956
418.5		0.791956
418.6		0.791956
418.7		0.791956
418.8		0.791956
418.9		0.791956
419		0.791956
419.1		0.792769
419.2		0.792769
419.3		0.792769
419.4		0.792769
419.5		0.792769
419.6		0.792769
419.7		0.792769
419.8		0.792769
419.9		0.792769
420		0.792769
420.1		0.79683
420.2		0.79683
420.3		0.79683
420.4		0.79683
420.5		0.79683
420.6		0.79683
420.7		0.79683
420.8		0.79683
420.9		0.79683
421		0.79683
421.1		0.796989
421.2		0.796989
421.3		0.796989
421.4		0.796989
421.5		0.796989
421.6		0.796989
421.7		0.796989
421.8		0.796989
421.9		0.796989
422		0.796989
422.1		0.797444
422.2		0.797444
422.3		0.797444
422.4		0.797444
422.5		0.797444
422.6		0.797444
422.7		0.797444
422.8		0.797444
422.9		0.797444
423		0.797444
423.1		0.80105
423.2		0.80105
423.3		0.80105
423.4		0.80105
423.5		0.80105
423.6		0.80105
423.7		0.80105
423.8		0.80105
423.9		0.80105
424		0.80105
424.1		0.803962
424.2		0.803962
424.3		0.803962
424.4		0.803962
424.5		0.803962
424.6		0.803962
424.7		0.803962
424.8		0.803962
424.9		0.803962
425		0.803962
425.1		0.805131
425.2		0.805131
425.3		0.805131
425.4		0.805131
425.5		0.805131
425.6		0.805131
425.7		0.805131
425.8		0.805131
425.9		0.805131
426		0.805131
426.1		0.806498
426.2		0.806498
426.3		0.806498
426.4		0.806498
426.5		0.806498
426.6		0.806498
426.7		0.806498
426.8		0.806498
426.9		0.806498
427		0.806498
427.1		0.806795
427.2		0.806795
427.3		0.806795
427.4		0.806795
427.5		0.806795
427.6		0.806795
427.7		0.806795
427.8		0.806795
427.9		0.806795
428		0.806795
428.1		0.810045
428.2		0.810045
428.3		0.810045
428.4		0.810045
428.5		0.810045
428.6		0.810045
428.7		0.810045
428.8		0.810045
428.9		0.810045
429		0.810045
429.1		0.810797
429.2		0.810797
429.3		0.810797
429.4		0.810797
429.5		0.810797
429.6		0.810797
429.7		0.810797
429.8		0.810797
429.9		0.810797
430		0.810797
430.1		0.812323
430.2		0.812323
430.3		0.812323
430.4		0.812323
430.5		0.812323
430.6		0.812323
430.7		0.812323
430.8		0.812323
430.9		0.812323
431		0.812323
431.1		0.814819
431.2		0.814819
431.3		0.814819
431.4		0.814819
431.5		0.814819
431.6		0.814819
431.7		0.814819
431.8		0.814819
431.9		0.814819
432		0.814819
432.1		0.816563
432.2		0.816563
432.3		0.816563
432.4		0.816563
432.5		0.816563
432.6		0.816563
432.7		0.816563
432.8		0.816563
432.9		0.816563
433		0.816563
433.1		0.819198
433.2		0.819198
433.3		0.819198
433.4		0.819198
433.5		0.819198
433.6		0.819198
433.7		0.819198
433.8		0.819198
433.9		0.819198
434		0.819198
434.1		0.820684
434.2		0.820684
434.3		0.820684
434.4		0.820684
434.5		0.820684
434.6		0.820684
434.7		0.820684
434.8		0.820684
434.9		0.820684
435		0.820684
435.1		0.82215
435.2		0.82215
435.3		0.82215
435.4		0.82215
435.5		0.82215
435.6		0.82215
435.7		0.82215
435.8		0.82215
435.9		0.82215
436		0.82215
436.1		0.824468
436.2		0.824468
436.3		0.824468
436.4		0.824468
436.5		0.824468
436.6		0.824468
436.7		0.824468
436.8		0.824468
436.9		0.824468
437		0.824468
437.1		0.825557
437.2		0.825557
437.3		0.825557
437.4		0.825557
437.5		0.825557
437.6		0.825557
437.7		0.825557
437.8		0.825557
437.9		0.825557
438		0.825557
438.1		0.829916
438.2		0.829916
438.3		0.829916
438.4		0.829916
438.5		0.829916
438.6		0.829916
438.7		0.829916
438.8		0.829916
438.9		0.829916
439		0.829916
439.1		0.831085
439.2		0.831085
439.3		0.831085
439.4		0.831085
439.5		0.831085
439.6		0.831085
439.7		0.831085
439.8		0.831085
439.9		0.831085
440		0.831085
440.1		0.832947
440.2		0.832947
440.3		0.832947
440.4		0.832947
440.5		0.832947
440.6		0.832947
440.7		0.832947
440.8		0.832947
440.9		0.832947
441		0.832947
441.1		0.834156
441.2		0.834156
441.3		0.834156
441.4		0.834156
441.5		0.834156
441.6		0.834156
441.7		0.834156
441.8		0.834156
441.9		0.834156
442		0.834156
442.1		0.836434
442.2		0.836434
442.3		0.836434
442.4		0.836434
442.5		0.836434
442.6		0.836434
442.7		0.836434
442.8		0.836434
442.9		0.836434
443		0.836434
443.1		0.83689
443.2		0.83689
443.3		0.83689
443.4		0.83689
443.5		0.83689
443.6		0.83689
443.7		0.83689
443.8		0.83689
443.9		0.83689
444		0.83689
444.1		0.838791
444.2		0.838791
444.3		0.838791
444.4		0.838791
444.5		0.838791
444.6		0.838791
444.7		0.838791
444.8		0.838791
444.9		0.838791
445		0.838791
445.1		0.844577
445.2		0.844577
445.3		0.844577
445.4		0.844577
445.5		0.844577
445.6		0.844577
445.7		0.844577
445.8		0.844577
445.9		0.844577
446		0.844577
446.1		0.846518
446.2		0.846518
446.3		0.846518
446.4		0.846518
446.5		0.846518
446.6		0.846518
446.7		0.846518
446.8		0.846518
446.9		0.846518
447		0.846518
447.1		0.846835
447.2		0.846835
447.3		0.846835
447.4		0.846835
447.5		0.846835
447.6		0.846835
447.7		0.846835
447.8		0.846835
447.9		0.846835
448		0.846835
448.1		0.847112
448.2		0.847112
448.3		0.847112
448.4		0.847112
448.5		0.847112
448.6		0.847112
448.7		0.847112
448.8		0.847112
448.9		0.847112
449		0.847112
449.1		0.848579
449.2		0.848579
449.3		0.848579
449.4		0.848579
449.5		0.848579
449.6		0.848579
449.7		0.848579
449.8		0.848579
449.9		0.848579
450		0.848579
450.1		0.853096
450.2		0.853096
450.3		0.853096
450.4		0.853096
450.5		0.853096
450.6		0.853096
450.7		0.853096
450.8		0.853096
450.9		0.853096
451		0.853096
451.1		0.854581
451.2		0.854581
451.3		0.854581
451.4		0.854581
451.5		0.854581
451.6		0.854581
451.7		0.854581
451.8		0.854581
451.9		0.854581
452		0.854581
452.1		0.855315
452.2		0.855315
452.3		0.855315
452.4		0.855315
452.5		0.855315
452.6		0.855315
452.7		0.855315
452.8		0.855315
452.9		0.855315
453		0.855315
453.1		0.857335
453.2		0.857335
453.3		0.857335
453.4		0.857335
453.5		0.857335
453.6		0.857335
453.7		0.857335
453.8		0.857335
453.9		0.857335
454		0.857335
454.1		0.859099
454.2		0.859099
454.3		0.859099
454.4		0.859099
454.5		0.859099
454.6		0.859099
454.7		0.859099
454.8		0.859099
454.9		0.859099
455		0.859099
455.1		0.860882
455.2		0.860882
455.3		0.860882
455.4		0.860882
455.5		0.860882
455.6		0.860882
455.7		0.860882
455.8		0.860882
455.9		0.860882
456		0.860882
456.1		0.863616
456.2		0.863616
456.3		0.863616
456.4		0.863616
456.5		0.863616
456.6		0.863616
456.7		0.863616
456.8		0.863616
456.9		0.863616
457		0.863616
457.1		0.864091
457.2		0.864091
457.3		0.864091
457.4		0.864091
457.5		0.864091
457.6		0.864091
457.7		0.864091
457.8		0.864091
457.9		0.864091
458		0.864091
458.1		0.867895
458.2		0.867895
458.3		0.867895
458.4		0.867895
458.5		0.867895
458.6		0.867895
458.7		0.867895
458.8		0.867895
458.9		0.867895
459		0.867895
459.1		0.868648
459.2		0.868648
459.3		0.868648
459.4		0.868648
459.5		0.868648
459.6		0.868648
459.7		0.868648
459.8		0.868648
459.9		0.868648
460		0.868648
460.1		0.869064
460.2		0.869064
460.3		0.869064
460.4		0.869064
460.5		0.869064
460.6		0.869064
460.7		0.869064
460.8		0.869064
460.9		0.869064
461		0.869064
461.1		0.871421
461.2		0.871421
461.3		0.871421
461.4		0.871421
461.5		0.871421
461.6		0.871421
461.7		0.871421
461.8		0.871421
461.9		0.871421
462		0.871421
462.1		0.876157
462.2		0.876157
462.3		0.876157
462.4		0.876157
462.5		0.876157
462.6		0.876157
462.7		0.876157
462.8		0.876157
462.9		0.876157
463		0.876157
463.1		0.876493
463.2		0.876493
463.3		0.876493
463.4		0.876493
463.5		0.876493
463.6		0.876493
463.7		0.876493
463.8		0.876493
463.9		0.876493
464		0.876493
464.1		0.877563
464.2		0.877563
464.3		0.877563
464.4		0.877563
464.5		0.877563
464.6		0.877563
464.7		0.877563
464.8		0.877563
464.9		0.877563
465		0.877563
465.1		0.878772
465.2		0.878772
465.3		0.878772
465.4		0.878772
465.5		0.878772
465.6		0.878772
465.7		0.878772
465.8		0.878772
465.9		0.878772
466		0.878772
466.1		0.884002
466.2		0.884002
466.3		0.884002
466.4		0.884002
466.5		0.884002
466.6		0.884002
466.7		0.884002
466.8		0.884002
466.9		0.884002
467		0.884002
467.1		0.885151
467.2		0.885151
467.3		0.885151
467.4		0.885151
467.5		0.885151
467.6		0.885151
467.7		0.885151
467.8		0.885151
467.9		0.885151
468		0.885151
468.1		0.887093
468.2		0.887093
468.3		0.887093
468.4		0.887093
468.5		0.887093
468.6		0.887093
468.7		0.887093
468.8		0.887093
468.9		0.887093
469		0.887093
469.1		0.887925
469.2		0.887925
469.3		0.887925
469.4		0.887925
469.5		0.887925
469.6		0.887925
469.7		0.887925
469.8		0.887925
469.9		0.887925
470		0.887925
470.1		0.889985
470.2		0.889985
470.3		0.889985
470.4		0.889985
470.5		0.889985
470.6		0.889985
470.7		0.889985
470.8		0.889985
470.9		0.889985
471		0.889985
471.1		0.893432
471.2		0.893432
471.3		0.893432
471.4		0.893432
471.5		0.893432
471.6		0.893432
471.7		0.893432
471.8		0.893432
471.9		0.893432
472		0.893432
472.1		0.894304
472.2		0.894304
472.3		0.894304
472.4		0.894304
472.5		0.894304
472.6		0.894304
472.7		0.894304
472.8		0.894304
472.9		0.894304
473		0.894304
473.1		0.894443
473.2		0.894443
473.3		0.894443
473.4		0.894443
473.5		0.894443
473.6		0.894443
473.7		0.894443
473.8		0.894443
473.9		0.894443
474		0.894443
474.1		0.897692
474.2		0.897692
474.3		0.897692
474.4		0.897692
474.5		0.897692
474.6		0.897692
474.7		0.897692
474.8		0.897692
474.9		0.897692
475		0.897692
475.1		0.90102
475.2		0.90102
475.3		0.90102
475.4		0.90102
475.5		0.90102
475.6		0.90102
475.7		0.90102
475.8		0.90102
475.9		0.90102
476		0.90102
476.1		0.901496
476.2		0.901496
476.3		0.901496
476.4		0.901496
476.5		0.901496
476.6		0.901496
476.7		0.901496
476.8		0.901496
476.9		0.901496
477		0.901496
477.1		0.901912
477.2		0.901912
477.3		0.901912
477.4		0.901912
477.5		0.901912
477.6		0.901912
477.7		0.901912
477.8		0.901912
477.9		0.901912
478		0.901912
478.1		0.905636
478.2		0.905636
478.3		0.905636
478.4		0.905636
478.5		0.905636
478.6		0.905636
478.7		0.905636
478.8		0.905636
478.9		0.905636
479		0.905636
479.1		0.908153
479.2		0.908153
479.3		0.908153
479.4		0.908153
479.5		0.908153
479.6		0.908153
479.7		0.908153
479.8		0.908153
479.9		0.908153
480		0.908153
480.1		0.909995
480.2		0.909995
480.3		0.909995
480.4		0.909995
480.5		0.909995
480.6		0.909995
480.7		0.909995
480.8		0.909995
480.9		0.909995
481		0.909995
481.1		0.911144
481.2		0.911144
481.3		0.911144
481.4		0.911144
481.5		0.911144
481.6		0.911144
481.7		0.911144
481.8		0.911144
481.9		0.911144
482		0.911144
482.1		0.911521
482.2		0.911521
482.3		0.911521
482.4		0.911521
482.5		0.911521
482.6		0.911521
482.7		0.911521
482.8		0.911521
482.9		0.911521
483		0.911521
483.1		0.911877
483.2		0.911877
483.3		0.911877
483.4		0.911877
483.5		0.911877
483.6		0.911877
483.7		0.911877
483.8		0.911877
483.9		0.911877
484		0.911877
484.1		0.918415
484.2		0.918415
484.3		0.918415
484.4		0.918415
484.5		0.918415
484.6		0.918415
484.7		0.918415
484.8		0.918415
484.9		0.918415
485		0.918415
485.1		0.918673
485.2		0.918673
485.3		0.918673
485.4		0.918673
485.5		0.918673
485.6		0.918673
485.7		0.918673
485.8		0.918673
485.9		0.918673
486		0.918673
486.1		0.919128
486.2		0.919128
486.3		0.919128
486.4		0.919128
486.5		0.919128
486.6		0.919128
486.7		0.919128
486.8		0.919128
486.9		0.919128
487		0.919128
487.1		0.91996
487.2		0.91996
487.3		0.91996
487.4		0.91996
487.5		0.91996
487.6		0.91996
487.7		0.91996
487.8		0.91996
487.9		0.91996
488		0.91996
488.1		0.925983
488.2		0.925983
488.3		0.925983
488.4		0.925983
488.5		0.925983
488.6		0.925983
488.7		0.925983
488.8		0.925983
488.9		0.925983
489		0.925983
489.1		0.927093
489.2		0.927093
489.3		0.927093
489.4		0.927093
489.5		0.927093
489.6		0.927093
489.7		0.927093
489.8		0.927093
489.9		0.927093
490		0.927093
490.1		0.928915
490.2		0.928915
490.3		0.928915
490.4		0.928915
490.5		0.928915
490.6		0.928915
490.7		0.928915
490.8		0.928915
490.9		0.928915
491		0.928915
491.1		0.929807
491.2		0.929807
491.3		0.929807
491.4		0.929807
491.5		0.929807
491.6		0.929807
491.7		0.929807
491.8		0.929807
491.9		0.929807
492		0.929807
492.1		0.93258
492.2		0.93258
492.3		0.93258
492.4		0.93258
492.5		0.93258
492.6		0.93258
492.7		0.93258
492.8		0.93258
492.9		0.93258
493		0.93258
493.1		0.933274
493.2		0.933274
493.3		0.933274
493.4		0.933274
493.5		0.933274
493.6		0.933274
493.7		0.933274
493.8		0.933274
493.9		0.933274
494		0.933274
494.1		0.935711
494.2		0.935711
494.3		0.935711
494.4		0.935711
494.5		0.935711
494.6		0.935711
494.7		0.935711
494.8		0.935711
494.9		0.935711
495		0.935711
495.1		0.938326
495.2		0.938326
495.3		0.938326
495.4		0.938326
495.5		0.938326
495.6		0.938326
495.7		0.938326
495.8		0.938326
495.9		0.938326
496		0.938326
496.1		0.942368
496.2		0.942368
496.3		0.942368
496.4		0.942368
496.5		0.942368
496.6		0.942368
496.7		0.942368
496.8		0.942368
496.9		0.942368
497		0.942368
497.1		0.944507
497.2		0.944507
497.3		0.944507
497.4		0.944507
497.5		0.944507
497.6		0.944507
497.7		0.944507
497.8		0.944507
497.9		0.944507
498		0.944507
498.1		0.94528
498.2		0.94528
498.3		0.94528
498.4		0.94528
498.5		0.94528
498.6		0.94528
498.7		0.94528
498.8		0.94528
498.9		0.94528
499		0.94528
499.1		0.945458
499.2		0.945458
499.3		0.945458
499.4		0.945458
499.5		0.945458
499.6		0.945458
499.7		0.945458
499.8		0.945458
499.9		0.945458
500		0.945458
500.1		0.949163
500.2		0.949163
500.3		0.949163
500.4		0.949163
500.5		0.949163
500.6		0.949163
500.7		0.949163
500.8		0.949163
500.9		0.949163
501		0.949163
501.1		0.951996
501.2		0.951996
501.3		0.951996
501.4		0.951996
501.5		0.951996
501.6		0.951996
501.7		0.951996
501.8		0.951996
501.9		0.951996
502		0.951996
502.1		0.952174
502.2		0.952174
502.3		0.952174
502.4		0.952174
502.5		0.952174
502.6		0.952174
502.7		0.952174
502.8		0.952174
502.9		0.952174
503		0.952174
503.1		0.956196
503.2		0.956196
503.3		0.956196
503.4		0.956196
503.5		0.956196
503.6		0.956196
503.7		0.956196
503.8		0.956196
503.9		0.956196
504		0.956196
504.1		0.956751
504.2		0.956751
504.3		0.956751
504.4		0.956751
504.5		0.956751
504.6		0.956751
504.7		0.956751
504.8		0.956751
504.9		0.956751
505		0.956751
505.1		0.959366
505.2		0.959366
505.3		0.959366
505.4		0.959366
505.5		0.959366
505.6		0.959366
505.7		0.959366
505.8		0.959366
505.9		0.959366
506		0.959366
506.1		0.960376
506.2		0.960376
506.3		0.960376
506.4		0.960376
506.5		0.960376
506.6		0.960376
506.7		0.960376
506.8		0.960376
506.9		0.960376
507		0.960376
507.1		0.962021
507.2		0.962021
507.3		0.962021
507.4		0.962021
507.5		0.962021
507.6		0.962021
507.7		0.962021
507.8		0.962021
507.9		0.962021
508		0.962021
508.1		0.963744
508.2		0.963744
508.3		0.963744
508.4		0.963744
508.5		0.963744
508.6		0.963744
508.7		0.963744
508.8		0.963744
508.9		0.963744
509		0.963744
509.1		0.966439
509.2		0.966439
509.3		0.966439
509.4		0.966439
509.5		0.966439
509.6		0.966439
509.7		0.966439
509.8		0.966439
509.9		0.966439
510		0.966439
510.1		0.968539
510.2		0.968539
510.3		0.968539
510.4		0.968539
510.5		0.968539
510.6		0.968539
510.7		0.968539
510.8		0.968539
510.9		0.968539
511		0.968539
511.1		0.969153
511.2		0.969153
511.3		0.969153
511.4		0.969153
511.5		0.969153
511.6		0.969153
511.7		0.969153
511.8		0.969153
511.9		0.969153
512		0.969153
512.1		0.969292
512.2		0.969292
512.3		0.969292
512.4		0.969292
512.5		0.969292
512.6		0.969292
512.7		0.969292
512.8		0.969292
512.9		0.969292
513		0.969292
513.1		0.975057
513.2		0.975057
513.3		0.975057
513.4		0.975057
513.5		0.975057
513.6		0.975057
513.7		0.975057
513.8		0.975057
513.9		0.975057
514		0.975057
514.1		0.975255
514.2		0.975255
514.3		0.975255
514.4		0.975255
514.5		0.975255
514.6		0.975255
514.7		0.975255
514.8		0.975255
514.9		0.975255
515		0.975255
515.1		0.977256
515.2		0.977256
515.3		0.977256
515.4		0.977256
515.5		0.977256
515.6		0.977256
515.7		0.977256
515.8		0.977256
515.9		0.977256
516		0.977256
516.1		0.9789
516.2		0.9789
516.3		0.9789
516.4		0.9789
516.5		0.9789
516.6		0.9789
516.7		0.9789
516.8		0.9789
516.9		0.9789
517		0.9789
517.1		0.979713
517.2		0.979713
517.3		0.979713
517.4		0.979713
517.5		0.979713
517.6		0.979713
517.7		0.979713
517.8		0.979713
517.9		0.979713
518		0.979713
518.1		0.984309
518.2		0.984309
518.3		0.984309
518.4		0.984309
518.5		0.984309
518.6		0.984309
518.7		0.984309
518.8		0.984309
518.9		0.984309
519		0.984309
519.1		0.984507
519.2		0.984507
519.3		0.984507
519.4		0.984507
519.5		0.984507
519.6		0.984507
519.7		0.984507
519.8		0.984507
519.9		0.984507
520		0.984507
520.1		0.984824
520.2		0.984824
520.3		0.984824
520.4		0.984824
520.5		0.984824
520.6		0.984824
520.7		0.984824
520.8		0.984824
520.9		0.984824
521		0.984824
521.1		0.988093
521.2		0.988093
521.3		0.988093
521.4		0.988093
521.5		0.988093
521.6		0.988093
521.7		0.988093
521.8		0.988093
521.9		0.988093
522		0.988093
522.1		0.99259
522.2		0.99259
522.3		0.99259
522.4		0.99259
522.5		0.99259
522.6		0.99259
522.7		0.99259
522.8		0.99259
522.9		0.99259
523		0.99259
523.1		0.994037
523.2		0.994037
523.3		0.994037
523.4		0.994037
523.5		0.994037
523.6		0.994037
523.7		0.994037
523.8		0.994037
523.9		0.994037
524		0.994037
524.1		0.99469
524.2		0.99469
524.3		0.99469
524.4		0.99469
524.5		0.99469
524.6		0.99469
524.7		0.99469
524.8		0.99469
524.9		0.99469
525		0.99469
525.1		0.994889
525.2		0.994889
525.3		0.994889
525.4		0.994889
525.5		0.994889
525.6		0.994889
525.7		0.994889
525.8		0.994889
525.9		0.994889
526		0.994889
526.1		0.998871
526.2		0.998871
526.3		0.998871
526.4		0.998871
526.5		0.998871
526.6		0.998871
526.7		0.998871
526.8		0.998871
526.9		0.998871
527		0.998871
527.1		0.999941
527.2		0.999941
527.3		0.999941
527.4		0.999941
527.5		0.999941
527.6		0.999941
527.7		0.999941
527.8		0.999941
527.9		0.999941
528		0.999941
528.1		1
528.2		1
528.3		1
528.4		1
528.5		1
528.6		1
528.7		1
528.8		1
528.9		1
529		1
529.1		1
529.2		1
529.3		1
529.4		1
529.5		1
529.6		1
529.7		1
529.8		1
529.9		1
530		1
530.1		1
530.2		1
530.3		1
530.4		1
530.5		1
530.6		1
530.7		1
530.8		1
530.9		1
531		1
531.1		1
531.2		1
531.3		1
531.4		1
531.5		1
531.6		1
531.7		1
531.8		1
531.9		1
532		1
532.1		1
532.2		1
532.3		1
532.4		1
532.5		1
532.6		1
532.7		1
532.8		1
532.9		1
533		1
533.1		1
533.2		1
533.3		1
533.4		1
533.5		1
533.6		1
533.7		1
533.8		1
533.9		1
534		1
534.1		1
534.2		1
534.3		1
534.4		1
534.5		1
534.6		1
534.7		1
534.8		1
534.9		1
535		1
535.1		1
535.2		1
535.3		1
535.4		1
535.5		1
535.6		1
535.7		1
535.8		1
535.9		1
536		1
536.1		1
536.2		1
536.3		1
536.4		1
536.5		1
536.6		1
536.7		1
536.8		1
536.9		1
537		1
537.1		1
537.2		1
537.3		1
537.4		1
537.5		1
537.6		1
537.7		1
537.8		1
537.9		1
538		1
538.1		1
538.2		1
538.3		1
538.4		1
538.5		1
538.6		1
538.7		1
538.8		1
538.9		1
539		1
539.1		1
539.2		1
539.3		1
539.4		1
539.5		1
539.6		1
539.7		1
539.8		1
539.9		1
540		1
540.1		1
540.2		1
540.3		1
540.4		1
540.5		1
540.6		1
540.7		1
540.8		1
540.9		1
541		1
541.1		1
541.2		1
541.3		1
541.4		1
541.5		1
541.6		1
541.7		1
541.8		1
541.9		1
542		1
542.1		1
542.2		1
542.3		1
542.4		1
542.5		1
542.6		1
542.7		1
542.8		1
542.9		1
543		1
543.1		1
543.2		1
543.3		1
543.4		1
543.5		1
543.6		1
543.7		1
543.8		1
543.9		1
544		1
544.1		1
544.2		1
544.3		1
544.4		1
544.5		1
544.6		1
544.7		1
544.8		1
544.9		1
545		1
545.1		1
545.2		1
545.3		1
545.4		1
545.5		1
545.6		1
545.7		1
545.8		1
545.9		1
546		1
546.1		1
546.2		1
546.3		1
546.4		1
546.5		1
546.6		1
546.7		1
546.8		1
546.9		1
547		1
547.1		1
547.2		1
547.3		1
547.4		1
547.5		1
547.6		1
547.7		1
547.8		1
547.9		1
548		1
548.1		1
548.2		1
548.3		1
548.4		1
548.5		1
548.6		1
548.7		1
548.8		1
548.9		1
549		1
549.1		1
549.2		1
549.3		1
549.4		1
549.5		1
549.6		1
549.7		1
549.8		1
549.9		1
550		1
550.1		1
550.2		1
550.3		1
550.4		1
550.5		1
550.6		1
550.7		1
550.8		1
550.9		1
551		1
551.1		1
551.2		1
551.3		1
551.4		1
551.5		1
551.6		1
551.7		1
551.8		1
551.9		1
552		1
552.1		1
552.2		1
552.3		1
552.4		1
552.5		1
552.6		1
552.7		1
552.8		1
552.9		1
553		1
553.1		1
553.2		1
553.3		1
553.4		1
553.5		1
553.6		1
553.7		1
553.8		1
553.9		1
554		1
554.1		1
554.2		1
554.3		1
554.4		1
554.5		1
554.6		1
554.7		1
554.8		1
554.9		1
555		1
555.1		1
555.2		1
555.3		1
555.4		1
555.5		1
555.6		1
555.7		1
555.8		1
555.9		1
556		1
556.1		1
556.2		1
556.3		1
556.4		1
556.5		1
556.6		1
556.7		1
556.8		1
556.9		1
557		1
557.1		1
557.2		1
557.3		1
557.4		1
557.5		1
557.6		1
557.7		1
557.8		1
557.9		1
558		1
558.1		1
558.2		1
558.3		1
558.4		1
558.5		1
558.6		1
558.7		1
558.8		1
558.9		1
559		1
559.1		1
559.2		1
559.3		1
559.4		1
559.5		1
559.6		1
559.7		1
559.8		1
559.9		1
560		1
560.1		1
560.2		1
560.3		1
560.4		1
560.5		1
560.6		1
560.7		1
560.8		1
560.9		1
561		1
561.1		1
561.2		1
561.3		1
561.4		1
561.5		1
561.6		1
561.7		1
561.8		1
561.9		1
562		1
562.1		1
562.2		1
562.3		1
562.4		1
562.5		1
562.6		1
562.7		1
562.8		1
562.9		1
563		1
563.1		1
563.2		1
563.3		1
563.4		1
563.5		1
563.6		1
563.7		1
563.8		1
563.9		1
564		1
564.1		1
564.2		1
564.3		1
564.4		1
564.5		1
564.6		1
564.7		1
564.8		1
564.9		1
565		1
565.1		1
565.2		1
565.3		1
565.4		1
565.5		1
565.6		1
565.7		1
565.8		1
565.9		1
566		1
566.1		1
566.2		1
566.3		1
566.4		1
566.5		1
566.6		1
566.7		1
566.8		1
566.9		1
567		1
567.1		1
567.2		1
567.3		1
567.4		1
567.5		1
567.6		1
567.7		1
567.8		1
567.9		1
568		1
568.1		1
568.2		1
568.3		1
568.4		1
568.5		1
568.6		1
568.7		1
568.8		1
568.9		1
569		1
569.1		1
569.2		1
569.3		1
569.4		1
569.5		1
569.6		1
569.7		1
569.8		1
569.9		1
570		1
570.1		1
570.2		1
570.3		1
570.4		1
570.5		1
570.6		1
570.7		1
570.8		1
570.9		1
571		1
571.1		1
571.2		1
571.3		1
571.4		1
571.5		1
571.6		1
571.7		1
571.8		1
571.9		1
572		1
572.1		1
572.2		1
572.3		1
572.4		1
572.5		1
572.6		1
572.7		1
572.8		1
572.9		1
573		1
573.1		1
573.2		1
573.3		1
573.4		1
573.5		1
573.6		1
573.7		1
573.8		1
573.9		1
574		1
574.1		1
574.2		1
574.3		1
574.4		1
574.5		1
574.6		1
574.7		1
574.8		1
574.9		1
575		1
575.1		1
575.2		1
575.3		1
575.4		1
575.5		1
575.6		1
575.7		1
575.8		1
575.9		1
576		1
576.1		1
576.2		1
576.3		1
576.4		1
576.5		1
576.6		1
576.7		1
576.8		1
576.9		1
577		1
577.1		1
577.2		1
577.3		1
577.4		1
577.5		1
577.6		1
577.7		1
577.8		1
577.9		1
578		1
578.1		1
578.2		1
578.3		1
578.4		1
578.5		1
578.6		1
578.7		1
578.8		1
578.9		1
579		1
579.1		1
579.2		1
579.3		1
579.4		1
579.5		1
579.6		1
579.7		1
579.8		1
579.9		1
580		1
580.1		1
580.2		1
580.3		1
580.4		1
580.5		1
580.6		1
580.7		1
580.8		1
580.9		1
581		1
581.1		1
581.2		1
581.3		1
581.4		1
581.5		1
581.6		1
581.7		1
581.8		1
581.9		1
582		1
582.1		1
582.2		1
582.3		1
582.4		1
582.5		1
582.6		1
582.7		1
582.8		1
582.9		1
583		1
583.1		1
583.2		1
583.3		1
583.4		1
583.5		1
583.6		1
583.7		1
583.8		1
583.9		1
584		1
584.1		1
584.2		1
584.3		1
584.4		1
584.5		1
584.6		1
584.7		1
584.8		1
584.9		1
585		1
585.1		1
585.2		1
585.3		1
585.4		1
585.5		1
585.6		1
585.7		1
585.8		1
585.9		1
586		1
586.1		1
586.2		1
586.3		1
586.4		1
586.5		1
586.6		1
586.7		1
586.8		1
586.9		1
587		1
587.1		1
587.2		1
587.3		1
587.4		1
587.5		1
587.6		1
587.7		1
587.8		1
587.9		1
588		1
588.1		1
588.2		1
588.3		1
588.4		1
588.5		1
588.6		1
588.7		1
588.8		1
588.9		1
589		1
589.1		1
589.2		1
589.3		1
589.4		1
589.5		1
589.6		1
589.7		1
589.8		1
589.9		1
590		1
590.1		1
590.2		1
590.3		1
590.4		1
590.5		1
590.6		1
590.7		1
590.8		1
590.9		1
591		1
591.1		1
591.2		1
591.3		1
591.4		1
591.5		1
591.6		1
591.7		1
591.8		1
591.9		1
592		1
592.1		1
592.2		1
592.3		1
592.4		1
592.5		1
592.6		1
592.7		1
592.8		1
592.9		1
593		1
593.1		1
593.2		1
593.3		1
593.4		1
593.5		1
593.6		1
593.7		1
593.8		1
593.9		1
594		1
594.1		1
594.2		1
594.3		1
594.4		1
594.5		1
594.6		1
594.7		1
594.8		1
594.9		1
595		1
595.1		1
595.2		1
595.3		1
595.4		1
595.5		1
595.6		1
595.7		1
595.8		1
595.9		1
596		1
596.1		1
596.2		1
596.3		1
596.4		1
596.5		1
596.6		1
596.7		1
596.8		1
596.9		1
597		1
597.1		1
597.2		1
597.3		1
597.4		1
597.5		1
597.6		1
597.7		1
597.8		1
597.9		1
598		1
598.1		1
598.2		1
598.3		1
598.4		1
598.5		1
598.6		1
598.7		1
598.8		1
598.9		1
599		1
599.1		1
599.2		1
599.3		1
599.4		1
599.5		1
599.6		1
599.7		1
599.8		1
599.9		1
600		1
