# Calibration file of tamex_id 1 @ channel 6
# fine_T bin		 Calibration value
0.1		0
0.2		0
0.3		0
0.4		0
0.5		0
0.6		0
0.7		0
0.8		0
0.9		0
1		0
1.1		0
1.2		0
1.3		0
1.4		0
1.5		0
1.6		0
1.7		0
1.8		0
1.9		0
2		0
2.1		0
2.2		0
2.3		0
2.4		0
2.5		0
2.6		0
2.7		0
2.8		0
2.9		0
3		0
3.1		0
3.2		0
3.3		0
3.4		0
3.5		0
3.6		0
3.7		0
3.8		0
3.9		0
4		0
4.1		0
4.2		0
4.3		0
4.4		0
4.5		0
4.6		0
4.7		0
4.8		0
4.9		0
5		0
5.1		0
5.2		0
5.3		0
5.4		0
5.5		0
5.6		0
5.7		0
5.8		0
5.9		0
6		0
6.1		0
6.2		0
6.3		0
6.4		0
6.5		0
6.6		0
6.7		0
6.8		0
6.9		0
7		0
7.1		0
7.2		0
7.3		0
7.4		0
7.5		0
7.6		0
7.7		0
7.8		0
7.9		0
8		0
8.1		0
8.2		0
8.3		0
8.4		0
8.5		0
8.6		0
8.7		0
8.8		0
8.9		0
9		0
9.1		0
9.2		0
9.3		0
9.4		0
9.5		0
9.6		0
9.7		0
9.8		0
9.9		0
10		0
10.1		0
10.2		0
10.3		0
10.4		0
10.5		0
10.6		0
10.7		0
10.8		0
10.9		0
11		0
11.1		0
11.2		0
11.3		0
11.4		0
11.5		0
11.6		0
11.7		0
11.8		0
11.9		0
12		0
12.1		0
12.2		0
12.3		0
12.4		0
12.5		0
12.6		0
12.7		0
12.8		0
12.9		0
13		0
13.1		0
13.2		0
13.3		0
13.4		0
13.5		0
13.6		0
13.7		0
13.8		0
13.9		0
14		0
14.1		0
14.2		0
14.3		0
14.4		0
14.5		0
14.6		0
14.7		0
14.8		0
14.9		0
15		0
15.1		0
15.2		0
15.3		0
15.4		0
15.5		0
15.6		0
15.7		0
15.8		0
15.9		0
16		0
16.1		0.00322774
16.2		0.00322774
16.3		0.00322774
16.4		0.00322774
16.5		0.00322774
16.6		0.00322774
16.7		0.00322774
16.8		0.00322774
16.9		0.00322774
17		0.00322774
17.1		0.00893259
17.2		0.00893259
17.3		0.00893259
17.4		0.00893259
17.5		0.00893259
17.6		0.00893259
17.7		0.00893259
17.8		0.00893259
17.9		0.00893259
18		0.00893259
18.1		0.0101524
18.2		0.0101524
18.3		0.0101524
18.4		0.0101524
18.5		0.0101524
18.6		0.0101524
18.7		0.0101524
18.8		0.0101524
18.9		0.0101524
19		0.0101524
19.1		0.0116537
19.2		0.0116537
19.3		0.0116537
19.4		0.0116537
19.5		0.0116537
19.6		0.0116537
19.7		0.0116537
19.8		0.0116537
19.9		0.0116537
20		0.0116537
20.1		0.0180153
20.2		0.0180153
20.3		0.0180153
20.4		0.0180153
20.5		0.0180153
20.6		0.0180153
20.7		0.0180153
20.8		0.0180153
20.9		0.0180153
21		0.0180153
21.1		0.0186721
21.2		0.0186721
21.3		0.0186721
21.4		0.0186721
21.5		0.0186721
21.6		0.0186721
21.7		0.0186721
21.8		0.0186721
21.9		0.0186721
22		0.0186721
22.1		0.0206988
22.2		0.0206988
22.3		0.0206988
22.4		0.0206988
22.5		0.0206988
22.6		0.0206988
22.7		0.0206988
22.8		0.0206988
22.9		0.0206988
23		0.0206988
23.1		0.0223878
23.2		0.0223878
23.3		0.0223878
23.4		0.0223878
23.5		0.0223878
23.6		0.0223878
23.7		0.0223878
23.8		0.0223878
23.9		0.0223878
24		0.0223878
24.1		0.0232885
24.2		0.0232885
24.3		0.0232885
24.4		0.0232885
24.5		0.0232885
24.6		0.0232885
24.7		0.0232885
24.8		0.0232885
24.9		0.0232885
25		0.0232885
25.1		0.0293124
25.2		0.0293124
25.3		0.0293124
25.4		0.0293124
25.5		0.0293124
25.6		0.0293124
25.7		0.0293124
25.8		0.0293124
25.9		0.0293124
26		0.0293124
26.1		0.0295376
26.2		0.0295376
26.3		0.0295376
26.4		0.0295376
26.5		0.0295376
26.6		0.0295376
26.7		0.0295376
26.8		0.0295376
26.9		0.0295376
27		0.0295376
27.1		0.0306823
27.2		0.0306823
27.3		0.0306823
27.4		0.0306823
27.5		0.0306823
27.6		0.0306823
27.7		0.0306823
27.8		0.0306823
27.9		0.0306823
28		0.0306823
28.1		0.032315
28.2		0.032315
28.3		0.032315
28.4		0.032315
28.5		0.032315
28.6		0.032315
28.7		0.032315
28.8		0.032315
28.9		0.032315
29		0.032315
29.1		0.0324839
29.2		0.0324839
29.3		0.0324839
29.4		0.0324839
29.5		0.0324839
29.6		0.0324839
29.7		0.0324839
29.8		0.0324839
29.9		0.0324839
30		0.0324839
30.1		0.0371753
30.2		0.0371753
30.3		0.0371753
30.4		0.0371753
30.5		0.0371753
30.6		0.0371753
30.7		0.0371753
30.8		0.0371753
30.9		0.0371753
31		0.0371753
31.1		0.0372879
31.2		0.0372879
31.3		0.0372879
31.4		0.0372879
31.5		0.0372879
31.6		0.0372879
31.7		0.0372879
31.8		0.0372879
31.9		0.0372879
32		0.0372879
32.1		0.0383201
32.2		0.0383201
32.3		0.0383201
32.4		0.0383201
32.5		0.0383201
32.6		0.0383201
32.7		0.0383201
32.8		0.0383201
32.9		0.0383201
33		0.0383201
33.1		0.0390519
33.2		0.0390519
33.3		0.0390519
33.4		0.0390519
33.5		0.0390519
33.6		0.0390519
33.7		0.0390519
33.8		0.0390519
33.9		0.0390519
34		0.0390519
34.1		0.0436121
34.2		0.0436121
34.3		0.0436121
34.4		0.0436121
34.5		0.0436121
34.6		0.0436121
34.7		0.0436121
34.8		0.0436121
34.9		0.0436121
35		0.0436121
35.1		0.0458828
35.2		0.0458828
35.3		0.0458828
35.4		0.0458828
35.5		0.0458828
35.6		0.0458828
35.7		0.0458828
35.8		0.0458828
35.9		0.0458828
36		0.0458828
36.1		0.0466897
36.2		0.0466897
36.3		0.0466897
36.4		0.0466897
36.5		0.0466897
36.6		0.0466897
36.7		0.0466897
36.8		0.0466897
36.9		0.0466897
37		0.0466897
37.1		0.0477593
37.2		0.0477593
37.3		0.0477593
37.4		0.0477593
37.5		0.0477593
37.6		0.0477593
37.7		0.0477593
37.8		0.0477593
37.9		0.0477593
38		0.0477593
38.1		0.0509683
38.2		0.0509683
38.3		0.0509683
38.4		0.0509683
38.5		0.0509683
38.6		0.0509683
38.7		0.0509683
38.8		0.0509683
38.9		0.0509683
39		0.0509683
39.1		0.0519629
39.2		0.0519629
39.3		0.0519629
39.4		0.0519629
39.5		0.0519629
39.6		0.0519629
39.7		0.0519629
39.8		0.0519629
39.9		0.0519629
40		0.0519629
40.1		0.0539521
40.2		0.0539521
40.3		0.0539521
40.4		0.0539521
40.5		0.0539521
40.6		0.0539521
40.7		0.0539521
40.8		0.0539521
40.9		0.0539521
41		0.0539521
41.1		0.0558475
41.2		0.0558475
41.3		0.0558475
41.4		0.0558475
41.5		0.0558475
41.6		0.0558475
41.7		0.0558475
41.8		0.0558475
41.9		0.0558475
42		0.0558475
42.1		0.0576115
42.2		0.0576115
42.3		0.0576115
42.4		0.0576115
42.5		0.0576115
42.6		0.0576115
42.7		0.0576115
42.8		0.0576115
42.9		0.0576115
43		0.0576115
43.1		0.0595819
43.2		0.0595819
43.3		0.0595819
43.4		0.0595819
43.5		0.0595819
43.6		0.0595819
43.7		0.0595819
43.8		0.0595819
43.9		0.0595819
44		0.0595819
44.1		0.0597133
44.2		0.0597133
44.3		0.0597133
44.4		0.0597133
44.5		0.0597133
44.6		0.0597133
44.7		0.0597133
44.8		0.0597133
44.9		0.0597133
45		0.0597133
45.1		0.0599947
45.2		0.0599947
45.3		0.0599947
45.4		0.0599947
45.5		0.0599947
45.6		0.0599947
45.7		0.0599947
45.8		0.0599947
45.9		0.0599947
46		0.0599947
46.1		0.0645361
46.2		0.0645361
46.3		0.0645361
46.4		0.0645361
46.5		0.0645361
46.6		0.0645361
46.7		0.0645361
46.8		0.0645361
46.9		0.0645361
47		0.0645361
47.1		0.0653806
47.2		0.0653806
47.3		0.0653806
47.4		0.0653806
47.5		0.0653806
47.6		0.0653806
47.7		0.0653806
47.8		0.0653806
47.9		0.0653806
48		0.0653806
48.1		0.0669006
48.2		0.0669006
48.3		0.0669006
48.4		0.0669006
48.5		0.0669006
48.6		0.0669006
48.7		0.0669006
48.8		0.0669006
48.9		0.0669006
49		0.0669006
49.1		0.0692088
49.2		0.0692088
49.3		0.0692088
49.4		0.0692088
49.5		0.0692088
49.6		0.0692088
49.7		0.0692088
49.8		0.0692088
49.9		0.0692088
50		0.0692088
50.1		0.0722114
50.2		0.0722114
50.3		0.0722114
50.4		0.0722114
50.5		0.0722114
50.6		0.0722114
50.7		0.0722114
50.8		0.0722114
50.9		0.0722114
51		0.0722114
51.1		0.0730934
51.2		0.0730934
51.3		0.0730934
51.4		0.0730934
51.5		0.0730934
51.6		0.0730934
51.7		0.0730934
51.8		0.0730934
51.9		0.0730934
52		0.0730934
52.1		0.0763962
52.2		0.0763962
52.3		0.0763962
52.4		0.0763962
52.5		0.0763962
52.6		0.0763962
52.7		0.0763962
52.8		0.0763962
52.9		0.0763962
53		0.0763962
53.1		0.0767715
53.2		0.0767715
53.3		0.0767715
53.4		0.0767715
53.5		0.0767715
53.6		0.0767715
53.7		0.0767715
53.8		0.0767715
53.9		0.0767715
54		0.0767715
54.1		0.0802432
54.2		0.0802432
54.3		0.0802432
54.4		0.0802432
54.5		0.0802432
54.6		0.0802432
54.7		0.0802432
54.8		0.0802432
54.9		0.0802432
55		0.0802432
55.1		0.082101
55.2		0.082101
55.3		0.082101
55.4		0.082101
55.5		0.082101
55.6		0.082101
55.7		0.082101
55.8		0.082101
55.9		0.082101
56		0.082101
56.1		0.0823075
56.2		0.0823075
56.3		0.0823075
56.4		0.0823075
56.5		0.0823075
56.6		0.0823075
56.7		0.0823075
56.8		0.0823075
56.9		0.0823075
57		0.0823075
57.1		0.0831707
57.2		0.0831707
57.3		0.0831707
57.4		0.0831707
57.5		0.0831707
57.6		0.0831707
57.7		0.0831707
57.8		0.0831707
57.9		0.0831707
58		0.0831707
58.1		0.0885753
58.2		0.0885753
58.3		0.0885753
58.4		0.0885753
58.5		0.0885753
58.6		0.0885753
58.7		0.0885753
58.8		0.0885753
58.9		0.0885753
59		0.0885753
59.1		0.0903018
59.2		0.0903018
59.3		0.0903018
59.4		0.0903018
59.5		0.0903018
59.6		0.0903018
59.7		0.0903018
59.8		0.0903018
59.9		0.0903018
60		0.0903018
60.1		0.0913526
60.2		0.0913526
60.3		0.0913526
60.4		0.0913526
60.5		0.0913526
60.6		0.0913526
60.7		0.0913526
60.8		0.0913526
60.9		0.0913526
61		0.0913526
61.1		0.0925161
61.2		0.0925161
61.3		0.0925161
61.4		0.0925161
61.5		0.0925161
61.6		0.0925161
61.7		0.0925161
61.8		0.0925161
61.9		0.0925161
62		0.0925161
62.1		0.0934732
62.2		0.0934732
62.3		0.0934732
62.4		0.0934732
62.5		0.0934732
62.6		0.0934732
62.7		0.0934732
62.8		0.0934732
62.9		0.0934732
63		0.0934732
63.1		0.097339
63.2		0.097339
63.3		0.097339
63.4		0.097339
63.5		0.097339
63.6		0.097339
63.7		0.097339
63.8		0.097339
63.9		0.097339
64		0.097339
64.1		0.0990842
64.2		0.0990842
64.3		0.0990842
64.4		0.0990842
64.5		0.0990842
64.6		0.0990842
64.7		0.0990842
64.8		0.0990842
64.9		0.0990842
65		0.0990842
65.1		0.102349
65.2		0.102349
65.3		0.102349
65.4		0.102349
65.5		0.102349
65.6		0.102349
65.7		0.102349
65.8		0.102349
65.9		0.102349
66		0.102349
66.1		0.103382
66.2		0.103382
66.3		0.103382
66.4		0.103382
66.5		0.103382
66.6		0.103382
66.7		0.103382
66.8		0.103382
66.9		0.103382
67		0.103382
67.1		0.104357
67.2		0.104357
67.3		0.104357
67.4		0.104357
67.5		0.104357
67.6		0.104357
67.7		0.104357
67.8		0.104357
67.9		0.104357
68		0.104357
68.1		0.107322
68.2		0.107322
68.3		0.107322
68.4		0.107322
68.5		0.107322
68.6		0.107322
68.7		0.107322
68.8		0.107322
68.9		0.107322
69		0.107322
69.1		0.109668
69.2		0.109668
69.3		0.109668
69.4		0.109668
69.5		0.109668
69.6		0.109668
69.7		0.109668
69.8		0.109668
69.9		0.109668
70		0.109668
70.1		0.111019
70.2		0.111019
70.3		0.111019
70.4		0.111019
70.5		0.111019
70.6		0.111019
70.7		0.111019
70.8		0.111019
70.9		0.111019
71		0.111019
71.1		0.114322
71.2		0.114322
71.3		0.114322
71.4		0.114322
71.5		0.114322
71.6		0.114322
71.7		0.114322
71.8		0.114322
71.9		0.114322
72		0.114322
72.1		0.114923
72.2		0.114923
72.3		0.114923
72.4		0.114923
72.5		0.114923
72.6		0.114923
72.7		0.114923
72.8		0.114923
72.9		0.114923
73		0.114923
73.1		0.11618
73.2		0.11618
73.3		0.11618
73.4		0.11618
73.5		0.11618
73.6		0.11618
73.7		0.11618
73.8		0.11618
73.9		0.11618
74		0.11618
74.1		0.117325
74.2		0.117325
74.3		0.117325
74.4		0.117325
74.5		0.117325
74.6		0.117325
74.7		0.117325
74.8		0.117325
74.9		0.117325
75		0.117325
75.1		0.11937
75.2		0.11937
75.3		0.11937
75.4		0.11937
75.5		0.11937
75.6		0.11937
75.7		0.11937
75.8		0.11937
75.9		0.11937
76		0.11937
76.1		0.123461
76.2		0.123461
76.3		0.123461
76.4		0.123461
76.5		0.123461
76.6		0.123461
76.7		0.123461
76.8		0.123461
76.9		0.123461
77		0.123461
77.1		0.123837
77.2		0.123837
77.3		0.123837
77.4		0.123837
77.5		0.123837
77.6		0.123837
77.7		0.123837
77.8		0.123837
77.9		0.123837
78		0.123837
78.1		0.124962
78.2		0.124962
78.3		0.124962
78.4		0.124962
78.5		0.124962
78.6		0.124962
78.7		0.124962
78.8		0.124962
78.9		0.124962
79		0.124962
79.1		0.12592
79.2		0.12592
79.3		0.12592
79.4		0.12592
79.5		0.12592
79.6		0.12592
79.7		0.12592
79.8		0.12592
79.9		0.12592
80		0.12592
80.1		0.129504
80.2		0.129504
80.3		0.129504
80.4		0.129504
80.5		0.129504
80.6		0.129504
80.7		0.129504
80.8		0.129504
80.9		0.129504
81		0.129504
81.1		0.131287
81.2		0.131287
81.3		0.131287
81.4		0.131287
81.5		0.131287
81.6		0.131287
81.7		0.131287
81.8		0.131287
81.9		0.131287
82		0.131287
82.1		0.131512
82.2		0.131512
82.3		0.131512
82.4		0.131512
82.5		0.131512
82.6		0.131512
82.7		0.131512
82.8		0.131512
82.9		0.131512
83		0.131512
83.1		0.133201
83.2		0.133201
83.3		0.133201
83.4		0.133201
83.5		0.133201
83.6		0.133201
83.7		0.133201
83.8		0.133201
83.9		0.133201
84		0.133201
84.1		0.138192
84.2		0.138192
84.3		0.138192
84.4		0.138192
84.5		0.138192
84.6		0.138192
84.7		0.138192
84.8		0.138192
84.9		0.138192
85		0.138192
85.1		0.140613
85.2		0.140613
85.3		0.140613
85.4		0.140613
85.5		0.140613
85.6		0.140613
85.7		0.140613
85.8		0.140613
85.9		0.140613
86		0.140613
86.1		0.140782
86.2		0.140782
86.3		0.140782
86.4		0.140782
86.5		0.140782
86.6		0.140782
86.7		0.140782
86.8		0.140782
86.9		0.140782
87		0.140782
87.1		0.143484
87.2		0.143484
87.3		0.143484
87.4		0.143484
87.5		0.143484
87.6		0.143484
87.7		0.143484
87.8		0.143484
87.9		0.143484
88		0.143484
88.1		0.145267
88.2		0.145267
88.3		0.145267
88.4		0.145267
88.5		0.145267
88.6		0.145267
88.7		0.145267
88.8		0.145267
88.9		0.145267
89		0.145267
89.1		0.146374
89.2		0.146374
89.3		0.146374
89.4		0.146374
89.5		0.146374
89.6		0.146374
89.7		0.146374
89.8		0.146374
89.9		0.146374
90		0.146374
90.1		0.148514
90.2		0.148514
90.3		0.148514
90.4		0.148514
90.5		0.148514
90.6		0.148514
90.7		0.148514
90.8		0.148514
90.9		0.148514
91		0.148514
91.1		0.151929
91.2		0.151929
91.3		0.151929
91.4		0.151929
91.5		0.151929
91.6		0.151929
91.7		0.151929
91.8		0.151929
91.9		0.151929
92		0.151929
92.1		0.153018
92.2		0.153018
92.3		0.153018
92.4		0.153018
92.5		0.153018
92.6		0.153018
92.7		0.153018
92.8		0.153018
92.9		0.153018
93		0.153018
93.1		0.155082
93.2		0.155082
93.3		0.155082
93.4		0.155082
93.5		0.155082
93.6		0.155082
93.7		0.155082
93.8		0.155082
93.9		0.155082
94		0.155082
94.1		0.155757
94.2		0.155757
94.3		0.155757
94.4		0.155757
94.5		0.155757
94.6		0.155757
94.7		0.155757
94.8		0.155757
94.9		0.155757
95		0.155757
95.1		0.15647
95.2		0.15647
95.3		0.15647
95.4		0.15647
95.5		0.15647
95.6		0.15647
95.7		0.15647
95.8		0.15647
95.9		0.15647
96		0.15647
96.1		0.160355
96.2		0.160355
96.3		0.160355
96.4		0.160355
96.5		0.160355
96.6		0.160355
96.7		0.160355
96.8		0.160355
96.9		0.160355
97		0.160355
97.1		0.162964
97.2		0.162964
97.3		0.162964
97.4		0.162964
97.5		0.162964
97.6		0.162964
97.7		0.162964
97.8		0.162964
97.9		0.162964
98		0.162964
98.1		0.163358
98.2		0.163358
98.3		0.163358
98.4		0.163358
98.5		0.163358
98.6		0.163358
98.7		0.163358
98.8		0.163358
98.9		0.163358
99		0.163358
99.1		0.16743
99.2		0.16743
99.3		0.16743
99.4		0.16743
99.5		0.16743
99.6		0.16743
99.7		0.16743
99.8		0.16743
99.9		0.16743
100		0.16743
100.1		0.168781
100.2		0.168781
100.3		0.168781
100.4		0.168781
100.5		0.168781
100.6		0.168781
100.7		0.168781
100.8		0.168781
100.9		0.168781
101		0.168781
101.1		0.171052
101.2		0.171052
101.3		0.171052
101.4		0.171052
101.5		0.171052
101.6		0.171052
101.7		0.171052
101.8		0.171052
101.9		0.171052
102		0.171052
102.1		0.17199
102.2		0.17199
102.3		0.17199
102.4		0.17199
102.5		0.17199
102.6		0.17199
102.7		0.17199
102.8		0.17199
102.9		0.17199
103		0.17199
103.1		0.173829
103.2		0.173829
103.3		0.173829
103.4		0.173829
103.5		0.173829
103.6		0.173829
103.7		0.173829
103.8		0.173829
103.9		0.173829
104		0.173829
104.1		0.176907
104.2		0.176907
104.3		0.176907
104.4		0.176907
104.5		0.176907
104.6		0.176907
104.7		0.176907
104.8		0.176907
104.9		0.176907
105		0.176907
105.1		0.178746
105.2		0.178746
105.3		0.178746
105.4		0.178746
105.5		0.178746
105.6		0.178746
105.7		0.178746
105.8		0.178746
105.9		0.178746
106		0.178746
106.1		0.181692
106.2		0.181692
106.3		0.181692
106.4		0.181692
106.5		0.181692
106.6		0.181692
106.7		0.181692
106.8		0.181692
106.9		0.181692
107		0.181692
107.1		0.181748
107.2		0.181748
107.3		0.181748
107.4		0.181748
107.5		0.181748
107.6		0.181748
107.7		0.181748
107.8		0.181748
107.9		0.181748
108		0.181748
108.1		0.182368
108.2		0.182368
108.3		0.182368
108.4		0.182368
108.5		0.182368
108.6		0.182368
108.7		0.182368
108.8		0.182368
108.9		0.182368
109		0.182368
109.1		0.187735
109.2		0.187735
109.3		0.187735
109.4		0.187735
109.5		0.187735
109.6		0.187735
109.7		0.187735
109.8		0.187735
109.9		0.187735
110		0.187735
110.1		0.190906
110.2		0.190906
110.3		0.190906
110.4		0.190906
110.5		0.190906
110.6		0.190906
110.7		0.190906
110.8		0.190906
110.9		0.190906
111		0.190906
111.1		0.191094
111.2		0.191094
111.3		0.191094
111.4		0.191094
111.5		0.191094
111.6		0.191094
111.7		0.191094
111.8		0.191094
111.9		0.191094
112		0.191094
112.1		0.191638
112.2		0.191638
112.3		0.191638
112.4		0.191638
112.5		0.191638
112.6		0.191638
112.7		0.191638
112.8		0.191638
112.9		0.191638
113		0.191638
113.1		0.192651
113.2		0.192651
113.3		0.192651
113.4		0.192651
113.5		0.192651
113.6		0.192651
113.7		0.192651
113.8		0.192651
113.9		0.192651
114		0.192651
114.1		0.197455
114.2		0.197455
114.3		0.197455
114.4		0.197455
114.5		0.197455
114.6		0.197455
114.7		0.197455
114.8		0.197455
114.9		0.197455
115		0.197455
115.1		0.197756
115.2		0.197756
115.3		0.197756
115.4		0.197756
115.5		0.197756
115.6		0.197756
115.7		0.197756
115.8		0.197756
115.9		0.197756
116		0.197756
116.1		0.201584
116.2		0.201584
116.3		0.201584
116.4		0.201584
116.5		0.201584
116.6		0.201584
116.7		0.201584
116.8		0.201584
116.9		0.201584
117		0.201584
117.1		0.202879
117.2		0.202879
117.3		0.202879
117.4		0.202879
117.5		0.202879
117.6		0.202879
117.7		0.202879
117.8		0.202879
117.9		0.202879
118		0.202879
118.1		0.206163
118.2		0.206163
118.3		0.206163
118.4		0.206163
118.5		0.206163
118.6		0.206163
118.7		0.206163
118.8		0.206163
118.9		0.206163
119		0.206163
119.1		0.207364
119.2		0.207364
119.3		0.207364
119.4		0.207364
119.5		0.207364
119.6		0.207364
119.7		0.207364
119.8		0.207364
119.9		0.207364
120		0.207364
120.1		0.208677
120.2		0.208677
120.3		0.208677
120.4		0.208677
120.5		0.208677
120.6		0.208677
120.7		0.208677
120.8		0.208677
120.9		0.208677
121		0.208677
121.1		0.208846
121.2		0.208846
121.3		0.208846
121.4		0.208846
121.5		0.208846
121.6		0.208846
121.7		0.208846
121.8		0.208846
121.9		0.208846
122		0.208846
122.1		0.213519
122.2		0.213519
122.3		0.213519
122.4		0.213519
122.5		0.213519
122.6		0.213519
122.7		0.213519
122.8		0.213519
122.9		0.213519
123		0.213519
123.1		0.214908
123.2		0.214908
123.3		0.214908
123.4		0.214908
123.5		0.214908
123.6		0.214908
123.7		0.214908
123.8		0.214908
123.9		0.214908
124		0.214908
124.1		0.216259
124.2		0.216259
124.3		0.216259
124.4		0.216259
124.5		0.216259
124.6		0.216259
124.7		0.216259
124.8		0.216259
124.9		0.216259
125		0.216259
125.1		0.216672
125.2		0.216672
125.3		0.216672
125.4		0.216672
125.5		0.216672
125.6		0.216672
125.7		0.216672
125.8		0.216672
125.9		0.216672
126		0.216672
126.1		0.221982
126.2		0.221982
126.3		0.221982
126.4		0.221982
126.5		0.221982
126.6		0.221982
126.7		0.221982
126.8		0.221982
126.9		0.221982
127		0.221982
127.1		0.222133
127.2		0.222133
127.3		0.222133
127.4		0.222133
127.5		0.222133
127.6		0.222133
127.7		0.222133
127.8		0.222133
127.9		0.222133
128		0.222133
128.1		0.224647
128.2		0.224647
128.3		0.224647
128.4		0.224647
128.5		0.224647
128.6		0.224647
128.7		0.224647
128.8		0.224647
128.9		0.224647
129		0.224647
129.1		0.226299
129.2		0.226299
129.3		0.226299
129.4		0.226299
129.5		0.226299
129.6		0.226299
129.7		0.226299
129.8		0.226299
129.9		0.226299
130		0.226299
130.1		0.227725
130.2		0.227725
130.3		0.227725
130.4		0.227725
130.5		0.227725
130.6		0.227725
130.7		0.227725
130.8		0.227725
130.9		0.227725
131		0.227725
131.1		0.231272
131.2		0.231272
131.3		0.231272
131.4		0.231272
131.5		0.231272
131.6		0.231272
131.7		0.231272
131.8		0.231272
131.9		0.231272
132		0.231272
132.1		0.232773
132.2		0.232773
132.3		0.232773
132.4		0.232773
132.5		0.232773
132.6		0.232773
132.7		0.232773
132.8		0.232773
132.9		0.232773
133		0.232773
133.1		0.23373
133.2		0.23373
133.3		0.23373
133.4		0.23373
133.5		0.23373
133.6		0.23373
133.7		0.23373
133.8		0.23373
133.9		0.23373
134		0.23373
134.1		0.238346
134.2		0.238346
134.3		0.238346
134.4		0.238346
134.5		0.238346
134.6		0.238346
134.7		0.238346
134.8		0.238346
134.9		0.238346
135		0.238346
135.1		0.238496
135.2		0.238496
135.3		0.238496
135.4		0.238496
135.5		0.238496
135.6		0.238496
135.7		0.238496
135.8		0.238496
135.9		0.238496
136		0.238496
136.1		0.2427
136.2		0.2427
136.3		0.2427
136.4		0.2427
136.5		0.2427
136.6		0.2427
136.7		0.2427
136.8		0.2427
136.9		0.2427
137		0.2427
137.1		0.243451
137.2		0.243451
137.3		0.243451
137.4		0.243451
137.5		0.243451
137.6		0.243451
137.7		0.243451
137.8		0.243451
137.9		0.243451
138		0.243451
138.1		0.243657
138.2		0.243657
138.3		0.243657
138.4		0.243657
138.5		0.243657
138.6		0.243657
138.7		0.243657
138.8		0.243657
138.9		0.243657
139		0.243657
139.1		0.248048
139.2		0.248048
139.3		0.248048
139.4		0.248048
139.5		0.248048
139.6		0.248048
139.7		0.248048
139.8		0.248048
139.9		0.248048
140		0.248048
140.1		0.248311
140.2		0.248311
140.3		0.248311
140.4		0.248311
140.5		0.248311
140.6		0.248311
140.7		0.248311
140.8		0.248311
140.9		0.248311
141		0.248311
141.1		0.248536
141.2		0.248536
141.3		0.248536
141.4		0.248536
141.5		0.248536
141.6		0.248536
141.7		0.248536
141.8		0.248536
141.9		0.248536
142		0.248536
142.1		0.252271
142.2		0.252271
142.3		0.252271
142.4		0.252271
142.5		0.252271
142.6		0.252271
142.7		0.252271
142.8		0.252271
142.9		0.252271
143		0.252271
143.1		0.252458
143.2		0.252458
143.3		0.252458
143.4		0.252458
143.5		0.252458
143.6		0.252458
143.7		0.252458
143.8		0.252458
143.9		0.252458
144		0.252458
144.1		0.257619
144.2		0.257619
144.3		0.257619
144.4		0.257619
144.5		0.257619
144.6		0.257619
144.7		0.257619
144.8		0.257619
144.9		0.257619
145		0.257619
145.1		0.258238
145.2		0.258238
145.3		0.258238
145.4		0.258238
145.5		0.258238
145.6		0.258238
145.7		0.258238
145.8		0.258238
145.9		0.258238
146		0.258238
146.1		0.258839
146.2		0.258839
146.3		0.258839
146.4		0.258839
146.5		0.258839
146.6		0.258839
146.7		0.258839
146.8		0.258839
146.9		0.258839
147		0.258839
147.1		0.259101
147.2		0.259101
147.3		0.259101
147.4		0.259101
147.5		0.259101
147.6		0.259101
147.7		0.259101
147.8		0.259101
147.9		0.259101
148		0.259101
148.1		0.266139
148.2		0.266139
148.3		0.266139
148.4		0.266139
148.5		0.266139
148.6		0.266139
148.7		0.266139
148.8		0.266139
148.9		0.266139
149		0.266139
149.1		0.266345
149.2		0.266345
149.3		0.266345
149.4		0.266345
149.5		0.266345
149.6		0.266345
149.7		0.266345
149.8		0.266345
149.9		0.266345
150		0.266345
150.1		0.267021
150.2		0.267021
150.3		0.267021
150.4		0.267021
150.5		0.267021
150.6		0.267021
150.7		0.267021
150.8		0.267021
150.9		0.267021
151		0.267021
151.1		0.267659
151.2		0.267659
151.3		0.267659
151.4		0.267659
151.5		0.267659
151.6		0.267659
151.7		0.267659
151.8		0.267659
151.9		0.267659
152		0.267659
152.1		0.269554
152.2		0.269554
152.3		0.269554
152.4		0.269554
152.5		0.269554
152.6		0.269554
152.7		0.269554
152.8		0.269554
152.9		0.269554
153		0.269554
153.1		0.274677
153.2		0.274677
153.3		0.274677
153.4		0.274677
153.5		0.274677
153.6		0.274677
153.7		0.274677
153.8		0.274677
153.9		0.274677
154		0.274677
154.1		0.276685
154.2		0.276685
154.3		0.276685
154.4		0.276685
154.5		0.276685
154.6		0.276685
154.7		0.276685
154.8		0.276685
154.9		0.276685
155		0.276685
155.1		0.276967
155.2		0.276967
155.3		0.276967
155.4		0.276967
155.5		0.276967
155.6		0.276967
155.7		0.276967
155.8		0.276967
155.9		0.276967
156		0.276967
156.1		0.279125
156.2		0.279125
156.3		0.279125
156.4		0.279125
156.5		0.279125
156.6		0.279125
156.7		0.279125
156.8		0.279125
156.9		0.279125
157		0.279125
157.1		0.279669
157.2		0.279669
157.3		0.279669
157.4		0.279669
157.5		0.279669
157.6		0.279669
157.7		0.279669
157.8		0.279669
157.9		0.279669
158		0.279669
158.1		0.280664
158.2		0.280664
158.3		0.280664
158.4		0.280664
158.5		0.280664
158.6		0.280664
158.7		0.280664
158.8		0.280664
158.9		0.280664
159		0.280664
159.1		0.285055
159.2		0.285055
159.3		0.285055
159.4		0.285055
159.5		0.285055
159.6		0.285055
159.7		0.285055
159.8		0.285055
159.9		0.285055
160		0.285055
160.1		0.287138
160.2		0.287138
160.3		0.287138
160.4		0.287138
160.5		0.287138
160.6		0.287138
160.7		0.287138
160.8		0.287138
160.9		0.287138
161		0.287138
161.1		0.289183
161.2		0.289183
161.3		0.289183
161.4		0.289183
161.5		0.289183
161.6		0.289183
161.7		0.289183
161.8		0.289183
161.9		0.289183
162		0.289183
162.1		0.291154
162.2		0.291154
162.3		0.291154
162.4		0.291154
162.5		0.291154
162.6		0.291154
162.7		0.291154
162.8		0.291154
162.9		0.291154
163		0.291154
163.1		0.292148
163.2		0.292148
163.3		0.292148
163.4		0.292148
163.5		0.292148
163.6		0.292148
163.7		0.292148
163.8		0.292148
163.9		0.292148
164		0.292148
164.1		0.292336
164.2		0.292336
164.3		0.292336
164.4		0.292336
164.5		0.292336
164.6		0.292336
164.7		0.292336
164.8		0.292336
164.9		0.292336
165		0.292336
165.1		0.297178
165.2		0.297178
165.3		0.297178
165.4		0.297178
165.5		0.297178
165.6		0.297178
165.7		0.297178
165.8		0.297178
165.9		0.297178
166		0.297178
166.1		0.297309
166.2		0.297309
166.3		0.297309
166.4		0.297309
166.5		0.297309
166.6		0.297309
166.7		0.297309
166.8		0.297309
166.9		0.297309
167		0.297309
167.1		0.299786
167.2		0.299786
167.3		0.299786
167.4		0.299786
167.5		0.299786
167.6		0.299786
167.7		0.299786
167.8		0.299786
167.9		0.299786
168		0.299786
168.1		0.300068
168.2		0.300068
168.3		0.300068
168.4		0.300068
168.5		0.300068
168.6		0.300068
168.7		0.300068
168.8		0.300068
168.9		0.300068
169		0.300068
169.1		0.302638
169.2		0.302638
169.3		0.302638
169.4		0.302638
169.5		0.302638
169.6		0.302638
169.7		0.302638
169.8		0.302638
169.9		0.302638
170		0.302638
170.1		0.307855
170.2		0.307855
170.3		0.307855
170.4		0.307855
170.5		0.307855
170.6		0.307855
170.7		0.307855
170.8		0.307855
170.9		0.307855
171		0.307855
171.1		0.309113
171.2		0.309113
171.3		0.309113
171.4		0.309113
171.5		0.309113
171.6		0.309113
171.7		0.309113
171.8		0.309113
171.9		0.309113
172		0.309113
172.1		0.310445
172.2		0.310445
172.3		0.310445
172.4		0.310445
172.5		0.310445
172.6		0.310445
172.7		0.310445
172.8		0.310445
172.9		0.310445
173		0.310445
173.1		0.311139
173.2		0.311139
173.3		0.311139
173.4		0.311139
173.5		0.311139
173.6		0.311139
173.7		0.311139
173.8		0.311139
173.9		0.311139
174		0.311139
174.1		0.315793
174.2		0.315793
174.3		0.315793
174.4		0.315793
174.5		0.315793
174.6		0.315793
174.7		0.315793
174.8		0.315793
174.9		0.315793
175		0.315793
175.1		0.315925
175.2		0.315925
175.3		0.315925
175.4		0.315925
175.5		0.315925
175.6		0.315925
175.7		0.315925
175.8		0.315925
175.9		0.315925
176		0.315925
176.1		0.318421
176.2		0.318421
176.3		0.318421
176.4		0.318421
176.5		0.318421
176.6		0.318421
176.7		0.318421
176.8		0.318421
176.9		0.318421
177		0.318421
177.1		0.32056
177.2		0.32056
177.3		0.32056
177.4		0.32056
177.5		0.32056
177.6		0.32056
177.7		0.32056
177.8		0.32056
177.9		0.32056
178		0.32056
178.1		0.323319
178.2		0.323319
178.3		0.323319
178.4		0.323319
178.5		0.323319
178.6		0.323319
178.7		0.323319
178.8		0.323319
178.9		0.323319
179		0.323319
179.1		0.323844
179.2		0.323844
179.3		0.323844
179.4		0.323844
179.5		0.323844
179.6		0.323844
179.7		0.323844
179.8		0.323844
179.9		0.323844
180		0.323844
180.1		0.326753
180.2		0.326753
180.3		0.326753
180.4		0.326753
180.5		0.326753
180.6		0.326753
180.7		0.326753
180.8		0.326753
180.9		0.326753
181		0.326753
181.1		0.32756
181.2		0.32756
181.3		0.32756
181.4		0.32756
181.5		0.32756
181.6		0.32756
181.7		0.32756
181.8		0.32756
181.9		0.32756
182		0.32756
182.1		0.330543
182.2		0.330543
182.3		0.330543
182.4		0.330543
182.5		0.330543
182.6		0.330543
182.7		0.330543
182.8		0.330543
182.9		0.330543
183		0.330543
183.1		0.333283
183.2		0.333283
183.3		0.333283
183.4		0.333283
183.5		0.333283
183.6		0.333283
183.7		0.333283
183.8		0.333283
183.9		0.333283
184		0.333283
184.1		0.333471
184.2		0.333471
184.3		0.333471
184.4		0.333471
184.5		0.333471
184.6		0.333471
184.7		0.333471
184.8		0.333471
184.9		0.333471
185		0.333471
185.1		0.334522
185.2		0.334522
185.3		0.334522
185.4		0.334522
185.5		0.334522
185.6		0.334522
185.7		0.334522
185.8		0.334522
185.9		0.334522
186		0.334522
186.1		0.338444
186.2		0.338444
186.3		0.338444
186.4		0.338444
186.5		0.338444
186.6		0.338444
186.7		0.338444
186.8		0.338444
186.9		0.338444
187		0.338444
187.1		0.338744
187.2		0.338744
187.3		0.338744
187.4		0.338744
187.5		0.338744
187.6		0.338744
187.7		0.338744
187.8		0.338744
187.9		0.338744
188		0.338744
188.1		0.34216
188.2		0.34216
188.3		0.34216
188.4		0.34216
188.5		0.34216
188.6		0.34216
188.7		0.34216
188.8		0.34216
188.9		0.34216
189		0.34216
189.1		0.343454
189.2		0.343454
189.3		0.343454
189.4		0.343454
189.5		0.343454
189.6		0.343454
189.7		0.343454
189.8		0.343454
189.9		0.343454
190		0.343454
190.1		0.344674
190.2		0.344674
190.3		0.344674
190.4		0.344674
190.5		0.344674
190.6		0.344674
190.7		0.344674
190.8		0.344674
190.9		0.344674
191		0.344674
191.1		0.347189
191.2		0.347189
191.3		0.347189
191.4		0.347189
191.5		0.347189
191.6		0.347189
191.7		0.347189
191.8		0.347189
191.9		0.347189
192		0.347189
192.1		0.349084
192.2		0.349084
192.3		0.349084
192.4		0.349084
192.5		0.349084
192.6		0.349084
192.7		0.349084
192.8		0.349084
192.9		0.349084
193		0.349084
193.1		0.353644
193.2		0.353644
193.3		0.353644
193.4		0.353644
193.5		0.353644
193.6		0.353644
193.7		0.353644
193.8		0.353644
193.9		0.353644
194		0.353644
194.1		0.353757
194.2		0.353757
194.3		0.353757
194.4		0.353757
194.5		0.353757
194.6		0.353757
194.7		0.353757
194.8		0.353757
194.9		0.353757
195		0.353757
195.1		0.354845
195.2		0.354845
195.3		0.354845
195.4		0.354845
195.5		0.354845
195.6		0.354845
195.7		0.354845
195.8		0.354845
195.9		0.354845
196		0.354845
196.1		0.355352
196.2		0.355352
196.3		0.355352
196.4		0.355352
196.5		0.355352
196.6		0.355352
196.7		0.355352
196.8		0.355352
196.9		0.355352
197		0.355352
197.1		0.358129
197.2		0.358129
197.3		0.358129
197.4		0.358129
197.5		0.358129
197.6		0.358129
197.7		0.358129
197.8		0.358129
197.9		0.358129
198		0.358129
198.1		0.359105
198.2		0.359105
198.3		0.359105
198.4		0.359105
198.5		0.359105
198.6		0.359105
198.7		0.359105
198.8		0.359105
198.9		0.359105
199		0.359105
199.1		0.363421
199.2		0.363421
199.3		0.363421
199.4		0.363421
199.5		0.363421
199.6		0.363421
199.7		0.363421
199.8		0.363421
199.9		0.363421
200		0.363421
200.1		0.36588
200.2		0.36588
200.3		0.36588
200.4		0.36588
200.5		0.36588
200.6		0.36588
200.7		0.36588
200.8		0.36588
200.9		0.36588
201		0.36588
201.1		0.366743
201.2		0.366743
201.3		0.366743
201.4		0.366743
201.5		0.366743
201.6		0.366743
201.7		0.366743
201.8		0.366743
201.9		0.366743
202		0.366743
202.1		0.367569
202.2		0.367569
202.3		0.367569
202.4		0.367569
202.5		0.367569
202.6		0.367569
202.7		0.367569
202.8		0.367569
202.9		0.367569
203		0.367569
203.1		0.367738
203.2		0.367738
203.3		0.367738
203.4		0.367738
203.5		0.367738
203.6		0.367738
203.7		0.367738
203.8		0.367738
203.9		0.367738
204		0.367738
204.1		0.372936
204.2		0.372936
204.3		0.372936
204.4		0.372936
204.5		0.372936
204.6		0.372936
204.7		0.372936
204.8		0.372936
204.9		0.372936
205		0.372936
205.1		0.374231
205.2		0.374231
205.3		0.374231
205.4		0.374231
205.5		0.374231
205.6		0.374231
205.7		0.374231
205.8		0.374231
205.9		0.374231
206		0.374231
206.1		0.374568
206.2		0.374568
206.3		0.374568
206.4		0.374568
206.5		0.374568
206.6		0.374568
206.7		0.374568
206.8		0.374568
206.9		0.374568
207		0.374568
207.1		0.377177
207.2		0.377177
207.3		0.377177
207.4		0.377177
207.5		0.377177
207.6		0.377177
207.7		0.377177
207.8		0.377177
207.9		0.377177
208		0.377177
208.1		0.379485
208.2		0.379485
208.3		0.379485
208.4		0.379485
208.5		0.379485
208.6		0.379485
208.7		0.379485
208.8		0.379485
208.9		0.379485
209		0.379485
209.1		0.380836
209.2		0.380836
209.3		0.380836
209.4		0.380836
209.5		0.380836
209.6		0.380836
209.7		0.380836
209.8		0.380836
209.9		0.380836
210		0.380836
210.1		0.38185
210.2		0.38185
210.3		0.38185
210.4		0.38185
210.5		0.38185
210.6		0.38185
210.7		0.38185
210.8		0.38185
210.9		0.38185
211		0.38185
211.1		0.384101
211.2		0.384101
211.3		0.384101
211.4		0.384101
211.5		0.384101
211.6		0.384101
211.7		0.384101
211.8		0.384101
211.9		0.384101
212		0.384101
212.1		0.388286
212.2		0.388286
212.3		0.388286
212.4		0.388286
212.5		0.388286
212.6		0.388286
212.7		0.388286
212.8		0.388286
212.9		0.388286
213		0.388286
213.1		0.390388
213.2		0.390388
213.3		0.390388
213.4		0.390388
213.5		0.390388
213.6		0.390388
213.7		0.390388
213.8		0.390388
213.9		0.390388
214		0.390388
214.1		0.390538
214.2		0.390538
214.3		0.390538
214.4		0.390538
214.5		0.390538
214.6		0.390538
214.7		0.390538
214.8		0.390538
214.9		0.390538
215		0.390538
215.1		0.391964
215.2		0.391964
215.3		0.391964
215.4		0.391964
215.5		0.391964
215.6		0.391964
215.7		0.391964
215.8		0.391964
215.9		0.391964
216		0.391964
216.1		0.39613
216.2		0.39613
216.3		0.39613
216.4		0.39613
216.5		0.39613
216.6		0.39613
216.7		0.39613
216.8		0.39613
216.9		0.39613
217		0.39613
217.1		0.399077
217.2		0.399077
217.3		0.399077
217.4		0.399077
217.5		0.399077
217.6		0.399077
217.7		0.399077
217.8		0.399077
217.9		0.399077
218		0.399077
218.1		0.399658
218.2		0.399658
218.3		0.399658
218.4		0.399658
218.5		0.399658
218.6		0.399658
218.7		0.399658
218.8		0.399658
218.9		0.399658
219		0.399658
219.1		0.40024
219.2		0.40024
219.3		0.40024
219.4		0.40024
219.5		0.40024
219.6		0.40024
219.7		0.40024
219.8		0.40024
219.9		0.40024
220		0.40024
220.1		0.40146
220.2		0.40146
220.3		0.40146
220.4		0.40146
220.5		0.40146
220.6		0.40146
220.7		0.40146
220.8		0.40146
220.9		0.40146
221		0.40146
221.1		0.405513
221.2		0.405513
221.3		0.405513
221.4		0.405513
221.5		0.405513
221.6		0.405513
221.7		0.405513
221.8		0.405513
221.9		0.405513
222		0.405513
222.1		0.407747
222.2		0.407747
222.3		0.407747
222.4		0.407747
222.5		0.407747
222.6		0.407747
222.7		0.407747
222.8		0.407747
222.9		0.407747
223		0.407747
223.1		0.40921
223.2		0.40921
223.3		0.40921
223.4		0.40921
223.5		0.40921
223.6		0.40921
223.7		0.40921
223.8		0.40921
223.9		0.40921
224		0.40921
224.1		0.409623
224.2		0.409623
224.3		0.409623
224.4		0.409623
224.5		0.409623
224.6		0.409623
224.7		0.409623
224.8		0.409623
224.9		0.409623
225		0.409623
225.1		0.410899
225.2		0.410899
225.3		0.410899
225.4		0.410899
225.5		0.410899
225.6		0.410899
225.7		0.410899
225.8		0.410899
225.9		0.410899
226		0.410899
226.1		0.415309
226.2		0.415309
226.3		0.415309
226.4		0.415309
226.5		0.415309
226.6		0.415309
226.7		0.415309
226.8		0.415309
226.9		0.415309
227		0.415309
227.1		0.418124
227.2		0.418124
227.3		0.418124
227.4		0.418124
227.5		0.418124
227.6		0.418124
227.7		0.418124
227.8		0.418124
227.9		0.418124
228		0.418124
228.1		0.4188
228.2		0.4188
228.3		0.4188
228.4		0.4188
228.5		0.4188
228.6		0.4188
228.7		0.4188
228.8		0.4188
228.9		0.4188
229		0.4188
229.1		0.420301
229.2		0.420301
229.3		0.420301
229.4		0.420301
229.5		0.420301
229.6		0.420301
229.7		0.420301
229.8		0.420301
229.9		0.420301
230		0.420301
230.1		0.426081
230.2		0.426081
230.3		0.426081
230.4		0.426081
230.5		0.426081
230.6		0.426081
230.7		0.426081
230.8		0.426081
230.9		0.426081
231		0.426081
231.1		0.427113
231.2		0.427113
231.3		0.427113
231.4		0.427113
231.5		0.427113
231.6		0.427113
231.7		0.427113
231.8		0.427113
231.9		0.427113
232		0.427113
232.1		0.427357
232.2		0.427357
232.3		0.427357
232.4		0.427357
232.5		0.427357
232.6		0.427357
232.7		0.427357
232.8		0.427357
232.9		0.427357
233		0.427357
233.1		0.429177
233.2		0.429177
233.3		0.429177
233.4		0.429177
233.5		0.429177
233.6		0.429177
233.7		0.429177
233.8		0.429177
233.9		0.429177
234		0.429177
234.1		0.431917
234.2		0.431917
234.3		0.431917
234.4		0.431917
234.5		0.431917
234.6		0.431917
234.7		0.431917
234.8		0.431917
234.9		0.431917
235		0.431917
235.1		0.434901
235.2		0.434901
235.3		0.434901
235.4		0.434901
235.5		0.434901
235.6		0.434901
235.7		0.434901
235.8		0.434901
235.9		0.434901
236		0.434901
236.1		0.436515
236.2		0.436515
236.3		0.436515
236.4		0.436515
236.5		0.436515
236.6		0.436515
236.7		0.436515
236.8		0.436515
236.9		0.436515
237		0.436515
237.1		0.436834
237.2		0.436834
237.3		0.436834
237.4		0.436834
237.5		0.436834
237.6		0.436834
237.7		0.436834
237.8		0.436834
237.9		0.436834
238		0.436834
238.1		0.441431
238.2		0.441431
238.3		0.441431
238.4		0.441431
238.5		0.441431
238.6		0.441431
238.7		0.441431
238.8		0.441431
238.9		0.441431
239		0.441431
239.1		0.443834
239.2		0.443834
239.3		0.443834
239.4		0.443834
239.5		0.443834
239.6		0.443834
239.7		0.443834
239.8		0.443834
239.9		0.443834
240		0.443834
240.1		0.444472
240.2		0.444472
240.3		0.444472
240.4		0.444472
240.5		0.444472
240.6		0.444472
240.7		0.444472
240.8		0.444472
240.9		0.444472
241		0.444472
241.1		0.44601
241.2		0.44601
241.3		0.44601
241.4		0.44601
241.5		0.44601
241.6		0.44601
241.7		0.44601
241.8		0.44601
241.9		0.44601
242		0.44601
242.1		0.450477
242.2		0.450477
242.3		0.450477
242.4		0.450477
242.5		0.450477
242.6		0.450477
242.7		0.450477
242.8		0.450477
242.9		0.450477
243		0.450477
243.1		0.451209
243.2		0.451209
243.3		0.451209
243.4		0.451209
243.5		0.451209
243.6		0.451209
243.7		0.451209
243.8		0.451209
243.9		0.451209
244		0.451209
244.1		0.45256
244.2		0.45256
244.3		0.45256
244.4		0.45256
244.5		0.45256
244.6		0.45256
244.7		0.45256
244.8		0.45256
244.9		0.45256
245		0.45256
245.1		0.455712
245.2		0.455712
245.3		0.455712
245.4		0.455712
245.5		0.455712
245.6		0.455712
245.7		0.455712
245.8		0.455712
245.9		0.455712
246		0.455712
246.1		0.456519
246.2		0.456519
246.3		0.456519
246.4		0.456519
246.5		0.456519
246.6		0.456519
246.7		0.456519
246.8		0.456519
246.9		0.456519
247		0.456519
247.1		0.458265
247.2		0.458265
247.3		0.458265
247.4		0.458265
247.5		0.458265
247.6		0.458265
247.7		0.458265
247.8		0.458265
247.9		0.458265
248		0.458265
248.1		0.458734
248.2		0.458734
248.3		0.458734
248.4		0.458734
248.5		0.458734
248.6		0.458734
248.7		0.458734
248.8		0.458734
248.9		0.458734
249		0.458734
249.1		0.460498
249.2		0.460498
249.3		0.460498
249.4		0.460498
249.5		0.460498
249.6		0.460498
249.7		0.460498
249.8		0.460498
249.9		0.460498
250		0.460498
250.1		0.462843
250.2		0.462843
250.3		0.462843
250.4		0.462843
250.5		0.462843
250.6		0.462843
250.7		0.462843
250.8		0.462843
250.9		0.462843
251		0.462843
251.1		0.46564
251.2		0.46564
251.3		0.46564
251.4		0.46564
251.5		0.46564
251.6		0.46564
251.7		0.46564
251.8		0.46564
251.9		0.46564
252		0.46564
252.1		0.467629
252.2		0.467629
252.3		0.467629
252.4		0.467629
252.5		0.467629
252.6		0.467629
252.7		0.467629
252.8		0.467629
252.9		0.467629
253		0.467629
253.1		0.469899
253.2		0.469899
253.3		0.469899
253.4		0.469899
253.5		0.469899
253.6		0.469899
253.7		0.469899
253.8		0.469899
253.9		0.469899
254		0.469899
254.1		0.470481
254.2		0.470481
254.3		0.470481
254.4		0.470481
254.5		0.470481
254.6		0.470481
254.7		0.470481
254.8		0.470481
254.9		0.470481
255		0.470481
255.1		0.474159
255.2		0.474159
255.3		0.474159
255.4		0.474159
255.5		0.474159
255.6		0.474159
255.7		0.474159
255.8		0.474159
255.9		0.474159
256		0.474159
256.1		0.47551
256.2		0.47551
256.3		0.47551
256.4		0.47551
256.5		0.47551
256.6		0.47551
256.7		0.47551
256.8		0.47551
256.9		0.47551
257		0.47551
257.1		0.47658
257.2		0.47658
257.3		0.47658
257.4		0.47658
257.5		0.47658
257.6		0.47658
257.7		0.47658
257.8		0.47658
257.9		0.47658
258		0.47658
258.1		0.478419
258.2		0.478419
258.3		0.478419
258.4		0.478419
258.5		0.478419
258.6		0.478419
258.7		0.478419
258.8		0.478419
258.9		0.478419
259		0.478419
259.1		0.480164
259.2		0.480164
259.3		0.480164
259.4		0.480164
259.5		0.480164
259.6		0.480164
259.7		0.480164
259.8		0.480164
259.9		0.480164
260		0.480164
260.1		0.483111
260.2		0.483111
260.3		0.483111
260.4		0.483111
260.5		0.483111
260.6		0.483111
260.7		0.483111
260.8		0.483111
260.9		0.483111
261		0.483111
261.1		0.485456
261.2		0.485456
261.3		0.485456
261.4		0.485456
261.5		0.485456
261.6		0.485456
261.7		0.485456
261.8		0.485456
261.9		0.485456
262		0.485456
262.1		0.485813
262.2		0.485813
262.3		0.485813
262.4		0.485813
262.5		0.485813
262.6		0.485813
262.7		0.485813
262.8		0.485813
262.9		0.485813
263		0.485813
263.1		0.486676
263.2		0.486676
263.3		0.486676
263.4		0.486676
263.5		0.486676
263.6		0.486676
263.7		0.486676
263.8		0.486676
263.9		0.486676
264		0.486676
264.1		0.49103
264.2		0.49103
264.3		0.49103
264.4		0.49103
264.5		0.49103
264.6		0.49103
264.7		0.49103
264.8		0.49103
264.9		0.49103
265		0.49103
265.1		0.492212
265.2		0.492212
265.3		0.492212
265.4		0.492212
265.5		0.492212
265.6		0.492212
265.7		0.492212
265.8		0.492212
265.9		0.492212
266		0.492212
266.1		0.493939
266.2		0.493939
266.3		0.493939
266.4		0.493939
266.5		0.493939
266.6		0.493939
266.7		0.493939
266.8		0.493939
266.9		0.493939
267		0.493939
267.1		0.496678
267.2		0.496678
267.3		0.496678
267.4		0.496678
267.5		0.496678
267.6		0.496678
267.7		0.496678
267.8		0.496678
267.9		0.496678
268		0.496678
268.1		0.497035
268.2		0.497035
268.3		0.497035
268.4		0.497035
268.5		0.497035
268.6		0.497035
268.7		0.497035
268.8		0.497035
268.9		0.497035
269		0.497035
269.1		0.501445
269.2		0.501445
269.3		0.501445
269.4		0.501445
269.5		0.501445
269.6		0.501445
269.7		0.501445
269.8		0.501445
269.9		0.501445
270		0.501445
270.1		0.501895
270.2		0.501895
270.3		0.501895
270.4		0.501895
270.5		0.501895
270.6		0.501895
270.7		0.501895
270.8		0.501895
270.9		0.501895
271		0.501895
271.1		0.502477
271.2		0.502477
271.3		0.502477
271.4		0.502477
271.5		0.502477
271.6		0.502477
271.7		0.502477
271.8		0.502477
271.9		0.502477
272		0.502477
272.1		0.507413
272.2		0.507413
272.3		0.507413
272.4		0.507413
272.5		0.507413
272.6		0.507413
272.7		0.507413
272.8		0.507413
272.9		0.507413
273		0.507413
273.1		0.507957
273.2		0.507957
273.3		0.507957
273.4		0.507957
273.5		0.507957
273.6		0.507957
273.7		0.507957
273.8		0.507957
273.9		0.507957
274		0.507957
274.1		0.508238
274.2		0.508238
274.3		0.508238
274.4		0.508238
274.5		0.508238
274.6		0.508238
274.7		0.508238
274.8		0.508238
274.9		0.508238
275		0.508238
275.1		0.511579
275.2		0.511579
275.3		0.511579
275.4		0.511579
275.5		0.511579
275.6		0.511579
275.7		0.511579
275.8		0.511579
275.9		0.511579
276		0.511579
276.1		0.514581
276.2		0.514581
276.3		0.514581
276.4		0.514581
276.5		0.514581
276.6		0.514581
276.7		0.514581
276.8		0.514581
276.9		0.514581
277		0.514581
277.1		0.515838
277.2		0.515838
277.3		0.515838
277.4		0.515838
277.5		0.515838
277.6		0.515838
277.7		0.515838
277.8		0.515838
277.9		0.515838
278		0.515838
278.1		0.517002
278.2		0.517002
278.3		0.517002
278.4		0.517002
278.5		0.517002
278.6		0.517002
278.7		0.517002
278.8		0.517002
278.9		0.517002
279		0.517002
279.1		0.518409
279.2		0.518409
279.3		0.518409
279.4		0.518409
279.5		0.518409
279.6		0.518409
279.7		0.518409
279.8		0.518409
279.9		0.518409
280		0.518409
280.1		0.522238
280.2		0.522238
280.3		0.522238
280.4		0.522238
280.5		0.522238
280.6		0.522238
280.7		0.522238
280.8		0.522238
280.9		0.522238
281		0.522238
281.1		0.52342
281.2		0.52342
281.3		0.52342
281.4		0.52342
281.5		0.52342
281.6		0.52342
281.7		0.52342
281.8		0.52342
281.9		0.52342
282		0.52342
282.1		0.524734
282.2		0.524734
282.3		0.524734
282.4		0.524734
282.5		0.524734
282.6		0.524734
282.7		0.524734
282.8		0.524734
282.9		0.524734
283		0.524734
283.1		0.52676
283.2		0.52676
283.3		0.52676
283.4		0.52676
283.5		0.52676
283.6		0.52676
283.7		0.52676
283.8		0.52676
283.9		0.52676
284		0.52676
284.1		0.533084
284.2		0.533084
284.3		0.533084
284.4		0.533084
284.5		0.533084
284.6		0.533084
284.7		0.533084
284.8		0.533084
284.9		0.533084
285		0.533084
285.1		0.533291
285.2		0.533291
285.3		0.533291
285.4		0.533291
285.5		0.533291
285.6		0.533291
285.7		0.533291
285.8		0.533291
285.9		0.533291
286		0.533291
286.1		0.535074
286.2		0.535074
286.3		0.535074
286.4		0.535074
286.5		0.535074
286.6		0.535074
286.7		0.535074
286.8		0.535074
286.9		0.535074
287		0.535074
287.1		0.537907
287.2		0.537907
287.3		0.537907
287.4		0.537907
287.5		0.537907
287.6		0.537907
287.7		0.537907
287.8		0.537907
287.9		0.537907
288		0.537907
288.1		0.542542
288.2		0.542542
288.3		0.542542
288.4		0.542542
288.5		0.542542
288.6		0.542542
288.7		0.542542
288.8		0.542542
288.9		0.542542
289		0.542542
289.1		0.542749
289.2		0.542749
289.3		0.542749
289.4		0.542749
289.5		0.542749
289.6		0.542749
289.7		0.542749
289.8		0.542749
289.9		0.542749
290		0.542749
290.1		0.544494
290.2		0.544494
290.3		0.544494
290.4		0.544494
290.5		0.544494
290.6		0.544494
290.7		0.544494
290.8		0.544494
290.9		0.544494
291		0.544494
291.1		0.549298
291.2		0.549298
291.3		0.549298
291.4		0.549298
291.5		0.549298
291.6		0.549298
291.7		0.549298
291.8		0.549298
291.9		0.549298
292		0.549298
292.1		0.550518
292.2		0.550518
292.3		0.550518
292.4		0.550518
292.5		0.550518
292.6		0.550518
292.7		0.550518
292.8		0.550518
292.9		0.550518
293		0.550518
293.1		0.550706
293.2		0.550706
293.3		0.550706
293.4		0.550706
293.5		0.550706
293.6		0.550706
293.7		0.550706
293.8		0.550706
293.9		0.550706
294		0.550706
294.1		0.551569
294.2		0.551569
294.3		0.551569
294.4		0.551569
294.5		0.551569
294.6		0.551569
294.7		0.551569
294.8		0.551569
294.9		0.551569
295		0.551569
295.1		0.553539
295.2		0.553539
295.3		0.553539
295.4		0.553539
295.5		0.553539
295.6		0.553539
295.7		0.553539
295.8		0.553539
295.9		0.553539
296		0.553539
296.1		0.55778
296.2		0.55778
296.3		0.55778
296.4		0.55778
296.5		0.55778
296.6		0.55778
296.7		0.55778
296.8		0.55778
296.9		0.55778
297		0.55778
297.1		0.559507
297.2		0.559507
297.3		0.559507
297.4		0.559507
297.5		0.559507
297.6		0.559507
297.7		0.559507
297.8		0.559507
297.9		0.559507
298		0.559507
298.1		0.559657
298.2		0.559657
298.3		0.559657
298.4		0.559657
298.5		0.559657
298.6		0.559657
298.7		0.559657
298.8		0.559657
298.9		0.559657
299		0.559657
299.1		0.567351
299.2		0.567351
299.3		0.567351
299.4		0.567351
299.5		0.567351
299.6		0.567351
299.7		0.567351
299.8		0.567351
299.9		0.567351
300		0.567351
300.1		0.568045
300.2		0.568045
300.3		0.568045
300.4		0.568045
300.5		0.568045
300.6		0.568045
300.7		0.568045
300.8		0.568045
300.9		0.568045
301		0.568045
301.1		0.568721
301.2		0.568721
301.3		0.568721
301.4		0.568721
301.5		0.568721
301.6		0.568721
301.7		0.568721
301.8		0.568721
301.9		0.568721
302		0.568721
302.1		0.573844
302.2		0.573844
302.3		0.573844
302.4		0.573844
302.5		0.573844
302.6		0.573844
302.7		0.573844
302.8		0.573844
302.9		0.573844
303		0.573844
303.1		0.575101
303.2		0.575101
303.3		0.575101
303.4		0.575101
303.5		0.575101
303.6		0.575101
303.7		0.575101
303.8		0.575101
303.9		0.575101
304		0.575101
304.1		0.578367
304.2		0.578367
304.3		0.578367
304.4		0.578367
304.5		0.578367
304.6		0.578367
304.7		0.578367
304.8		0.578367
304.9		0.578367
305		0.578367
305.1		0.579324
305.2		0.579324
305.3		0.579324
305.4		0.579324
305.5		0.579324
305.6		0.579324
305.7		0.579324
305.8		0.579324
305.9		0.579324
306		0.579324
306.1		0.581444
306.2		0.581444
306.3		0.581444
306.4		0.581444
306.5		0.581444
306.6		0.581444
306.7		0.581444
306.8		0.581444
306.9		0.581444
307		0.581444
307.1		0.581857
307.2		0.581857
307.3		0.581857
307.4		0.581857
307.5		0.581857
307.6		0.581857
307.7		0.581857
307.8		0.581857
307.9		0.581857
308		0.581857
308.1		0.584447
308.2		0.584447
308.3		0.584447
308.4		0.584447
308.5		0.584447
308.6		0.584447
308.7		0.584447
308.8		0.584447
308.9		0.584447
309		0.584447
309.1		0.584578
309.2		0.584578
309.3		0.584578
309.4		0.584578
309.5		0.584578
309.6		0.584578
309.7		0.584578
309.8		0.584578
309.9		0.584578
310		0.584578
310.1		0.591916
310.2		0.591916
310.3		0.591916
310.4		0.591916
310.5		0.591916
310.6		0.591916
310.7		0.591916
310.8		0.591916
310.9		0.591916
311		0.591916
311.1		0.592328
311.2		0.592328
311.3		0.592328
311.4		0.592328
311.5		0.592328
311.6		0.592328
311.7		0.592328
311.8		0.592328
311.9		0.592328
312		0.592328
312.1		0.593042
312.2		0.593042
312.3		0.593042
312.4		0.593042
312.5		0.593042
312.6		0.593042
312.7		0.593042
312.8		0.593042
312.9		0.593042
313		0.593042
313.1		0.59398
313.2		0.59398
313.3		0.59398
313.4		0.59398
313.5		0.59398
313.6		0.59398
313.7		0.59398
313.8		0.59398
313.9		0.59398
314		0.59398
314.1		0.599234
314.2		0.599234
314.3		0.599234
314.4		0.599234
314.5		0.599234
314.6		0.599234
314.7		0.599234
314.8		0.599234
314.9		0.599234
315		0.599234
315.1		0.599722
315.2		0.599722
315.3		0.599722
315.4		0.599722
315.5		0.599722
315.6		0.599722
315.7		0.599722
315.8		0.599722
315.9		0.599722
316		0.599722
316.1		0.602274
316.2		0.602274
316.3		0.602274
316.4		0.602274
316.5		0.602274
316.6		0.602274
316.7		0.602274
316.8		0.602274
316.9		0.602274
317		0.602274
317.1		0.603025
317.2		0.603025
317.3		0.603025
317.4		0.603025
317.5		0.603025
317.6		0.603025
317.7		0.603025
317.8		0.603025
317.9		0.603025
318		0.603025
318.1		0.60462
318.2		0.60462
318.3		0.60462
318.4		0.60462
318.5		0.60462
318.6		0.60462
318.7		0.60462
318.8		0.60462
318.9		0.60462
319		0.60462
319.1		0.608974
319.2		0.608974
319.3		0.608974
319.4		0.608974
319.5		0.608974
319.6		0.608974
319.7		0.608974
319.8		0.608974
319.9		0.608974
320		0.608974
320.1		0.611019
320.2		0.611019
320.3		0.611019
320.4		0.611019
320.5		0.611019
320.6		0.611019
320.7		0.611019
320.8		0.611019
320.9		0.611019
321		0.611019
321.1		0.611808
321.2		0.611808
321.3		0.611808
321.4		0.611808
321.5		0.611808
321.6		0.611808
321.7		0.611808
321.8		0.611808
321.9		0.611808
322		0.611808
322.1		0.614303
322.2		0.614303
322.3		0.614303
322.4		0.614303
322.5		0.614303
322.6		0.614303
322.7		0.614303
322.8		0.614303
322.9		0.614303
323		0.614303
323.1		0.616612
323.2		0.616612
323.3		0.616612
323.4		0.616612
323.5		0.616612
323.6		0.616612
323.7		0.616612
323.8		0.616612
323.9		0.616612
324		0.616612
324.1		0.618169
324.2		0.618169
324.3		0.618169
324.4		0.618169
324.5		0.618169
324.6		0.618169
324.7		0.618169
324.8		0.618169
324.9		0.618169
325		0.618169
325.1		0.62029
325.2		0.62029
325.3		0.62029
325.4		0.62029
325.5		0.62029
325.6		0.62029
325.7		0.62029
325.8		0.62029
325.9		0.62029
326		0.62029
326.1		0.620759
326.2		0.620759
326.3		0.620759
326.4		0.620759
326.5		0.620759
326.6		0.620759
326.7		0.620759
326.8		0.620759
326.9		0.620759
327		0.620759
327.1		0.624343
327.2		0.624343
327.3		0.624343
327.4		0.624343
327.5		0.624343
327.6		0.624343
327.7		0.624343
327.8		0.624343
327.9		0.624343
328		0.624343
328.1		0.625469
328.2		0.625469
328.3		0.625469
328.4		0.625469
328.5		0.625469
328.6		0.625469
328.7		0.625469
328.8		0.625469
328.9		0.625469
329		0.625469
329.1		0.62744
329.2		0.62744
329.3		0.62744
329.4		0.62744
329.5		0.62744
329.6		0.62744
329.7		0.62744
329.8		0.62744
329.9		0.62744
330		0.62744
330.1		0.629954
330.2		0.629954
330.3		0.629954
330.4		0.629954
330.5		0.629954
330.6		0.629954
330.7		0.629954
330.8		0.629954
330.9		0.629954
331		0.629954
331.1		0.630555
331.2		0.630555
331.3		0.630555
331.4		0.630555
331.5		0.630555
331.6		0.630555
331.7		0.630555
331.8		0.630555
331.9		0.630555
332		0.630555
332.1		0.632657
332.2		0.632657
332.3		0.632657
332.4		0.632657
332.5		0.632657
332.6		0.632657
332.7		0.632657
332.8		0.632657
332.9		0.632657
333		0.632657
333.1		0.634177
333.2		0.634177
333.3		0.634177
333.4		0.634177
333.5		0.634177
333.6		0.634177
333.7		0.634177
333.8		0.634177
333.9		0.634177
334		0.634177
334.1		0.635922
334.2		0.635922
334.3		0.635922
334.4		0.635922
334.5		0.635922
334.6		0.635922
334.7		0.635922
334.8		0.635922
334.9		0.635922
335		0.635922
335.1		0.638455
335.2		0.638455
335.3		0.638455
335.4		0.638455
335.5		0.638455
335.6		0.638455
335.7		0.638455
335.8		0.638455
335.9		0.638455
336		0.638455
336.1		0.642546
336.2		0.642546
336.3		0.642546
336.4		0.642546
336.5		0.642546
336.6		0.642546
336.7		0.642546
336.8		0.642546
336.9		0.642546
337		0.642546
337.1		0.64356
337.2		0.64356
337.3		0.64356
337.4		0.64356
337.5		0.64356
337.6		0.64356
337.7		0.64356
337.8		0.64356
337.9		0.64356
338		0.64356
338.1		0.645117
338.2		0.645117
338.3		0.645117
338.4		0.645117
338.5		0.645117
338.6		0.645117
338.7		0.645117
338.8		0.645117
338.9		0.645117
339		0.645117
339.1		0.649339
339.2		0.649339
339.3		0.649339
339.4		0.649339
339.5		0.649339
339.6		0.649339
339.7		0.649339
339.8		0.649339
339.9		0.649339
340		0.649339
340.1		0.651516
340.2		0.651516
340.3		0.651516
340.4		0.651516
340.5		0.651516
340.6		0.651516
340.7		0.651516
340.8		0.651516
340.9		0.651516
341		0.651516
341.1		0.655232
341.2		0.655232
341.3		0.655232
341.4		0.655232
341.5		0.655232
341.6		0.655232
341.7		0.655232
341.8		0.655232
341.9		0.655232
342		0.655232
342.1		0.658272
342.2		0.658272
342.3		0.658272
342.4		0.658272
342.5		0.658272
342.6		0.658272
342.7		0.658272
342.8		0.658272
342.9		0.658272
343		0.658272
343.1		0.658497
343.2		0.658497
343.3		0.658497
343.4		0.658497
343.5		0.658497
343.6		0.658497
343.7		0.658497
343.8		0.658497
343.9		0.658497
344		0.658497
344.1		0.660805
344.2		0.660805
344.3		0.660805
344.4		0.660805
344.5		0.660805
344.6		0.660805
344.7		0.660805
344.8		0.660805
344.9		0.660805
345		0.660805
345.1		0.663358
345.2		0.663358
345.3		0.663358
345.4		0.663358
345.5		0.663358
345.6		0.663358
345.7		0.663358
345.8		0.663358
345.9		0.663358
346		0.663358
346.1		0.663677
346.2		0.663677
346.3		0.663677
346.4		0.663677
346.5		0.663677
346.6		0.663677
346.7		0.663677
346.8		0.663677
346.9		0.663677
347		0.663677
347.1		0.66606
347.2		0.66606
347.3		0.66606
347.4		0.66606
347.5		0.66606
347.6		0.66606
347.7		0.66606
347.8		0.66606
347.9		0.66606
348		0.66606
348.1		0.666904
348.2		0.666904
348.3		0.666904
348.4		0.666904
348.5		0.666904
348.6		0.666904
348.7		0.666904
348.8		0.666904
348.9		0.666904
349		0.666904
349.1		0.667223
349.2		0.667223
349.3		0.667223
349.4		0.667223
349.5		0.667223
349.6		0.667223
349.7		0.667223
349.8		0.667223
349.9		0.667223
350		0.667223
350.1		0.671971
350.2		0.671971
350.3		0.671971
350.4		0.671971
350.5		0.671971
350.6		0.671971
350.7		0.671971
350.8		0.671971
350.9		0.671971
351		0.671971
351.1		0.673041
351.2		0.673041
351.3		0.673041
351.4		0.673041
351.5		0.673041
351.6		0.673041
351.7		0.673041
351.8		0.673041
351.9		0.673041
352		0.673041
352.1		0.676719
352.2		0.676719
352.3		0.676719
352.4		0.676719
352.5		0.676719
352.6		0.676719
352.7		0.676719
352.8		0.676719
352.9		0.676719
353		0.676719
353.1		0.676907
353.2		0.676907
353.3		0.676907
353.4		0.676907
353.5		0.676907
353.6		0.676907
353.7		0.676907
353.8		0.676907
353.9		0.676907
354		0.676907
354.1		0.682011
354.2		0.682011
354.3		0.682011
354.4		0.682011
354.5		0.682011
354.6		0.682011
354.7		0.682011
354.8		0.682011
354.9		0.682011
355		0.682011
355.1		0.683475
355.2		0.683475
355.3		0.683475
355.4		0.683475
355.5		0.683475
355.6		0.683475
355.7		0.683475
355.8		0.683475
355.9		0.683475
356		0.683475
356.1		0.687209
356.2		0.687209
356.3		0.687209
356.4		0.687209
356.5		0.687209
356.6		0.687209
356.7		0.687209
356.8		0.687209
356.9		0.687209
357		0.687209
357.1		0.687584
357.2		0.687584
357.3		0.687584
357.4		0.687584
357.5		0.687584
357.6		0.687584
357.7		0.687584
357.8		0.687584
357.9		0.687584
358		0.687584
358.1		0.692182
358.2		0.692182
358.3		0.692182
358.4		0.692182
358.5		0.692182
358.6		0.692182
358.7		0.692182
358.8		0.692182
358.9		0.692182
359		0.692182
359.1		0.69267
359.2		0.69267
359.3		0.69267
359.4		0.69267
359.5		0.69267
359.6		0.69267
359.7		0.69267
359.8		0.69267
359.9		0.69267
360		0.69267
360.1		0.693571
360.2		0.693571
360.3		0.693571
360.4		0.693571
360.5		0.693571
360.6		0.693571
360.7		0.693571
360.8		0.693571
360.9		0.693571
361		0.693571
361.1		0.696442
361.2		0.696442
361.3		0.696442
361.4		0.696442
361.5		0.696442
361.6		0.696442
361.7		0.696442
361.8		0.696442
361.9		0.696442
362		0.696442
362.1		0.700814
362.2		0.700814
362.3		0.700814
362.4		0.700814
362.5		0.700814
362.6		0.700814
362.7		0.700814
362.8		0.700814
362.9		0.700814
363		0.700814
363.1		0.70194
363.2		0.70194
363.3		0.70194
363.4		0.70194
363.5		0.70194
363.6		0.70194
363.7		0.70194
363.8		0.70194
363.9		0.70194
364		0.70194
364.1		0.702147
364.2		0.702147
364.3		0.702147
364.4		0.702147
364.5		0.702147
364.6		0.702147
364.7		0.702147
364.8		0.702147
364.9		0.702147
365		0.702147
365.1		0.703817
365.2		0.703817
365.3		0.703817
365.4		0.703817
365.5		0.703817
365.6		0.703817
365.7		0.703817
365.8		0.703817
365.9		0.703817
366		0.703817
366.1		0.70682
366.2		0.70682
366.3		0.70682
366.4		0.70682
366.5		0.70682
366.6		0.70682
366.7		0.70682
366.8		0.70682
366.9		0.70682
367		0.70682
367.1		0.711905
367.2		0.711905
367.3		0.711905
367.4		0.711905
367.5		0.711905
367.6		0.711905
367.7		0.711905
367.8		0.711905
367.9		0.711905
368		0.711905
368.1		0.712243
368.2		0.712243
368.3		0.712243
368.4		0.712243
368.5		0.712243
368.6		0.712243
368.7		0.712243
368.8		0.712243
368.9		0.712243
369		0.712243
369.1		0.713632
369.2		0.713632
369.3		0.713632
369.4		0.713632
369.5		0.713632
369.6		0.713632
369.7		0.713632
369.8		0.713632
369.9		0.713632
370		0.713632
370.1		0.714889
370.2		0.714889
370.3		0.714889
370.4		0.714889
370.5		0.714889
370.6		0.714889
370.7		0.714889
370.8		0.714889
370.9		0.714889
371		0.714889
371.1		0.716446
371.2		0.716446
371.3		0.716446
371.4		0.716446
371.5		0.716446
371.6		0.716446
371.7		0.716446
371.8		0.716446
371.9		0.716446
372		0.716446
372.1		0.719974
372.2		0.719974
372.3		0.719974
372.4		0.719974
372.5		0.719974
372.6		0.719974
372.7		0.719974
372.8		0.719974
372.9		0.719974
373		0.719974
373.1		0.723484
373.2		0.723484
373.3		0.723484
373.4		0.723484
373.5		0.723484
373.6		0.723484
373.7		0.723484
373.8		0.723484
373.9		0.723484
374		0.723484
374.1		0.724047
374.2		0.724047
374.3		0.724047
374.4		0.724047
374.5		0.724047
374.6		0.724047
374.7		0.724047
374.8		0.724047
374.9		0.724047
375		0.724047
375.1		0.725135
375.2		0.725135
375.3		0.725135
375.4		0.725135
375.5		0.725135
375.6		0.725135
375.7		0.725135
375.8		0.725135
375.9		0.725135
376		0.725135
376.1		0.727537
376.2		0.727537
376.3		0.727537
376.4		0.727537
376.5		0.727537
376.6		0.727537
376.7		0.727537
376.8		0.727537
376.9		0.727537
377		0.727537
377.1		0.729639
377.2		0.729639
377.3		0.729639
377.4		0.729639
377.5		0.729639
377.6		0.729639
377.7		0.729639
377.8		0.729639
377.9		0.729639
378		0.729639
378.1		0.730802
378.2		0.730802
378.3		0.730802
378.4		0.730802
378.5		0.730802
378.6		0.730802
378.7		0.730802
378.8		0.730802
378.9		0.730802
379		0.730802
379.1		0.733373
379.2		0.733373
379.3		0.733373
379.4		0.733373
379.5		0.733373
379.6		0.733373
379.7		0.733373
379.8		0.733373
379.9		0.733373
380		0.733373
380.1		0.73769
380.2		0.73769
380.3		0.73769
380.4		0.73769
380.5		0.73769
380.6		0.73769
380.7		0.73769
380.8		0.73769
380.9		0.73769
381		0.73769
381.1		0.737952
381.2		0.737952
381.3		0.737952
381.4		0.737952
381.5		0.737952
381.6		0.737952
381.7		0.737952
381.8		0.737952
381.9		0.737952
382		0.737952
382.1		0.738102
382.2		0.738102
382.3		0.738102
382.4		0.738102
382.5		0.738102
382.6		0.738102
382.7		0.738102
382.8		0.738102
382.9		0.738102
383		0.738102
383.1		0.738403
383.2		0.738403
383.3		0.738403
383.4		0.738403
383.5		0.738403
383.6		0.738403
383.7		0.738403
383.8		0.738403
383.9		0.738403
384		0.738403
384.1		0.743057
384.2		0.743057
384.3		0.743057
384.4		0.743057
384.5		0.743057
384.6		0.743057
384.7		0.743057
384.8		0.743057
384.9		0.743057
385		0.743057
385.1		0.744595
385.2		0.744595
385.3		0.744595
385.4		0.744595
385.5		0.744595
385.6		0.744595
385.7		0.744595
385.8		0.744595
385.9		0.744595
386		0.744595
386.1		0.74756
386.2		0.74756
386.3		0.74756
386.4		0.74756
386.5		0.74756
386.6		0.74756
386.7		0.74756
386.8		0.74756
386.9		0.74756
387		0.74756
387.1		0.748818
387.2		0.748818
387.3		0.748818
387.4		0.748818
387.5		0.748818
387.6		0.748818
387.7		0.748818
387.8		0.748818
387.9		0.748818
388		0.748818
388.1		0.748987
388.2		0.748987
388.3		0.748987
388.4		0.748987
388.5		0.748987
388.6		0.748987
388.7		0.748987
388.8		0.748987
388.9		0.748987
389		0.748987
389.1		0.753509
389.2		0.753509
389.3		0.753509
389.4		0.753509
389.5		0.753509
389.6		0.753509
389.7		0.753509
389.8		0.753509
389.9		0.753509
390		0.753509
390.1		0.753941
390.2		0.753941
390.3		0.753941
390.4		0.753941
390.5		0.753941
390.6		0.753941
390.7		0.753941
390.8		0.753941
390.9		0.753941
391		0.753941
391.1		0.754448
391.2		0.754448
391.3		0.754448
391.4		0.754448
391.5		0.754448
391.6		0.754448
391.7		0.754448
391.8		0.754448
391.9		0.754448
392		0.754448
392.1		0.75593
392.2		0.75593
392.3		0.75593
392.4		0.75593
392.5		0.75593
392.6		0.75593
392.7		0.75593
392.8		0.75593
392.9		0.75593
393		0.75593
393.1		0.757619
393.2		0.757619
393.3		0.757619
393.4		0.757619
393.5		0.757619
393.6		0.757619
393.7		0.757619
393.8		0.757619
393.9		0.757619
394		0.757619
394.1		0.763549
394.2		0.763549
394.3		0.763549
394.4		0.763549
394.5		0.763549
394.6		0.763549
394.7		0.763549
394.8		0.763549
394.9		0.763549
395		0.763549
395.1		0.763849
395.2		0.763849
395.3		0.763849
395.4		0.763849
395.5		0.763849
395.6		0.763849
395.7		0.763849
395.8		0.763849
395.9		0.763849
396		0.763849
396.1		0.765707
396.2		0.765707
396.3		0.765707
396.4		0.765707
396.5		0.765707
396.6		0.765707
396.7		0.765707
396.8		0.765707
396.9		0.765707
397		0.765707
397.1		0.76672
397.2		0.76672
397.3		0.76672
397.4		0.76672
397.5		0.76672
397.6		0.76672
397.7		0.76672
397.8		0.76672
397.9		0.76672
398		0.76672
398.1		0.770962
398.2		0.770962
398.3		0.770962
398.4		0.770962
398.5		0.770962
398.6		0.770962
398.7		0.770962
398.8		0.770962
398.9		0.770962
399		0.770962
399.1		0.77297
399.2		0.77297
399.3		0.77297
399.4		0.77297
399.5		0.77297
399.6		0.77297
399.7		0.77297
399.8		0.77297
399.9		0.77297
400		0.77297
400.1		0.77464
400.2		0.77464
400.3		0.77464
400.4		0.77464
400.5		0.77464
400.6		0.77464
400.7		0.77464
400.8		0.77464
400.9		0.77464
401		0.77464
401.1		0.774959
401.2		0.774959
401.3		0.774959
401.4		0.774959
401.5		0.774959
401.6		0.774959
401.7		0.774959
401.8		0.774959
401.9		0.774959
402		0.774959
402.1		0.778862
402.2		0.778862
402.3		0.778862
402.4		0.778862
402.5		0.778862
402.6		0.778862
402.7		0.778862
402.8		0.778862
402.9		0.778862
403		0.778862
403.1		0.780044
403.2		0.780044
403.3		0.780044
403.4		0.780044
403.5		0.780044
403.6		0.780044
403.7		0.780044
403.8		0.780044
403.9		0.780044
404		0.780044
404.1		0.780401
404.2		0.780401
404.3		0.780401
404.4		0.780401
404.5		0.780401
404.6		0.780401
404.7		0.780401
404.8		0.780401
404.9		0.780401
405		0.780401
405.1		0.781658
405.2		0.781658
405.3		0.781658
405.4		0.781658
405.5		0.781658
405.6		0.781658
405.7		0.781658
405.8		0.781658
405.9		0.781658
406		0.781658
406.1		0.786706
406.2		0.786706
406.3		0.786706
406.4		0.786706
406.5		0.786706
406.6		0.786706
406.7		0.786706
406.8		0.786706
406.9		0.786706
407		0.786706
407.1		0.789165
407.2		0.789165
407.3		0.789165
407.4		0.789165
407.5		0.789165
407.6		0.789165
407.7		0.789165
407.8		0.789165
407.9		0.789165
408		0.789165
408.1		0.789559
408.2		0.789559
408.3		0.789559
408.4		0.789559
408.5		0.789559
408.6		0.789559
408.7		0.789559
408.8		0.789559
408.9		0.789559
409		0.789559
409.1		0.790065
409.2		0.790065
409.3		0.790065
409.4		0.790065
409.5		0.790065
409.6		0.790065
409.7		0.790065
409.8		0.790065
409.9		0.790065
410		0.790065
410.1		0.791585
410.2		0.791585
410.3		0.791585
410.4		0.791585
410.5		0.791585
410.6		0.791585
410.7		0.791585
410.8		0.791585
410.9		0.791585
411		0.791585
411.1		0.794738
411.2		0.794738
411.3		0.794738
411.4		0.794738
411.5		0.794738
411.6		0.794738
411.7		0.794738
411.8		0.794738
411.9		0.794738
412		0.794738
412.1		0.796446
412.2		0.796446
412.3		0.796446
412.4		0.796446
412.5		0.796446
412.6		0.796446
412.7		0.796446
412.8		0.796446
412.9		0.796446
413		0.796446
413.1		0.798322
413.2		0.798322
413.3		0.798322
413.4		0.798322
413.5		0.798322
413.6		0.798322
413.7		0.798322
413.8		0.798322
413.9		0.798322
414		0.798322
414.1		0.800593
414.2		0.800593
414.3		0.800593
414.4		0.800593
414.5		0.800593
414.6		0.800593
414.7		0.800593
414.8		0.800593
414.9		0.800593
415		0.800593
415.1		0.801269
415.2		0.801269
415.3		0.801269
415.4		0.801269
415.5		0.801269
415.6		0.801269
415.7		0.801269
415.8		0.801269
415.9		0.801269
416		0.801269
416.1		0.803239
416.2		0.803239
416.3		0.803239
416.4		0.803239
416.5		0.803239
416.6		0.803239
416.7		0.803239
416.8		0.803239
416.9		0.803239
417		0.803239
417.1		0.80352
417.2		0.80352
417.3		0.80352
417.4		0.80352
417.5		0.80352
417.6		0.80352
417.7		0.80352
417.8		0.80352
417.9		0.80352
418		0.80352
418.1		0.807443
418.2		0.807443
418.3		0.807443
418.4		0.807443
418.5		0.807443
418.6		0.807443
418.7		0.807443
418.8		0.807443
418.9		0.807443
419		0.807443
419.1		0.809826
419.2		0.809826
419.3		0.809826
419.4		0.809826
419.5		0.809826
419.6		0.809826
419.7		0.809826
419.8		0.809826
419.9		0.809826
420		0.809826
420.1		0.810051
420.2		0.810051
420.3		0.810051
420.4		0.810051
420.5		0.810051
420.6		0.810051
420.7		0.810051
420.8		0.810051
420.9		0.810051
421		0.810051
421.1		0.812134
421.2		0.812134
421.3		0.812134
421.4		0.812134
421.5		0.812134
421.6		0.812134
421.7		0.812134
421.8		0.812134
421.9		0.812134
422		0.812134
422.1		0.813954
422.2		0.813954
422.3		0.813954
422.4		0.813954
422.5		0.813954
422.6		0.813954
422.7		0.813954
422.8		0.813954
422.9		0.813954
423		0.813954
423.1		0.815868
423.2		0.815868
423.3		0.815868
423.4		0.815868
423.5		0.815868
423.6		0.815868
423.7		0.815868
423.8		0.815868
423.9		0.815868
424		0.815868
424.1		0.817595
424.2		0.817595
424.3		0.817595
424.4		0.817595
424.5		0.817595
424.6		0.817595
424.7		0.817595
424.8		0.817595
424.9		0.817595
425		0.817595
425.1		0.819153
425.2		0.819153
425.3		0.819153
425.4		0.819153
425.5		0.819153
425.6		0.819153
425.7		0.819153
425.8		0.819153
425.9		0.819153
426		0.819153
426.1		0.821874
426.2		0.821874
426.3		0.821874
426.4		0.821874
426.5		0.821874
426.6		0.821874
426.7		0.821874
426.8		0.821874
426.9		0.821874
427		0.821874
427.1		0.822155
427.2		0.822155
427.3		0.822155
427.4		0.822155
427.5		0.822155
427.6		0.822155
427.7		0.822155
427.8		0.822155
427.9		0.822155
428		0.822155
428.1		0.826865
428.2		0.826865
428.3		0.826865
428.4		0.826865
428.5		0.826865
428.6		0.826865
428.7		0.826865
428.8		0.826865
428.9		0.826865
429		0.826865
429.1		0.827522
429.2		0.827522
429.3		0.827522
429.4		0.827522
429.5		0.827522
429.6		0.827522
429.7		0.827522
429.8		0.827522
429.9		0.827522
430		0.827522
430.1		0.829699
430.2		0.829699
430.3		0.829699
430.4		0.829699
430.5		0.829699
430.6		0.829699
430.7		0.829699
430.8		0.829699
430.9		0.829699
431		0.829699
431.1		0.831519
431.2		0.831519
431.3		0.831519
431.4		0.831519
431.5		0.831519
431.6		0.831519
431.7		0.831519
431.8		0.831519
431.9		0.831519
432		0.831519
432.1		0.83394
432.2		0.83394
432.3		0.83394
432.4		0.83394
432.5		0.83394
432.6		0.83394
432.7		0.83394
432.8		0.83394
432.9		0.83394
433		0.83394
433.1		0.835742
433.2		0.835742
433.3		0.835742
433.4		0.835742
433.5		0.835742
433.6		0.835742
433.7		0.835742
433.8		0.835742
433.9		0.835742
434		0.835742
434.1		0.835873
434.2		0.835873
434.3		0.835873
434.4		0.835873
434.5		0.835873
434.6		0.835873
434.7		0.835873
434.8		0.835873
434.9		0.835873
435		0.835873
435.1		0.836061
435.2		0.836061
435.3		0.836061
435.4		0.836061
435.5		0.836061
435.6		0.836061
435.7		0.836061
435.8		0.836061
435.9		0.836061
436		0.836061
436.1		0.841972
436.2		0.841972
436.3		0.841972
436.4		0.841972
436.5		0.841972
436.6		0.841972
436.7		0.841972
436.8		0.841972
436.9		0.841972
437		0.841972
437.1		0.842723
437.2		0.842723
437.3		0.842723
437.4		0.842723
437.5		0.842723
437.6		0.842723
437.7		0.842723
437.8		0.842723
437.9		0.842723
438		0.842723
438.1		0.843849
438.2		0.843849
438.3		0.843849
438.4		0.843849
438.5		0.843849
438.6		0.843849
438.7		0.843849
438.8		0.843849
438.9		0.843849
439		0.843849
439.1		0.84747
439.2		0.84747
439.3		0.84747
439.4		0.84747
439.5		0.84747
439.6		0.84747
439.7		0.84747
439.8		0.84747
439.9		0.84747
440		0.84747
440.1		0.848953
440.2		0.848953
440.3		0.848953
440.4		0.848953
440.5		0.848953
440.6		0.848953
440.7		0.848953
440.8		0.848953
440.9		0.848953
441		0.848953
441.1		0.850811
441.2		0.850811
441.3		0.850811
441.4		0.850811
441.5		0.850811
441.6		0.850811
441.7		0.850811
441.8		0.850811
441.9		0.850811
442		0.850811
442.1		0.852068
442.2		0.852068
442.3		0.852068
442.4		0.852068
442.5		0.852068
442.6		0.852068
442.7		0.852068
442.8		0.852068
442.9		0.852068
443		0.852068
443.1		0.854995
443.2		0.854995
443.3		0.854995
443.4		0.854995
443.5		0.854995
443.6		0.854995
443.7		0.854995
443.8		0.854995
443.9		0.854995
444		0.854995
444.1		0.855596
444.2		0.855596
444.3		0.855596
444.4		0.855596
444.5		0.855596
444.6		0.855596
444.7		0.855596
444.8		0.855596
444.9		0.855596
445		0.855596
445.1		0.859405
445.2		0.859405
445.3		0.859405
445.4		0.859405
445.5		0.859405
445.6		0.859405
445.7		0.859405
445.8		0.859405
445.9		0.859405
446		0.859405
446.1		0.860663
446.2		0.860663
446.3		0.860663
446.4		0.860663
446.5		0.860663
446.6		0.860663
446.7		0.860663
446.8		0.860663
446.9		0.860663
447		0.860663
447.1		0.863234
447.2		0.863234
447.3		0.863234
447.4		0.863234
447.5		0.863234
447.6		0.863234
447.7		0.863234
447.8		0.863234
447.9		0.863234
448		0.863234
448.1		0.863947
448.2		0.863947
448.3		0.863947
448.4		0.863947
448.5		0.863947
448.6		0.863947
448.7		0.863947
448.8		0.863947
448.9		0.863947
449		0.863947
449.1		0.865692
449.2		0.865692
449.3		0.865692
449.4		0.865692
449.5		0.865692
449.6		0.865692
449.7		0.865692
449.8		0.865692
449.9		0.865692
450		0.865692
450.1		0.869201
450.2		0.869201
450.3		0.869201
450.4		0.869201
450.5		0.869201
450.6		0.869201
450.7		0.869201
450.8		0.869201
450.9		0.869201
451		0.869201
451.1		0.872035
451.2		0.872035
451.3		0.872035
451.4		0.872035
451.5		0.872035
451.6		0.872035
451.7		0.872035
451.8		0.872035
451.9		0.872035
452		0.872035
452.1		0.872635
452.2		0.872635
452.3		0.872635
452.4		0.872635
452.5		0.872635
452.6		0.872635
452.7		0.872635
452.8		0.872635
452.9		0.872635
453		0.872635
453.1		0.872936
453.2		0.872936
453.3		0.872936
453.4		0.872936
453.5		0.872936
453.6		0.872936
453.7		0.872936
453.8		0.872936
453.9		0.872936
454		0.872936
454.1		0.876595
454.2		0.876595
454.3		0.876595
454.4		0.876595
454.5		0.876595
454.6		0.876595
454.7		0.876595
454.8		0.876595
454.9		0.876595
455		0.876595
455.1		0.879072
455.2		0.879072
455.3		0.879072
455.4		0.879072
455.5		0.879072
455.6		0.879072
455.7		0.879072
455.8		0.879072
455.9		0.879072
456		0.879072
456.1		0.880386
456.2		0.880386
456.3		0.880386
456.4		0.880386
456.5		0.880386
456.6		0.880386
456.7		0.880386
456.8		0.880386
456.9		0.880386
457		0.880386
457.1		0.882919
457.2		0.882919
457.3		0.882919
457.4		0.882919
457.5		0.882919
457.6		0.882919
457.7		0.882919
457.8		0.882919
457.9		0.882919
458		0.882919
458.1		0.883201
458.2		0.883201
458.3		0.883201
458.4		0.883201
458.5		0.883201
458.6		0.883201
458.7		0.883201
458.8		0.883201
458.9		0.883201
459		0.883201
459.1		0.884852
459.2		0.884852
459.3		0.884852
459.4		0.884852
459.5		0.884852
459.6		0.884852
459.7		0.884852
459.8		0.884852
459.9		0.884852
460		0.884852
460.1		0.887029
460.2		0.887029
460.3		0.887029
460.4		0.887029
460.5		0.887029
460.6		0.887029
460.7		0.887029
460.8		0.887029
460.9		0.887029
461		0.887029
461.1		0.888849
461.2		0.888849
461.3		0.888849
461.4		0.888849
461.5		0.888849
461.6		0.888849
461.7		0.888849
461.8		0.888849
461.9		0.888849
462		0.888849
462.1		0.890238
462.2		0.890238
462.3		0.890238
462.4		0.890238
462.5		0.890238
462.6		0.890238
462.7		0.890238
462.8		0.890238
462.9		0.890238
463		0.890238
463.1		0.894798
463.2		0.894798
463.3		0.894798
463.4		0.894798
463.5		0.894798
463.6		0.894798
463.7		0.894798
463.8		0.894798
463.9		0.894798
464		0.894798
464.1		0.895361
464.2		0.895361
464.3		0.895361
464.4		0.895361
464.5		0.895361
464.6		0.895361
464.7		0.895361
464.8		0.895361
464.9		0.895361
465		0.895361
465.1		0.895661
465.2		0.895661
465.3		0.895661
465.4		0.895661
465.5		0.895661
465.6		0.895661
465.7		0.895661
465.8		0.895661
465.9		0.895661
466		0.895661
466.1		0.897519
466.2		0.897519
466.3		0.897519
466.4		0.897519
466.5		0.897519
466.6		0.897519
466.7		0.897519
466.8		0.897519
466.9		0.897519
467		0.897519
467.1		0.900109
467.2		0.900109
467.3		0.900109
467.4		0.900109
467.5		0.900109
467.6		0.900109
467.7		0.900109
467.8		0.900109
467.9		0.900109
468		0.900109
468.1		0.90101
468.2		0.90101
468.3		0.90101
468.4		0.90101
468.5		0.90101
468.6		0.90101
468.7		0.90101
468.8		0.90101
468.9		0.90101
469		0.90101
469.1		0.904106
469.2		0.904106
469.3		0.904106
469.4		0.904106
469.5		0.904106
469.6		0.904106
469.7		0.904106
469.8		0.904106
469.9		0.904106
470		0.904106
470.1		0.907315
470.2		0.907315
470.3		0.907315
470.4		0.907315
470.5		0.907315
470.6		0.907315
470.7		0.907315
470.8		0.907315
470.9		0.907315
471		0.907315
471.1		0.908028
471.2		0.908028
471.3		0.908028
471.4		0.908028
471.5		0.908028
471.6		0.908028
471.7		0.908028
471.8		0.908028
471.9		0.908028
472		0.908028
472.1		0.909905
472.2		0.909905
472.3		0.909905
472.4		0.909905
472.5		0.909905
472.6		0.909905
472.7		0.909905
472.8		0.909905
472.9		0.909905
473		0.909905
473.1		0.910618
473.2		0.910618
473.3		0.910618
473.4		0.910618
473.5		0.910618
473.6		0.910618
473.7		0.910618
473.8		0.910618
473.9		0.910618
474		0.910618
474.1		0.91424
474.2		0.91424
474.3		0.91424
474.4		0.91424
474.5		0.91424
474.6		0.91424
474.7		0.91424
474.8		0.91424
474.9		0.91424
475		0.91424
475.1		0.917599
475.2		0.917599
475.3		0.917599
475.4		0.917599
475.5		0.917599
475.6		0.917599
475.7		0.917599
475.8		0.917599
475.9		0.917599
476		0.917599
476.1		0.918068
476.2		0.918068
476.3		0.918068
476.4		0.918068
476.5		0.918068
476.6		0.918068
476.7		0.918068
476.8		0.918068
476.9		0.918068
477		0.918068
477.1		0.919044
477.2		0.919044
477.3		0.919044
477.4		0.919044
477.5		0.919044
477.6		0.919044
477.7		0.919044
477.8		0.919044
477.9		0.919044
478		0.919044
478.1		0.922328
478.2		0.922328
478.3		0.922328
478.4		0.922328
478.5		0.922328
478.6		0.922328
478.7		0.922328
478.8		0.922328
478.9		0.922328
479		0.922328
479.1		0.923548
479.2		0.923548
479.3		0.923548
479.4		0.923548
479.5		0.923548
479.6		0.923548
479.7		0.923548
479.8		0.923548
479.9		0.923548
480		0.923548
480.1		0.926362
480.2		0.926362
480.3		0.926362
480.4		0.926362
480.5		0.926362
480.6		0.926362
480.7		0.926362
480.8		0.926362
480.9		0.926362
481		0.926362
481.1		0.926738
481.2		0.926738
481.3		0.926738
481.4		0.926738
481.5		0.926738
481.6		0.926738
481.7		0.926738
481.8		0.926738
481.9		0.926738
482		0.926738
482.1		0.930022
482.2		0.930022
482.3		0.930022
482.4		0.930022
482.5		0.930022
482.6		0.930022
482.7		0.930022
482.8		0.930022
482.9		0.930022
483		0.930022
483.1		0.931523
483.2		0.931523
483.3		0.931523
483.4		0.931523
483.5		0.931523
483.6		0.931523
483.7		0.931523
483.8		0.931523
483.9		0.931523
484		0.931523
484.1		0.934075
484.2		0.934075
484.3		0.934075
484.4		0.934075
484.5		0.934075
484.6		0.934075
484.7		0.934075
484.8		0.934075
484.9		0.934075
485		0.934075
485.1		0.934169
485.2		0.934169
485.3		0.934169
485.4		0.934169
485.5		0.934169
485.6		0.934169
485.7		0.934169
485.8		0.934169
485.9		0.934169
486		0.934169
486.1		0.936778
486.2		0.936778
486.3		0.936778
486.4		0.936778
486.5		0.936778
486.6		0.936778
486.7		0.936778
486.8		0.936778
486.9		0.936778
487		0.936778
487.1		0.939405
487.2		0.939405
487.3		0.939405
487.4		0.939405
487.5		0.939405
487.6		0.939405
487.7		0.939405
487.8		0.939405
487.9		0.939405
488		0.939405
488.1		0.93978
488.2		0.93978
488.3		0.93978
488.4		0.93978
488.5		0.93978
488.6		0.93978
488.7		0.93978
488.8		0.93978
488.9		0.93978
489		0.93978
489.1		0.941638
489.2		0.941638
489.3		0.941638
489.4		0.941638
489.5		0.941638
489.6		0.941638
489.7		0.941638
489.8		0.941638
489.9		0.941638
490		0.941638
490.1		0.945053
490.2		0.945053
490.3		0.945053
490.4		0.945053
490.5		0.945053
490.6		0.945053
490.7		0.945053
490.8		0.945053
490.9		0.945053
491		0.945053
491.1		0.947605
491.2		0.947605
491.3		0.947605
491.4		0.947605
491.5		0.947605
491.6		0.947605
491.7		0.947605
491.8		0.947605
491.9		0.947605
492		0.947605
492.1		0.949088
492.2		0.949088
492.3		0.949088
492.4		0.949088
492.5		0.949088
492.6		0.949088
492.7		0.949088
492.8		0.949088
492.9		0.949088
493		0.949088
493.1		0.949482
493.2		0.949482
493.3		0.949482
493.4		0.949482
493.5		0.949482
493.6		0.949482
493.7		0.949482
493.8		0.949482
493.9		0.949482
494		0.949482
494.1		0.95104
494.2		0.95104
494.3		0.95104
494.4		0.95104
494.5		0.95104
494.6		0.95104
494.7		0.95104
494.8		0.95104
494.9		0.95104
495		0.95104
495.1		0.955543
495.2		0.955543
495.3		0.955543
495.4		0.955543
495.5		0.955543
495.6		0.955543
495.7		0.955543
495.8		0.955543
495.9		0.955543
496		0.955543
496.1		0.955919
496.2		0.955919
496.3		0.955919
496.4		0.955919
496.5		0.955919
496.6		0.955919
496.7		0.955919
496.8		0.955919
496.9		0.955919
497		0.955919
497.1		0.958452
497.2		0.958452
497.3		0.958452
497.4		0.958452
497.5		0.958452
497.6		0.958452
497.7		0.958452
497.8		0.958452
497.9		0.958452
498		0.958452
498.1		0.959916
498.2		0.959916
498.3		0.959916
498.4		0.959916
498.5		0.959916
498.6		0.959916
498.7		0.959916
498.8		0.959916
498.9		0.959916
499		0.959916
499.1		0.960272
499.2		0.960272
499.3		0.960272
499.4		0.960272
499.5		0.960272
499.6		0.960272
499.7		0.960272
499.8		0.960272
499.9		0.960272
500		0.960272
500.1		0.96412
500.2		0.96412
500.3		0.96412
500.4		0.96412
500.5		0.96412
500.6		0.96412
500.7		0.96412
500.8		0.96412
500.9		0.96412
501		0.96412
501.1		0.965733
501.2		0.965733
501.3		0.965733
501.4		0.965733
501.5		0.965733
501.6		0.965733
501.7		0.965733
501.8		0.965733
501.9		0.965733
502		0.965733
502.1		0.968492
502.2		0.968492
502.3		0.968492
502.4		0.968492
502.5		0.968492
502.6		0.968492
502.7		0.968492
502.8		0.968492
502.9		0.968492
503		0.968492
503.1		0.9705
503.2		0.9705
503.3		0.9705
503.4		0.9705
503.5		0.9705
503.6		0.9705
503.7		0.9705
503.8		0.9705
503.9		0.9705
504		0.9705
504.1		0.972639
504.2		0.972639
504.3		0.972639
504.4		0.972639
504.5		0.972639
504.6		0.972639
504.7		0.972639
504.8		0.972639
504.9		0.972639
505		0.972639
505.1		0.974028
505.2		0.974028
505.3		0.974028
505.4		0.974028
505.5		0.974028
505.6		0.974028
505.7		0.974028
505.8		0.974028
505.9		0.974028
506		0.974028
506.1		0.974122
506.2		0.974122
506.3		0.974122
506.4		0.974122
506.5		0.974122
506.6		0.974122
506.7		0.974122
506.8		0.974122
506.9		0.974122
507		0.974122
507.1		0.975079
507.2		0.975079
507.3		0.975079
507.4		0.975079
507.5		0.975079
507.6		0.975079
507.7		0.975079
507.8		0.975079
507.9		0.975079
508		0.975079
508.1		0.979658
508.2		0.979658
508.3		0.979658
508.4		0.979658
508.5		0.979658
508.6		0.979658
508.7		0.979658
508.8		0.979658
508.9		0.979658
509		0.979658
509.1		0.981628
509.2		0.981628
509.3		0.981628
509.4		0.981628
509.5		0.981628
509.6		0.981628
509.7		0.981628
509.8		0.981628
509.9		0.981628
510		0.981628
510.1		0.983824
510.2		0.983824
510.3		0.983824
510.4		0.983824
510.5		0.983824
510.6		0.983824
510.7		0.983824
510.8		0.983824
510.9		0.983824
511		0.983824
511.1		0.984218
511.2		0.984218
511.3		0.984218
511.4		0.984218
511.5		0.984218
511.6		0.984218
511.7		0.984218
511.8		0.984218
511.9		0.984218
512		0.984218
512.1		0.987952
512.2		0.987952
512.3		0.987952
512.4		0.987952
512.5		0.987952
512.6		0.987952
512.7		0.987952
512.8		0.987952
512.9		0.987952
513		0.987952
513.1		0.98874
513.2		0.98874
513.3		0.98874
513.4		0.98874
513.5		0.98874
513.6		0.98874
513.7		0.98874
513.8		0.98874
513.9		0.98874
514		0.98874
514.1		0.990467
514.2		0.990467
514.3		0.990467
514.4		0.990467
514.5		0.990467
514.6		0.990467
514.7		0.990467
514.8		0.990467
514.9		0.990467
515		0.990467
515.1		0.990992
515.2		0.990992
515.3		0.990992
515.4		0.990992
515.5		0.990992
515.6		0.990992
515.7		0.990992
515.8		0.990992
515.9		0.990992
516		0.990992
516.1		0.993995
516.2		0.993995
516.3		0.993995
516.4		0.993995
516.5		0.993995
516.6		0.993995
516.7		0.993995
516.8		0.993995
516.9		0.993995
517		0.993995
517.1		0.998048
517.2		0.998048
517.3		0.998048
517.4		0.998048
517.5		0.998048
517.6		0.998048
517.7		0.998048
517.8		0.998048
517.9		0.998048
518		0.998048
518.1		0.998274
518.2		0.998274
518.3		0.998274
518.4		0.998274
518.5		0.998274
518.6		0.998274
518.7		0.998274
518.8		0.998274
518.9		0.998274
519		0.998274
519.1		0.998536
519.2		0.998536
519.3		0.998536
519.4		0.998536
519.5		0.998536
519.6		0.998536
519.7		0.998536
519.8		0.998536
519.9		0.998536
520		0.998536
520.1		1
520.2		1
520.3		1
520.4		1
520.5		1
520.6		1
520.7		1
520.8		1
520.9		1
521		1
521.1		1
521.2		1
521.3		1
521.4		1
521.5		1
521.6		1
521.7		1
521.8		1
521.9		1
522		1
522.1		1
522.2		1
522.3		1
522.4		1
522.5		1
522.6		1
522.7		1
522.8		1
522.9		1
523		1
523.1		1
523.2		1
523.3		1
523.4		1
523.5		1
523.6		1
523.7		1
523.8		1
523.9		1
524		1
524.1		1
524.2		1
524.3		1
524.4		1
524.5		1
524.6		1
524.7		1
524.8		1
524.9		1
525		1
525.1		1
525.2		1
525.3		1
525.4		1
525.5		1
525.6		1
525.7		1
525.8		1
525.9		1
526		1
526.1		1
526.2		1
526.3		1
526.4		1
526.5		1
526.6		1
526.7		1
526.8		1
526.9		1
527		1
527.1		1
527.2		1
527.3		1
527.4		1
527.5		1
527.6		1
527.7		1
527.8		1
527.9		1
528		1
528.1		1
528.2		1
528.3		1
528.4		1
528.5		1
528.6		1
528.7		1
528.8		1
528.9		1
529		1
529.1		1
529.2		1
529.3		1
529.4		1
529.5		1
529.6		1
529.7		1
529.8		1
529.9		1
530		1
530.1		1
530.2		1
530.3		1
530.4		1
530.5		1
530.6		1
530.7		1
530.8		1
530.9		1
531		1
531.1		1
531.2		1
531.3		1
531.4		1
531.5		1
531.6		1
531.7		1
531.8		1
531.9		1
532		1
532.1		1
532.2		1
532.3		1
532.4		1
532.5		1
532.6		1
532.7		1
532.8		1
532.9		1
533		1
533.1		1
533.2		1
533.3		1
533.4		1
533.5		1
533.6		1
533.7		1
533.8		1
533.9		1
534		1
534.1		1
534.2		1
534.3		1
534.4		1
534.5		1
534.6		1
534.7		1
534.8		1
534.9		1
535		1
535.1		1
535.2		1
535.3		1
535.4		1
535.5		1
535.6		1
535.7		1
535.8		1
535.9		1
536		1
536.1		1
536.2		1
536.3		1
536.4		1
536.5		1
536.6		1
536.7		1
536.8		1
536.9		1
537		1
537.1		1
537.2		1
537.3		1
537.4		1
537.5		1
537.6		1
537.7		1
537.8		1
537.9		1
538		1
538.1		1
538.2		1
538.3		1
538.4		1
538.5		1
538.6		1
538.7		1
538.8		1
538.9		1
539		1
539.1		1
539.2		1
539.3		1
539.4		1
539.5		1
539.6		1
539.7		1
539.8		1
539.9		1
540		1
540.1		1
540.2		1
540.3		1
540.4		1
540.5		1
540.6		1
540.7		1
540.8		1
540.9		1
541		1
541.1		1
541.2		1
541.3		1
541.4		1
541.5		1
541.6		1
541.7		1
541.8		1
541.9		1
542		1
542.1		1
542.2		1
542.3		1
542.4		1
542.5		1
542.6		1
542.7		1
542.8		1
542.9		1
543		1
543.1		1
543.2		1
543.3		1
543.4		1
543.5		1
543.6		1
543.7		1
543.8		1
543.9		1
544		1
544.1		1
544.2		1
544.3		1
544.4		1
544.5		1
544.6		1
544.7		1
544.8		1
544.9		1
545		1
545.1		1
545.2		1
545.3		1
545.4		1
545.5		1
545.6		1
545.7		1
545.8		1
545.9		1
546		1
546.1		1
546.2		1
546.3		1
546.4		1
546.5		1
546.6		1
546.7		1
546.8		1
546.9		1
547		1
547.1		1
547.2		1
547.3		1
547.4		1
547.5		1
547.6		1
547.7		1
547.8		1
547.9		1
548		1
548.1		1
548.2		1
548.3		1
548.4		1
548.5		1
548.6		1
548.7		1
548.8		1
548.9		1
549		1
549.1		1
549.2		1
549.3		1
549.4		1
549.5		1
549.6		1
549.7		1
549.8		1
549.9		1
550		1
550.1		1
550.2		1
550.3		1
550.4		1
550.5		1
550.6		1
550.7		1
550.8		1
550.9		1
551		1
551.1		1
551.2		1
551.3		1
551.4		1
551.5		1
551.6		1
551.7		1
551.8		1
551.9		1
552		1
552.1		1
552.2		1
552.3		1
552.4		1
552.5		1
552.6		1
552.7		1
552.8		1
552.9		1
553		1
553.1		1
553.2		1
553.3		1
553.4		1
553.5		1
553.6		1
553.7		1
553.8		1
553.9		1
554		1
554.1		1
554.2		1
554.3		1
554.4		1
554.5		1
554.6		1
554.7		1
554.8		1
554.9		1
555		1
555.1		1
555.2		1
555.3		1
555.4		1
555.5		1
555.6		1
555.7		1
555.8		1
555.9		1
556		1
556.1		1
556.2		1
556.3		1
556.4		1
556.5		1
556.6		1
556.7		1
556.8		1
556.9		1
557		1
557.1		1
557.2		1
557.3		1
557.4		1
557.5		1
557.6		1
557.7		1
557.8		1
557.9		1
558		1
558.1		1
558.2		1
558.3		1
558.4		1
558.5		1
558.6		1
558.7		1
558.8		1
558.9		1
559		1
559.1		1
559.2		1
559.3		1
559.4		1
559.5		1
559.6		1
559.7		1
559.8		1
559.9		1
560		1
560.1		1
560.2		1
560.3		1
560.4		1
560.5		1
560.6		1
560.7		1
560.8		1
560.9		1
561		1
561.1		1
561.2		1
561.3		1
561.4		1
561.5		1
561.6		1
561.7		1
561.8		1
561.9		1
562		1
562.1		1
562.2		1
562.3		1
562.4		1
562.5		1
562.6		1
562.7		1
562.8		1
562.9		1
563		1
563.1		1
563.2		1
563.3		1
563.4		1
563.5		1
563.6		1
563.7		1
563.8		1
563.9		1
564		1
564.1		1
564.2		1
564.3		1
564.4		1
564.5		1
564.6		1
564.7		1
564.8		1
564.9		1
565		1
565.1		1
565.2		1
565.3		1
565.4		1
565.5		1
565.6		1
565.7		1
565.8		1
565.9		1
566		1
566.1		1
566.2		1
566.3		1
566.4		1
566.5		1
566.6		1
566.7		1
566.8		1
566.9		1
567		1
567.1		1
567.2		1
567.3		1
567.4		1
567.5		1
567.6		1
567.7		1
567.8		1
567.9		1
568		1
568.1		1
568.2		1
568.3		1
568.4		1
568.5		1
568.6		1
568.7		1
568.8		1
568.9		1
569		1
569.1		1
569.2		1
569.3		1
569.4		1
569.5		1
569.6		1
569.7		1
569.8		1
569.9		1
570		1
570.1		1
570.2		1
570.3		1
570.4		1
570.5		1
570.6		1
570.7		1
570.8		1
570.9		1
571		1
571.1		1
571.2		1
571.3		1
571.4		1
571.5		1
571.6		1
571.7		1
571.8		1
571.9		1
572		1
572.1		1
572.2		1
572.3		1
572.4		1
572.5		1
572.6		1
572.7		1
572.8		1
572.9		1
573		1
573.1		1
573.2		1
573.3		1
573.4		1
573.5		1
573.6		1
573.7		1
573.8		1
573.9		1
574		1
574.1		1
574.2		1
574.3		1
574.4		1
574.5		1
574.6		1
574.7		1
574.8		1
574.9		1
575		1
575.1		1
575.2		1
575.3		1
575.4		1
575.5		1
575.6		1
575.7		1
575.8		1
575.9		1
576		1
576.1		1
576.2		1
576.3		1
576.4		1
576.5		1
576.6		1
576.7		1
576.8		1
576.9		1
577		1
577.1		1
577.2		1
577.3		1
577.4		1
577.5		1
577.6		1
577.7		1
577.8		1
577.9		1
578		1
578.1		1
578.2		1
578.3		1
578.4		1
578.5		1
578.6		1
578.7		1
578.8		1
578.9		1
579		1
579.1		1
579.2		1
579.3		1
579.4		1
579.5		1
579.6		1
579.7		1
579.8		1
579.9		1
580		1
580.1		1
580.2		1
580.3		1
580.4		1
580.5		1
580.6		1
580.7		1
580.8		1
580.9		1
581		1
581.1		1
581.2		1
581.3		1
581.4		1
581.5		1
581.6		1
581.7		1
581.8		1
581.9		1
582		1
582.1		1
582.2		1
582.3		1
582.4		1
582.5		1
582.6		1
582.7		1
582.8		1
582.9		1
583		1
583.1		1
583.2		1
583.3		1
583.4		1
583.5		1
583.6		1
583.7		1
583.8		1
583.9		1
584		1
584.1		1
584.2		1
584.3		1
584.4		1
584.5		1
584.6		1
584.7		1
584.8		1
584.9		1
585		1
585.1		1
585.2		1
585.3		1
585.4		1
585.5		1
585.6		1
585.7		1
585.8		1
585.9		1
586		1
586.1		1
586.2		1
586.3		1
586.4		1
586.5		1
586.6		1
586.7		1
586.8		1
586.9		1
587		1
587.1		1
587.2		1
587.3		1
587.4		1
587.5		1
587.6		1
587.7		1
587.8		1
587.9		1
588		1
588.1		1
588.2		1
588.3		1
588.4		1
588.5		1
588.6		1
588.7		1
588.8		1
588.9		1
589		1
589.1		1
589.2		1
589.3		1
589.4		1
589.5		1
589.6		1
589.7		1
589.8		1
589.9		1
590		1
590.1		1
590.2		1
590.3		1
590.4		1
590.5		1
590.6		1
590.7		1
590.8		1
590.9		1
591		1
591.1		1
591.2		1
591.3		1
591.4		1
591.5		1
591.6		1
591.7		1
591.8		1
591.9		1
592		1
592.1		1
592.2		1
592.3		1
592.4		1
592.5		1
592.6		1
592.7		1
592.8		1
592.9		1
593		1
593.1		1
593.2		1
593.3		1
593.4		1
593.5		1
593.6		1
593.7		1
593.8		1
593.9		1
594		1
594.1		1
594.2		1
594.3		1
594.4		1
594.5		1
594.6		1
594.7		1
594.8		1
594.9		1
595		1
595.1		1
595.2		1
595.3		1
595.4		1
595.5		1
595.6		1
595.7		1
595.8		1
595.9		1
596		1
596.1		1
596.2		1
596.3		1
596.4		1
596.5		1
596.6		1
596.7		1
596.8		1
596.9		1
597		1
597.1		1
597.2		1
597.3		1
597.4		1
597.5		1
597.6		1
597.7		1
597.8		1
597.9		1
598		1
598.1		1
598.2		1
598.3		1
598.4		1
598.5		1
598.6		1
598.7		1
598.8		1
598.9		1
599		1
599.1		1
599.2		1
599.3		1
599.4		1
599.5		1
599.6		1
599.7		1
599.8		1
599.9		1
600		1
