# Calibration file of tamex_id 1 @ channel 45
# fine_T bin		 Calibration value
0.1		0
0.2		0
0.3		0
0.4		0
0.5		0
0.6		0
0.7		0
0.8		0
0.9		0
1		0
1.1		0
1.2		0
1.3		0
1.4		0
1.5		0
1.6		0
1.7		0
1.8		0
1.9		0
2		0
2.1		0
2.2		0
2.3		0
2.4		0
2.5		0
2.6		0
2.7		0
2.8		0
2.9		0
3		0
3.1		0
3.2		0
3.3		0
3.4		0
3.5		0
3.6		0
3.7		0
3.8		0
3.9		0
4		0
4.1		0
4.2		0
4.3		0
4.4		0
4.5		0
4.6		0
4.7		0
4.8		0
4.9		0
5		0
5.1		0
5.2		0
5.3		0
5.4		0
5.5		0
5.6		0
5.7		0
5.8		0
5.9		0
6		0
6.1		0
6.2		0
6.3		0
6.4		0
6.5		0
6.6		0
6.7		0
6.8		0
6.9		0
7		0
7.1		0
7.2		0
7.3		0
7.4		0
7.5		0
7.6		0
7.7		0
7.8		0
7.9		0
8		0
8.1		0
8.2		0
8.3		0
8.4		0
8.5		0
8.6		0
8.7		0
8.8		0
8.9		0
9		0
9.1		0
9.2		0
9.3		0
9.4		0
9.5		0
9.6		0
9.7		0
9.8		0
9.9		0
10		0
10.1		0
10.2		0
10.3		0
10.4		0
10.5		0
10.6		0
10.7		0
10.8		0
10.9		0
11		0
11.1		0
11.2		0
11.3		0
11.4		0
11.5		0
11.6		0
11.7		0
11.8		0
11.9		0
12		0
12.1		0
12.2		0
12.3		0
12.4		0
12.5		0
12.6		0
12.7		0
12.8		0
12.9		0
13		0
13.1		0
13.2		0
13.3		0
13.4		0
13.5		0
13.6		0
13.7		0
13.8		0
13.9		0
14		0
14.1		0
14.2		0
14.3		0
14.4		0
14.5		0
14.6		0
14.7		0
14.8		0
14.9		0
15		0
15.1		0
15.2		0
15.3		0
15.4		0
15.5		0
15.6		0
15.7		0
15.8		0
15.9		0
16		0
16.1		0.00511523
16.2		0.00511523
16.3		0.00511523
16.4		0.00511523
16.5		0.00511523
16.6		0.00511523
16.7		0.00511523
16.8		0.00511523
16.9		0.00511523
17		0.00511523
17.1		0.00539024
17.2		0.00539024
17.3		0.00539024
17.4		0.00539024
17.5		0.00539024
17.6		0.00539024
17.7		0.00539024
17.8		0.00539024
17.9		0.00539024
18		0.00539024
18.1		0.00689364
18.2		0.00689364
18.3		0.00689364
18.4		0.00689364
18.5		0.00689364
18.6		0.00689364
18.7		0.00689364
18.8		0.00689364
18.9		0.00689364
19		0.00689364
19.1		0.00951543
19.2		0.00951543
19.3		0.00951543
19.4		0.00951543
19.5		0.00951543
19.6		0.00951543
19.7		0.00951543
19.8		0.00951543
19.9		0.00951543
20		0.00951543
20.1		0.0118805
20.2		0.0118805
20.3		0.0118805
20.4		0.0118805
20.5		0.0118805
20.6		0.0118805
20.7		0.0118805
20.8		0.0118805
20.9		0.0118805
21		0.0118805
21.1		0.0161891
21.2		0.0161891
21.3		0.0161891
21.4		0.0161891
21.5		0.0161891
21.6		0.0161891
21.7		0.0161891
21.8		0.0161891
21.9		0.0161891
22		0.0161891
22.1		0.0169224
22.2		0.0169224
22.3		0.0169224
22.4		0.0169224
22.5		0.0169224
22.6		0.0169224
22.7		0.0169224
22.8		0.0169224
22.9		0.0169224
23		0.0169224
23.1		0.0174358
23.2		0.0174358
23.3		0.0174358
23.4		0.0174358
23.5		0.0174358
23.6		0.0174358
23.7		0.0174358
23.8		0.0174358
23.9		0.0174358
24		0.0174358
24.1		0.0205343
24.2		0.0205343
24.3		0.0205343
24.4		0.0205343
24.5		0.0205343
24.6		0.0205343
24.7		0.0205343
24.8		0.0205343
24.9		0.0205343
25		0.0205343
25.1		0.0225327
25.2		0.0225327
25.3		0.0225327
25.4		0.0225327
25.5		0.0225327
25.6		0.0225327
25.7		0.0225327
25.8		0.0225327
25.9		0.0225327
26		0.0225327
26.1		0.0226977
26.2		0.0226977
26.3		0.0226977
26.4		0.0226977
26.5		0.0226977
26.6		0.0226977
26.7		0.0226977
26.8		0.0226977
26.9		0.0226977
27		0.0226977
27.1		0.0265295
27.2		0.0265295
27.3		0.0265295
27.4		0.0265295
27.5		0.0265295
27.6		0.0265295
27.7		0.0265295
27.8		0.0265295
27.9		0.0265295
28		0.0265295
28.1		0.0288763
28.2		0.0288763
28.3		0.0288763
28.4		0.0288763
28.5		0.0288763
28.6		0.0288763
28.7		0.0288763
28.8		0.0288763
28.9		0.0288763
29		0.0288763
29.1		0.0295547
29.2		0.0295547
29.3		0.0295547
29.4		0.0295547
29.5		0.0295547
29.6		0.0295547
29.7		0.0295547
29.8		0.0295547
29.9		0.0295547
30		0.0295547
30.1		0.030398
30.2		0.030398
30.3		0.030398
30.4		0.030398
30.5		0.030398
30.6		0.030398
30.7		0.030398
30.8		0.030398
30.9		0.030398
31		0.030398
31.1		0.0331848
31.2		0.0331848
31.3		0.0331848
31.4		0.0331848
31.5		0.0331848
31.6		0.0331848
31.7		0.0331848
31.8		0.0331848
31.9		0.0331848
32		0.0331848
32.1		0.0353483
32.2		0.0353483
32.3		0.0353483
32.4		0.0353483
32.5		0.0353483
32.6		0.0353483
32.7		0.0353483
32.8		0.0353483
32.9		0.0353483
33		0.0353483
33.1		0.0364116
33.2		0.0364116
33.3		0.0364116
33.4		0.0364116
33.5		0.0364116
33.6		0.0364116
33.7		0.0364116
33.8		0.0364116
33.9		0.0364116
34		0.0364116
34.1		0.0407202
34.2		0.0407202
34.3		0.0407202
34.4		0.0407202
34.5		0.0407202
34.6		0.0407202
34.7		0.0407202
34.8		0.0407202
34.9		0.0407202
35		0.0407202
35.1		0.0424069
35.2		0.0424069
35.3		0.0424069
35.4		0.0424069
35.5		0.0424069
35.6		0.0424069
35.7		0.0424069
35.8		0.0424069
35.9		0.0424069
36		0.0424069
36.1		0.0425536
36.2		0.0425536
36.3		0.0425536
36.4		0.0425536
36.5		0.0425536
36.6		0.0425536
36.7		0.0425536
36.8		0.0425536
36.9		0.0425536
37		0.0425536
37.1		0.0432503
37.2		0.0432503
37.3		0.0432503
37.4		0.0432503
37.5		0.0432503
37.6		0.0432503
37.7		0.0432503
37.8		0.0432503
37.9		0.0432503
38		0.0432503
38.1		0.0459637
38.2		0.0459637
38.3		0.0459637
38.4		0.0459637
38.5		0.0459637
38.6		0.0459637
38.7		0.0459637
38.8		0.0459637
38.9		0.0459637
39		0.0459637
39.1		0.0465871
39.2		0.0465871
39.3		0.0465871
39.4		0.0465871
39.5		0.0465871
39.6		0.0465871
39.7		0.0465871
39.8		0.0465871
39.9		0.0465871
40		0.0465871
40.1		0.051574
40.2		0.051574
40.3		0.051574
40.4		0.051574
40.5		0.051574
40.6		0.051574
40.7		0.051574
40.8		0.051574
40.9		0.051574
41		0.051574
41.1		0.0534074
41.2		0.0534074
41.3		0.0534074
41.4		0.0534074
41.5		0.0534074
41.6		0.0534074
41.7		0.0534074
41.8		0.0534074
41.9		0.0534074
42		0.0534074
42.1		0.0534257
42.2		0.0534257
42.3		0.0534257
42.4		0.0534257
42.5		0.0534257
42.6		0.0534257
42.7		0.0534257
42.8		0.0534257
42.9		0.0534257
43		0.0534257
43.1		0.0535357
43.2		0.0535357
43.3		0.0535357
43.4		0.0535357
43.5		0.0535357
43.6		0.0535357
43.7		0.0535357
43.8		0.0535357
43.9		0.0535357
44		0.0535357
44.1		0.0576609
44.2		0.0576609
44.3		0.0576609
44.4		0.0576609
44.5		0.0576609
44.6		0.0576609
44.7		0.0576609
44.8		0.0576609
44.9		0.0576609
45		0.0576609
45.1		0.0578443
45.2		0.0578443
45.3		0.0578443
45.4		0.0578443
45.5		0.0578443
45.6		0.0578443
45.7		0.0578443
45.8		0.0578443
45.9		0.0578443
46		0.0578443
46.1		0.0628128
46.2		0.0628128
46.3		0.0628128
46.4		0.0628128
46.5		0.0628128
46.6		0.0628128
46.7		0.0628128
46.8		0.0628128
46.9		0.0628128
47		0.0628128
47.1		0.0640412
47.2		0.0640412
47.3		0.0640412
47.4		0.0640412
47.5		0.0640412
47.6		0.0640412
47.7		0.0640412
47.8		0.0640412
47.9		0.0640412
48		0.0640412
48.1		0.0649213
48.2		0.0649213
48.3		0.0649213
48.4		0.0649213
48.5		0.0649213
48.6		0.0649213
48.7		0.0649213
48.8		0.0649213
48.9		0.0649213
49		0.0649213
49.1		0.0650313
49.2		0.0650313
49.3		0.0650313
49.4		0.0650313
49.5		0.0650313
49.6		0.0650313
49.7		0.0650313
49.8		0.0650313
49.9		0.0650313
50		0.0650313
50.1		0.0681297
50.2		0.0681297
50.3		0.0681297
50.4		0.0681297
50.5		0.0681297
50.6		0.0681297
50.7		0.0681297
50.8		0.0681297
50.9		0.0681297
51		0.0681297
51.1		0.0713199
51.2		0.0713199
51.3		0.0713199
51.4		0.0713199
51.5		0.0713199
51.6		0.0713199
51.7		0.0713199
51.8		0.0713199
51.9		0.0713199
52		0.0713199
52.1		0.0735016
52.2		0.0735016
52.3		0.0735016
52.4		0.0735016
52.5		0.0735016
52.6		0.0735016
52.7		0.0735016
52.8		0.0735016
52.9		0.0735016
53		0.0735016
53.1		0.07374
53.2		0.07374
53.3		0.07374
53.4		0.07374
53.5		0.07374
53.6		0.07374
53.7		0.07374
53.8		0.07374
53.9		0.07374
54		0.07374
54.1		0.07506
54.2		0.07506
54.3		0.07506
54.4		0.07506
54.5		0.07506
54.6		0.07506
54.7		0.07506
54.8		0.07506
54.9		0.07506
55		0.07506
55.1		0.0754267
55.2		0.0754267
55.3		0.0754267
55.4		0.0754267
55.5		0.0754267
55.6		0.0754267
55.7		0.0754267
55.8		0.0754267
55.9		0.0754267
56		0.0754267
56.1		0.080377
56.2		0.080377
56.3		0.080377
56.4		0.080377
56.5		0.080377
56.6		0.080377
56.7		0.080377
56.8		0.080377
56.9		0.080377
57		0.080377
57.1		0.0825587
57.2		0.0825587
57.3		0.0825587
57.4		0.0825587
57.5		0.0825587
57.6		0.0825587
57.7		0.0825587
57.8		0.0825587
57.9		0.0825587
58		0.0825587
58.1		0.0841355
58.2		0.0841355
58.3		0.0841355
58.4		0.0841355
58.5		0.0841355
58.6		0.0841355
58.7		0.0841355
58.8		0.0841355
58.9		0.0841355
59		0.0841355
59.1		0.0844105
59.2		0.0844105
59.3		0.0844105
59.4		0.0844105
59.5		0.0844105
59.6		0.0844105
59.7		0.0844105
59.8		0.0844105
59.9		0.0844105
60		0.0844105
60.1		0.0866289
60.2		0.0866289
60.3		0.0866289
60.4		0.0866289
60.5		0.0866289
60.6		0.0866289
60.7		0.0866289
60.8		0.0866289
60.9		0.0866289
61		0.0866289
61.1		0.0891407
61.2		0.0891407
61.3		0.0891407
61.4		0.0891407
61.5		0.0891407
61.6		0.0891407
61.7		0.0891407
61.8		0.0891407
61.9		0.0891407
62		0.0891407
62.1		0.0892874
62.2		0.0892874
62.3		0.0892874
62.4		0.0892874
62.5		0.0892874
62.6		0.0892874
62.7		0.0892874
62.8		0.0892874
62.9		0.0892874
63		0.0892874
63.1		0.0917991
63.2		0.0917991
63.3		0.0917991
63.4		0.0917991
63.5		0.0917991
63.6		0.0917991
63.7		0.0917991
63.8		0.0917991
63.9		0.0917991
64		0.0917991
64.1		0.0939626
64.2		0.0939626
64.3		0.0939626
64.4		0.0939626
64.5		0.0939626
64.6		0.0939626
64.7		0.0939626
64.8		0.0939626
64.9		0.0939626
65		0.0939626
65.1		0.0949526
65.2		0.0949526
65.3		0.0949526
65.4		0.0949526
65.5		0.0949526
65.6		0.0949526
65.7		0.0949526
65.8		0.0949526
65.9		0.0949526
66		0.0949526
66.1		0.0990778
66.2		0.0990778
66.3		0.0990778
66.4		0.0990778
66.5		0.0990778
66.6		0.0990778
66.7		0.0990778
66.8		0.0990778
66.9		0.0990778
67		0.0990778
67.1		0.100325
67.2		0.100325
67.3		0.100325
67.4		0.100325
67.5		0.100325
67.6		0.100325
67.7		0.100325
67.8		0.100325
67.9		0.100325
68		0.100325
68.1		0.101755
68.2		0.101755
68.3		0.101755
68.4		0.101755
68.5		0.101755
68.6		0.101755
68.7		0.101755
68.8		0.101755
68.9		0.101755
69		0.101755
69.1		0.104211
69.2		0.104211
69.3		0.104211
69.4		0.104211
69.5		0.104211
69.6		0.104211
69.7		0.104211
69.8		0.104211
69.9		0.104211
70		0.104211
70.1		0.104981
70.2		0.104981
70.3		0.104981
70.4		0.104981
70.5		0.104981
70.6		0.104981
70.7		0.104981
70.8		0.104981
70.9		0.104981
71		0.104981
71.1		0.105275
71.2		0.105275
71.3		0.105275
71.4		0.105275
71.5		0.105275
71.6		0.105275
71.7		0.105275
71.8		0.105275
71.9		0.105275
72		0.105275
72.1		0.109492
72.2		0.109492
72.3		0.109492
72.4		0.109492
72.5		0.109492
72.6		0.109492
72.7		0.109492
72.8		0.109492
72.9		0.109492
73		0.109492
73.1		0.112058
73.2		0.112058
73.3		0.112058
73.4		0.112058
73.5		0.112058
73.6		0.112058
73.7		0.112058
73.8		0.112058
73.9		0.112058
74		0.112058
74.1		0.112792
74.2		0.112792
74.3		0.112792
74.4		0.112792
74.5		0.112792
74.6		0.112792
74.7		0.112792
74.8		0.112792
74.9		0.112792
75		0.112792
75.1		0.113158
75.2		0.113158
75.3		0.113158
75.4		0.113158
75.5		0.113158
75.6		0.113158
75.7		0.113158
75.8		0.113158
75.9		0.113158
76		0.113158
76.1		0.11325
76.2		0.11325
76.3		0.11325
76.4		0.11325
76.5		0.11325
76.6		0.11325
76.7		0.11325
76.8		0.11325
76.9		0.11325
77		0.11325
77.1		0.11941
77.2		0.11941
77.3		0.11941
77.4		0.11941
77.5		0.11941
77.6		0.11941
77.7		0.11941
77.8		0.11941
77.9		0.11941
78		0.11941
78.1		0.119594
78.2		0.119594
78.3		0.119594
78.4		0.119594
78.5		0.119594
78.6		0.119594
78.7		0.119594
78.8		0.119594
78.9		0.119594
79		0.119594
79.1		0.122802
79.2		0.122802
79.3		0.122802
79.4		0.122802
79.5		0.122802
79.6		0.122802
79.7		0.122802
79.8		0.122802
79.9		0.122802
80		0.122802
80.1		0.123811
80.2		0.123811
80.3		0.123811
80.4		0.123811
80.5		0.123811
80.6		0.123811
80.7		0.123811
80.8		0.123811
80.9		0.123811
81		0.123811
81.1		0.124012
81.2		0.124012
81.3		0.124012
81.4		0.124012
81.5		0.124012
81.6		0.124012
81.7		0.124012
81.8		0.124012
81.9		0.124012
82		0.124012
82.1		0.126451
82.2		0.126451
82.3		0.126451
82.4		0.126451
82.5		0.126451
82.6		0.126451
82.7		0.126451
82.8		0.126451
82.9		0.126451
83		0.126451
83.1		0.130393
83.2		0.130393
83.3		0.130393
83.4		0.130393
83.5		0.130393
83.6		0.130393
83.7		0.130393
83.8		0.130393
83.9		0.130393
84		0.130393
84.1		0.131419
84.2		0.131419
84.3		0.131419
84.4		0.131419
84.5		0.131419
84.6		0.131419
84.7		0.131419
84.8		0.131419
84.9		0.131419
85		0.131419
85.1		0.135581
85.2		0.135581
85.3		0.135581
85.4		0.135581
85.5		0.135581
85.6		0.135581
85.7		0.135581
85.8		0.135581
85.9		0.135581
86		0.135581
86.1		0.135691
86.2		0.135691
86.3		0.135691
86.4		0.135691
86.5		0.135691
86.6		0.135691
86.7		0.135691
86.8		0.135691
86.9		0.135691
87		0.135691
87.1		0.135819
87.2		0.135819
87.3		0.135819
87.4		0.135819
87.5		0.135819
87.6		0.135819
87.7		0.135819
87.8		0.135819
87.9		0.135819
88		0.135819
88.1		0.137598
88.2		0.137598
88.3		0.137598
88.4		0.137598
88.5		0.137598
88.6		0.137598
88.7		0.137598
88.8		0.137598
88.9		0.137598
89		0.137598
89.1		0.1411
89.2		0.1411
89.3		0.1411
89.4		0.1411
89.5		0.1411
89.6		0.1411
89.7		0.1411
89.8		0.1411
89.9		0.1411
90		0.1411
90.1		0.141411
90.2		0.141411
90.3		0.141411
90.4		0.141411
90.5		0.141411
90.6		0.141411
90.7		0.141411
90.8		0.141411
90.9		0.141411
91		0.141411
91.1		0.145408
91.2		0.145408
91.3		0.145408
91.4		0.145408
91.5		0.145408
91.6		0.145408
91.7		0.145408
91.8		0.145408
91.9		0.145408
92		0.145408
92.1		0.14594
92.2		0.14594
92.3		0.14594
92.4		0.14594
92.5		0.14594
92.6		0.14594
92.7		0.14594
92.8		0.14594
92.9		0.14594
93		0.14594
93.1		0.146178
93.2		0.146178
93.3		0.146178
93.4		0.146178
93.5		0.146178
93.6		0.146178
93.7		0.146178
93.8		0.146178
93.9		0.146178
94		0.146178
94.1		0.149313
94.2		0.149313
94.3		0.149313
94.4		0.149313
94.5		0.149313
94.6		0.149313
94.7		0.149313
94.8		0.149313
94.9		0.149313
95		0.149313
95.1		0.149625
95.2		0.149625
95.3		0.149625
95.4		0.149625
95.5		0.149625
95.6		0.149625
95.7		0.149625
95.8		0.149625
95.9		0.149625
96		0.149625
96.1		0.153494
96.2		0.153494
96.3		0.153494
96.4		0.153494
96.5		0.153494
96.6		0.153494
96.7		0.153494
96.8		0.153494
96.9		0.153494
97		0.153494
97.1		0.156665
97.2		0.156665
97.3		0.156665
97.4		0.156665
97.5		0.156665
97.6		0.156665
97.7		0.156665
97.8		0.156665
97.9		0.156665
98		0.156665
98.1		0.156665
98.2		0.156665
98.3		0.156665
98.4		0.156665
98.5		0.156665
98.6		0.156665
98.7		0.156665
98.8		0.156665
98.9		0.156665
99		0.156665
99.1		0.159984
99.2		0.159984
99.3		0.159984
99.4		0.159984
99.5		0.159984
99.6		0.159984
99.7		0.159984
99.8		0.159984
99.9		0.159984
100		0.159984
100.1		0.160442
100.2		0.160442
100.3		0.160442
100.4		0.160442
100.5		0.160442
100.6		0.160442
100.7		0.160442
100.8		0.160442
100.9		0.160442
101		0.160442
101.1		0.161176
101.2		0.161176
101.3		0.161176
101.4		0.161176
101.5		0.161176
101.6		0.161176
101.7		0.161176
101.8		0.161176
101.9		0.161176
102		0.161176
102.1		0.166566
102.2		0.166566
102.3		0.166566
102.4		0.166566
102.5		0.166566
102.6		0.166566
102.7		0.166566
102.8		0.166566
102.9		0.166566
103		0.166566
103.1		0.168674
103.2		0.168674
103.3		0.168674
103.4		0.168674
103.5		0.168674
103.6		0.168674
103.7		0.168674
103.8		0.168674
103.9		0.168674
104		0.168674
104.1		0.168693
104.2		0.168693
104.3		0.168693
104.4		0.168693
104.5		0.168693
104.6		0.168693
104.7		0.168693
104.8		0.168693
104.9		0.168693
105		0.168693
105.1		0.172121
105.2		0.172121
105.3		0.172121
105.4		0.172121
105.5		0.172121
105.6		0.172121
105.7		0.172121
105.8		0.172121
105.9		0.172121
106		0.172121
106.1		0.173294
106.2		0.173294
106.3		0.173294
106.4		0.173294
106.5		0.173294
106.6		0.173294
106.7		0.173294
106.8		0.173294
106.9		0.173294
107		0.173294
107.1		0.174101
107.2		0.174101
107.3		0.174101
107.4		0.174101
107.5		0.174101
107.6		0.174101
107.7		0.174101
107.8		0.174101
107.9		0.174101
108		0.174101
108.1		0.178245
108.2		0.178245
108.3		0.178245
108.4		0.178245
108.5		0.178245
108.6		0.178245
108.7		0.178245
108.8		0.178245
108.9		0.178245
109		0.178245
109.1		0.178355
109.2		0.178355
109.3		0.178355
109.4		0.178355
109.5		0.178355
109.6		0.178355
109.7		0.178355
109.8		0.178355
109.9		0.178355
110		0.178355
110.1		0.178923
110.2		0.178923
110.3		0.178923
110.4		0.178923
110.5		0.178923
110.6		0.178923
110.7		0.178923
110.8		0.178923
110.9		0.178923
111		0.178923
111.1		0.183158
111.2		0.183158
111.3		0.183158
111.4		0.183158
111.5		0.183158
111.6		0.183158
111.7		0.183158
111.8		0.183158
111.9		0.183158
112		0.183158
112.1		0.184387
112.2		0.184387
112.3		0.184387
112.4		0.184387
112.5		0.184387
112.6		0.184387
112.7		0.184387
112.8		0.184387
112.9		0.184387
113		0.184387
113.1		0.184643
113.2		0.184643
113.3		0.184643
113.4		0.184643
113.5		0.184643
113.6		0.184643
113.7		0.184643
113.8		0.184643
113.9		0.184643
114		0.184643
114.1		0.188622
114.2		0.188622
114.3		0.188622
114.4		0.188622
114.5		0.188622
114.6		0.188622
114.7		0.188622
114.8		0.188622
114.9		0.188622
115		0.188622
115.1		0.190382
115.2		0.190382
115.3		0.190382
115.4		0.190382
115.5		0.190382
115.6		0.190382
115.7		0.190382
115.8		0.190382
115.9		0.190382
116		0.190382
116.1		0.192105
116.2		0.192105
116.3		0.192105
116.4		0.192105
116.5		0.192105
116.6		0.192105
116.7		0.192105
116.8		0.192105
116.9		0.192105
117		0.192105
117.1		0.194709
117.2		0.194709
117.3		0.194709
117.4		0.194709
117.5		0.194709
117.6		0.194709
117.7		0.194709
117.8		0.194709
117.9		0.194709
118		0.194709
118.1		0.196506
118.2		0.196506
118.3		0.196506
118.4		0.196506
118.5		0.196506
118.6		0.196506
118.7		0.196506
118.8		0.196506
118.9		0.196506
119		0.196506
119.1		0.198394
119.2		0.198394
119.3		0.198394
119.4		0.198394
119.5		0.198394
119.6		0.198394
119.7		0.198394
119.8		0.198394
119.9		0.198394
120		0.198394
120.1		0.198596
120.2		0.198596
120.3		0.198596
120.4		0.198596
120.5		0.198596
120.6		0.198596
120.7		0.198596
120.8		0.198596
120.9		0.198596
121		0.198596
121.1		0.200832
121.2		0.200832
121.3		0.200832
121.4		0.200832
121.5		0.200832
121.6		0.200832
121.7		0.200832
121.8		0.200832
121.9		0.200832
122		0.200832
122.1		0.203968
122.2		0.203968
122.3		0.203968
122.4		0.203968
122.5		0.203968
122.6		0.203968
122.7		0.203968
122.8		0.203968
122.9		0.203968
123		0.203968
123.1		0.205086
123.2		0.205086
123.3		0.205086
123.4		0.205086
123.5		0.205086
123.6		0.205086
123.7		0.205086
123.8		0.205086
123.9		0.205086
124		0.205086
124.1		0.209614
124.2		0.209614
124.3		0.209614
124.4		0.209614
124.5		0.209614
124.6		0.209614
124.7		0.209614
124.8		0.209614
124.9		0.209614
125		0.209614
125.1		0.211778
125.2		0.211778
125.3		0.211778
125.4		0.211778
125.5		0.211778
125.6		0.211778
125.7		0.211778
125.8		0.211778
125.9		0.211778
126		0.211778
126.1		0.21242
126.2		0.21242
126.3		0.21242
126.4		0.21242
126.5		0.21242
126.6		0.21242
126.7		0.21242
126.8		0.21242
126.9		0.21242
127		0.21242
127.1		0.212841
127.2		0.212841
127.3		0.212841
127.4		0.212841
127.5		0.212841
127.6		0.212841
127.7		0.212841
127.8		0.212841
127.9		0.212841
128		0.212841
128.1		0.215701
128.2		0.215701
128.3		0.215701
128.4		0.215701
128.5		0.215701
128.6		0.215701
128.7		0.215701
128.8		0.215701
128.9		0.215701
129		0.215701
129.1		0.2199
129.2		0.2199
129.3		0.2199
129.4		0.2199
129.5		0.2199
129.6		0.2199
129.7		0.2199
129.8		0.2199
129.9		0.2199
130		0.2199
130.1		0.222192
130.2		0.222192
130.3		0.222192
130.4		0.222192
130.5		0.222192
130.6		0.222192
130.7		0.222192
130.8		0.222192
130.9		0.222192
131		0.222192
131.1		0.222357
131.2		0.222357
131.3		0.222357
131.4		0.222357
131.5		0.222357
131.6		0.222357
131.7		0.222357
131.8		0.222357
131.9		0.222357
132		0.222357
132.1		0.22265
132.2		0.22265
132.3		0.22265
132.4		0.22265
132.5		0.22265
132.6		0.22265
132.7		0.22265
132.8		0.22265
132.9		0.22265
133		0.22265
133.1		0.22397
133.2		0.22397
133.3		0.22397
133.4		0.22397
133.5		0.22397
133.6		0.22397
133.7		0.22397
133.8		0.22397
133.9		0.22397
134		0.22397
134.1		0.228004
134.2		0.228004
134.3		0.228004
134.4		0.228004
134.5		0.228004
134.6		0.228004
134.7		0.228004
134.8		0.228004
134.9		0.228004
135		0.228004
135.1		0.228535
135.2		0.228535
135.3		0.228535
135.4		0.228535
135.5		0.228535
135.6		0.228535
135.7		0.228535
135.8		0.228535
135.9		0.228535
136		0.228535
136.1		0.233559
136.2		0.233559
136.3		0.233559
136.4		0.233559
136.5		0.233559
136.6		0.233559
136.7		0.233559
136.8		0.233559
136.9		0.233559
137		0.233559
137.1		0.234402
137.2		0.234402
137.3		0.234402
137.4		0.234402
137.5		0.234402
137.6		0.234402
137.7		0.234402
137.8		0.234402
137.9		0.234402
138		0.234402
138.1		0.234824
138.2		0.234824
138.3		0.234824
138.4		0.234824
138.5		0.234824
138.6		0.234824
138.7		0.234824
138.8		0.234824
138.9		0.234824
139		0.234824
139.1		0.237537
139.2		0.237537
139.3		0.237537
139.4		0.237537
139.5		0.237537
139.6		0.237537
139.7		0.237537
139.8		0.237537
139.9		0.237537
140		0.237537
140.1		0.239921
140.2		0.239921
140.3		0.239921
140.4		0.239921
140.5		0.239921
140.6		0.239921
140.7		0.239921
140.8		0.239921
140.9		0.239921
141		0.239921
141.1		0.243129
141.2		0.243129
141.3		0.243129
141.4		0.243129
141.5		0.243129
141.6		0.243129
141.7		0.243129
141.8		0.243129
141.9		0.243129
142		0.243129
142.1		0.243221
142.2		0.243221
142.3		0.243221
142.4		0.243221
142.5		0.243221
142.6		0.243221
142.7		0.243221
142.8		0.243221
142.9		0.243221
143		0.243221
143.1		0.243313
143.2		0.243313
143.3		0.243313
143.4		0.243313
143.5		0.243313
143.6		0.243313
143.7		0.243313
143.8		0.243313
143.9		0.243313
144		0.243313
144.1		0.247988
144.2		0.247988
144.3		0.247988
144.4		0.247988
144.5		0.247988
144.6		0.247988
144.7		0.247988
144.8		0.247988
144.9		0.247988
145		0.247988
145.1		0.249803
145.2		0.249803
145.3		0.249803
145.4		0.249803
145.5		0.249803
145.6		0.249803
145.7		0.249803
145.8		0.249803
145.9		0.249803
146		0.249803
146.1		0.250078
146.2		0.250078
146.3		0.250078
146.4		0.250078
146.5		0.250078
146.6		0.250078
146.7		0.250078
146.8		0.250078
146.9		0.250078
147		0.250078
147.1		0.253983
147.2		0.253983
147.3		0.253983
147.4		0.253983
147.5		0.253983
147.6		0.253983
147.7		0.253983
147.8		0.253983
147.9		0.253983
148		0.253983
148.1		0.254918
148.2		0.254918
148.3		0.254918
148.4		0.254918
148.5		0.254918
148.6		0.254918
148.7		0.254918
148.8		0.254918
148.9		0.254918
149		0.254918
149.1		0.255376
149.2		0.255376
149.3		0.255376
149.4		0.255376
149.5		0.255376
149.6		0.255376
149.7		0.255376
149.8		0.255376
149.9		0.255376
150		0.255376
150.1		0.259887
150.2		0.259887
150.3		0.259887
150.4		0.259887
150.5		0.259887
150.6		0.259887
150.7		0.259887
150.8		0.259887
150.9		0.259887
151		0.259887
151.1		0.260088
151.2		0.260088
151.3		0.260088
151.4		0.260088
151.5		0.260088
151.6		0.260088
151.7		0.260088
151.8		0.260088
151.9		0.260088
152		0.260088
152.1		0.26018
152.2		0.26018
152.3		0.26018
152.4		0.26018
152.5		0.26018
152.6		0.26018
152.7		0.26018
152.8		0.26018
152.9		0.26018
153		0.26018
153.1		0.264782
153.2		0.264782
153.3		0.264782
153.4		0.264782
153.5		0.264782
153.6		0.264782
153.7		0.264782
153.8		0.264782
153.9		0.264782
154		0.264782
154.1		0.265094
154.2		0.265094
154.3		0.265094
154.4		0.265094
154.5		0.265094
154.6		0.265094
154.7		0.265094
154.8		0.265094
154.9		0.265094
155		0.265094
155.1		0.265955
155.2		0.265955
155.3		0.265955
155.4		0.265955
155.5		0.265955
155.6		0.265955
155.7		0.265955
155.8		0.265955
155.9		0.265955
156		0.265955
156.1		0.269567
156.2		0.269567
156.3		0.269567
156.4		0.269567
156.5		0.269567
156.6		0.269567
156.7		0.269567
156.8		0.269567
156.9		0.269567
157		0.269567
157.1		0.270337
157.2		0.270337
157.3		0.270337
157.4		0.270337
157.5		0.270337
157.6		0.270337
157.7		0.270337
157.8		0.270337
157.9		0.270337
158		0.270337
158.1		0.275049
158.2		0.275049
158.3		0.275049
158.4		0.275049
158.5		0.275049
158.6		0.275049
158.7		0.275049
158.8		0.275049
158.9		0.275049
159		0.275049
159.1		0.276351
159.2		0.276351
159.3		0.276351
159.4		0.276351
159.5		0.276351
159.6		0.276351
159.7		0.276351
159.8		0.276351
159.9		0.276351
160		0.276351
160.1		0.277414
160.2		0.277414
160.3		0.277414
160.4		0.277414
160.5		0.277414
160.6		0.277414
160.7		0.277414
160.8		0.277414
160.9		0.277414
161		0.277414
161.1		0.278441
161.2		0.278441
161.3		0.278441
161.4		0.278441
161.5		0.278441
161.6		0.278441
161.7		0.278441
161.8		0.278441
161.9		0.278441
162		0.278441
162.1		0.280568
162.2		0.280568
162.3		0.280568
162.4		0.280568
162.5		0.280568
162.6		0.280568
162.7		0.280568
162.8		0.280568
162.9		0.280568
163		0.280568
163.1		0.286123
163.2		0.286123
163.3		0.286123
163.4		0.286123
163.5		0.286123
163.6		0.286123
163.7		0.286123
163.8		0.286123
163.9		0.286123
164		0.286123
164.1		0.286361
164.2		0.286361
164.3		0.286361
164.4		0.286361
164.5		0.286361
164.6		0.286361
164.7		0.286361
164.8		0.286361
164.9		0.286361
165		0.286361
165.1		0.286435
165.2		0.286435
165.3		0.286435
165.4		0.286435
165.5		0.286435
165.6		0.286435
165.7		0.286435
165.8		0.286435
165.9		0.286435
166		0.286435
166.1		0.287571
166.2		0.287571
166.3		0.287571
166.4		0.287571
166.5		0.287571
166.6		0.287571
166.7		0.287571
166.8		0.287571
166.9		0.287571
167		0.287571
167.1		0.289496
167.2		0.289496
167.3		0.289496
167.4		0.289496
167.5		0.289496
167.6		0.289496
167.7		0.289496
167.8		0.289496
167.9		0.289496
168		0.289496
168.1		0.29419
168.2		0.29419
168.3		0.29419
168.4		0.29419
168.5		0.29419
168.6		0.29419
168.7		0.29419
168.8		0.29419
168.9		0.29419
169		0.29419
169.1		0.296848
169.2		0.296848
169.3		0.296848
169.4		0.296848
169.5		0.296848
169.6		0.296848
169.7		0.296848
169.8		0.296848
169.9		0.296848
170		0.296848
170.1		0.29793
170.2		0.29793
170.3		0.29793
170.4		0.29793
170.5		0.29793
170.6		0.29793
170.7		0.29793
170.8		0.29793
170.9		0.29793
171		0.29793
171.1		0.298663
171.2		0.298663
171.3		0.298663
171.4		0.298663
171.5		0.298663
171.6		0.298663
171.7		0.298663
171.8		0.298663
171.9		0.298663
172		0.298663
172.1		0.299268
172.2		0.299268
172.3		0.299268
172.4		0.299268
172.5		0.299268
172.6		0.299268
172.7		0.299268
172.8		0.299268
172.9		0.299268
173		0.299268
173.1		0.301744
173.2		0.301744
173.3		0.301744
173.4		0.301744
173.5		0.301744
173.6		0.301744
173.7		0.301744
173.8		0.301744
173.9		0.301744
174		0.301744
174.1		0.304989
174.2		0.304989
174.3		0.304989
174.4		0.304989
174.5		0.304989
174.6		0.304989
174.7		0.304989
174.8		0.304989
174.9		0.304989
175		0.304989
175.1		0.307831
175.2		0.307831
175.3		0.307831
175.4		0.307831
175.5		0.307831
175.6		0.307831
175.7		0.307831
175.8		0.307831
175.9		0.307831
176		0.307831
176.1		0.309646
176.2		0.309646
176.3		0.309646
176.4		0.309646
176.5		0.309646
176.6		0.309646
176.7		0.309646
176.8		0.309646
176.9		0.309646
177		0.309646
177.1		0.311387
177.2		0.311387
177.3		0.311387
177.4		0.311387
177.5		0.311387
177.6		0.311387
177.7		0.311387
177.8		0.311387
177.9		0.311387
178		0.311387
178.1		0.311424
178.2		0.311424
178.3		0.311424
178.4		0.311424
178.5		0.311424
178.6		0.311424
178.7		0.311424
178.8		0.311424
178.9		0.311424
179		0.311424
179.1		0.312982
179.2		0.312982
179.3		0.312982
179.4		0.312982
179.5		0.312982
179.6		0.312982
179.7		0.312982
179.8		0.312982
179.9		0.312982
180		0.312982
180.1		0.316961
180.2		0.316961
180.3		0.316961
180.4		0.316961
180.5		0.316961
180.6		0.316961
180.7		0.316961
180.8		0.316961
180.9		0.316961
181		0.316961
181.1		0.317016
181.2		0.317016
181.3		0.317016
181.4		0.317016
181.5		0.317016
181.6		0.317016
181.7		0.317016
181.8		0.317016
181.9		0.317016
182		0.317016
182.1		0.317163
182.2		0.317163
182.3		0.317163
182.4		0.317163
182.5		0.317163
182.6		0.317163
182.7		0.317163
182.8		0.317163
182.9		0.317163
183		0.317163
183.1		0.320059
183.2		0.320059
183.3		0.320059
183.4		0.320059
183.5		0.320059
183.6		0.320059
183.7		0.320059
183.8		0.320059
183.9		0.320059
184		0.320059
184.1		0.322003
184.2		0.322003
184.3		0.322003
184.4		0.322003
184.5		0.322003
184.6		0.322003
184.7		0.322003
184.8		0.322003
184.9		0.322003
185		0.322003
185.1		0.323066
185.2		0.323066
185.3		0.323066
185.4		0.323066
185.5		0.323066
185.6		0.323066
185.7		0.323066
185.8		0.323066
185.9		0.323066
186		0.323066
186.1		0.325541
186.2		0.325541
186.3		0.325541
186.4		0.325541
186.5		0.325541
186.6		0.325541
186.7		0.325541
186.8		0.325541
186.9		0.325541
187		0.325541
187.1		0.327558
187.2		0.327558
187.3		0.327558
187.4		0.327558
187.5		0.327558
187.6		0.327558
187.7		0.327558
187.8		0.327558
187.9		0.327558
188		0.327558
188.1		0.327943
188.2		0.327943
188.3		0.327943
188.4		0.327943
188.5		0.327943
188.6		0.327943
188.7		0.327943
188.8		0.327943
188.9		0.327943
189		0.327943
189.1		0.332527
189.2		0.332527
189.3		0.332527
189.4		0.332527
189.5		0.332527
189.6		0.332527
189.7		0.332527
189.8		0.332527
189.9		0.332527
190		0.332527
190.1		0.332893
190.2		0.332893
190.3		0.332893
190.4		0.332893
190.5		0.332893
190.6		0.332893
190.7		0.332893
190.8		0.332893
190.9		0.332893
191		0.332893
191.1		0.335918
191.2		0.335918
191.3		0.335918
191.4		0.335918
191.5		0.335918
191.6		0.335918
191.7		0.335918
191.8		0.335918
191.9		0.335918
192		0.335918
192.1		0.337697
192.2		0.337697
192.3		0.337697
192.4		0.337697
192.5		0.337697
192.6		0.337697
192.7		0.337697
192.8		0.337697
192.9		0.337697
193		0.337697
193.1		0.340997
193.2		0.340997
193.3		0.340997
193.4		0.340997
193.5		0.340997
193.6		0.340997
193.7		0.340997
193.8		0.340997
193.9		0.340997
194		0.340997
194.1		0.341694
194.2		0.341694
194.3		0.341694
194.4		0.341694
194.5		0.341694
194.6		0.341694
194.7		0.341694
194.8		0.341694
194.9		0.341694
195		0.341694
195.1		0.345306
195.2		0.345306
195.3		0.345306
195.4		0.345306
195.5		0.345306
195.6		0.345306
195.7		0.345306
195.8		0.345306
195.9		0.345306
196		0.345306
196.1		0.346846
196.2		0.346846
196.3		0.346846
196.4		0.346846
196.5		0.346846
196.6		0.346846
196.7		0.346846
196.8		0.346846
196.9		0.346846
197		0.346846
197.1		0.347689
197.2		0.347689
197.3		0.347689
197.4		0.347689
197.5		0.347689
197.6		0.347689
197.7		0.347689
197.8		0.347689
197.9		0.347689
198		0.347689
198.1		0.349687
198.2		0.349687
198.3		0.349687
198.4		0.349687
198.5		0.349687
198.6		0.349687
198.7		0.349687
198.8		0.349687
198.9		0.349687
199		0.349687
199.1		0.351686
199.2		0.351686
199.3		0.351686
199.4		0.351686
199.5		0.351686
199.6		0.351686
199.7		0.351686
199.8		0.351686
199.9		0.351686
200		0.351686
200.1		0.352603
200.2		0.352603
200.3		0.352603
200.4		0.352603
200.5		0.352603
200.6		0.352603
200.7		0.352603
200.8		0.352603
200.9		0.352603
201		0.352603
201.1		0.355958
201.2		0.355958
201.3		0.355958
201.4		0.355958
201.5		0.355958
201.6		0.355958
201.7		0.355958
201.8		0.355958
201.9		0.355958
202		0.355958
202.1		0.359405
202.2		0.359405
202.3		0.359405
202.4		0.359405
202.5		0.359405
202.6		0.359405
202.7		0.359405
202.8		0.359405
202.9		0.359405
203		0.359405
203.1		0.359533
203.2		0.359533
203.3		0.359533
203.4		0.359533
203.5		0.359533
203.6		0.359533
203.7		0.359533
203.8		0.359533
203.9		0.359533
204		0.359533
204.1		0.361458
204.2		0.361458
204.3		0.361458
204.4		0.361458
204.5		0.361458
204.6		0.361458
204.7		0.361458
204.8		0.361458
204.9		0.361458
205		0.361458
205.1		0.362411
205.2		0.362411
205.3		0.362411
205.4		0.362411
205.5		0.362411
205.6		0.362411
205.7		0.362411
205.8		0.362411
205.9		0.362411
206		0.362411
206.1		0.363438
206.2		0.363438
206.3		0.363438
206.4		0.363438
206.5		0.363438
206.6		0.363438
206.7		0.363438
206.8		0.363438
206.9		0.363438
207		0.363438
207.1		0.367728
207.2		0.367728
207.3		0.367728
207.4		0.367728
207.5		0.367728
207.6		0.367728
207.7		0.367728
207.8		0.367728
207.9		0.367728
208		0.367728
208.1		0.369635
208.2		0.369635
208.3		0.369635
208.4		0.369635
208.5		0.369635
208.6		0.369635
208.7		0.369635
208.8		0.369635
208.9		0.369635
209		0.369635
209.1		0.37145
209.2		0.37145
209.3		0.37145
209.4		0.37145
209.5		0.37145
209.6		0.37145
209.7		0.37145
209.8		0.37145
209.9		0.37145
210		0.37145
210.1		0.372257
210.2		0.372257
210.3		0.372257
210.4		0.372257
210.5		0.372257
210.6		0.372257
210.7		0.372257
210.8		0.372257
210.9		0.372257
211		0.372257
211.1		0.372623
211.2		0.372623
211.3		0.372623
211.4		0.372623
211.5		0.372623
211.6		0.372623
211.7		0.372623
211.8		0.372623
211.9		0.372623
212		0.372623
212.1		0.373393
212.2		0.373393
212.3		0.373393
212.4		0.373393
212.5		0.373393
212.6		0.373393
212.7		0.373393
212.8		0.373393
212.9		0.373393
213		0.373393
213.1		0.37585
213.2		0.37585
213.3		0.37585
213.4		0.37585
213.5		0.37585
213.6		0.37585
213.7		0.37585
213.8		0.37585
213.9		0.37585
214		0.37585
214.1		0.381919
214.2		0.381919
214.3		0.381919
214.4		0.381919
214.5		0.381919
214.6		0.381919
214.7		0.381919
214.8		0.381919
214.9		0.381919
215		0.381919
215.1		0.382139
215.2		0.382139
215.3		0.382139
215.4		0.382139
215.5		0.382139
215.6		0.382139
215.7		0.382139
215.8		0.382139
215.9		0.382139
216		0.382139
216.1		0.382249
216.2		0.382249
216.3		0.382249
216.4		0.382249
216.5		0.382249
216.6		0.382249
216.7		0.382249
216.8		0.382249
216.9		0.382249
217		0.382249
217.1		0.384596
217.2		0.384596
217.3		0.384596
217.4		0.384596
217.5		0.384596
217.6		0.384596
217.7		0.384596
217.8		0.384596
217.9		0.384596
218		0.384596
218.1		0.388372
218.2		0.388372
218.3		0.388372
218.4		0.388372
218.5		0.388372
218.6		0.388372
218.7		0.388372
218.8		0.388372
218.9		0.388372
219		0.388372
219.1		0.388923
219.2		0.388923
219.3		0.388923
219.4		0.388923
219.5		0.388923
219.6		0.388923
219.7		0.388923
219.8		0.388923
219.9		0.388923
220		0.388923
220.1		0.392058
220.2		0.392058
220.3		0.392058
220.4		0.392058
220.5		0.392058
220.6		0.392058
220.7		0.392058
220.8		0.392058
220.9		0.392058
221		0.392058
221.1		0.393708
221.2		0.393708
221.3		0.393708
221.4		0.393708
221.5		0.393708
221.6		0.393708
221.7		0.393708
221.8		0.393708
221.9		0.393708
222		0.393708
222.1		0.395321
222.2		0.395321
222.3		0.395321
222.4		0.395321
222.5		0.395321
222.6		0.395321
222.7		0.395321
222.8		0.395321
222.9		0.395321
223		0.395321
223.1		0.395871
223.2		0.395871
223.3		0.395871
223.4		0.395871
223.5		0.395871
223.6		0.395871
223.7		0.395871
223.8		0.395871
223.9		0.395871
224		0.395871
224.1		0.396091
224.2		0.396091
224.3		0.396091
224.4		0.396091
224.5		0.396091
224.6		0.396091
224.7		0.396091
224.8		0.396091
224.9		0.396091
225		0.396091
225.1		0.398786
225.2		0.398786
225.3		0.398786
225.4		0.398786
225.5		0.398786
225.6		0.398786
225.7		0.398786
225.8		0.398786
225.9		0.398786
226		0.398786
226.1		0.403315
226.2		0.403315
226.3		0.403315
226.4		0.403315
226.5		0.403315
226.6		0.403315
226.7		0.403315
226.8		0.403315
226.9		0.403315
227		0.403315
227.1		0.403406
227.2		0.403406
227.3		0.403406
227.4		0.403406
227.5		0.403406
227.6		0.403406
227.7		0.403406
227.8		0.403406
227.9		0.403406
228		0.403406
228.1		0.405753
228.2		0.405753
228.3		0.405753
228.4		0.405753
228.5		0.405753
228.6		0.405753
228.7		0.405753
228.8		0.405753
228.9		0.405753
229		0.405753
229.1		0.406047
229.2		0.406047
229.3		0.406047
229.4		0.406047
229.5		0.406047
229.6		0.406047
229.7		0.406047
229.8		0.406047
229.9		0.406047
230		0.406047
230.1		0.410043
230.2		0.410043
230.3		0.410043
230.4		0.410043
230.5		0.410043
230.6		0.410043
230.7		0.410043
230.8		0.410043
230.9		0.410043
231		0.410043
231.1		0.413912
231.2		0.413912
231.3		0.413912
231.4		0.413912
231.5		0.413912
231.6		0.413912
231.7		0.413912
231.8		0.413912
231.9		0.413912
232		0.413912
232.1		0.414187
232.2		0.414187
232.3		0.414187
232.4		0.414187
232.5		0.414187
232.6		0.414187
232.7		0.414187
232.8		0.414187
232.9		0.414187
233		0.414187
233.1		0.415159
233.2		0.415159
233.3		0.415159
233.4		0.415159
233.5		0.415159
233.6		0.415159
233.7		0.415159
233.8		0.415159
233.9		0.415159
234		0.415159
234.1		0.416534
234.2		0.416534
234.3		0.416534
234.4		0.416534
234.5		0.416534
234.6		0.416534
234.7		0.416534
234.8		0.416534
234.9		0.416534
235		0.416534
235.1		0.418385
235.2		0.418385
235.3		0.418385
235.4		0.418385
235.5		0.418385
235.6		0.418385
235.7		0.418385
235.8		0.418385
235.9		0.418385
236		0.418385
236.1		0.419266
236.2		0.419266
236.3		0.419266
236.4		0.419266
236.5		0.419266
236.6		0.419266
236.7		0.419266
236.8		0.419266
236.9		0.419266
237		0.419266
237.1		0.424234
237.2		0.424234
237.3		0.424234
237.4		0.424234
237.5		0.424234
237.6		0.424234
237.7		0.424234
237.8		0.424234
237.9		0.424234
238		0.424234
238.1		0.424692
238.2		0.424692
238.3		0.424692
238.4		0.424692
238.5		0.424692
238.6		0.424692
238.7		0.424692
238.8		0.424692
238.9		0.424692
239		0.424692
239.1		0.425151
239.2		0.425151
239.3		0.425151
239.4		0.425151
239.5		0.425151
239.6		0.425151
239.7		0.425151
239.8		0.425151
239.9		0.425151
240		0.425151
240.1		0.429789
240.2		0.429789
240.3		0.429789
240.4		0.429789
240.5		0.429789
240.6		0.429789
240.7		0.429789
240.8		0.429789
240.9		0.429789
241		0.429789
241.1		0.430046
241.2		0.430046
241.3		0.430046
241.4		0.430046
241.5		0.430046
241.6		0.430046
241.7		0.430046
241.8		0.430046
241.9		0.430046
242		0.430046
242.1		0.432008
242.2		0.432008
242.3		0.432008
242.4		0.432008
242.5		0.432008
242.6		0.432008
242.7		0.432008
242.8		0.432008
242.9		0.432008
243		0.432008
243.1		0.435565
243.2		0.435565
243.3		0.435565
243.4		0.435565
243.5		0.435565
243.6		0.435565
243.7		0.435565
243.8		0.435565
243.9		0.435565
244		0.435565
244.1		0.437343
244.2		0.437343
244.3		0.437343
244.4		0.437343
244.5		0.437343
244.6		0.437343
244.7		0.437343
244.8		0.437343
244.9		0.437343
245		0.437343
245.1		0.437508
245.2		0.437508
245.3		0.437508
245.4		0.437508
245.5		0.437508
245.6		0.437508
245.7		0.437508
245.8		0.437508
245.9		0.437508
246		0.437508
246.1		0.439158
246.2		0.439158
246.3		0.439158
246.4		0.439158
246.5		0.439158
246.6		0.439158
246.7		0.439158
246.8		0.439158
246.9		0.439158
247		0.439158
247.1		0.440808
247.2		0.440808
247.3		0.440808
247.4		0.440808
247.5		0.440808
247.6		0.440808
247.7		0.440808
247.8		0.440808
247.9		0.440808
248		0.440808
248.1		0.444108
248.2		0.444108
248.3		0.444108
248.4		0.444108
248.5		0.444108
248.6		0.444108
248.7		0.444108
248.8		0.444108
248.9		0.444108
249		0.444108
249.1		0.445758
249.2		0.445758
249.3		0.445758
249.4		0.445758
249.5		0.445758
249.6		0.445758
249.7		0.445758
249.8		0.445758
249.9		0.445758
250		0.445758
250.1		0.445978
250.2		0.445978
250.3		0.445978
250.4		0.445978
250.5		0.445978
250.6		0.445978
250.7		0.445978
250.8		0.445978
250.9		0.445978
251		0.445978
251.1		0.448362
251.2		0.448362
251.3		0.448362
251.4		0.448362
251.5		0.448362
251.6		0.448362
251.7		0.448362
251.8		0.448362
251.9		0.448362
252		0.448362
252.1		0.448912
252.2		0.448912
252.3		0.448912
252.4		0.448912
252.5		0.448912
252.6		0.448912
252.7		0.448912
252.8		0.448912
252.9		0.448912
253		0.448912
253.1		0.453275
253.2		0.453275
253.3		0.453275
253.4		0.453275
253.5		0.453275
253.6		0.453275
253.7		0.453275
253.8		0.453275
253.9		0.453275
254		0.453275
254.1		0.455952
254.2		0.455952
254.3		0.455952
254.4		0.455952
254.5		0.455952
254.6		0.455952
254.7		0.455952
254.8		0.455952
254.9		0.455952
255		0.455952
255.1		0.456172
255.2		0.456172
255.3		0.456172
255.4		0.456172
255.5		0.456172
255.6		0.456172
255.7		0.456172
255.8		0.456172
255.9		0.456172
256		0.456172
256.1		0.456337
256.2		0.456337
256.3		0.456337
256.4		0.456337
256.5		0.456337
256.6		0.456337
256.7		0.456337
256.8		0.456337
256.9		0.456337
257		0.456337
257.1		0.458354
257.2		0.458354
257.3		0.458354
257.4		0.458354
257.5		0.458354
257.6		0.458354
257.7		0.458354
257.8		0.458354
257.9		0.458354
258		0.458354
258.1		0.463689
258.2		0.463689
258.3		0.463689
258.4		0.463689
258.5		0.463689
258.6		0.463689
258.7		0.463689
258.8		0.463689
258.9		0.463689
259		0.463689
259.1		0.465284
259.2		0.465284
259.3		0.465284
259.4		0.465284
259.5		0.465284
259.6		0.465284
259.7		0.465284
259.8		0.465284
259.9		0.465284
260		0.465284
260.1		0.465449
260.2		0.465449
260.3		0.465449
260.4		0.465449
260.5		0.465449
260.6		0.465449
260.7		0.465449
260.8		0.465449
260.9		0.465449
261		0.465449
261.1		0.467796
261.2		0.467796
261.3		0.467796
261.4		0.467796
261.5		0.467796
261.6		0.467796
261.7		0.467796
261.8		0.467796
261.9		0.467796
262		0.467796
262.1		0.469428
262.2		0.469428
262.3		0.469428
262.4		0.469428
262.5		0.469428
262.6		0.469428
262.7		0.469428
262.8		0.469428
262.9		0.469428
263		0.469428
263.1		0.470565
263.2		0.470565
263.3		0.470565
263.4		0.470565
263.5		0.470565
263.6		0.470565
263.7		0.470565
263.8		0.470565
263.9		0.470565
264		0.470565
264.1		0.473333
264.2		0.473333
264.3		0.473333
264.4		0.473333
264.5		0.473333
264.6		0.473333
264.7		0.473333
264.8		0.473333
264.9		0.473333
265		0.473333
265.1		0.47392
265.2		0.47392
265.3		0.47392
265.4		0.47392
265.5		0.47392
265.6		0.47392
265.7		0.47392
265.8		0.47392
265.9		0.47392
266		0.47392
266.1		0.4803
266.2		0.4803
266.3		0.4803
266.4		0.4803
266.5		0.4803
266.6		0.4803
266.7		0.4803
266.8		0.4803
266.9		0.4803
267		0.4803
267.1		0.48052
267.2		0.48052
267.3		0.48052
267.4		0.48052
267.5		0.48052
267.6		0.48052
267.7		0.48052
267.8		0.48052
267.9		0.48052
268		0.48052
268.1		0.480905
268.2		0.480905
268.3		0.480905
268.4		0.480905
268.5		0.480905
268.6		0.480905
268.7		0.480905
268.8		0.480905
268.9		0.480905
269		0.480905
269.1		0.482115
269.2		0.482115
269.3		0.482115
269.4		0.482115
269.5		0.482115
269.6		0.482115
269.7		0.482115
269.8		0.482115
269.9		0.482115
270		0.482115
270.1		0.488385
270.2		0.488385
270.3		0.488385
270.4		0.488385
270.5		0.488385
270.6		0.488385
270.7		0.488385
270.8		0.488385
270.9		0.488385
271		0.488385
271.1		0.488697
271.2		0.488697
271.3		0.488697
271.4		0.488697
271.5		0.488697
271.6		0.488697
271.7		0.488697
271.8		0.488697
271.9		0.488697
272		0.488697
272.1		0.48899
272.2		0.48899
272.3		0.48899
272.4		0.48899
272.5		0.48899
272.6		0.48899
272.7		0.48899
272.8		0.48899
272.9		0.48899
273		0.48899
273.1		0.490695
273.2		0.490695
273.3		0.490695
273.4		0.490695
273.5		0.490695
273.6		0.490695
273.7		0.490695
273.8		0.490695
273.9		0.490695
274		0.490695
274.1		0.492621
274.2		0.492621
274.3		0.492621
274.4		0.492621
274.5		0.492621
274.6		0.492621
274.7		0.492621
274.8		0.492621
274.9		0.492621
275		0.492621
275.1		0.494674
275.2		0.494674
275.3		0.494674
275.4		0.494674
275.5		0.494674
275.6		0.494674
275.7		0.494674
275.8		0.494674
275.9		0.494674
276		0.494674
276.1		0.496984
276.2		0.496984
276.3		0.496984
276.4		0.496984
276.5		0.496984
276.6		0.496984
276.7		0.496984
276.8		0.496984
276.9		0.496984
277		0.496984
277.1		0.496984
277.2		0.496984
277.3		0.496984
277.4		0.496984
277.5		0.496984
277.6		0.496984
277.7		0.496984
277.8		0.496984
277.9		0.496984
278		0.496984
278.1		0.498671
278.2		0.498671
278.3		0.498671
278.4		0.498671
278.5		0.498671
278.6		0.498671
278.7		0.498671
278.8		0.498671
278.9		0.498671
279		0.498671
279.1		0.501989
279.2		0.501989
279.3		0.501989
279.4		0.501989
279.5		0.501989
279.6		0.501989
279.7		0.501989
279.8		0.501989
279.9		0.501989
280		0.501989
280.1		0.503768
280.2		0.503768
280.3		0.503768
280.4		0.503768
280.5		0.503768
280.6		0.503768
280.7		0.503768
280.8		0.503768
280.9		0.503768
281		0.503768
281.1		0.506499
281.2		0.506499
281.3		0.506499
281.4		0.506499
281.5		0.506499
281.6		0.506499
281.7		0.506499
281.8		0.506499
281.9		0.506499
282		0.506499
282.1		0.508131
282.2		0.508131
282.3		0.508131
282.4		0.508131
282.5		0.508131
282.6		0.508131
282.7		0.508131
282.8		0.508131
282.9		0.508131
283		0.508131
283.1		0.512293
283.2		0.512293
283.3		0.512293
283.4		0.512293
283.5		0.512293
283.6		0.512293
283.7		0.512293
283.8		0.512293
283.9		0.512293
284		0.512293
284.1		0.517757
284.2		0.517757
284.3		0.517757
284.4		0.517757
284.5		0.517757
284.6		0.517757
284.7		0.517757
284.8		0.517757
284.9		0.517757
285		0.517757
285.1		0.518637
285.2		0.518637
285.3		0.518637
285.4		0.518637
285.5		0.518637
285.6		0.518637
285.7		0.518637
285.8		0.518637
285.9		0.518637
286		0.518637
286.1		0.519388
286.2		0.519388
286.3		0.519388
286.4		0.519388
286.5		0.519388
286.6		0.519388
286.7		0.519388
286.8		0.519388
286.9		0.519388
287		0.519388
287.1		0.520507
287.2		0.520507
287.3		0.520507
287.4		0.520507
287.5		0.520507
287.6		0.520507
287.7		0.520507
287.8		0.520507
287.9		0.520507
288		0.520507
288.1		0.52212
288.2		0.52212
288.3		0.52212
288.4		0.52212
288.5		0.52212
288.6		0.52212
288.7		0.52212
288.8		0.52212
288.9		0.52212
289		0.52212
289.1		0.52685
289.2		0.52685
289.3		0.52685
289.4		0.52685
289.5		0.52685
289.6		0.52685
289.7		0.52685
289.8		0.52685
289.9		0.52685
290		0.52685
290.1		0.52685
290.2		0.52685
290.3		0.52685
290.4		0.52685
290.5		0.52685
290.6		0.52685
290.7		0.52685
290.8		0.52685
290.9		0.52685
291		0.52685
291.1		0.529069
291.2		0.529069
291.3		0.529069
291.4		0.529069
291.5		0.529069
291.6		0.529069
291.7		0.529069
291.8		0.529069
291.9		0.529069
292		0.529069
292.1		0.531086
292.2		0.531086
292.3		0.531086
292.4		0.531086
292.5		0.531086
292.6		0.531086
292.7		0.531086
292.8		0.531086
292.9		0.531086
293		0.531086
293.1		0.531782
293.2		0.531782
293.3		0.531782
293.4		0.531782
293.5		0.531782
293.6		0.531782
293.7		0.531782
293.8		0.531782
293.9		0.531782
294		0.531782
294.1		0.535596
294.2		0.535596
294.3		0.535596
294.4		0.535596
294.5		0.535596
294.6		0.535596
294.7		0.535596
294.8		0.535596
294.9		0.535596
295		0.535596
295.1		0.537466
295.2		0.537466
295.3		0.537466
295.4		0.537466
295.5		0.537466
295.6		0.537466
295.7		0.537466
295.8		0.537466
295.9		0.537466
296		0.537466
296.1		0.541078
296.2		0.541078
296.3		0.541078
296.4		0.541078
296.5		0.541078
296.6		0.541078
296.7		0.541078
296.8		0.541078
296.9		0.541078
297		0.541078
297.1		0.543589
297.2		0.543589
297.3		0.543589
297.4		0.543589
297.5		0.543589
297.6		0.543589
297.7		0.543589
297.8		0.543589
297.9		0.543589
298		0.543589
298.1		0.546871
298.2		0.546871
298.3		0.546871
298.4		0.546871
298.5		0.546871
298.6		0.546871
298.7		0.546871
298.8		0.546871
298.9		0.546871
299		0.546871
299.1		0.547275
299.2		0.547275
299.3		0.547275
299.4		0.547275
299.5		0.547275
299.6		0.547275
299.7		0.547275
299.8		0.547275
299.9		0.547275
300		0.547275
300.1		0.554168
300.2		0.554168
300.3		0.554168
300.4		0.554168
300.5		0.554168
300.6		0.554168
300.7		0.554168
300.8		0.554168
300.9		0.554168
301		0.554168
301.1		0.554498
301.2		0.554498
301.3		0.554498
301.4		0.554498
301.5		0.554498
301.6		0.554498
301.7		0.554498
301.8		0.554498
301.9		0.554498
302		0.554498
302.1		0.55558
302.2		0.55558
302.3		0.55558
302.4		0.55558
302.5		0.55558
302.6		0.55558
302.7		0.55558
302.8		0.55558
302.9		0.55558
303		0.55558
303.1		0.558018
303.2		0.558018
303.3		0.558018
303.4		0.558018
303.5		0.558018
303.6		0.558018
303.7		0.558018
303.8		0.558018
303.9		0.558018
304		0.558018
304.1		0.559118
304.2		0.559118
304.3		0.559118
304.4		0.559118
304.5		0.559118
304.6		0.559118
304.7		0.559118
304.8		0.559118
304.9		0.559118
305		0.559118
305.1		0.55965
305.2		0.55965
305.3		0.55965
305.4		0.55965
305.5		0.55965
305.6		0.55965
305.7		0.55965
305.8		0.55965
305.9		0.55965
306		0.55965
306.1		0.564344
306.2		0.564344
306.3		0.564344
306.4		0.564344
306.5		0.564344
306.6		0.564344
306.7		0.564344
306.8		0.564344
306.9		0.564344
307		0.564344
307.1		0.565645
307.2		0.565645
307.3		0.565645
307.4		0.565645
307.5		0.565645
307.6		0.565645
307.7		0.565645
307.8		0.565645
307.9		0.565645
308		0.565645
308.1		0.567167
308.2		0.567167
308.3		0.567167
308.4		0.567167
308.5		0.567167
308.6		0.567167
308.7		0.567167
308.8		0.567167
308.9		0.567167
309		0.567167
309.1		0.569569
309.2		0.569569
309.3		0.569569
309.4		0.569569
309.5		0.569569
309.6		0.569569
309.7		0.569569
309.8		0.569569
309.9		0.569569
310		0.569569
310.1		0.570834
310.2		0.570834
310.3		0.570834
310.4		0.570834
310.5		0.570834
310.6		0.570834
310.7		0.570834
310.8		0.570834
310.9		0.570834
311		0.570834
311.1		0.571017
311.2		0.571017
311.3		0.571017
311.4		0.571017
311.5		0.571017
311.6		0.571017
311.7		0.571017
311.8		0.571017
311.9		0.571017
312		0.571017
312.1		0.574978
312.2		0.574978
312.3		0.574978
312.4		0.574978
312.5		0.574978
312.6		0.574978
312.7		0.574978
312.8		0.574978
312.9		0.574978
313		0.574978
313.1		0.577801
313.2		0.577801
313.3		0.577801
313.4		0.577801
313.5		0.577801
313.6		0.577801
313.7		0.577801
313.8		0.577801
313.9		0.577801
314		0.577801
314.1		0.580093
314.2		0.580093
314.3		0.580093
314.4		0.580093
314.5		0.580093
314.6		0.580093
314.7		0.580093
314.8		0.580093
314.9		0.580093
315		0.580093
315.1		0.580533
315.2		0.580533
315.3		0.580533
315.4		0.580533
315.5		0.580533
315.6		0.580533
315.7		0.580533
315.8		0.580533
315.9		0.580533
316		0.580533
316.1		0.58222
316.2		0.58222
316.3		0.58222
316.4		0.58222
316.5		0.58222
316.6		0.58222
316.7		0.58222
316.8		0.58222
316.9		0.58222
317		0.58222
317.1		0.584511
317.2		0.584511
317.3		0.584511
317.4		0.584511
317.5		0.584511
317.6		0.584511
317.7		0.584511
317.8		0.584511
317.9		0.584511
318		0.584511
318.1		0.587536
318.2		0.587536
318.3		0.587536
318.4		0.587536
318.5		0.587536
318.6		0.587536
318.7		0.587536
318.8		0.587536
318.9		0.587536
319		0.587536
319.1		0.590012
319.2		0.590012
319.3		0.590012
319.4		0.590012
319.5		0.590012
319.6		0.590012
319.7		0.590012
319.8		0.590012
319.9		0.590012
320		0.590012
320.1		0.591222
320.2		0.591222
320.3		0.591222
320.4		0.591222
320.5		0.591222
320.6		0.591222
320.7		0.591222
320.8		0.591222
320.9		0.591222
321		0.591222
321.1		0.592102
321.2		0.592102
321.3		0.592102
321.4		0.592102
321.5		0.592102
321.6		0.592102
321.7		0.592102
321.8		0.592102
321.9		0.592102
322		0.592102
322.1		0.594265
322.2		0.594265
322.3		0.594265
322.4		0.594265
322.5		0.594265
322.6		0.594265
322.7		0.594265
322.8		0.594265
322.9		0.594265
323		0.594265
323.1		0.59685
323.2		0.59685
323.3		0.59685
323.4		0.59685
323.5		0.59685
323.6		0.59685
323.7		0.59685
323.8		0.59685
323.9		0.59685
324		0.59685
324.1		0.59861
324.2		0.59861
324.3		0.59861
324.4		0.59861
324.5		0.59861
324.6		0.59861
324.7		0.59861
324.8		0.59861
324.9		0.59861
325		0.59861
325.1		0.60191
325.2		0.60191
325.3		0.60191
325.4		0.60191
325.5		0.60191
325.6		0.60191
325.7		0.60191
325.8		0.60191
325.9		0.60191
326		0.60191
326.1		0.604056
326.2		0.604056
326.3		0.604056
326.4		0.604056
326.5		0.604056
326.6		0.604056
326.7		0.604056
326.8		0.604056
326.9		0.604056
327		0.604056
327.1		0.604349
327.2		0.604349
327.3		0.604349
327.4		0.604349
327.5		0.604349
327.6		0.604349
327.7		0.604349
327.8		0.604349
327.9		0.604349
328		0.604349
328.1		0.604826
328.2		0.604826
328.3		0.604826
328.4		0.604826
328.5		0.604826
328.6		0.604826
328.7		0.604826
328.8		0.604826
328.9		0.604826
329		0.604826
329.1		0.608401
329.2		0.608401
329.3		0.608401
329.4		0.608401
329.5		0.608401
329.6		0.608401
329.7		0.608401
329.8		0.608401
329.9		0.608401
330		0.608401
330.1		0.609886
330.2		0.609886
330.3		0.609886
330.4		0.609886
330.5		0.609886
330.6		0.609886
330.7		0.609886
330.8		0.609886
330.9		0.609886
331		0.609886
331.1		0.614708
331.2		0.614708
331.3		0.614708
331.4		0.614708
331.5		0.614708
331.6		0.614708
331.7		0.614708
331.8		0.614708
331.9		0.614708
332		0.614708
332.1		0.615129
332.2		0.615129
332.3		0.615129
332.4		0.615129
332.5		0.615129
332.6		0.615129
332.7		0.615129
332.8		0.615129
332.9		0.615129
333		0.615129
333.1		0.615899
333.2		0.615899
333.3		0.615899
333.4		0.615899
333.5		0.615899
333.6		0.615899
333.7		0.615899
333.8		0.615899
333.9		0.615899
334		0.615899
334.1		0.617274
334.2		0.617274
334.3		0.617274
334.4		0.617274
334.5		0.617274
334.6		0.617274
334.7		0.617274
334.8		0.617274
334.9		0.617274
335		0.617274
335.1		0.621675
335.2		0.621675
335.3		0.621675
335.4		0.621675
335.5		0.621675
335.6		0.621675
335.7		0.621675
335.8		0.621675
335.9		0.621675
336		0.621675
336.1		0.622115
336.2		0.622115
336.3		0.622115
336.4		0.622115
336.5		0.622115
336.6		0.622115
336.7		0.622115
336.8		0.622115
336.9		0.622115
337		0.622115
337.1		0.626075
337.2		0.626075
337.3		0.626075
337.4		0.626075
337.5		0.626075
337.6		0.626075
337.7		0.626075
337.8		0.626075
337.9		0.626075
338		0.626075
338.1		0.627083
338.2		0.627083
338.3		0.627083
338.4		0.627083
338.5		0.627083
338.6		0.627083
338.7		0.627083
338.8		0.627083
338.9		0.627083
339		0.627083
339.1		0.62778
339.2		0.62778
339.3		0.62778
339.4		0.62778
339.5		0.62778
339.6		0.62778
339.7		0.62778
339.8		0.62778
339.9		0.62778
340		0.62778
340.1		0.630347
340.2		0.630347
340.3		0.630347
340.4		0.630347
340.5		0.630347
340.6		0.630347
340.7		0.630347
340.8		0.630347
340.9		0.630347
341		0.630347
341.1		0.635077
341.2		0.635077
341.3		0.635077
341.4		0.635077
341.5		0.635077
341.6		0.635077
341.7		0.635077
341.8		0.635077
341.9		0.635077
342		0.635077
342.1		0.638065
342.2		0.638065
342.3		0.638065
342.4		0.638065
342.5		0.638065
342.6		0.638065
342.7		0.638065
342.8		0.638065
342.9		0.638065
343		0.638065
343.1		0.640394
343.2		0.640394
343.3		0.640394
343.4		0.640394
343.5		0.640394
343.6		0.640394
343.7		0.640394
343.8		0.640394
343.9		0.640394
344		0.640394
344.1		0.641109
344.2		0.641109
344.3		0.641109
344.4		0.641109
344.5		0.641109
344.6		0.641109
344.7		0.641109
344.8		0.641109
344.9		0.641109
345		0.641109
345.1		0.641989
345.2		0.641989
345.3		0.641989
345.4		0.641989
345.5		0.641989
345.6		0.641989
345.7		0.641989
345.8		0.641989
345.9		0.641989
346		0.641989
346.1		0.644757
346.2		0.644757
346.3		0.644757
346.4		0.644757
346.5		0.644757
346.6		0.644757
346.7		0.644757
346.8		0.644757
346.9		0.644757
347		0.644757
347.1		0.648571
347.2		0.648571
347.3		0.648571
347.4		0.648571
347.5		0.648571
347.6		0.648571
347.7		0.648571
347.8		0.648571
347.9		0.648571
348		0.648571
348.1		0.649286
348.2		0.649286
348.3		0.649286
348.4		0.649286
348.5		0.649286
348.6		0.649286
348.7		0.649286
348.8		0.649286
348.9		0.649286
349		0.649286
349.1		0.649286
349.2		0.649286
349.3		0.649286
349.4		0.649286
349.5		0.649286
349.6		0.649286
349.7		0.649286
349.8		0.649286
349.9		0.649286
350		0.649286
350.1		0.651303
350.2		0.651303
350.3		0.651303
350.4		0.651303
350.5		0.651303
350.6		0.651303
350.7		0.651303
350.8		0.651303
350.9		0.651303
351		0.651303
351.1		0.653356
351.2		0.653356
351.3		0.653356
351.4		0.653356
351.5		0.653356
351.6		0.653356
351.7		0.653356
351.8		0.653356
351.9		0.653356
352		0.653356
352.1		0.657225
352.2		0.657225
352.3		0.657225
352.4		0.657225
352.5		0.657225
352.6		0.657225
352.7		0.657225
352.8		0.657225
352.9		0.657225
353		0.657225
353.1		0.657555
353.2		0.657555
353.3		0.657555
353.4		0.657555
353.5		0.657555
353.6		0.657555
353.7		0.657555
353.8		0.657555
353.9		0.657555
354		0.657555
354.1		0.659645
354.2		0.659645
354.3		0.659645
354.4		0.659645
354.5		0.659645
354.6		0.659645
354.7		0.659645
354.8		0.659645
354.9		0.659645
355		0.659645
355.1		0.663477
355.2		0.663477
355.3		0.663477
355.4		0.663477
355.5		0.663477
355.6		0.663477
355.7		0.663477
355.8		0.663477
355.9		0.663477
356		0.663477
356.1		0.667327
356.2		0.667327
356.3		0.667327
356.4		0.667327
356.5		0.667327
356.6		0.667327
356.7		0.667327
356.8		0.667327
356.9		0.667327
357		0.667327
357.1		0.668848
357.2		0.668848
357.3		0.668848
357.4		0.668848
357.5		0.668848
357.6		0.668848
357.7		0.668848
357.8		0.668848
357.9		0.668848
358		0.668848
358.1		0.673212
358.2		0.673212
358.3		0.673212
358.4		0.673212
358.5		0.673212
358.6		0.673212
358.7		0.673212
358.8		0.673212
358.9		0.673212
359		0.673212
359.1		0.675339
359.2		0.675339
359.3		0.675339
359.4		0.675339
359.5		0.675339
359.6		0.675339
359.7		0.675339
359.8		0.675339
359.9		0.675339
360		0.675339
360.1		0.678987
360.2		0.678987
360.3		0.678987
360.4		0.678987
360.5		0.678987
360.6		0.678987
360.7		0.678987
360.8		0.678987
360.9		0.678987
361		0.678987
361.1		0.679611
361.2		0.679611
361.3		0.679611
361.4		0.679611
361.5		0.679611
361.6		0.679611
361.7		0.679611
361.8		0.679611
361.9		0.679611
362		0.679611
362.1		0.681792
362.2		0.681792
362.3		0.681792
362.4		0.681792
362.5		0.681792
362.6		0.681792
362.7		0.681792
362.8		0.681792
362.9		0.681792
363		0.681792
363.1		0.684524
363.2		0.684524
363.3		0.684524
363.4		0.684524
363.5		0.684524
363.6		0.684524
363.7		0.684524
363.8		0.684524
363.9		0.684524
364		0.684524
364.1		0.686229
364.2		0.686229
364.3		0.686229
364.4		0.686229
364.5		0.686229
364.6		0.686229
364.7		0.686229
364.8		0.686229
364.9		0.686229
365		0.686229
365.1		0.687586
365.2		0.687586
365.3		0.687586
365.4		0.687586
365.5		0.687586
365.6		0.687586
365.7		0.687586
365.8		0.687586
365.9		0.687586
366		0.687586
366.1		0.689548
366.2		0.689548
366.3		0.689548
366.4		0.689548
366.5		0.689548
366.6		0.689548
366.7		0.689548
366.8		0.689548
366.9		0.689548
367		0.689548
367.1		0.690116
367.2		0.690116
367.3		0.690116
367.4		0.690116
367.5		0.690116
367.6		0.690116
367.7		0.690116
367.8		0.690116
367.9		0.690116
368		0.690116
368.1		0.692316
368.2		0.692316
368.3		0.692316
368.4		0.692316
368.5		0.692316
368.6		0.692316
368.7		0.692316
368.8		0.692316
368.9		0.692316
369		0.692316
369.1		0.696056
369.2		0.696056
369.3		0.696056
369.4		0.696056
369.5		0.696056
369.6		0.696056
369.7		0.696056
369.8		0.696056
369.9		0.696056
370		0.696056
370.1		0.698183
370.2		0.698183
370.3		0.698183
370.4		0.698183
370.5		0.698183
370.6		0.698183
370.7		0.698183
370.8		0.698183
370.9		0.698183
371		0.698183
371.1		0.70086
371.2		0.70086
371.3		0.70086
371.4		0.70086
371.5		0.70086
371.6		0.70086
371.7		0.70086
371.8		0.70086
371.9		0.70086
372		0.70086
372.1		0.701098
372.2		0.701098
372.3		0.701098
372.4		0.701098
372.5		0.701098
372.6		0.701098
372.7		0.701098
372.8		0.701098
372.9		0.701098
373		0.701098
373.1		0.701575
373.2		0.701575
373.3		0.701575
373.4		0.701575
373.5		0.701575
373.6		0.701575
373.7		0.701575
373.8		0.701575
373.9		0.701575
374		0.701575
374.1		0.707002
374.2		0.707002
374.3		0.707002
374.4		0.707002
374.5		0.707002
374.6		0.707002
374.7		0.707002
374.8		0.707002
374.9		0.707002
375		0.707002
375.1		0.707735
375.2		0.707735
375.3		0.707735
375.4		0.707735
375.5		0.707735
375.6		0.707735
375.7		0.707735
375.8		0.707735
375.9		0.707735
376		0.707735
376.1		0.710247
376.2		0.710247
376.3		0.710247
376.4		0.710247
376.5		0.710247
376.6		0.710247
376.7		0.710247
376.8		0.710247
376.9		0.710247
377		0.710247
377.1		0.711072
377.2		0.711072
377.3		0.711072
377.4		0.711072
377.5		0.711072
377.6		0.711072
377.7		0.711072
377.8		0.711072
377.9		0.711072
378		0.711072
378.1		0.71307
378.2		0.71307
378.3		0.71307
378.4		0.71307
378.5		0.71307
378.6		0.71307
378.7		0.71307
378.8		0.71307
378.9		0.71307
379		0.71307
379.1		0.713877
379.2		0.713877
379.3		0.713877
379.4		0.713877
379.5		0.713877
379.6		0.713877
379.7		0.713877
379.8		0.713877
379.9		0.713877
380		0.713877
380.1		0.716004
380.2		0.716004
380.3		0.716004
380.4		0.716004
380.5		0.716004
380.6		0.716004
380.7		0.716004
380.8		0.716004
380.9		0.716004
381		0.716004
381.1		0.718497
381.2		0.718497
381.3		0.718497
381.4		0.718497
381.5		0.718497
381.6		0.718497
381.7		0.718497
381.8		0.718497
381.9		0.718497
382		0.718497
382.1		0.722458
382.2		0.722458
382.3		0.722458
382.4		0.722458
382.5		0.722458
382.6		0.722458
382.7		0.722458
382.8		0.722458
382.9		0.722458
383		0.722458
383.1		0.723906
383.2		0.723906
383.3		0.723906
383.4		0.723906
383.5		0.723906
383.6		0.723906
383.7		0.723906
383.8		0.723906
383.9		0.723906
384		0.723906
384.1		0.724694
384.2		0.724694
384.3		0.724694
384.4		0.724694
384.5		0.724694
384.6		0.724694
384.7		0.724694
384.8		0.724694
384.9		0.724694
385		0.724694
385.1		0.724841
385.2		0.724841
385.3		0.724841
385.4		0.724841
385.5		0.724841
385.6		0.724841
385.7		0.724841
385.8		0.724841
385.9		0.724841
386		0.724841
386.1		0.726748
386.2		0.726748
386.3		0.726748
386.4		0.726748
386.5		0.726748
386.6		0.726748
386.7		0.726748
386.8		0.726748
386.9		0.726748
387		0.726748
387.1		0.730763
387.2		0.730763
387.3		0.730763
387.4		0.730763
387.5		0.730763
387.6		0.730763
387.7		0.730763
387.8		0.730763
387.9		0.730763
388		0.730763
388.1		0.731093
388.2		0.731093
388.3		0.731093
388.4		0.731093
388.5		0.731093
388.6		0.731093
388.7		0.731093
388.8		0.731093
388.9		0.731093
389		0.731093
389.1		0.731936
389.2		0.731936
389.3		0.731936
389.4		0.731936
389.5		0.731936
389.6		0.731936
389.7		0.731936
389.8		0.731936
389.9		0.731936
390		0.731936
390.1		0.734301
390.2		0.734301
390.3		0.734301
390.4		0.734301
390.5		0.734301
390.6		0.734301
390.7		0.734301
390.8		0.734301
390.9		0.734301
391		0.734301
391.1		0.734998
391.2		0.734998
391.3		0.734998
391.4		0.734998
391.5		0.734998
391.6		0.734998
391.7		0.734998
391.8		0.734998
391.9		0.734998
392		0.734998
392.1		0.738188
392.2		0.738188
392.3		0.738188
392.4		0.738188
392.5		0.738188
392.6		0.738188
392.7		0.738188
392.8		0.738188
392.9		0.738188
393		0.738188
393.1		0.742698
393.2		0.742698
393.3		0.742698
393.4		0.742698
393.5		0.742698
393.6		0.742698
393.7		0.742698
393.8		0.742698
393.9		0.742698
394		0.742698
394.1		0.744037
394.2		0.744037
394.3		0.744037
394.4		0.744037
394.5		0.744037
394.6		0.744037
394.7		0.744037
394.8		0.744037
394.9		0.744037
395		0.744037
395.1		0.744183
395.2		0.744183
395.3		0.744183
395.4		0.744183
395.5		0.744183
395.6		0.744183
395.7		0.744183
395.8		0.744183
395.9		0.744183
396		0.744183
396.1		0.74543
396.2		0.74543
396.3		0.74543
396.4		0.74543
396.5		0.74543
396.6		0.74543
396.7		0.74543
396.8		0.74543
396.9		0.74543
397		0.74543
397.1		0.749647
397.2		0.749647
397.3		0.749647
397.4		0.749647
397.5		0.749647
397.6		0.749647
397.7		0.749647
397.8		0.749647
397.9		0.749647
398		0.749647
398.1		0.753057
398.2		0.753057
398.3		0.753057
398.4		0.753057
398.5		0.753057
398.6		0.753057
398.7		0.753057
398.8		0.753057
398.9		0.753057
399		0.753057
399.1		0.754267
399.2		0.754267
399.3		0.754267
399.4		0.754267
399.5		0.754267
399.6		0.754267
399.7		0.754267
399.8		0.754267
399.9		0.754267
400		0.754267
400.1		0.754762
400.2		0.754762
400.3		0.754762
400.4		0.754762
400.5		0.754762
400.6		0.754762
400.7		0.754762
400.8		0.754762
400.9		0.754762
401		0.754762
401.1		0.755661
401.2		0.755661
401.3		0.755661
401.4		0.755661
401.5		0.755661
401.6		0.755661
401.7		0.755661
401.8		0.755661
401.9		0.755661
402		0.755661
402.1		0.756614
402.2		0.756614
402.3		0.756614
402.4		0.756614
402.5		0.756614
402.6		0.756614
402.7		0.756614
402.8		0.756614
402.9		0.756614
403		0.756614
403.1		0.761253
403.2		0.761253
403.3		0.761253
403.4		0.761253
403.5		0.761253
403.6		0.761253
403.7		0.761253
403.8		0.761253
403.9		0.761253
404		0.761253
404.1		0.763783
404.2		0.763783
404.3		0.763783
404.4		0.763783
404.5		0.763783
404.6		0.763783
404.7		0.763783
404.8		0.763783
404.9		0.763783
405		0.763783
405.1		0.764113
405.2		0.764113
405.3		0.764113
405.4		0.764113
405.5		0.764113
405.6		0.764113
405.7		0.764113
405.8		0.764113
405.9		0.764113
406		0.764113
406.1		0.764498
406.2		0.764498
406.3		0.764498
406.4		0.764498
406.5		0.764498
406.6		0.764498
406.7		0.764498
406.8		0.764498
406.9		0.764498
407		0.764498
407.1		0.767156
407.2		0.767156
407.3		0.767156
407.4		0.767156
407.5		0.767156
407.6		0.767156
407.7		0.767156
407.8		0.767156
407.9		0.767156
408		0.767156
408.1		0.768733
408.2		0.768733
408.3		0.768733
408.4		0.768733
408.5		0.768733
408.6		0.768733
408.7		0.768733
408.8		0.768733
408.9		0.768733
409		0.768733
409.1		0.773591
409.2		0.773591
409.3		0.773591
409.4		0.773591
409.5		0.773591
409.6		0.773591
409.7		0.773591
409.8		0.773591
409.9		0.773591
410		0.773591
410.1		0.773665
410.2		0.773665
410.3		0.773665
410.4		0.773665
410.5		0.773665
410.6		0.773665
410.7		0.773665
410.8		0.773665
410.9		0.773665
411		0.773665
411.1		0.77548
411.2		0.77548
411.3		0.77548
411.4		0.77548
411.5		0.77548
411.6		0.77548
411.7		0.77548
411.8		0.77548
411.9		0.77548
412		0.77548
412.1		0.77702
412.2		0.77702
412.3		0.77702
412.4		0.77702
412.5		0.77702
412.6		0.77702
412.7		0.77702
412.8		0.77702
412.9		0.77702
413		0.77702
413.1		0.778633
413.2		0.778633
413.3		0.778633
413.4		0.778633
413.5		0.778633
413.6		0.778633
413.7		0.778633
413.8		0.778633
413.9		0.778633
414		0.778633
414.1		0.778835
414.2		0.778835
414.3		0.778835
414.4		0.778835
414.5		0.778835
414.6		0.778835
414.7		0.778835
414.8		0.778835
414.9		0.778835
415		0.778835
415.1		0.7834
415.2		0.7834
415.3		0.7834
415.4		0.7834
415.5		0.7834
415.6		0.7834
415.7		0.7834
415.8		0.7834
415.9		0.7834
416		0.7834
416.1		0.784207
416.2		0.784207
416.3		0.784207
416.4		0.784207
416.5		0.784207
416.6		0.784207
416.7		0.784207
416.8		0.784207
416.9		0.784207
417		0.784207
417.1		0.786645
417.2		0.786645
417.3		0.786645
417.4		0.786645
417.5		0.786645
417.6		0.786645
417.7		0.786645
417.8		0.786645
417.9		0.786645
418		0.786645
418.1		0.786847
418.2		0.786847
418.3		0.786847
418.4		0.786847
418.5		0.786847
418.6		0.786847
418.7		0.786847
418.8		0.786847
418.9		0.786847
419		0.786847
419.1		0.790881
419.2		0.790881
419.3		0.790881
419.4		0.790881
419.5		0.790881
419.6		0.790881
419.7		0.790881
419.8		0.790881
419.9		0.790881
420		0.790881
420.1		0.791082
420.2		0.791082
420.3		0.791082
420.4		0.791082
420.5		0.791082
420.6		0.791082
420.7		0.791082
420.8		0.791082
420.9		0.791082
421		0.791082
421.1		0.793759
421.2		0.793759
421.3		0.793759
421.4		0.793759
421.5		0.793759
421.6		0.793759
421.7		0.793759
421.8		0.793759
421.9		0.793759
422		0.793759
422.1		0.795831
422.2		0.795831
422.3		0.795831
422.4		0.795831
422.5		0.795831
422.6		0.795831
422.7		0.795831
422.8		0.795831
422.9		0.795831
423		0.795831
423.1		0.796931
423.2		0.796931
423.3		0.796931
423.4		0.796931
423.5		0.796931
423.6		0.796931
423.7		0.796931
423.8		0.796931
423.9		0.796931
424		0.796931
424.1		0.797903
424.2		0.797903
424.3		0.797903
424.4		0.797903
424.5		0.797903
424.6		0.797903
424.7		0.797903
424.8		0.797903
424.9		0.797903
425		0.797903
425.1		0.801203
425.2		0.801203
425.3		0.801203
425.4		0.801203
425.5		0.801203
425.6		0.801203
425.7		0.801203
425.8		0.801203
425.9		0.801203
426		0.801203
426.1		0.803366
426.2		0.803366
426.3		0.803366
426.4		0.803366
426.5		0.803366
426.6		0.803366
426.7		0.803366
426.8		0.803366
426.9		0.803366
427		0.803366
427.1		0.804686
427.2		0.804686
427.3		0.804686
427.4		0.804686
427.5		0.804686
427.6		0.804686
427.7		0.804686
427.8		0.804686
427.9		0.804686
428		0.804686
428.1		0.805768
428.2		0.805768
428.3		0.805768
428.4		0.805768
428.5		0.805768
428.6		0.805768
428.7		0.805768
428.8		0.805768
428.9		0.805768
429		0.805768
429.1		0.808921
429.2		0.808921
429.3		0.808921
429.4		0.808921
429.5		0.808921
429.6		0.808921
429.7		0.808921
429.8		0.808921
429.9		0.808921
430		0.808921
430.1		0.808995
430.2		0.808995
430.3		0.808995
430.4		0.808995
430.5		0.808995
430.6		0.808995
430.7		0.808995
430.8		0.808995
430.9		0.808995
431		0.808995
431.1		0.809251
431.2		0.809251
431.3		0.809251
431.4		0.809251
431.5		0.809251
431.6		0.809251
431.7		0.809251
431.8		0.809251
431.9		0.809251
432		0.809251
432.1		0.813908
432.2		0.813908
432.3		0.813908
432.4		0.813908
432.5		0.813908
432.6		0.813908
432.7		0.813908
432.8		0.813908
432.9		0.813908
433		0.813908
433.1		0.814165
433.2		0.814165
433.3		0.814165
433.4		0.814165
433.5		0.814165
433.6		0.814165
433.7		0.814165
433.8		0.814165
433.9		0.814165
434		0.814165
434.1		0.816035
434.2		0.816035
434.3		0.816035
434.4		0.816035
434.5		0.816035
434.6		0.816035
434.7		0.816035
434.8		0.816035
434.9		0.816035
435		0.816035
435.1		0.817227
435.2		0.817227
435.3		0.817227
435.4		0.817227
435.5		0.817227
435.6		0.817227
435.7		0.817227
435.8		0.817227
435.9		0.817227
436		0.817227
436.1		0.81851
436.2		0.81851
436.3		0.81851
436.4		0.81851
436.5		0.81851
436.6		0.81851
436.7		0.81851
436.8		0.81851
436.9		0.81851
437		0.81851
437.1		0.82071
437.2		0.82071
437.3		0.82071
437.4		0.82071
437.5		0.82071
437.6		0.82071
437.7		0.82071
437.8		0.82071
437.9		0.82071
438		0.82071
438.1		0.824854
438.2		0.824854
438.3		0.824854
438.4		0.824854
438.5		0.824854
438.6		0.824854
438.7		0.824854
438.8		0.824854
438.9		0.824854
439		0.824854
439.1		0.825074
439.2		0.825074
439.3		0.825074
439.4		0.825074
439.5		0.825074
439.6		0.825074
439.7		0.825074
439.8		0.825074
439.9		0.825074
440		0.825074
440.1		0.827476
440.2		0.827476
440.3		0.827476
440.4		0.827476
440.5		0.827476
440.6		0.827476
440.7		0.827476
440.8		0.827476
440.9		0.827476
441		0.827476
441.1		0.829914
441.2		0.829914
441.3		0.829914
441.4		0.829914
441.5		0.829914
441.6		0.829914
441.7		0.829914
441.8		0.829914
441.9		0.829914
442		0.829914
442.1		0.830116
442.2		0.830116
442.3		0.830116
442.4		0.830116
442.5		0.830116
442.6		0.830116
442.7		0.830116
442.8		0.830116
442.9		0.830116
443		0.830116
443.1		0.831307
443.2		0.831307
443.3		0.831307
443.4		0.831307
443.5		0.831307
443.6		0.831307
443.7		0.831307
443.8		0.831307
443.9		0.831307
444		0.831307
444.1		0.834406
444.2		0.834406
444.3		0.834406
444.4		0.834406
444.5		0.834406
444.6		0.834406
444.7		0.834406
444.8		0.834406
444.9		0.834406
445		0.834406
445.1		0.835121
445.2		0.835121
445.3		0.835121
445.4		0.835121
445.5		0.835121
445.6		0.835121
445.7		0.835121
445.8		0.835121
445.9		0.835121
446		0.835121
446.1		0.836661
446.2		0.836661
446.3		0.836661
446.4		0.836661
446.5		0.836661
446.6		0.836661
446.7		0.836661
446.8		0.836661
446.9		0.836661
447		0.836661
447.1		0.839759
447.2		0.839759
447.3		0.839759
447.4		0.839759
447.5		0.839759
447.6		0.839759
447.7		0.839759
447.8		0.839759
447.9		0.839759
448		0.839759
448.1		0.842436
448.2		0.842436
448.3		0.842436
448.4		0.842436
448.5		0.842436
448.6		0.842436
448.7		0.842436
448.8		0.842436
448.9		0.842436
449		0.842436
449.1		0.843115
449.2		0.843115
449.3		0.843115
449.4		0.843115
449.5		0.843115
449.6		0.843115
449.7		0.843115
449.8		0.843115
449.9		0.843115
450		0.843115
450.1		0.845901
450.2		0.845901
450.3		0.845901
450.4		0.845901
450.5		0.845901
450.6		0.845901
450.7		0.845901
450.8		0.845901
450.9		0.845901
451		0.845901
451.1		0.846378
451.2		0.846378
451.3		0.846378
451.4		0.846378
451.5		0.846378
451.6		0.846378
451.7		0.846378
451.8		0.846378
451.9		0.846378
452		0.846378
452.1		0.849385
452.2		0.849385
452.3		0.849385
452.4		0.849385
452.5		0.849385
452.6		0.849385
452.7		0.849385
452.8		0.849385
452.9		0.849385
453		0.849385
453.1		0.850998
453.2		0.850998
453.3		0.850998
453.4		0.850998
453.5		0.850998
453.6		0.850998
453.7		0.850998
453.8		0.850998
453.9		0.850998
454		0.850998
454.1		0.853253
454.2		0.853253
454.3		0.853253
454.4		0.853253
454.5		0.853253
454.6		0.853253
454.7		0.853253
454.8		0.853253
454.9		0.853253
455		0.853253
455.1		0.855233
455.2		0.855233
455.3		0.855233
455.4		0.855233
455.5		0.855233
455.6		0.855233
455.7		0.855233
455.8		0.855233
455.9		0.855233
456		0.855233
456.1		0.856389
456.2		0.856389
456.3		0.856389
456.4		0.856389
456.5		0.856389
456.6		0.856389
456.7		0.856389
456.8		0.856389
456.9		0.856389
457		0.856389
457.1		0.86
457.2		0.86
457.3		0.86
457.4		0.86
457.5		0.86
457.6		0.86
457.7		0.86
457.8		0.86
457.9		0.86
458		0.86
458.1		0.860367
458.2		0.860367
458.3		0.860367
458.4		0.860367
458.5		0.860367
458.6		0.860367
458.7		0.860367
458.8		0.860367
458.9		0.860367
459		0.860367
459.1		0.860917
459.2		0.860917
459.3		0.860917
459.4		0.860917
459.5		0.860917
459.6		0.860917
459.7		0.860917
459.8		0.860917
459.9		0.860917
460		0.860917
460.1		0.867334
460.2		0.867334
460.3		0.867334
460.4		0.867334
460.5		0.867334
460.6		0.867334
460.7		0.867334
460.8		0.867334
460.9		0.867334
461		0.867334
461.1		0.868764
461.2		0.868764
461.3		0.868764
461.4		0.868764
461.5		0.868764
461.6		0.868764
461.7		0.868764
461.8		0.868764
461.9		0.868764
462		0.868764
462.1		0.869717
462.2		0.869717
462.3		0.869717
462.4		0.869717
462.5		0.869717
462.6		0.869717
462.7		0.869717
462.8		0.869717
462.9		0.869717
463		0.869717
463.1		0.869901
463.2		0.869901
463.3		0.869901
463.4		0.869901
463.5		0.869901
463.6		0.869901
463.7		0.869901
463.8		0.869901
463.9		0.869901
464		0.869901
464.1		0.874576
464.2		0.874576
464.3		0.874576
464.4		0.874576
464.5		0.874576
464.6		0.874576
464.7		0.874576
464.8		0.874576
464.9		0.874576
465		0.874576
465.1		0.875089
465.2		0.875089
465.3		0.875089
465.4		0.875089
465.5		0.875089
465.6		0.875089
465.7		0.875089
465.8		0.875089
465.9		0.875089
466		0.875089
466.1		0.877711
466.2		0.877711
466.3		0.877711
466.4		0.877711
466.5		0.877711
466.6		0.877711
466.7		0.877711
466.8		0.877711
466.9		0.877711
467		0.877711
467.1		0.878591
467.2		0.878591
467.3		0.878591
467.4		0.878591
467.5		0.878591
467.6		0.878591
467.7		0.878591
467.8		0.878591
467.9		0.878591
468		0.878591
468.1		0.880883
468.2		0.880883
468.3		0.880883
468.4		0.880883
468.5		0.880883
468.6		0.880883
468.7		0.880883
468.8		0.880883
468.9		0.880883
469		0.880883
469.1		0.88213
469.2		0.88213
469.3		0.88213
469.4		0.88213
469.5		0.88213
469.6		0.88213
469.7		0.88213
469.8		0.88213
469.9		0.88213
470		0.88213
470.1		0.884806
470.2		0.884806
470.3		0.884806
470.4		0.884806
470.5		0.884806
470.6		0.884806
470.7		0.884806
470.8		0.884806
470.9		0.884806
471		0.884806
471.1		0.885283
471.2		0.885283
471.3		0.885283
471.4		0.885283
471.5		0.885283
471.6		0.885283
471.7		0.885283
471.8		0.885283
471.9		0.885283
472		0.885283
472.1		0.890288
472.2		0.890288
472.3		0.890288
472.4		0.890288
472.5		0.890288
472.6		0.890288
472.7		0.890288
472.8		0.890288
472.9		0.890288
473		0.890288
473.1		0.891297
473.2		0.891297
473.3		0.891297
473.4		0.891297
473.5		0.891297
473.6		0.891297
473.7		0.891297
473.8		0.891297
473.9		0.891297
474		0.891297
474.1		0.893295
474.2		0.893295
474.3		0.893295
474.4		0.893295
474.5		0.893295
474.6		0.893295
474.7		0.893295
474.8		0.893295
474.9		0.893295
475		0.893295
475.1		0.895019
475.2		0.895019
475.3		0.895019
475.4		0.895019
475.5		0.895019
475.6		0.895019
475.7		0.895019
475.8		0.895019
475.9		0.895019
476		0.895019
476.1		0.895257
476.2		0.895257
476.3		0.895257
476.4		0.895257
476.5		0.895257
476.6		0.895257
476.7		0.895257
476.8		0.895257
476.9		0.895257
477		0.895257
477.1		0.896632
477.2		0.896632
477.3		0.896632
477.4		0.896632
477.5		0.896632
477.6		0.896632
477.7		0.896632
477.8		0.896632
477.9		0.896632
478		0.896632
478.1		0.900354
478.2		0.900354
478.3		0.900354
478.4		0.900354
478.5		0.900354
478.6		0.900354
478.7		0.900354
478.8		0.900354
478.9		0.900354
479		0.900354
479.1		0.900867
479.2		0.900867
479.3		0.900867
479.4		0.900867
479.5		0.900867
479.6		0.900867
479.7		0.900867
479.8		0.900867
479.9		0.900867
480		0.900867
480.1		0.905487
480.2		0.905487
480.3		0.905487
480.4		0.905487
480.5		0.905487
480.6		0.905487
480.7		0.905487
480.8		0.905487
480.9		0.905487
481		0.905487
481.1		0.905652
481.2		0.905652
481.3		0.905652
481.4		0.905652
481.5		0.905652
481.6		0.905652
481.7		0.905652
481.8		0.905652
481.9		0.905652
482		0.905652
482.1		0.906532
482.2		0.906532
482.3		0.906532
482.4		0.906532
482.5		0.906532
482.6		0.906532
482.7		0.906532
482.8		0.906532
482.9		0.906532
483		0.906532
483.1		0.907578
483.2		0.907578
483.3		0.907578
483.4		0.907578
483.5		0.907578
483.6		0.907578
483.7		0.907578
483.8		0.907578
483.9		0.907578
484		0.907578
484.1		0.910621
484.2		0.910621
484.3		0.910621
484.4		0.910621
484.5		0.910621
484.6		0.910621
484.7		0.910621
484.8		0.910621
484.9		0.910621
485		0.910621
485.1		0.910768
485.2		0.910768
485.3		0.910768
485.4		0.910768
485.5		0.910768
485.6		0.910768
485.7		0.910768
485.8		0.910768
485.9		0.910768
486		0.910768
486.1		0.915846
486.2		0.915846
486.3		0.915846
486.4		0.915846
486.5		0.915846
486.6		0.915846
486.7		0.915846
486.8		0.915846
486.9		0.915846
487		0.915846
487.1		0.917551
487.2		0.917551
487.3		0.917551
487.4		0.917551
487.5		0.917551
487.6		0.917551
487.7		0.917551
487.8		0.917551
487.9		0.917551
488		0.917551
488.1		0.920118
488.2		0.920118
488.3		0.920118
488.4		0.920118
488.5		0.920118
488.6		0.920118
488.7		0.920118
488.8		0.920118
488.9		0.920118
489		0.920118
489.1		0.922098
489.2		0.922098
489.3		0.922098
489.4		0.922098
489.5		0.922098
489.6		0.922098
489.7		0.922098
489.8		0.922098
489.9		0.922098
490		0.922098
490.1		0.923327
490.2		0.923327
490.3		0.923327
490.4		0.923327
490.5		0.923327
490.6		0.923327
490.7		0.923327
490.8		0.923327
490.9		0.923327
491		0.923327
491.1		0.924775
491.2		0.924775
491.3		0.924775
491.4		0.924775
491.5		0.924775
491.6		0.924775
491.7		0.924775
491.8		0.924775
491.9		0.924775
492		0.924775
492.1		0.927103
492.2		0.927103
492.3		0.927103
492.4		0.927103
492.5		0.927103
492.6		0.927103
492.7		0.927103
492.8		0.927103
492.9		0.927103
493		0.927103
493.1		0.93055
493.2		0.93055
493.3		0.93055
493.4		0.93055
493.5		0.93055
493.6		0.93055
493.7		0.93055
493.8		0.93055
493.9		0.93055
494		0.93055
494.1		0.93231
494.2		0.93231
494.3		0.93231
494.4		0.93231
494.5		0.93231
494.6		0.93231
494.7		0.93231
494.8		0.93231
494.9		0.93231
495		0.93231
495.1		0.933044
495.2		0.933044
495.3		0.933044
495.4		0.933044
495.5		0.933044
495.6		0.933044
495.7		0.933044
495.8		0.933044
495.9		0.933044
496		0.933044
496.1		0.93396
496.2		0.93396
496.3		0.93396
496.4		0.93396
496.5		0.93396
496.6		0.93396
496.7		0.93396
496.8		0.93396
496.9		0.93396
497		0.93396
497.1		0.9355
497.2		0.9355
497.3		0.9355
497.4		0.9355
497.5		0.9355
497.6		0.9355
497.7		0.9355
497.8		0.9355
497.9		0.9355
498		0.9355
498.1		0.939369
498.2		0.939369
498.3		0.939369
498.4		0.939369
498.5		0.939369
498.6		0.939369
498.7		0.939369
498.8		0.939369
498.9		0.939369
499		0.939369
499.1		0.940927
499.2		0.940927
499.3		0.940927
499.4		0.940927
499.5		0.940927
499.6		0.940927
499.7		0.940927
499.8		0.940927
499.9		0.940927
500		0.940927
500.1		0.942339
500.2		0.942339
500.3		0.942339
500.4		0.942339
500.5		0.942339
500.6		0.942339
500.7		0.942339
500.8		0.942339
500.9		0.942339
501		0.942339
501.1		0.942541
501.2		0.942541
501.3		0.942541
501.4		0.942541
501.5		0.942541
501.6		0.942541
501.7		0.942541
501.8		0.942541
501.9		0.942541
502		0.942541
502.1		0.943347
502.2		0.943347
502.3		0.943347
502.4		0.943347
502.5		0.943347
502.6		0.943347
502.7		0.943347
502.8		0.943347
502.9		0.943347
503		0.943347
503.1		0.947913
503.2		0.947913
503.3		0.947913
503.4		0.947913
503.5		0.947913
503.6		0.947913
503.7		0.947913
503.8		0.947913
503.9		0.947913
504		0.947913
504.1		0.949948
504.2		0.949948
504.3		0.949948
504.4		0.949948
504.5		0.949948
504.6		0.949948
504.7		0.949948
504.8		0.949948
504.9		0.949948
505		0.949948
505.1		0.952918
505.2		0.952918
505.3		0.952918
505.4		0.952918
505.5		0.952918
505.6		0.952918
505.7		0.952918
505.8		0.952918
505.9		0.952918
506		0.952918
506.1		0.953266
506.2		0.953266
506.3		0.953266
506.4		0.953266
506.5		0.953266
506.6		0.953266
506.7		0.953266
506.8		0.953266
506.9		0.953266
507		0.953266
507.1		0.954421
507.2		0.954421
507.3		0.954421
507.4		0.954421
507.5		0.954421
507.6		0.954421
507.7		0.954421
507.8		0.954421
507.9		0.954421
508		0.954421
508.1		0.956475
508.2		0.956475
508.3		0.956475
508.4		0.956475
508.5		0.956475
508.6		0.956475
508.7		0.956475
508.8		0.956475
508.9		0.956475
509		0.956475
509.1		0.959151
509.2		0.959151
509.3		0.959151
509.4		0.959151
509.5		0.959151
509.6		0.959151
509.7		0.959151
509.8		0.959151
509.9		0.959151
510		0.959151
510.1		0.959335
510.2		0.959335
510.3		0.959335
510.4		0.959335
510.5		0.959335
510.6		0.959335
510.7		0.959335
510.8		0.959335
510.9		0.959335
511		0.959335
511.1		0.965073
511.2		0.965073
511.3		0.965073
511.4		0.965073
511.5		0.965073
511.6		0.965073
511.7		0.965073
511.8		0.965073
511.9		0.965073
512		0.965073
512.1		0.96522
512.2		0.96522
512.3		0.96522
512.4		0.96522
512.5		0.96522
512.6		0.96522
512.7		0.96522
512.8		0.96522
512.9		0.96522
513		0.96522
513.1		0.965367
513.2		0.965367
513.3		0.965367
513.4		0.965367
513.5		0.965367
513.6		0.965367
513.7		0.965367
513.8		0.965367
513.9		0.965367
514		0.965367
514.1		0.967787
514.2		0.967787
514.3		0.967787
514.4		0.967787
514.5		0.967787
514.6		0.967787
514.7		0.967787
514.8		0.967787
514.9		0.967787
515		0.967787
515.1		0.969034
515.2		0.969034
515.3		0.969034
515.4		0.969034
515.5		0.969034
515.6		0.969034
515.7		0.969034
515.8		0.969034
515.9		0.969034
516		0.969034
516.1		0.970995
516.2		0.970995
516.3		0.970995
516.4		0.970995
516.5		0.970995
516.6		0.970995
516.7		0.970995
516.8		0.970995
516.9		0.970995
517		0.970995
517.1		0.972682
517.2		0.972682
517.3		0.972682
517.4		0.972682
517.5		0.972682
517.6		0.972682
517.7		0.972682
517.8		0.972682
517.9		0.972682
518		0.972682
518.1		0.976074
518.2		0.976074
518.3		0.976074
518.4		0.976074
518.5		0.976074
518.6		0.976074
518.7		0.976074
518.8		0.976074
518.9		0.976074
519		0.976074
519.1		0.976991
519.2		0.976991
519.3		0.976991
519.4		0.976991
519.5		0.976991
519.6		0.976991
519.7		0.976991
519.8		0.976991
519.9		0.976991
520		0.976991
520.1		0.979411
520.2		0.979411
520.3		0.979411
520.4		0.979411
520.5		0.979411
520.6		0.979411
520.7		0.979411
520.8		0.979411
520.9		0.979411
521		0.979411
521.1		0.979832
521.2		0.979832
521.3		0.979832
521.4		0.979832
521.5		0.979832
521.6		0.979832
521.7		0.979832
521.8		0.979832
521.9		0.979832
522		0.979832
522.1		0.984214
522.2		0.984214
522.3		0.984214
522.4		0.984214
522.5		0.984214
522.6		0.984214
522.7		0.984214
522.8		0.984214
522.9		0.984214
523		0.984214
523.1		0.984819
523.2		0.984819
523.3		0.984819
523.4		0.984819
523.5		0.984819
523.6		0.984819
523.7		0.984819
523.8		0.984819
523.9		0.984819
524		0.984819
524.1		0.988394
524.2		0.988394
524.3		0.988394
524.4		0.988394
524.5		0.988394
524.6		0.988394
524.7		0.988394
524.8		0.988394
524.9		0.988394
525		0.988394
525.1		0.990191
525.2		0.990191
525.3		0.990191
525.4		0.990191
525.5		0.990191
525.6		0.990191
525.7		0.990191
525.8		0.990191
525.9		0.990191
526		0.990191
526.1		0.990485
526.2		0.990485
526.3		0.990485
526.4		0.990485
526.5		0.990485
526.6		0.990485
526.7		0.990485
526.8		0.990485
526.9		0.990485
527		0.990485
527.1		0.990668
527.2		0.990668
527.3		0.990668
527.4		0.990668
527.5		0.990668
527.6		0.990668
527.7		0.990668
527.8		0.990668
527.9		0.990668
528		0.990668
528.1		0.998497
528.2		0.998497
528.3		0.998497
528.4		0.998497
528.5		0.998497
528.6		0.998497
528.7		0.998497
528.8		0.998497
528.9		0.998497
529		0.998497
529.1		1
529.2		1
529.3		1
529.4		1
529.5		1
529.6		1
529.7		1
529.8		1
529.9		1
530		1
530.1		1
530.2		1
530.3		1
530.4		1
530.5		1
530.6		1
530.7		1
530.8		1
530.9		1
531		1
531.1		1
531.2		1
531.3		1
531.4		1
531.5		1
531.6		1
531.7		1
531.8		1
531.9		1
532		1
532.1		1
532.2		1
532.3		1
532.4		1
532.5		1
532.6		1
532.7		1
532.8		1
532.9		1
533		1
533.1		1
533.2		1
533.3		1
533.4		1
533.5		1
533.6		1
533.7		1
533.8		1
533.9		1
534		1
534.1		1
534.2		1
534.3		1
534.4		1
534.5		1
534.6		1
534.7		1
534.8		1
534.9		1
535		1
535.1		1
535.2		1
535.3		1
535.4		1
535.5		1
535.6		1
535.7		1
535.8		1
535.9		1
536		1
536.1		1
536.2		1
536.3		1
536.4		1
536.5		1
536.6		1
536.7		1
536.8		1
536.9		1
537		1
537.1		1
537.2		1
537.3		1
537.4		1
537.5		1
537.6		1
537.7		1
537.8		1
537.9		1
538		1
538.1		1
538.2		1
538.3		1
538.4		1
538.5		1
538.6		1
538.7		1
538.8		1
538.9		1
539		1
539.1		1
539.2		1
539.3		1
539.4		1
539.5		1
539.6		1
539.7		1
539.8		1
539.9		1
540		1
540.1		1
540.2		1
540.3		1
540.4		1
540.5		1
540.6		1
540.7		1
540.8		1
540.9		1
541		1
541.1		1
541.2		1
541.3		1
541.4		1
541.5		1
541.6		1
541.7		1
541.8		1
541.9		1
542		1
542.1		1
542.2		1
542.3		1
542.4		1
542.5		1
542.6		1
542.7		1
542.8		1
542.9		1
543		1
543.1		1
543.2		1
543.3		1
543.4		1
543.5		1
543.6		1
543.7		1
543.8		1
543.9		1
544		1
544.1		1
544.2		1
544.3		1
544.4		1
544.5		1
544.6		1
544.7		1
544.8		1
544.9		1
545		1
545.1		1
545.2		1
545.3		1
545.4		1
545.5		1
545.6		1
545.7		1
545.8		1
545.9		1
546		1
546.1		1
546.2		1
546.3		1
546.4		1
546.5		1
546.6		1
546.7		1
546.8		1
546.9		1
547		1
547.1		1
547.2		1
547.3		1
547.4		1
547.5		1
547.6		1
547.7		1
547.8		1
547.9		1
548		1
548.1		1
548.2		1
548.3		1
548.4		1
548.5		1
548.6		1
548.7		1
548.8		1
548.9		1
549		1
549.1		1
549.2		1
549.3		1
549.4		1
549.5		1
549.6		1
549.7		1
549.8		1
549.9		1
550		1
550.1		1
550.2		1
550.3		1
550.4		1
550.5		1
550.6		1
550.7		1
550.8		1
550.9		1
551		1
551.1		1
551.2		1
551.3		1
551.4		1
551.5		1
551.6		1
551.7		1
551.8		1
551.9		1
552		1
552.1		1
552.2		1
552.3		1
552.4		1
552.5		1
552.6		1
552.7		1
552.8		1
552.9		1
553		1
553.1		1
553.2		1
553.3		1
553.4		1
553.5		1
553.6		1
553.7		1
553.8		1
553.9		1
554		1
554.1		1
554.2		1
554.3		1
554.4		1
554.5		1
554.6		1
554.7		1
554.8		1
554.9		1
555		1
555.1		1
555.2		1
555.3		1
555.4		1
555.5		1
555.6		1
555.7		1
555.8		1
555.9		1
556		1
556.1		1
556.2		1
556.3		1
556.4		1
556.5		1
556.6		1
556.7		1
556.8		1
556.9		1
557		1
557.1		1
557.2		1
557.3		1
557.4		1
557.5		1
557.6		1
557.7		1
557.8		1
557.9		1
558		1
558.1		1
558.2		1
558.3		1
558.4		1
558.5		1
558.6		1
558.7		1
558.8		1
558.9		1
559		1
559.1		1
559.2		1
559.3		1
559.4		1
559.5		1
559.6		1
559.7		1
559.8		1
559.9		1
560		1
560.1		1
560.2		1
560.3		1
560.4		1
560.5		1
560.6		1
560.7		1
560.8		1
560.9		1
561		1
561.1		1
561.2		1
561.3		1
561.4		1
561.5		1
561.6		1
561.7		1
561.8		1
561.9		1
562		1
562.1		1
562.2		1
562.3		1
562.4		1
562.5		1
562.6		1
562.7		1
562.8		1
562.9		1
563		1
563.1		1
563.2		1
563.3		1
563.4		1
563.5		1
563.6		1
563.7		1
563.8		1
563.9		1
564		1
564.1		1
564.2		1
564.3		1
564.4		1
564.5		1
564.6		1
564.7		1
564.8		1
564.9		1
565		1
565.1		1
565.2		1
565.3		1
565.4		1
565.5		1
565.6		1
565.7		1
565.8		1
565.9		1
566		1
566.1		1
566.2		1
566.3		1
566.4		1
566.5		1
566.6		1
566.7		1
566.8		1
566.9		1
567		1
567.1		1
567.2		1
567.3		1
567.4		1
567.5		1
567.6		1
567.7		1
567.8		1
567.9		1
568		1
568.1		1
568.2		1
568.3		1
568.4		1
568.5		1
568.6		1
568.7		1
568.8		1
568.9		1
569		1
569.1		1
569.2		1
569.3		1
569.4		1
569.5		1
569.6		1
569.7		1
569.8		1
569.9		1
570		1
570.1		1
570.2		1
570.3		1
570.4		1
570.5		1
570.6		1
570.7		1
570.8		1
570.9		1
571		1
571.1		1
571.2		1
571.3		1
571.4		1
571.5		1
571.6		1
571.7		1
571.8		1
571.9		1
572		1
572.1		1
572.2		1
572.3		1
572.4		1
572.5		1
572.6		1
572.7		1
572.8		1
572.9		1
573		1
573.1		1
573.2		1
573.3		1
573.4		1
573.5		1
573.6		1
573.7		1
573.8		1
573.9		1
574		1
574.1		1
574.2		1
574.3		1
574.4		1
574.5		1
574.6		1
574.7		1
574.8		1
574.9		1
575		1
575.1		1
575.2		1
575.3		1
575.4		1
575.5		1
575.6		1
575.7		1
575.8		1
575.9		1
576		1
576.1		1
576.2		1
576.3		1
576.4		1
576.5		1
576.6		1
576.7		1
576.8		1
576.9		1
577		1
577.1		1
577.2		1
577.3		1
577.4		1
577.5		1
577.6		1
577.7		1
577.8		1
577.9		1
578		1
578.1		1
578.2		1
578.3		1
578.4		1
578.5		1
578.6		1
578.7		1
578.8		1
578.9		1
579		1
579.1		1
579.2		1
579.3		1
579.4		1
579.5		1
579.6		1
579.7		1
579.8		1
579.9		1
580		1
580.1		1
580.2		1
580.3		1
580.4		1
580.5		1
580.6		1
580.7		1
580.8		1
580.9		1
581		1
581.1		1
581.2		1
581.3		1
581.4		1
581.5		1
581.6		1
581.7		1
581.8		1
581.9		1
582		1
582.1		1
582.2		1
582.3		1
582.4		1
582.5		1
582.6		1
582.7		1
582.8		1
582.9		1
583		1
583.1		1
583.2		1
583.3		1
583.4		1
583.5		1
583.6		1
583.7		1
583.8		1
583.9		1
584		1
584.1		1
584.2		1
584.3		1
584.4		1
584.5		1
584.6		1
584.7		1
584.8		1
584.9		1
585		1
585.1		1
585.2		1
585.3		1
585.4		1
585.5		1
585.6		1
585.7		1
585.8		1
585.9		1
586		1
586.1		1
586.2		1
586.3		1
586.4		1
586.5		1
586.6		1
586.7		1
586.8		1
586.9		1
587		1
587.1		1
587.2		1
587.3		1
587.4		1
587.5		1
587.6		1
587.7		1
587.8		1
587.9		1
588		1
588.1		1
588.2		1
588.3		1
588.4		1
588.5		1
588.6		1
588.7		1
588.8		1
588.9		1
589		1
589.1		1
589.2		1
589.3		1
589.4		1
589.5		1
589.6		1
589.7		1
589.8		1
589.9		1
590		1
590.1		1
590.2		1
590.3		1
590.4		1
590.5		1
590.6		1
590.7		1
590.8		1
590.9		1
591		1
591.1		1
591.2		1
591.3		1
591.4		1
591.5		1
591.6		1
591.7		1
591.8		1
591.9		1
592		1
592.1		1
592.2		1
592.3		1
592.4		1
592.5		1
592.6		1
592.7		1
592.8		1
592.9		1
593		1
593.1		1
593.2		1
593.3		1
593.4		1
593.5		1
593.6		1
593.7		1
593.8		1
593.9		1
594		1
594.1		1
594.2		1
594.3		1
594.4		1
594.5		1
594.6		1
594.7		1
594.8		1
594.9		1
595		1
595.1		1
595.2		1
595.3		1
595.4		1
595.5		1
595.6		1
595.7		1
595.8		1
595.9		1
596		1
596.1		1
596.2		1
596.3		1
596.4		1
596.5		1
596.6		1
596.7		1
596.8		1
596.9		1
597		1
597.1		1
597.2		1
597.3		1
597.4		1
597.5		1
597.6		1
597.7		1
597.8		1
597.9		1
598		1
598.1		1
598.2		1
598.3		1
598.4		1
598.5		1
598.6		1
598.7		1
598.8		1
598.9		1
599		1
599.1		1
599.2		1
599.3		1
599.4		1
599.5		1
599.6		1
599.7		1
599.8		1
599.9		1
600		1
