   0     0.000000000
   1     0.000000000
   2     0.000000000
   3     0.000000000
   4     0.000000000
   5     0.000000000
   6     0.000000000
   7     0.000000000
   8     0.000000000
   9     0.000000000
  10     0.000000000
  11     0.000000000
  12     0.000000000
  13     0.000000000
  14     0.000000000
  15     0.000000000
  16     0.000000000
  17     0.000000000
  18     0.000000000
  19     0.000000000
  20     0.000000000
  21     0.000000000
  22     0.000000000
  23     0.000000000
  24     0.000000000
  25     0.000000000
  26     0.000000000
  27     0.000000000
  28     0.000000000
  29     0.000000000
  30     0.000000000
  31     0.000000000
  32     0.000000000
  33     0.000000000
  34     0.000000000
  35     0.000000000
  36     0.000000000
  37     0.000000000
  38     0.000000000
  39     0.000000000
  40     0.000000000
  41     0.000000000
  42     0.000000000
  43     0.000000000
  44     0.000000000
  45     0.000000000
  46     0.000000000
  47     0.000000000
  48     0.000000000
  49     0.000000000
  50     0.000000000
  51    93.000000000
  52   448.000000000
  53   547.000000000
  54   712.000000000
  55   728.000000000
  56   920.000000000
  57  1057.000000000
  58  1107.000000000
  59  1410.000000000
  60  1541.000000000
  61  1560.000000000
  62  1703.000000000
  63  1745.000000000
  64  1881.000000000
  65  2027.000000000
  66  2098.000000000
  67  2293.000000000
  68  2455.000000000
  69  2468.000000000
  70  2546.000000000
  71  2770.000000000
  72  2902.000000000
  73  2978.000000000
  74  3123.000000000
  75  3246.000000000
  76  3321.000000000
  77  3457.000000000
  78  3632.000000000
  79  3772.000000000
  80  3896.000000000
  81  3946.000000000
  82  4108.000000000
  83  4182.000000000
  84  4336.000000000
  85  4431.000000000
  86  4443.000000000
  87  4635.000000000
  88  4780.000000000
  89  4830.000000000
  90  5039.000000000
  91  5154.000000000
  92  5347.000000000
  93  5438.000000000
  94  5438.000000000
  95  5438.000000000
  96  5438.000000000
  97  5573.000000000
  98  5575.000000000
  99  5647.000000000
 100  5816.000000000
 101  5865.000000000
 102  6012.000000000
 103  6203.000000000
 104  6377.000000000
 105  6385.000000000
 106  6509.000000000
 107  6628.000000000
 108  6810.000000000
 109  6836.000000000
 110  7026.000000000
 111  7197.000000000
 112  7339.000000000
 113  7380.000000000
 114  7584.000000000
 115  7636.000000000
 116  7785.000000000
 117  7872.000000000
 118  7982.000000000
 119  8189.000000000
 120  8288.000000000
 121  8386.000000000
 122  8503.000000000
 123  8579.000000000
 124  8633.000000000
 125  8905.000000000
 126  8939.000000000
 127  9253.000000000
 128  9296.000000000
 129  9410.000000000
 130  9488.000000000
 131  9598.000000000
 132  9724.000000000
 133  9913.000000000
 134  9950.000000000
 135 10303.000000000
 136 10353.000000000
 137 10462.000000000
 138 10558.000000000
 139 10610.000000000
 140 10677.000000000
 141 10737.000000000
 142 10737.000000000
 143 10958.000000000
 144 11024.000000000
 145 11059.000000000
 146 11320.000000000
 147 11418.000000000
 148 11532.000000000
 149 11616.000000000
 150 11741.000000000
 151 11888.000000000
 152 12023.000000000
 153 12121.000000000
 154 12274.000000000
 155 12504.000000000
 156 12672.000000000
 157 12822.000000000
 158 12942.000000000
 159 12991.000000000
 160 13133.000000000
 161 13205.000000000
 162 13392.000000000
 163 13632.000000000
 164 13840.000000000
 165 13856.000000000
 166 14063.000000000
 167 14094.000000000
 168 14168.000000000
 169 14299.000000000
 170 14385.000000000
 171 14648.000000000
 172 14767.000000000
 173 14783.000000000
 174 14972.000000000
 175 15074.000000000
 176 15293.000000000
 177 15372.000000000
 178 15546.000000000
 179 15688.000000000
 180 15753.000000000
 181 15858.000000000
 182 15946.000000000
 183 16104.000000000
 184 16151.000000000
 185 16259.000000000
 186 16452.000000000
 187 16643.000000000
 188 16769.000000000
 189 16892.000000000
 190 16902.000000000
 191 17121.000000000
 192 17311.000000000
 193 17331.000000000
 194 17499.000000000
 195 17616.000000000
 196 17889.000000000
 197 17927.000000000
 198 18075.000000000
 199 18227.000000000
 200 18335.000000000
 201 18347.000000000
 202 18562.000000000
 203 18753.000000000
 204 18941.000000000
 205 19053.000000000
 206 19110.000000000
 207 19294.000000000
 208 19373.000000000
 209 19437.000000000
 210 19656.000000000
 211 19674.000000000
 212 19821.000000000
 213 19929.000000000
 214 19971.000000000
 215 20217.000000000
 216 20322.000000000
 217 20414.000000000
 218 20580.000000000
 219 20755.000000000
 220 20932.000000000
 221 21031.000000000
 222 21102.000000000
 223 21309.000000000
 224 21350.000000000
 225 21350.000000000
 226 21350.000000000
 227 21431.000000000
 228 21470.000000000
 229 21676.000000000
 230 21787.000000000
 231 22021.000000000
 232 22171.000000000
 233 22200.000000000
 234 22217.000000000
 235 22317.000000000
 236 22403.000000000
 237 22565.000000000
 238 22642.000000000
 239 22885.000000000
 240 22987.000000000
 241 23074.000000000
 242 23246.000000000
 243 23303.000000000
 244 23361.000000000
 245 23472.000000000
 246 23591.000000000
 247 23692.000000000
 248 23928.000000000
 249 23951.000000000
 250 24101.000000000
 251 24148.000000000
 252 24248.000000000
 253 24366.000000000
 254 24548.000000000
 255 24754.000000000
 256 24881.000000000
 257 24891.000000000
 258 25061.000000000
 259 25071.000000000
 260 25190.000000000
 261 25316.000000000
 262 25651.000000000
 263 25705.000000000
 264 25930.000000000
 265 25930.000000000
 266 25930.000000000
 267 25930.000000000
 268 26114.000000000
 269 26232.000000000
 270 26304.000000000
 271 26427.000000000
 272 26517.000000000
 273 26680.000000000
 274 26737.000000000
 275 27021.000000000
 276 27076.000000000
 277 27225.000000000
 278 27280.000000000
 279 27330.000000000
 280 27391.000000000
 281 27562.000000000
 282 27790.000000000
 283 27973.000000000
 284 28155.000000000
 285 28231.000000000
 286 28339.000000000
 287 28391.000000000
 288 28445.000000000
 289 28602.000000000
 290 28741.000000000
 291 28924.000000000
 292 29115.000000000
 293 29151.000000000
 294 29284.000000000
 295 29425.000000000
 296 29437.000000000
 297 29529.000000000
 298 29818.000000000
 299 29907.000000000
 300 30121.000000000
 301 30283.000000000
 302 30283.000000000
 303 30333.000000000
 304 30449.000000000
 305 30520.000000000
 306 30789.000000000
 307 30991.000000000
 308 31126.000000000
 309 31187.000000000
 310 31298.000000000
 311 31355.000000000
 312 31532.000000000
 313 31574.000000000
 314 31687.000000000
 315 31985.000000000
 316 32053.000000000
 317 32176.000000000
 318 32275.000000000
 319 32314.000000000
 320 32328.000000000
 321 32566.000000000
 322 32730.000000000
 323 33014.000000000
 324 33100.000000000
 325 33212.000000000
 326 33243.000000000
 327 33305.000000000
 328 33411.000000000
 329 33599.000000000
 330 33725.000000000
 331 33986.000000000
 332 34062.000000000
 333 34168.000000000
 334 34276.000000000
 335 34387.000000000
 336 34446.000000000
 337 34649.000000000
 338 34703.000000000
 339 34969.000000000
 340 35003.000000000
 341 35124.000000000
 342 35210.000000000
 343 35304.000000000
 344 35349.000000000
 345 35513.000000000
 346 35592.000000000
 347 35893.000000000
 348 35932.000000000
 349 36150.000000000
 350 36163.000000000
 351 36254.000000000
 352 36334.000000000
 353 36358.000000000
 354 36358.000000000
 355 36358.000000000
 356 36455.000000000
 357 36554.000000000
 358 36804.000000000
 359 36893.000000000
 360 37067.000000000
 361 37203.000000000
 362 37242.000000000
 363 37376.000000000
 364 37416.000000000
 365 37575.000000000
 366 37766.000000000
 367 37832.000000000
 368 37952.000000000
 369 38248.000000000
 370 38254.000000000
 371 38373.000000000
 372 38474.000000000
 373 38581.000000000
 374 38796.000000000
 375 38806.000000000
 376 38976.000000000
 377 39112.000000000
 378 39241.000000000
 379 39283.000000000
 380 39319.000000000
 381 39516.000000000
 382 39681.000000000
 383 39836.000000000
 384 39871.000000000
 385 40089.000000000
 386 40164.000000000
 387 40263.000000000
 388 40308.000000000
 389 40509.000000000
 390 40640.000000000
 391 40835.000000000
 392 40857.000000000
 393 41002.000000000
 394 41231.000000000
 395 41251.000000000
 396 41431.000000000
 397 41436.000000000
 398 41575.000000000
 399 41598.000000000
 400 41789.000000000
 401 41980.000000000
 402 41984.000000000
 403 42312.000000000
 404 42410.000000000
 405 42487.000000000
 406 42590.000000000
 407 42638.000000000
 408 42756.000000000
 409 42902.000000000
 410 42937.000000000
 411 43251.000000000
 412 43363.000000000
 413 43519.000000000
 414 43577.000000000
 415 43636.000000000
 416 43721.000000000
 417 43953.000000000
 418 43991.000000000
 419 44331.000000000
 420 44392.000000000
 421 44556.000000000
 422 44570.000000000
 423 44638.000000000
 424 44670.000000000
 425 44840.000000000
 426 44978.000000000
 427 45308.000000000
 428 45359.000000000
 429 45489.000000000
 430 45504.000000000
 431 45575.000000000
 432 45647.000000000
 433 45845.000000000
 434 45941.000000000
 435 46249.000000000
 436 46317.000000000
 437 46403.000000000
 438 46448.000000000
 439 46551.000000000
 440 46656.000000000
 441 46779.000000000
 442 46851.000000000
 443 47161.000000000
 444 47189.000000000
 445 47305.000000000
 446 47323.000000000
 447 47327.000000000
 448 47327.000000000
 449 47327.000000000
 450 47327.000000000
 451 47327.000000000
 452 47327.000000000
 453 47327.000000000
 454 47327.000000000
 455 47327.000000000
 456 47327.000000000
 457 47327.000000000
 458 47327.000000000
 459 47327.000000000
 460 47327.000000000
 461 47327.000000000
 462 47327.000000000
 463 47327.000000000
 464 47327.000000000
 465 47327.000000000
 466 47327.000000000
 467 47327.000000000
 468 47327.000000000
 469 47327.000000000
 470 47327.000000000
 471 47327.000000000
 472 47327.000000000
 473 47327.000000000
 474 47327.000000000
 475 47327.000000000
 476 47327.000000000
 477 47327.000000000
 478 47327.000000000
 479 47327.000000000
 480 47327.000000000
 481 47327.000000000
 482 47327.000000000
 483 47327.000000000
 484 47327.000000000
 485 47327.000000000
 486 47327.000000000
 487 47327.000000000
 488 47327.000000000
 489 47327.000000000
 490 47327.000000000
 491 47327.000000000
 492 47327.000000000
 493 47327.000000000
 494 47327.000000000
 495 47327.000000000
 496 47327.000000000
 497 47327.000000000
 498 47327.000000000
 499 47327.000000000
 500 47327.000000000
 501 47327.000000000
 502 47327.000000000
 503 47327.000000000
 504 47327.000000000
 505 47327.000000000
 506 47327.000000000
 507 47327.000000000
 508 47327.000000000
 509 47327.000000000
 510 47327.000000000
 511 47327.000000000
 512 47327.000000000
 513 47327.000000000
 514 47327.000000000
 515 47327.000000000
 516 47327.000000000
 517 47327.000000000
 518 47327.000000000
 519 47327.000000000
 520 47327.000000000
 521 47327.000000000
 522 47327.000000000
 523 47327.000000000
 524 47327.000000000
 525 47327.000000000
 526 47327.000000000
 527 47327.000000000
 528 47327.000000000
 529 47327.000000000
 530 47327.000000000
 531 47327.000000000
 532 47327.000000000
 533 47327.000000000
 534 47327.000000000
 535 47327.000000000
 536 47327.000000000
 537 47327.000000000
 538 47327.000000000
 539 47327.000000000
 540 47327.000000000
 541 47327.000000000
 542 47327.000000000
 543 47327.000000000
 544 47327.000000000
 545 47327.000000000
 546 47327.000000000
 547 47327.000000000
 548 47327.000000000
 549 47327.000000000
 550 47327.000000000
 551 47327.000000000
 552 47327.000000000
 553 47327.000000000
 554 47327.000000000
 555 47327.000000000
 556 47327.000000000
 557 47327.000000000
 558 47327.000000000
 559 47327.000000000
 560 47327.000000000
 561 47327.000000000
 562 47327.000000000
 563 47327.000000000
 564 47327.000000000
 565 47327.000000000
 566 47327.000000000
 567 47327.000000000
 568 47327.000000000
 569 47327.000000000
 570 47327.000000000
 571 47327.000000000
 572 47327.000000000
 573 47327.000000000
 574 47327.000000000
 575 47327.000000000
 576 47327.000000000
 577 47327.000000000
 578 47327.000000000
 579 47327.000000000
 580 47327.000000000
 581 47327.000000000
 582 47327.000000000
 583 47327.000000000
 584 47327.000000000
 585 47327.000000000
 586 47327.000000000
 587 47327.000000000
 588 47327.000000000
 589 47327.000000000
 590 47327.000000000
 591 47327.000000000
 592 47327.000000000
 593 47327.000000000
 594 47327.000000000
 595 47327.000000000
 596 47327.000000000
 597 47327.000000000
 598 47327.000000000
 599 47327.000000000
 600 47327.000000000
 601 47327.000000000
 602 47327.000000000
 603 47327.000000000
 604 47327.000000000
 605 47327.000000000
 606 47327.000000000
 607 47327.000000000
 608 47327.000000000
 609 47327.000000000
 610 47327.000000000
 611 47327.000000000
 612 47327.000000000
 613 47327.000000000
 614 47327.000000000
 615 47327.000000000
 616 47327.000000000
 617 47327.000000000
 618 47327.000000000
 619 47327.000000000
 620 47327.000000000
 621 47327.000000000
 622 47327.000000000
 623 47327.000000000
 624 47327.000000000
 625 47327.000000000
 626 47327.000000000
 627 47327.000000000
 628 47327.000000000
 629 47327.000000000
 630 47327.000000000
 631 47327.000000000
 632 47327.000000000
 633 47327.000000000
 634 47327.000000000
 635 47327.000000000
 636 47327.000000000
 637 47327.000000000
 638 47327.000000000
 639 47327.000000000
 640 47327.000000000
 641 47327.000000000
 642 47327.000000000
 643 47327.000000000
 644 47327.000000000
 645 47327.000000000
 646 47327.000000000
 647 47327.000000000
 648 47327.000000000
 649 47327.000000000
 650 47327.000000000
 651 47327.000000000
 652 47327.000000000
 653 47327.000000000
 654 47327.000000000
 655 47327.000000000
 656 47327.000000000
 657 47327.000000000
 658 47327.000000000
 659 47327.000000000
 660 47327.000000000
 661 47327.000000000
 662 47327.000000000
 663 47327.000000000
 664 47327.000000000
 665 47327.000000000
 666 47327.000000000
 667 47327.000000000
 668 47327.000000000
 669 47327.000000000
 670 47327.000000000
 671 47327.000000000
 672 47327.000000000
 673 47327.000000000
 674 47327.000000000
 675 47327.000000000
 676 47327.000000000
 677 47327.000000000
 678 47327.000000000
 679 47327.000000000
 680 47327.000000000
 681 47327.000000000
 682 47327.000000000
 683 47327.000000000
 684 47327.000000000
 685 47327.000000000
 686 47327.000000000
 687 47327.000000000
 688 47327.000000000
 689 47327.000000000
 690 47327.000000000
 691 47327.000000000
 692 47327.000000000
 693 47327.000000000
 694 47327.000000000
 695 47327.000000000
 696 47327.000000000
 697 47327.000000000
 698 47327.000000000
 699 47327.000000000
 700 47327.000000000
 701 47327.000000000
 702 47327.000000000
 703 47327.000000000
 704 47327.000000000
 705 47327.000000000
 706 47327.000000000
 707 47327.000000000
 708 47327.000000000
 709 47327.000000000
 710 47327.000000000
 711 47327.000000000
 712 47327.000000000
 713 47327.000000000
 714 47327.000000000
 715 47327.000000000
 716 47327.000000000
 717 47327.000000000
 718 47327.000000000
 719 47327.000000000
 720 47327.000000000
 721 47327.000000000
 722 47327.000000000
 723 47327.000000000
 724 47327.000000000
 725 47327.000000000
 726 47327.000000000
 727 47327.000000000
 728 47327.000000000
 729 47327.000000000
 730 47327.000000000
 731 47327.000000000
 732 47327.000000000
 733 47327.000000000
 734 47327.000000000
 735 47327.000000000
 736 47327.000000000
 737 47327.000000000
 738 47327.000000000
 739 47327.000000000
 740 47327.000000000
 741 47327.000000000
 742 47327.000000000
 743 47327.000000000
 744 47327.000000000
 745 47327.000000000
 746 47327.000000000
 747 47327.000000000
 748 47327.000000000
 749 47327.000000000
 750 47327.000000000
 751 47327.000000000
 752 47327.000000000
 753 47327.000000000
 754 47327.000000000
 755 47327.000000000
 756 47327.000000000
 757 47327.000000000
 758 47327.000000000
 759 47327.000000000
 760 47327.000000000
 761 47327.000000000
 762 47327.000000000
 763 47327.000000000
 764 47327.000000000
 765 47327.000000000
 766 47327.000000000
 767 47327.000000000
 768 47327.000000000
 769 47327.000000000
 770 47327.000000000
 771 47327.000000000
 772 47327.000000000
 773 47327.000000000
 774 47327.000000000
 775 47327.000000000
 776 47327.000000000
 777 47327.000000000
 778 47327.000000000
 779 47327.000000000
 780 47327.000000000
 781 47327.000000000
 782 47327.000000000
 783 47327.000000000
 784 47327.000000000
 785 47327.000000000
 786 47327.000000000
 787 47327.000000000
 788 47327.000000000
 789 47327.000000000
 790 47327.000000000
 791 47327.000000000
 792 47327.000000000
 793 47327.000000000
 794 47327.000000000
 795 47327.000000000
 796 47327.000000000
 797 47327.000000000
 798 47327.000000000
 799 47327.000000000
 800 47327.000000000
 801 47327.000000000
 802 47327.000000000
 803 47327.000000000
 804 47327.000000000
 805 47327.000000000
 806 47327.000000000
 807 47327.000000000
 808 47327.000000000
 809 47327.000000000
 810 47327.000000000
 811 47327.000000000
 812 47327.000000000
 813 47327.000000000
 814 47327.000000000
 815 47327.000000000
 816 47327.000000000
 817 47327.000000000
 818 47327.000000000
 819 47327.000000000
 820 47327.000000000
 821 47327.000000000
 822 47327.000000000
 823 47327.000000000
 824 47327.000000000
 825 47327.000000000
 826 47327.000000000
 827 47327.000000000
 828 47327.000000000
 829 47327.000000000
 830 47327.000000000
 831 47327.000000000
 832 47327.000000000
 833 47327.000000000
 834 47327.000000000
 835 47327.000000000
 836 47327.000000000
 837 47327.000000000
 838 47327.000000000
 839 47327.000000000
 840 47327.000000000
 841 47327.000000000
 842 47327.000000000
 843 47327.000000000
 844 47327.000000000
 845 47327.000000000
 846 47327.000000000
 847 47327.000000000
 848 47327.000000000
 849 47327.000000000
 850 47327.000000000
 851 47327.000000000
 852 47327.000000000
 853 47327.000000000
 854 47327.000000000
 855 47327.000000000
 856 47327.000000000
 857 47327.000000000
 858 47327.000000000
 859 47327.000000000
 860 47327.000000000
 861 47327.000000000
 862 47327.000000000
 863 47327.000000000
 864 47327.000000000
 865 47327.000000000
 866 47327.000000000
 867 47327.000000000
 868 47327.000000000
 869 47327.000000000
 870 47327.000000000
 871 47327.000000000
 872 47327.000000000
 873 47327.000000000
 874 47327.000000000
 875 47327.000000000
 876 47327.000000000
 877 47327.000000000
 878 47327.000000000
 879 47327.000000000
 880 47327.000000000
 881 47327.000000000
 882 47327.000000000
 883 47327.000000000
 884 47327.000000000
 885 47327.000000000
 886 47327.000000000
 887 47327.000000000
 888 47327.000000000
 889 47327.000000000
 890 47327.000000000
 891 47327.000000000
 892 47327.000000000
 893 47327.000000000
 894 47327.000000000
 895 47327.000000000
 896 47327.000000000
 897 47327.000000000
 898 47327.000000000
 899 47327.000000000
 900 47327.000000000
 901 47327.000000000
 902 47327.000000000
 903 47327.000000000
 904 47327.000000000
 905 47327.000000000
 906 47327.000000000
 907 47327.000000000
 908 47327.000000000
 909 47327.000000000
 910 47327.000000000
 911 47327.000000000
 912 47327.000000000
 913 47327.000000000
 914 47327.000000000
 915 47327.000000000
 916 47327.000000000
 917 47327.000000000
 918 47327.000000000
 919 47327.000000000
 920 47327.000000000
 921 47327.000000000
 922 47327.000000000
 923 47327.000000000
 924 47327.000000000
 925 47327.000000000
 926 47327.000000000
 927 47327.000000000
 928 47327.000000000
 929 47327.000000000
 930 47327.000000000
 931 47327.000000000
 932 47327.000000000
 933 47327.000000000
 934 47327.000000000
 935 47327.000000000
 936 47327.000000000
 937 47327.000000000
 938 47327.000000000
 939 47327.000000000
 940 47327.000000000
 941 47327.000000000
 942 47327.000000000
 943 47327.000000000
 944 47327.000000000
 945 47327.000000000
 946 47327.000000000
 947 47327.000000000
 948 47327.000000000
 949 47327.000000000
 950 47327.000000000
 951 47327.000000000
 952 47327.000000000
 953 47327.000000000
 954 47327.000000000
 955 47327.000000000
 956 47327.000000000
 957 47327.000000000
 958 47327.000000000
 959 47327.000000000
 960 47327.000000000
 961 47327.000000000
 962 47327.000000000
 963 47327.000000000
 964 47327.000000000
 965 47327.000000000
 966 47327.000000000
 967 47327.000000000
 968 47327.000000000
 969 47327.000000000
 970 47327.000000000
 971 47327.000000000
 972 47327.000000000
 973 47327.000000000
 974 47327.000000000
 975 47327.000000000
 976 47327.000000000
 977 47327.000000000
 978 47327.000000000
 979 47327.000000000
 980 47327.000000000
 981 47327.000000000
 982 47327.000000000
 983 47327.000000000
 984 47327.000000000
 985 47327.000000000
 986 47327.000000000
 987 47327.000000000
 988 47327.000000000
 989 47327.000000000
 990 47327.000000000
 991 47327.000000000
 992 47327.000000000
 993 47327.000000000
 994 47327.000000000
 995 47327.000000000
 996 47327.000000000
 997 47327.000000000
 998 47327.000000000
 999 47327.000000000
