   0     0.000000000
   1     0.000000000
   2     0.000000000
   3     0.000000000
   4     0.000000000
   5     0.000000000
   6     0.000000000
   7     0.000000000
   8     0.000000000
   9     0.000000000
  10     0.000000000
  11     0.000000000
  12     0.000000000
  13     0.000000000
  14     0.000000000
  15     0.000000000
  16     0.000000000
  17     0.000000000
  18     0.000000000
  19     0.000000000
  20     0.000000000
  21     0.000000000
  22     0.000000000
  23     0.000000000
  24     0.000000000
  25     0.000000000
  26     0.000000000
  27     0.000000000
  28     0.000000000
  29     0.000000000
  30     0.000000000
  31     0.000000000
  32     0.000000000
  33     0.000000000
  34     0.000000000
  35     0.000000000
  36   443.000000000
  37   443.000000000
  38   443.000000000
  39   443.000000000
  40   443.000000000
  41   443.000000000
  42   443.000000000
  43   443.000000000
  44   443.000000000
  45   443.000000000
  46   443.000000000
  47   443.000000000
  48   443.000000000
  49   651.000000000
  50   841.000000000
  51  1225.000000000
  52  1248.000000000
  53  1429.000000000
  54  1857.000000000
  55  1981.000000000
  56  2146.000000000
  57  2454.000000000
  58  2517.000000000
  59  2578.000000000
  60  2745.000000000
  61  2859.000000000
  62  3406.000000000
  63  3420.000000000
  64  3712.000000000
  65  3949.000000000
  66  3963.000000000
  67  4038.000000000
  68  4320.000000000
  69  4343.000000000
  70  4750.000000000
  71  4762.000000000
  72  5021.000000000
  73  5392.000000000
  74  5415.000000000
  75  5525.000000000
  76  5718.000000000
  77  5750.000000000
  78  6232.000000000
  79  6393.000000000
  80  6621.000000000
  81  6770.000000000
  82  6905.000000000
  83  7027.000000000
  84  7130.000000000
  85  7258.000000000
  86  7658.000000000
  87  7769.000000000
  88  8144.000000000
  89  8187.000000000
  90  8261.000000000
  91  8279.000000000
  92  8450.000000000
  93  8543.000000000
  94  8645.000000000
  95  8645.000000000
  96  8645.000000000
  97  8839.000000000
  98  9172.000000000
  99  9426.000000000
 100  9561.000000000
 101  9722.000000000
 102  9851.000000000
 103 10090.000000000
 104 10108.000000000
 105 10378.000000000
 106 10437.000000000
 107 10784.000000000
 108 10796.000000000
 109 11139.000000000
 110 11431.000000000
 111 11524.000000000
 112 11680.000000000
 113 11848.000000000
 114 11988.000000000
 115 12228.000000000
 116 12419.000000000
 117 12747.000000000
 118 13046.000000000
 119 13141.000000000
 120 13249.000000000
 121 13546.000000000
 122 13656.000000000
 123 13977.000000000
 124 14017.000000000
 125 14267.000000000
 126 14487.000000000
 127 14539.000000000
 128 15040.000000000
 129 15125.000000000
 130 15149.000000000
 131 15396.000000000
 132 15619.000000000
 133 15775.000000000
 134 16059.000000000
 135 16116.000000000
 136 16410.000000000
 137 16544.000000000
 138 16683.000000000
 139 16683.000000000
 140 16683.000000000
 141 16683.000000000
 142 16724.000000000
 143 17014.000000000
 144 17228.000000000
 145 17258.000000000
 146 17588.000000000
 147 17769.000000000
 148 18010.000000000
 149 18043.000000000
 150 18362.000000000
 151 18479.000000000
 152 18757.000000000
 153 18772.000000000
 154 18991.000000000
 155 19256.000000000
 156 19527.000000000
 157 19618.000000000
 158 19741.000000000
 159 19875.000000000
 160 20158.000000000
 161 20522.000000000
 162 20576.000000000
 163 20883.000000000
 164 21240.000000000
 165 21287.000000000
 166 21544.000000000
 167 21597.000000000
 168 21828.000000000
 169 21970.000000000
 170 22089.000000000
 171 22540.000000000
 172 22660.000000000
 173 22754.000000000
 174 23004.000000000
 175 23054.000000000
 176 23265.000000000
 177 23368.000000000
 178 23664.000000000
 179 23887.000000000
 180 24165.000000000
 181 24191.000000000
 182 24454.000000000
 183 24641.000000000
 184 24891.000000000
 185 24949.000000000
 186 25314.000000000
 187 25652.000000000
 188 25750.000000000
 189 25813.000000000
 190 25981.000000000
 191 26375.000000000
 192 26484.000000000
 193 26516.000000000
 194 26796.000000000
 195 26996.000000000
 196 27278.000000000
 197 27341.000000000
 198 27377.000000000
 199 27685.000000000
 200 28051.000000000
 201 28109.000000000
 202 28368.000000000
 203 28754.000000000
 204 28802.000000000
 205 29118.000000000
 206 29150.000000000
 207 29340.000000000
 208 29621.000000000
 209 29654.000000000
 210 29942.000000000
 211 30197.000000000
 212 30369.000000000
 213 30439.000000000
 214 30632.000000000
 215 30895.000000000
 216 31047.000000000
 217 31182.000000000
 218 31426.000000000
 219 31569.000000000
 220 31886.000000000
 221 31916.000000000
 222 31919.000000000
 223 31919.000000000
 224 31919.000000000
 225 31922.000000000
 226 32056.000000000
 227 32091.000000000
 228 32651.000000000
 229 32741.000000000
 230 32850.000000000
 231 33158.000000000
 232 33372.000000000
 233 33392.000000000
 234 33582.000000000
 235 33689.000000000
 236 33898.000000000
 237 34141.000000000
 238 34268.000000000
 239 34634.000000000
 240 34653.000000000
 241 34810.000000000
 242 35040.000000000
 243 35106.000000000
 244 35388.000000000
 245 35686.000000000
 246 35707.000000000
 247 36159.000000000
 248 36180.000000000
 249 36566.000000000
 250 36664.000000000
 251 36849.000000000
 252 36870.000000000
 253 37261.000000000
 254 37314.000000000
 255 37792.000000000
 256 37854.000000000
 257 38026.000000000
 258 38195.000000000
 259 38268.000000000
 260 38403.000000000
 261 38626.000000000
 262 38764.000000000
 263 39165.000000000
 264 39407.000000000
 265 39459.000000000
 266 39632.000000000
 267 39647.000000000
 268 39853.000000000
 269 39856.000000000
 270 39867.000000000
 271 40177.000000000
 272 40298.000000000
 273 40601.000000000
 274 40799.000000000
 275 40845.000000000
 276 41062.000000000
 277 41359.000000000
 278 41443.000000000
 279 41789.000000000
 280 41799.000000000
 281 41845.000000000
 282 42267.000000000
 283 42304.000000000
 284 42476.000000000
 285 42711.000000000
 286 42756.000000000
 287 43119.000000000
 288 43363.000000000
 289 43391.000000000
 290 43717.000000000
 291 43916.000000000
 292 44223.000000000
 293 44376.000000000
 294 44463.000000000
 295 44783.000000000
 296 44907.000000000
 297 44975.000000000
 298 45369.000000000
 299 45519.000000000
 300 45663.000000000
 301 45830.000000000
 302 45868.000000000
 303 46296.000000000
 304 46420.000000000
 305 46433.000000000
 306 46669.000000000
 307 46943.000000000
 308 47131.000000000
 309 47214.000000000
 310 47335.000000000
 311 47770.000000000
 312 47785.000000000
 313 48121.000000000
 314 48367.000000000
 315 48488.000000000
 316 48792.000000000
 317 48942.000000000
 318 49062.000000000
 319 49352.000000000
 320 49448.000000000
 321 49691.000000000
 322 50009.000000000
 323 50063.000000000
 324 50094.000000000
 325 50322.000000000
 326 50505.000000000
 327 50859.000000000
 328 50889.000000000
 329 51232.000000000
 330 51421.000000000
 331 51474.000000000
 332 51580.000000000
 333 51919.000000000
 334 52218.000000000
 335 52452.000000000
 336 52740.000000000
 337 52859.000000000
 338 52962.000000000
 339 53156.000000000
 340 53241.000000000
 341 53457.000000000
 342 53710.000000000
 343 53966.000000000
 344 54011.000000000
 345 54304.000000000
 346 54347.000000000
 347 54563.000000000
 348 54616.000000000
 349 54900.000000000
 350 55170.000000000
 351 55350.000000000
 352 55379.000000000
 353 55379.000000000
 354 55447.000000000
 355 55651.000000000
 356 55733.000000000
 357 56115.000000000
 358 56322.000000000
 359 56592.000000000
 360 56799.000000000
 361 56940.000000000
 362 57137.000000000
 363 57229.000000000
 364 57337.000000000
 365 57494.000000000
 366 57646.000000000
 367 58029.000000000
 368 58131.000000000
 369 58300.000000000
 370 58398.000000000
 371 58495.000000000
 372 58627.000000000
 373 58870.000000000
 374 59154.000000000
 375 59500.000000000
 376 59797.000000000
 377 59812.000000000
 378 59919.000000000
 379 60038.000000000
 380 60067.000000000
 381 60226.000000000
 382 60707.000000000
 383 60846.000000000
 384 61315.000000000
 385 61326.000000000
 386 61520.000000000
 387 61628.000000000
 388 61828.000000000
 389 61838.000000000
 390 62164.000000000
 391 62262.000000000
 392 62742.000000000
 393 62865.000000000
 394 63105.000000000
 395 63142.000000000
 396 63145.000000000
 397 63176.000000000
 398 63532.000000000
 399 63553.000000000
 400 63773.000000000
 401 63911.000000000
 402 64059.000000000
 403 64463.000000000
 404 64688.000000000
 405 64770.000000000
 406 64972.000000000
 407 65008.000000000
 408 65318.000000000
 409 65463.000000000
 410 65608.000000000
 411 66129.000000000
 412 66196.000000000
 413 66392.000000000
 414 66461.000000000
 415 66579.000000000
 416 66793.000000000
 417 67036.000000000
 418 67045.000000000
 419 67493.000000000
 420 67615.000000000
 421 67865.000000000
 422 67968.000000000
 423 68202.000000000
 424 68222.000000000
 425 68491.000000000
 426 68604.000000000
 427 69064.000000000
 428 69320.000000000
 429 69356.000000000
 430 69528.000000000
 431 69552.000000000
 432 69672.000000000
 433 69991.000000000
 434 70021.000000000
 435 70500.000000000
 436 70653.000000000
 437 70715.000000000
 438 70814.000000000
 439 70949.000000000
 440 71067.000000000
 441 71313.000000000
 442 71399.000000000
 443 71832.000000000
 444 71850.000000000
 445 71859.000000000
 446 71859.000000000
 447 71859.000000000
 448 71859.000000000
 449 71859.000000000
 450 71859.000000000
 451 71859.000000000
 452 71859.000000000
 453 71859.000000000
 454 71859.000000000
 455 71859.000000000
 456 71859.000000000
 457 71859.000000000
 458 71859.000000000
 459 71859.000000000
 460 71859.000000000
 461 71859.000000000
 462 71859.000000000
 463 71859.000000000
 464 71859.000000000
 465 71859.000000000
 466 71859.000000000
 467 71859.000000000
 468 71859.000000000
 469 71859.000000000
 470 71859.000000000
 471 71859.000000000
 472 71859.000000000
 473 71859.000000000
 474 71859.000000000
 475 71859.000000000
 476 71859.000000000
 477 71859.000000000
 478 71859.000000000
 479 71859.000000000
 480 71859.000000000
 481 71859.000000000
 482 71859.000000000
 483 71859.000000000
 484 71859.000000000
 485 71859.000000000
 486 71859.000000000
 487 71859.000000000
 488 71859.000000000
 489 71859.000000000
 490 71859.000000000
 491 71859.000000000
 492 71859.000000000
 493 71859.000000000
 494 71859.000000000
 495 71859.000000000
 496 71859.000000000
 497 71859.000000000
 498 71859.000000000
 499 71859.000000000
 500 71859.000000000
 501 71859.000000000
 502 71859.000000000
 503 71859.000000000
 504 71859.000000000
 505 71859.000000000
 506 71859.000000000
 507 71859.000000000
 508 71859.000000000
 509 71859.000000000
 510 71859.000000000
 511 71859.000000000
 512 71859.000000000
 513 71859.000000000
 514 71859.000000000
 515 71859.000000000
 516 71859.000000000
 517 71859.000000000
 518 71859.000000000
 519 71859.000000000
 520 71859.000000000
 521 71859.000000000
 522 71859.000000000
 523 71859.000000000
 524 71859.000000000
 525 71859.000000000
 526 71859.000000000
 527 71859.000000000
 528 71859.000000000
 529 71859.000000000
 530 71859.000000000
 531 71859.000000000
 532 71859.000000000
 533 71859.000000000
 534 71859.000000000
 535 71859.000000000
 536 71859.000000000
 537 71859.000000000
 538 71859.000000000
 539 71859.000000000
 540 71859.000000000
 541 71859.000000000
 542 71859.000000000
 543 71859.000000000
 544 71859.000000000
 545 71859.000000000
 546 71859.000000000
 547 71859.000000000
 548 71859.000000000
 549 71859.000000000
 550 71859.000000000
 551 71859.000000000
 552 71859.000000000
 553 71859.000000000
 554 71859.000000000
 555 71859.000000000
 556 71859.000000000
 557 71859.000000000
 558 71859.000000000
 559 71859.000000000
 560 71859.000000000
 561 71859.000000000
 562 71859.000000000
 563 71859.000000000
 564 71859.000000000
 565 71859.000000000
 566 71859.000000000
 567 71859.000000000
 568 71859.000000000
 569 71859.000000000
 570 71859.000000000
 571 71859.000000000
 572 71859.000000000
 573 71859.000000000
 574 71859.000000000
 575 71859.000000000
 576 71859.000000000
 577 71859.000000000
 578 71859.000000000
 579 71859.000000000
 580 71859.000000000
 581 71859.000000000
 582 71859.000000000
 583 71859.000000000
 584 71859.000000000
 585 71859.000000000
 586 71859.000000000
 587 71859.000000000
 588 71859.000000000
 589 71859.000000000
 590 71859.000000000
 591 71859.000000000
 592 71859.000000000
 593 71859.000000000
 594 71859.000000000
 595 71859.000000000
 596 71859.000000000
 597 71859.000000000
 598 71859.000000000
 599 71859.000000000
 600 71859.000000000
 601 71859.000000000
 602 71859.000000000
 603 71859.000000000
 604 71859.000000000
 605 71859.000000000
 606 71859.000000000
 607 71859.000000000
 608 71859.000000000
 609 71859.000000000
 610 71859.000000000
 611 71859.000000000
 612 71859.000000000
 613 71859.000000000
 614 71859.000000000
 615 71859.000000000
 616 71859.000000000
 617 71859.000000000
 618 71859.000000000
 619 71859.000000000
 620 71859.000000000
 621 71859.000000000
 622 71859.000000000
 623 71859.000000000
 624 71859.000000000
 625 71859.000000000
 626 71859.000000000
 627 71859.000000000
 628 71859.000000000
 629 71859.000000000
 630 71859.000000000
 631 71859.000000000
 632 71859.000000000
 633 71859.000000000
 634 71859.000000000
 635 71859.000000000
 636 71859.000000000
 637 71859.000000000
 638 71859.000000000
 639 71859.000000000
 640 71859.000000000
 641 71859.000000000
 642 71859.000000000
 643 71859.000000000
 644 71859.000000000
 645 71859.000000000
 646 71859.000000000
 647 71859.000000000
 648 71859.000000000
 649 71859.000000000
 650 71859.000000000
 651 71859.000000000
 652 71859.000000000
 653 71859.000000000
 654 71859.000000000
 655 71859.000000000
 656 71859.000000000
 657 71859.000000000
 658 71859.000000000
 659 71859.000000000
 660 71859.000000000
 661 71859.000000000
 662 71859.000000000
 663 71859.000000000
 664 71859.000000000
 665 71859.000000000
 666 71859.000000000
 667 71859.000000000
 668 71859.000000000
 669 71859.000000000
 670 71859.000000000
 671 71859.000000000
 672 71859.000000000
 673 71859.000000000
 674 71859.000000000
 675 71859.000000000
 676 71859.000000000
 677 71859.000000000
 678 71859.000000000
 679 71859.000000000
 680 71859.000000000
 681 71859.000000000
 682 71859.000000000
 683 71859.000000000
 684 71859.000000000
 685 71859.000000000
 686 71859.000000000
 687 71859.000000000
 688 71859.000000000
 689 71859.000000000
 690 71859.000000000
 691 71859.000000000
 692 71859.000000000
 693 71859.000000000
 694 71859.000000000
 695 71859.000000000
 696 71859.000000000
 697 71859.000000000
 698 71859.000000000
 699 71859.000000000
 700 71859.000000000
 701 71859.000000000
 702 71859.000000000
 703 71859.000000000
 704 71859.000000000
 705 71859.000000000
 706 71859.000000000
 707 71859.000000000
 708 71859.000000000
 709 71859.000000000
 710 71859.000000000
 711 71859.000000000
 712 71859.000000000
 713 71859.000000000
 714 71859.000000000
 715 71859.000000000
 716 71859.000000000
 717 71859.000000000
 718 71859.000000000
 719 71859.000000000
 720 71859.000000000
 721 71859.000000000
 722 71859.000000000
 723 71859.000000000
 724 71859.000000000
 725 71859.000000000
 726 71859.000000000
 727 71859.000000000
 728 71859.000000000
 729 71859.000000000
 730 71859.000000000
 731 71859.000000000
 732 71859.000000000
 733 71859.000000000
 734 71859.000000000
 735 71859.000000000
 736 71859.000000000
 737 71859.000000000
 738 71859.000000000
 739 71859.000000000
 740 71859.000000000
 741 71859.000000000
 742 71859.000000000
 743 71859.000000000
 744 71859.000000000
 745 71859.000000000
 746 71859.000000000
 747 71859.000000000
 748 71859.000000000
 749 71859.000000000
 750 71859.000000000
 751 71859.000000000
 752 71859.000000000
 753 71859.000000000
 754 71859.000000000
 755 71859.000000000
 756 71859.000000000
 757 71859.000000000
 758 71859.000000000
 759 71859.000000000
 760 71859.000000000
 761 71859.000000000
 762 71859.000000000
 763 71859.000000000
 764 71859.000000000
 765 71859.000000000
 766 71859.000000000
 767 71859.000000000
 768 71859.000000000
 769 71859.000000000
 770 71859.000000000
 771 71859.000000000
 772 71859.000000000
 773 71859.000000000
 774 71859.000000000
 775 71859.000000000
 776 71859.000000000
 777 71859.000000000
 778 71859.000000000
 779 71859.000000000
 780 71859.000000000
 781 71859.000000000
 782 71859.000000000
 783 71859.000000000
 784 71859.000000000
 785 71859.000000000
 786 71859.000000000
 787 71859.000000000
 788 71859.000000000
 789 71859.000000000
 790 71859.000000000
 791 71859.000000000
 792 71859.000000000
 793 71859.000000000
 794 71859.000000000
 795 71859.000000000
 796 71859.000000000
 797 71859.000000000
 798 71859.000000000
 799 71859.000000000
 800 71859.000000000
 801 71859.000000000
 802 71859.000000000
 803 71859.000000000
 804 71859.000000000
 805 71859.000000000
 806 71859.000000000
 807 71859.000000000
 808 71859.000000000
 809 71859.000000000
 810 71859.000000000
 811 71859.000000000
 812 71859.000000000
 813 71859.000000000
 814 71859.000000000
 815 71859.000000000
 816 71859.000000000
 817 71859.000000000
 818 71859.000000000
 819 71859.000000000
 820 71859.000000000
 821 71859.000000000
 822 71859.000000000
 823 71859.000000000
 824 71859.000000000
 825 71859.000000000
 826 71859.000000000
 827 71859.000000000
 828 71859.000000000
 829 71859.000000000
 830 71859.000000000
 831 71859.000000000
 832 71859.000000000
 833 71859.000000000
 834 71859.000000000
 835 71859.000000000
 836 71859.000000000
 837 71859.000000000
 838 71859.000000000
 839 71859.000000000
 840 71859.000000000
 841 71859.000000000
 842 71859.000000000
 843 71859.000000000
 844 71859.000000000
 845 71859.000000000
 846 71859.000000000
 847 71859.000000000
 848 71859.000000000
 849 71859.000000000
 850 71859.000000000
 851 71859.000000000
 852 71859.000000000
 853 71859.000000000
 854 71859.000000000
 855 71859.000000000
 856 71859.000000000
 857 71859.000000000
 858 71859.000000000
 859 71859.000000000
 860 71859.000000000
 861 71859.000000000
 862 71859.000000000
 863 71859.000000000
 864 71859.000000000
 865 71859.000000000
 866 71859.000000000
 867 71859.000000000
 868 71859.000000000
 869 71859.000000000
 870 71859.000000000
 871 71859.000000000
 872 71859.000000000
 873 71859.000000000
 874 71859.000000000
 875 71859.000000000
 876 71859.000000000
 877 71859.000000000
 878 71859.000000000
 879 71859.000000000
 880 71859.000000000
 881 71859.000000000
 882 71859.000000000
 883 71859.000000000
 884 71859.000000000
 885 71859.000000000
 886 71859.000000000
 887 71859.000000000
 888 71859.000000000
 889 71859.000000000
 890 71859.000000000
 891 71859.000000000
 892 71859.000000000
 893 71859.000000000
 894 71859.000000000
 895 71859.000000000
 896 71859.000000000
 897 71859.000000000
 898 71859.000000000
 899 71859.000000000
 900 71859.000000000
 901 71859.000000000
 902 71859.000000000
 903 71859.000000000
 904 71859.000000000
 905 71859.000000000
 906 71859.000000000
 907 71859.000000000
 908 71859.000000000
 909 71859.000000000
 910 71859.000000000
 911 71859.000000000
 912 71859.000000000
 913 71859.000000000
 914 71859.000000000
 915 71859.000000000
 916 71859.000000000
 917 71859.000000000
 918 71859.000000000
 919 71859.000000000
 920 71859.000000000
 921 71859.000000000
 922 71859.000000000
 923 71859.000000000
 924 71859.000000000
 925 71859.000000000
 926 71859.000000000
 927 71859.000000000
 928 71859.000000000
 929 71859.000000000
 930 71859.000000000
 931 71859.000000000
 932 71859.000000000
 933 71859.000000000
 934 71859.000000000
 935 71859.000000000
 936 71859.000000000
 937 71859.000000000
 938 71859.000000000
 939 71859.000000000
 940 71859.000000000
 941 71859.000000000
 942 71859.000000000
 943 71859.000000000
 944 71859.000000000
 945 71859.000000000
 946 71859.000000000
 947 71859.000000000
 948 71859.000000000
 949 71859.000000000
 950 71859.000000000
 951 71859.000000000
 952 71859.000000000
 953 71859.000000000
 954 71859.000000000
 955 71859.000000000
 956 71859.000000000
 957 71859.000000000
 958 71859.000000000
 959 71859.000000000
 960 71859.000000000
 961 71859.000000000
 962 71859.000000000
 963 71859.000000000
 964 71859.000000000
 965 71859.000000000
 966 71859.000000000
 967 71859.000000000
 968 71859.000000000
 969 71859.000000000
 970 71859.000000000
 971 71859.000000000
 972 71859.000000000
 973 71859.000000000
 974 71859.000000000
 975 71859.000000000
 976 71859.000000000
 977 71859.000000000
 978 71859.000000000
 979 71859.000000000
 980 71859.000000000
 981 71859.000000000
 982 71859.000000000
 983 71859.000000000
 984 71859.000000000
 985 71859.000000000
 986 71859.000000000
 987 71859.000000000
 988 71859.000000000
 989 71859.000000000
 990 71859.000000000
 991 71859.000000000
 992 71859.000000000
 993 71859.000000000
 994 71859.000000000
 995 71859.000000000
 996 71859.000000000
 997 71859.000000000
 998 71859.000000000
 999 71859.000000000
