   0     0.000000000
   1     0.000000000
   2     0.000000000
   3     0.000000000
   4     0.000000000
   5     0.000000000
   6     0.000000000
   7     0.000000000
   8     0.000000000
   9     0.000000000
  10     0.000000000
  11     0.000000000
  12     0.000000000
  13     0.000000000
  14     0.000000000
  15     0.000000000
  16     0.000000000
  17     0.000000000
  18     0.000000000
  19     0.000000000
  20     0.000000000
  21     0.000000000
  22     0.000000000
  23     0.000000000
  24     0.000000000
  25     0.000000000
  26     0.000000000
  27     0.000000000
  28     0.000000000
  29     0.000000000
  30     0.000000000
  31     0.000000000
  32     0.000000000
  33     0.000000000
  34     0.000000000
  35     0.000000000
  36     0.000000000
  37     0.000000000
  38     0.000000000
  39     0.000000000
  40     0.000000000
  41     0.000000000
  42     0.000000000
  43     0.000000000
  44     0.000000000
  45     0.000000000
  46     0.000000000
  47     0.000000000
  48     0.000000000
  49   172.000000000
  50   498.000000000
  51  1003.000000000
  52  1257.000000000
  53  1608.000000000
  54  2100.000000000
  55  2123.000000000
  56  2450.000000000
  57  2927.000000000
  58  2944.000000000
  59  3026.000000000
  60  3197.000000000
  61  3207.000000000
  62  3875.000000000
  63  3914.000000000
  64  4516.000000000
  65  4568.000000000
  66  4938.000000000
  67  4974.000000000
  68  5311.000000000
  69  5446.000000000
  70  6125.000000000
  71  6299.000000000
  72  6709.000000000
  73  6727.000000000
  74  6980.000000000
  75  7052.000000000
  76  7313.000000000
  77  7643.000000000
  78  8139.000000000
  79  8594.000000000
  80  8903.000000000
  81  9272.000000000
  82  9336.000000000
  83  9448.000000000
  84  9772.000000000
  85 10011.000000000
  86 10417.000000000
  87 10825.000000000
  88 11282.000000000
  89 11404.000000000
  90 11556.000000000
  91 11624.000000000
  92 11835.000000000
  93 12180.000000000
  94 12200.000000000
  95 12200.000000000
  96 12200.000000000
  97 12257.000000000
  98 12661.000000000
  99 13151.000000000
 100 13198.000000000
 101 13730.000000000
 102 14048.000000000
 103 14149.000000000
 104 14276.000000000
 105 14724.000000000
 106 14893.000000000
 107 15335.000000000
 108 15569.000000000
 109 15964.000000000
 110 16339.000000000
 111 16369.000000000
 112 16638.000000000
 113 16960.000000000
 114 17119.000000000
 115 17366.000000000
 116 17463.000000000
 117 17930.000000000
 118 18201.000000000
 119 18368.000000000
 120 18922.000000000
 121 19211.000000000
 122 19466.000000000
 123 19824.000000000
 124 20040.000000000
 125 20239.000000000
 126 20615.000000000
 127 20882.000000000
 128 21235.000000000
 129 21468.000000000
 130 21611.000000000
 131 21859.000000000
 132 22029.000000000
 133 22340.000000000
 134 22849.000000000
 135 22895.000000000
 136 23306.000000000
 137 23651.000000000
 138 23706.000000000
 139 23827.000000000
 140 23827.000000000
 141 23827.000000000
 142 23827.000000000
 143 24181.000000000
 144 24310.000000000
 145 24809.000000000
 146 25102.000000000
 147 25251.000000000
 148 25430.000000000
 149 25850.000000000
 150 25921.000000000
 151 26142.000000000
 152 26325.000000000
 153 26641.000000000
 154 26916.000000000
 155 27051.000000000
 156 27627.000000000
 157 27865.000000000
 158 28005.000000000
 159 28264.000000000
 160 28488.000000000
 161 28909.000000000
 162 29388.000000000
 163 29604.000000000
 164 29996.000000000
 165 30061.000000000
 166 30235.000000000
 167 30595.000000000
 168 30768.000000000
 169 30943.000000000
 170 31477.000000000
 171 31538.000000000
 172 32205.000000000
 173 32238.000000000
 174 32502.000000000
 175 32765.000000000
 176 33029.000000000
 177 33224.000000000
 178 33675.000000000
 179 34037.000000000
 180 34118.000000000
 181 34428.000000000
 182 34634.000000000
 183 34932.000000000
 184 35166.000000000
 185 35364.000000000
 186 35903.000000000
 187 35978.000000000
 188 36314.000000000
 189 36642.000000000
 190 36931.000000000
 191 37358.000000000
 192 37489.000000000
 193 37753.000000000
 194 38263.000000000
 195 38333.000000000
 196 38499.000000000
 197 38807.000000000
 198 39083.000000000
 199 39639.000000000
 200 39706.000000000
 201 40280.000000000
 202 40522.000000000
 203 40762.000000000
 204 41091.000000000
 205 41376.000000000
 206 41662.000000000
 207 41813.000000000
 208 42154.000000000
 209 42683.000000000
 210 42835.000000000
 211 42960.000000000
 212 42979.000000000
 213 43378.000000000
 214 43598.000000000
 215 44041.000000000
 216 44231.000000000
 217 44495.000000000
 218 45024.000000000
 219 45066.000000000
 220 45163.000000000
 221 45358.000000000
 222 45389.000000000
 223 45389.000000000
 224 45389.000000000
 225 45694.000000000
 226 46013.000000000
 227 46342.000000000
 228 46553.000000000
 229 46683.000000000
 230 46980.000000000
 231 47318.000000000
 232 47698.000000000
 233 47794.000000000
 234 48040.000000000
 235 48133.000000000
 236 48703.000000000
 237 48832.000000000
 238 49256.000000000
 239 49638.000000000
 240 49966.000000000
 241 49990.000000000
 242 50395.000000000
 243 50661.000000000
 244 51028.000000000
 245 51163.000000000
 246 51544.000000000
 247 51971.000000000
 248 51995.000000000
 249 52386.000000000
 250 52646.000000000
 251 52727.000000000
 252 53080.000000000
 253 53350.000000000
 254 53453.000000000
 255 54044.000000000
 256 54427.000000000
 257 54666.000000000
 258 54893.000000000
 259 54940.000000000
 260 55033.000000000
 261 55538.000000000
 262 55749.000000000
 263 56408.000000000
 264 56528.000000000
 265 56748.000000000
 266 56895.000000000
 267 57223.000000000
 268 57223.000000000
 269 57223.000000000
 270 57281.000000000
 271 57790.000000000
 272 58019.000000000
 273 58390.000000000
 274 58719.000000000
 275 58769.000000000
 276 59215.000000000
 277 59380.000000000
 278 59473.000000000
 279 59956.000000000
 280 60060.000000000
 281 60227.000000000
 282 60656.000000000
 283 60725.000000000
 284 61083.000000000
 285 61489.000000000
 286 61557.000000000
 287 62045.000000000
 288 62207.000000000
 289 62441.000000000
 290 62866.000000000
 291 63010.000000000
 292 63684.000000000
 293 63818.000000000
 294 64190.000000000
 295 64316.000000000
 296 64620.000000000
 297 64655.000000000
 298 65097.000000000
 299 65699.000000000
 300 65948.000000000
 301 66037.000000000
 302 66190.000000000
 303 66447.000000000
 304 66861.000000000
 305 66904.000000000
 306 67448.000000000
 307 67791.000000000
 308 68022.000000000
 309 68371.000000000
 310 68474.000000000
 311 68949.000000000
 312 69015.000000000
 313 69162.000000000
 314 69584.000000000
 315 69820.000000000
 316 70273.000000000
 317 70613.000000000
 318 70675.000000000
 319 71090.000000000
 320 71156.000000000
 321 71359.000000000
 322 71739.000000000
 323 71824.000000000
 324 72081.000000000
 325 72629.000000000
 326 72714.000000000
 327 73189.000000000
 328 73383.000000000
 329 73619.000000000
 330 74095.000000000
 331 74245.000000000
 332 74445.000000000
 333 74732.000000000
 334 75159.000000000
 335 75558.000000000
 336 75619.000000000
 337 76145.000000000
 338 76371.000000000
 339 76831.000000000
 340 76893.000000000
 341 77092.000000000
 342 77355.000000000
 343 77750.000000000
 344 78023.000000000
 345 78376.000000000
 346 78522.000000000
 347 78821.000000000
 348 78975.000000000
 349 79198.000000000
 350 79357.000000000
 351 79693.000000000
 352 79693.000000000
 353 79693.000000000
 354 79880.000000000
 355 80052.000000000
 356 80351.000000000
 357 80721.000000000
 358 80764.000000000
 359 81532.000000000
 360 81659.000000000
 361 81884.000000000
 362 81958.000000000
 363 82193.000000000
 364 82448.000000000
 365 82796.000000000
 366 82995.000000000
 367 83766.000000000
 368 83795.000000000
 369 84376.000000000
 370 84421.000000000
 371 84496.000000000
 372 84616.000000000
 373 84921.000000000
 374 85428.000000000
 375 85831.000000000
 376 86000.000000000
 377 86090.000000000
 378 86459.000000000
 379 86577.000000000
 380 86729.000000000
 381 87075.000000000
 382 87438.000000000
 383 87919.000000000
 384 88324.000000000
 385 88472.000000000
 386 88663.000000000
 387 88738.000000000
 388 89104.000000000
 389 89129.000000000
 390 89672.000000000
 391 89866.000000000
 392 90457.000000000
 393 90643.000000000
 394 90952.000000000
 395 90989.000000000
 396 91230.000000000
 397 91230.000000000
 398 91409.000000000
 399 91784.000000000
 400 91846.000000000
 401 92212.000000000
 402 92575.000000000
 403 92624.000000000
 404 93219.000000000
 405 93262.000000000
 406 93443.000000000
 407 93809.000000000
 408 94118.000000000
 409 94327.000000000
 410 94840.000000000
 411 95026.000000000
 412 95222.000000000
 413 95590.000000000
 414 95775.000000000
 415 96156.000000000
 416 96497.000000000
 417 96566.000000000
 418 96941.000000000
 419 97404.000000000
 420 97576.000000000
 421 97771.000000000
 422 98114.000000000
 423 98152.000000000
 424 98638.000000000
 425 99155.000000000
 426 99226.000000000
 427 99987.000000000
 428 100070.000000000
 429 100154.000000000
 430 100522.000000000
 431 100584.000000000
 432 100992.000000000
 433 101010.000000000
 434 101393.000000000
 435 101660.000000000
 436 102175.000000000
 437 102509.000000000
 438 102533.000000000
 439 102891.000000000
 440 103238.000000000
 441 103265.000000000
 442 103707.000000000
 443 103999.000000000
 444 104313.000000000
 445 104457.000000000
 446 104592.000000000
 447 104724.000000000
 448 104747.000000000
 449 104747.000000000
 450 104747.000000000
 451 104747.000000000
 452 104747.000000000
 453 104747.000000000
 454 104747.000000000
 455 104747.000000000
 456 104747.000000000
 457 104747.000000000
 458 104747.000000000
 459 104747.000000000
 460 104747.000000000
 461 104747.000000000
 462 104747.000000000
 463 104747.000000000
 464 104747.000000000
 465 104747.000000000
 466 104747.000000000
 467 104747.000000000
 468 104747.000000000
 469 104747.000000000
 470 104747.000000000
 471 104747.000000000
 472 104747.000000000
 473 104747.000000000
 474 104747.000000000
 475 104747.000000000
 476 104747.000000000
 477 104747.000000000
 478 104747.000000000
 479 104747.000000000
 480 104747.000000000
 481 104747.000000000
 482 104747.000000000
 483 104747.000000000
 484 104747.000000000
 485 104747.000000000
 486 104747.000000000
 487 104747.000000000
 488 104747.000000000
 489 104747.000000000
 490 104747.000000000
 491 104747.000000000
 492 104747.000000000
 493 104747.000000000
 494 104747.000000000
 495 104747.000000000
 496 104747.000000000
 497 104747.000000000
 498 104747.000000000
 499 104747.000000000
 500 104747.000000000
 501 104747.000000000
 502 104747.000000000
 503 104747.000000000
 504 104747.000000000
 505 104747.000000000
 506 104747.000000000
 507 104747.000000000
 508 104747.000000000
 509 104747.000000000
 510 104747.000000000
 511 104747.000000000
 512 104747.000000000
 513 104747.000000000
 514 104747.000000000
 515 104747.000000000
 516 104747.000000000
 517 104747.000000000
 518 104747.000000000
 519 104747.000000000
 520 104747.000000000
 521 104747.000000000
 522 104747.000000000
 523 104747.000000000
 524 104747.000000000
 525 104747.000000000
 526 104747.000000000
 527 104747.000000000
 528 104747.000000000
 529 104747.000000000
 530 104747.000000000
 531 104747.000000000
 532 104747.000000000
 533 104747.000000000
 534 104747.000000000
 535 104747.000000000
 536 104747.000000000
 537 104747.000000000
 538 104747.000000000
 539 104747.000000000
 540 104747.000000000
 541 104747.000000000
 542 104747.000000000
 543 104747.000000000
 544 104747.000000000
 545 104747.000000000
 546 104747.000000000
 547 104747.000000000
 548 104747.000000000
 549 104747.000000000
 550 104747.000000000
 551 104747.000000000
 552 104747.000000000
 553 104747.000000000
 554 104747.000000000
 555 104747.000000000
 556 104747.000000000
 557 104747.000000000
 558 104747.000000000
 559 104747.000000000
 560 104747.000000000
 561 104747.000000000
 562 104747.000000000
 563 104747.000000000
 564 104747.000000000
 565 104747.000000000
 566 104747.000000000
 567 104747.000000000
 568 104747.000000000
 569 104747.000000000
 570 104747.000000000
 571 104747.000000000
 572 104747.000000000
 573 104747.000000000
 574 104747.000000000
 575 104747.000000000
 576 104747.000000000
 577 104747.000000000
 578 104747.000000000
 579 104747.000000000
 580 104747.000000000
 581 104747.000000000
 582 104747.000000000
 583 104747.000000000
 584 104747.000000000
 585 104747.000000000
 586 104747.000000000
 587 104747.000000000
 588 104747.000000000
 589 104747.000000000
 590 104747.000000000
 591 104747.000000000
 592 104747.000000000
 593 104747.000000000
 594 104747.000000000
 595 104747.000000000
 596 104747.000000000
 597 104747.000000000
 598 104747.000000000
 599 104747.000000000
 600 104747.000000000
 601 104747.000000000
 602 104747.000000000
 603 104747.000000000
 604 104747.000000000
 605 104747.000000000
 606 104747.000000000
 607 104747.000000000
 608 104747.000000000
 609 104747.000000000
 610 104747.000000000
 611 104747.000000000
 612 104747.000000000
 613 104747.000000000
 614 104747.000000000
 615 104747.000000000
 616 104747.000000000
 617 104747.000000000
 618 104747.000000000
 619 104747.000000000
 620 104747.000000000
 621 104747.000000000
 622 104747.000000000
 623 104747.000000000
 624 104747.000000000
 625 104747.000000000
 626 104747.000000000
 627 104747.000000000
 628 104747.000000000
 629 104747.000000000
 630 104747.000000000
 631 104747.000000000
 632 104747.000000000
 633 104747.000000000
 634 104747.000000000
 635 104747.000000000
 636 104747.000000000
 637 104747.000000000
 638 104747.000000000
 639 104747.000000000
 640 104747.000000000
 641 104747.000000000
 642 104747.000000000
 643 104747.000000000
 644 104747.000000000
 645 104747.000000000
 646 104747.000000000
 647 104747.000000000
 648 104747.000000000
 649 104747.000000000
 650 104747.000000000
 651 104747.000000000
 652 104747.000000000
 653 104747.000000000
 654 104747.000000000
 655 104747.000000000
 656 104747.000000000
 657 104747.000000000
 658 104747.000000000
 659 104747.000000000
 660 104747.000000000
 661 104747.000000000
 662 104747.000000000
 663 104747.000000000
 664 104747.000000000
 665 104747.000000000
 666 104747.000000000
 667 104747.000000000
 668 104747.000000000
 669 104747.000000000
 670 104747.000000000
 671 104747.000000000
 672 104747.000000000
 673 104747.000000000
 674 104747.000000000
 675 104747.000000000
 676 104747.000000000
 677 104747.000000000
 678 104747.000000000
 679 104747.000000000
 680 104747.000000000
 681 104747.000000000
 682 104747.000000000
 683 104747.000000000
 684 104747.000000000
 685 104747.000000000
 686 104747.000000000
 687 104747.000000000
 688 104747.000000000
 689 104747.000000000
 690 104747.000000000
 691 104747.000000000
 692 104747.000000000
 693 104747.000000000
 694 104747.000000000
 695 104747.000000000
 696 104747.000000000
 697 104747.000000000
 698 104747.000000000
 699 104747.000000000
 700 104747.000000000
 701 104747.000000000
 702 104747.000000000
 703 104747.000000000
 704 104747.000000000
 705 104747.000000000
 706 104747.000000000
 707 104747.000000000
 708 104747.000000000
 709 104747.000000000
 710 104747.000000000
 711 104747.000000000
 712 104747.000000000
 713 104747.000000000
 714 104747.000000000
 715 104747.000000000
 716 104747.000000000
 717 104747.000000000
 718 104747.000000000
 719 104747.000000000
 720 104747.000000000
 721 104747.000000000
 722 104747.000000000
 723 104747.000000000
 724 104747.000000000
 725 104747.000000000
 726 104747.000000000
 727 104747.000000000
 728 104747.000000000
 729 104747.000000000
 730 104747.000000000
 731 104747.000000000
 732 104747.000000000
 733 104747.000000000
 734 104747.000000000
 735 104747.000000000
 736 104747.000000000
 737 104747.000000000
 738 104747.000000000
 739 104747.000000000
 740 104747.000000000
 741 104747.000000000
 742 104747.000000000
 743 104747.000000000
 744 104747.000000000
 745 104747.000000000
 746 104747.000000000
 747 104747.000000000
 748 104747.000000000
 749 104747.000000000
 750 104747.000000000
 751 104747.000000000
 752 104747.000000000
 753 104747.000000000
 754 104747.000000000
 755 104747.000000000
 756 104747.000000000
 757 104747.000000000
 758 104747.000000000
 759 104747.000000000
 760 104747.000000000
 761 104747.000000000
 762 104747.000000000
 763 104747.000000000
 764 104747.000000000
 765 104747.000000000
 766 104747.000000000
 767 104747.000000000
 768 104747.000000000
 769 104747.000000000
 770 104747.000000000
 771 104747.000000000
 772 104747.000000000
 773 104747.000000000
 774 104747.000000000
 775 104747.000000000
 776 104747.000000000
 777 104747.000000000
 778 104747.000000000
 779 104747.000000000
 780 104747.000000000
 781 104747.000000000
 782 104747.000000000
 783 104747.000000000
 784 104747.000000000
 785 104747.000000000
 786 104747.000000000
 787 104747.000000000
 788 104747.000000000
 789 104747.000000000
 790 104747.000000000
 791 104747.000000000
 792 104747.000000000
 793 104747.000000000
 794 104747.000000000
 795 104747.000000000
 796 104747.000000000
 797 104747.000000000
 798 104747.000000000
 799 104747.000000000
 800 104747.000000000
 801 104747.000000000
 802 104747.000000000
 803 104747.000000000
 804 104747.000000000
 805 104747.000000000
 806 104747.000000000
 807 104747.000000000
 808 104747.000000000
 809 104747.000000000
 810 104747.000000000
 811 104747.000000000
 812 104747.000000000
 813 104747.000000000
 814 104747.000000000
 815 104747.000000000
 816 104747.000000000
 817 104747.000000000
 818 104747.000000000
 819 104747.000000000
 820 104747.000000000
 821 104747.000000000
 822 104747.000000000
 823 104747.000000000
 824 104747.000000000
 825 104747.000000000
 826 104747.000000000
 827 104747.000000000
 828 104747.000000000
 829 104747.000000000
 830 104747.000000000
 831 104747.000000000
 832 104747.000000000
 833 104747.000000000
 834 104747.000000000
 835 104747.000000000
 836 104747.000000000
 837 104747.000000000
 838 104747.000000000
 839 104747.000000000
 840 104747.000000000
 841 104747.000000000
 842 104747.000000000
 843 104747.000000000
 844 104747.000000000
 845 104747.000000000
 846 104747.000000000
 847 104747.000000000
 848 104747.000000000
 849 104747.000000000
 850 104747.000000000
 851 104747.000000000
 852 104747.000000000
 853 104747.000000000
 854 104747.000000000
 855 104747.000000000
 856 104747.000000000
 857 104747.000000000
 858 104747.000000000
 859 104747.000000000
 860 104747.000000000
 861 104747.000000000
 862 104747.000000000
 863 104747.000000000
 864 104747.000000000
 865 104747.000000000
 866 104747.000000000
 867 104747.000000000
 868 104747.000000000
 869 104747.000000000
 870 104747.000000000
 871 104747.000000000
 872 104747.000000000
 873 104747.000000000
 874 104747.000000000
 875 104747.000000000
 876 104747.000000000
 877 104747.000000000
 878 104747.000000000
 879 104747.000000000
 880 104747.000000000
 881 104747.000000000
 882 104747.000000000
 883 104747.000000000
 884 104747.000000000
 885 104747.000000000
 886 104747.000000000
 887 104747.000000000
 888 104747.000000000
 889 104747.000000000
 890 104747.000000000
 891 104747.000000000
 892 104747.000000000
 893 104747.000000000
 894 104747.000000000
 895 104747.000000000
 896 104747.000000000
 897 104747.000000000
 898 104747.000000000
 899 104747.000000000
 900 104747.000000000
 901 104747.000000000
 902 104747.000000000
 903 104747.000000000
 904 104747.000000000
 905 104747.000000000
 906 104747.000000000
 907 104747.000000000
 908 104747.000000000
 909 104747.000000000
 910 104747.000000000
 911 104747.000000000
 912 104747.000000000
 913 104747.000000000
 914 104747.000000000
 915 104747.000000000
 916 104747.000000000
 917 104747.000000000
 918 104747.000000000
 919 104747.000000000
 920 104747.000000000
 921 104747.000000000
 922 104747.000000000
 923 104747.000000000
 924 104747.000000000
 925 104747.000000000
 926 104747.000000000
 927 104747.000000000
 928 104747.000000000
 929 104747.000000000
 930 104747.000000000
 931 104747.000000000
 932 104747.000000000
 933 104747.000000000
 934 104747.000000000
 935 104747.000000000
 936 104747.000000000
 937 104747.000000000
 938 104747.000000000
 939 104747.000000000
 940 104747.000000000
 941 104747.000000000
 942 104747.000000000
 943 104747.000000000
 944 104747.000000000
 945 104747.000000000
 946 104747.000000000
 947 104747.000000000
 948 104747.000000000
 949 104747.000000000
 950 104747.000000000
 951 104747.000000000
 952 104747.000000000
 953 104747.000000000
 954 104747.000000000
 955 104747.000000000
 956 104747.000000000
 957 104747.000000000
 958 104747.000000000
 959 104747.000000000
 960 104747.000000000
 961 104747.000000000
 962 104747.000000000
 963 104747.000000000
 964 104747.000000000
 965 104747.000000000
 966 104747.000000000
 967 104747.000000000
 968 104747.000000000
 969 104747.000000000
 970 104747.000000000
 971 104747.000000000
 972 104747.000000000
 973 104747.000000000
 974 104747.000000000
 975 104747.000000000
 976 104747.000000000
 977 104747.000000000
 978 104747.000000000
 979 104747.000000000
 980 104747.000000000
 981 104747.000000000
 982 104747.000000000
 983 104747.000000000
 984 104747.000000000
 985 104747.000000000
 986 104747.000000000
 987 104747.000000000
 988 104747.000000000
 989 104747.000000000
 990 104747.000000000
 991 104747.000000000
 992 104747.000000000
 993 104747.000000000
 994 104747.000000000
 995 104747.000000000
 996 104747.000000000
 997 104747.000000000
 998 104747.000000000
 999 104747.000000000
