   0     0.000000000
   1     0.000000000
   2     0.000000000
   3     0.000000000
   4     0.000000000
   5     0.000000000
   6     0.000000000
   7     0.000000000
   8     0.000000000
   9     0.000000000
  10     0.000000000
  11     0.000000000
  12     0.000000000
  13     0.000000000
  14     0.000000000
  15     0.000000000
  16     0.000000000
  17     0.000000000
  18     0.000000000
  19     0.000000000
  20     0.000000000
  21     0.000000000
  22     0.000000000
  23     0.000000000
  24     0.000000000
  25     0.000000000
  26     0.000000000
  27     0.000000000
  28     0.000000000
  29     0.000000000
  30     0.000000000
  31     0.000000000
  32     0.000000000
  33     0.000000000
  34   939.000000000
  35  1780.000000000
  36  1934.000000000
  37  2158.000000000
  38  2894.000000000
  39  3231.000000000
  40  3558.000000000
  41  3742.000000000
  42  4009.000000000
  43  4056.000000000
  44  4231.000000000
  45  4464.000000000
  46  4985.000000000
  47  5183.000000000
  48  5682.000000000
  49  5813.000000000
  50  5973.000000000
  51  6161.000000000
  52  6231.000000000
  53  6516.000000000
  54  7088.000000000
  55  7494.000000000
  56  7690.000000000
  57  8093.000000000
  58  8258.000000000
  59  8333.000000000
  60  8607.000000000
  61  8955.000000000
  62  9288.000000000
  63  9827.000000000
  64  9910.000000000
  65 10344.000000000
  66 10569.000000000
  67 10980.000000000
  68 11129.000000000
  69 11562.000000000
  70 11998.000000000
  71 12116.000000000
  72 12415.000000000
  73 12850.000000000
  74 12924.000000000
  75 13066.000000000
  76 13149.000000000
  77 13454.000000000
  78 14176.000000000
  79 14216.000000000
  80 14624.000000000
  81 14849.000000000
  82 14892.000000000
  83 15186.000000000
  84 15232.000000000
  85 15505.000000000
  86 16257.000000000
  87 16523.000000000
  88 16823.000000000
  89 17018.000000000
  90 17139.000000000
  91 17412.000000000
  92 17554.000000000
  93 17611.000000000
  94 18228.000000000
  95 18238.000000000
  96 18633.000000000
  97 18988.000000000
  98 19028.000000000
  99 19157.000000000
 100 19503.000000000
 101 19555.000000000
 102 19830.000000000
 103 20143.000000000
 104 20537.000000000
 105 20880.000000000
 106 20923.000000000
 107 21205.000000000
 108 21412.000000000
 109 21746.000000000
 110 22056.000000000
 111 22377.000000000
 112 22661.000000000
 113 23142.000000000
 114 23163.000000000
 115 23412.000000000
 116 23711.000000000
 117 23836.000000000
 118 24240.000000000
 119 24491.000000000
 120 24554.000000000
 121 24849.000000000
 122 25309.000000000
 123 25437.000000000
 124 25857.000000000
 125 25929.000000000
 126 26152.000000000
 127 26579.000000000
 128 26614.000000000
 129 26867.000000000
 130 27292.000000000
 131 27373.000000000
 132 28054.000000000
 133 28163.000000000
 134 28452.000000000
 135 28741.000000000
 136 28839.000000000
 137 29067.000000000
 138 29291.000000000
 139 29659.000000000
 140 30030.000000000
 141 30262.000000000
 142 30397.000000000
 143 30805.000000000
 144 30877.000000000
 145 31153.000000000
 146 31358.000000000
 147 31870.000000000
 148 32001.000000000
 149 32148.000000000
 150 32793.000000000
 151 33580.000000000
 152 33709.000000000
 153 33717.000000000
 154 34032.000000000
 155 34051.000000000
 156 34362.000000000
 157 34823.000000000
 158 34960.000000000
 159 35776.000000000
 160 35967.000000000
 161 36022.000000000
 162 36230.000000000
 163 36382.000000000
 164 36545.000000000
 165 36991.000000000
 166 37015.000000000
 167 37794.000000000
 168 37921.000000000
 169 38063.000000000
 170 38266.000000000
 171 38359.000000000
 172 38780.000000000
 173 39189.000000000
 174 39256.000000000
 175 39771.000000000
 176 39966.000000000
 177 40332.000000000
 178 40485.000000000
 179 40597.000000000
 180 40789.000000000
 181 41115.000000000
 182 41243.000000000
 183 42072.000000000
 184 42212.000000000
 185 42356.000000000
 186 42632.000000000
 187 42695.000000000
 188 42968.000000000
 189 43286.000000000
 190 43352.000000000
 191 43961.000000000
 192 44107.000000000
 193 44528.000000000
 194 45229.000000000
 195 45721.000000000
 196 46120.000000000
 197 46406.000000000
 198 46423.000000000
 199 46701.000000000
 200 46818.000000000
 201 47095.000000000
 202 47485.000000000
 203 47499.000000000
 204 48013.000000000
 205 48270.000000000
 206 48469.000000000
 207 48796.000000000
 208 48848.000000000
 209 49170.000000000
 210 49602.000000000
 211 49661.000000000
 212 49828.000000000
 213 50296.000000000
 214 50505.000000000
 215 50934.000000000
 216 50940.000000000
 217 51365.000000000
 218 51602.000000000
 219 51658.000000000
 220 51931.000000000
 221 52182.000000000
 222 52435.000000000
 223 52811.000000000
 224 52962.000000000
 225 53346.000000000
 226 53591.000000000
 227 53666.000000000
 228 54064.000000000
 229 54317.000000000
 230 54355.000000000
 231 54705.000000000
 232 54865.000000000
 233 55231.000000000
 234 55658.000000000
 235 55738.000000000
 236 55941.000000000
 237 56194.000000000
 238 56311.000000000
 239 56640.000000000
 240 56920.000000000
 241 56928.000000000
 242 57385.000000000
 243 57707.000000000
 244 57898.000000000
 245 57951.000000000
 246 58195.000000000
 247 58261.000000000
 248 58709.000000000
 249 58949.000000000
 250 59135.000000000
 251 59520.000000000
 252 59811.000000000
 253 60192.000000000
 254 60485.000000000
 255 60581.000000000
 256 60589.000000000
 257 60885.000000000
 258 61004.000000000
 259 61802.000000000
 260 61850.000000000
 261 61990.000000000
 262 62057.000000000
 263 62491.000000000
 264 62541.000000000
 265 63160.000000000
 266 63299.000000000
 267 63864.000000000
 268 64072.000000000
 269 64368.000000000
 270 64415.000000000
 271 64539.000000000
 272 64548.000000000
 273 64991.000000000
 274 65271.000000000
 275 65916.000000000
 276 66346.000000000
 277 66539.000000000
 278 66992.000000000
 279 67219.000000000
 280 67388.000000000
 281 67948.000000000
 282 68320.000000000
 283 68427.000000000
 284 68615.000000000
 285 68821.000000000
 286 69404.000000000
 287 69433.000000000
 288 69766.000000000
 289 70110.000000000
 290 70144.000000000
 291 70403.000000000
 292 70555.000000000
 293 70684.000000000
 294 71652.000000000
 295 71748.000000000
 296 72074.000000000
 297 72222.000000000
 298 72363.000000000
 299 72654.000000000
 300 72780.000000000
 301 73107.000000000
 302 73508.000000000
 303 73544.000000000
 304 73940.000000000
 305 74154.000000000
 306 74236.000000000
 307 74429.000000000
 308 74672.000000000
 309 74822.000000000
 310 75438.000000000
 311 75741.000000000
 312 76116.000000000
 313 76544.000000000
 314 76728.000000000
 315 76949.000000000
 316 76981.000000000
 317 77175.000000000
 318 77760.000000000
 319 77824.000000000
 320 78258.000000000
 321 78542.000000000
 322 78578.000000000
 323 79013.000000000
 324 79799.000000000
 325 80068.000000000
 326 80251.000000000
 327 80345.000000000
 328 80697.000000000
 329 80991.000000000
 330 81042.000000000
 331 81899.000000000
 332 82044.000000000
 333 82239.000000000
 334 82449.000000000
 335 82610.000000000
 336 82891.000000000
 337 83115.000000000
 338 83172.000000000
 339 83753.000000000
 340 83915.000000000
 341 84222.000000000
 342 84412.000000000
 343 84449.000000000
 344 84893.000000000
 345 85067.000000000
 346 85277.000000000
 347 85911.000000000
 348 85926.000000000
 349 86183.000000000
 350 86331.000000000
 351 86417.000000000
 352 86717.000000000
 353 87128.000000000
 354 87167.000000000
 355 87779.000000000
 356 87958.000000000
 357 88206.000000000
 358 88250.000000000
 359 88442.000000000
 360 88694.000000000
 361 89145.000000000
 362 89208.000000000
 363 89664.000000000
 364 89950.000000000
 365 90210.000000000
 366 90303.000000000
 367 90524.000000000
 368 90606.000000000
 369 91107.000000000
 370 91410.000000000
 371 91794.000000000
 372 92202.000000000
 373 92303.000000000
 374 92577.000000000
 375 92653.000000000
 376 92817.000000000
 377 93036.000000000
 378 93635.000000000
 379 93798.000000000
 380 94179.000000000
 381 94351.000000000
 382 94585.000000000
 383 94621.000000000
 384 94816.000000000
 385 94911.000000000
 386 95597.000000000
 387 95665.000000000
 388 96155.000000000
 389 96402.000000000
 390 96514.000000000
 391 96792.000000000
 392 96908.000000000
 393 97314.000000000
 394 97828.000000000
 395 98005.000000000
 396 98090.000000000
 397 98093.000000000
 398 98093.000000000
 399 98093.000000000
 400 98093.000000000
 401 98093.000000000
 402 98093.000000000
 403 98093.000000000
 404 98093.000000000
 405 98093.000000000
 406 98093.000000000
 407 98093.000000000
 408 98093.000000000
 409 98093.000000000
 410 98093.000000000
 411 98093.000000000
 412 98093.000000000
 413 98093.000000000
 414 98093.000000000
 415 98093.000000000
 416 98093.000000000
 417 98093.000000000
 418 98093.000000000
 419 98093.000000000
 420 98093.000000000
 421 98093.000000000
 422 98093.000000000
 423 98093.000000000
 424 98093.000000000
 425 98093.000000000
 426 98093.000000000
 427 98093.000000000
 428 98093.000000000
 429 98093.000000000
 430 98093.000000000
 431 98093.000000000
 432 98093.000000000
 433 98093.000000000
 434 98093.000000000
 435 98093.000000000
 436 98093.000000000
 437 98093.000000000
 438 98093.000000000
 439 98093.000000000
 440 98093.000000000
 441 98093.000000000
 442 98093.000000000
 443 98093.000000000
 444 98093.000000000
 445 98093.000000000
 446 98093.000000000
 447 98093.000000000
 448 98093.000000000
 449 98093.000000000
 450 98093.000000000
 451 98093.000000000
 452 98093.000000000
 453 98093.000000000
 454 98093.000000000
 455 98093.000000000
 456 98093.000000000
 457 98093.000000000
 458 98093.000000000
 459 98093.000000000
 460 98093.000000000
 461 98093.000000000
 462 98093.000000000
 463 98093.000000000
 464 98093.000000000
 465 98093.000000000
 466 98093.000000000
 467 98093.000000000
 468 98093.000000000
 469 98093.000000000
 470 98093.000000000
 471 98093.000000000
 472 98093.000000000
 473 98093.000000000
 474 98093.000000000
 475 98093.000000000
 476 98093.000000000
 477 98093.000000000
 478 98093.000000000
 479 98093.000000000
 480 98093.000000000
 481 98093.000000000
 482 98093.000000000
 483 98093.000000000
 484 98093.000000000
 485 98093.000000000
 486 98093.000000000
 487 98093.000000000
 488 98093.000000000
 489 98093.000000000
 490 98093.000000000
 491 98093.000000000
 492 98093.000000000
 493 98093.000000000
 494 98093.000000000
 495 98093.000000000
 496 98093.000000000
 497 98093.000000000
 498 98093.000000000
 499 98093.000000000
 500 98093.000000000
 501 98093.000000000
 502 98093.000000000
 503 98093.000000000
 504 98093.000000000
 505 98093.000000000
 506 98093.000000000
 507 98093.000000000
 508 98093.000000000
 509 98093.000000000
 510 98093.000000000
 511 98093.000000000
 512 98093.000000000
 513 98093.000000000
 514 98093.000000000
 515 98093.000000000
 516 98093.000000000
 517 98093.000000000
 518 98093.000000000
 519 98093.000000000
 520 98093.000000000
 521 98093.000000000
 522 98093.000000000
 523 98093.000000000
 524 98093.000000000
 525 98093.000000000
 526 98093.000000000
 527 98093.000000000
 528 98093.000000000
 529 98093.000000000
 530 98093.000000000
 531 98093.000000000
 532 98093.000000000
 533 98093.000000000
 534 98093.000000000
 535 98093.000000000
 536 98093.000000000
 537 98093.000000000
 538 98093.000000000
 539 98093.000000000
 540 98093.000000000
 541 98093.000000000
 542 98093.000000000
 543 98093.000000000
 544 98093.000000000
 545 98093.000000000
 546 98093.000000000
 547 98093.000000000
 548 98093.000000000
 549 98093.000000000
 550 98093.000000000
 551 98093.000000000
 552 98093.000000000
 553 98093.000000000
 554 98093.000000000
 555 98093.000000000
 556 98093.000000000
 557 98093.000000000
 558 98093.000000000
 559 98093.000000000
 560 98093.000000000
 561 98093.000000000
 562 98093.000000000
 563 98093.000000000
 564 98093.000000000
 565 98093.000000000
 566 98093.000000000
 567 98093.000000000
 568 98093.000000000
 569 98093.000000000
 570 98093.000000000
 571 98093.000000000
 572 98093.000000000
 573 98093.000000000
 574 98093.000000000
 575 98093.000000000
 576 98093.000000000
 577 98093.000000000
 578 98093.000000000
 579 98093.000000000
 580 98093.000000000
 581 98093.000000000
 582 98093.000000000
 583 98093.000000000
 584 98093.000000000
 585 98093.000000000
 586 98093.000000000
 587 98093.000000000
 588 98093.000000000
 589 98093.000000000
 590 98093.000000000
 591 98093.000000000
 592 98093.000000000
 593 98093.000000000
 594 98093.000000000
 595 98093.000000000
 596 98093.000000000
 597 98093.000000000
 598 98093.000000000
 599 98093.000000000
 600 98093.000000000
 601 98093.000000000
 602 98093.000000000
 603 98093.000000000
 604 98093.000000000
 605 98093.000000000
 606 98093.000000000
 607 98093.000000000
 608 98093.000000000
 609 98093.000000000
 610 98093.000000000
 611 98093.000000000
 612 98093.000000000
 613 98093.000000000
 614 98093.000000000
 615 98093.000000000
 616 98093.000000000
 617 98093.000000000
 618 98093.000000000
 619 98093.000000000
 620 98093.000000000
 621 98093.000000000
 622 98093.000000000
 623 98093.000000000
 624 98093.000000000
 625 98093.000000000
 626 98093.000000000
 627 98093.000000000
 628 98093.000000000
 629 98093.000000000
 630 98093.000000000
 631 98093.000000000
 632 98093.000000000
 633 98093.000000000
 634 98093.000000000
 635 98093.000000000
 636 98093.000000000
 637 98093.000000000
 638 98093.000000000
 639 98093.000000000
 640 98093.000000000
 641 98093.000000000
 642 98093.000000000
 643 98093.000000000
 644 98093.000000000
 645 98093.000000000
 646 98093.000000000
 647 98093.000000000
 648 98093.000000000
 649 98093.000000000
 650 98093.000000000
 651 98093.000000000
 652 98093.000000000
 653 98093.000000000
 654 98093.000000000
 655 98093.000000000
 656 98093.000000000
 657 98093.000000000
 658 98093.000000000
 659 98093.000000000
 660 98093.000000000
 661 98093.000000000
 662 98093.000000000
 663 98093.000000000
 664 98093.000000000
 665 98093.000000000
 666 98093.000000000
 667 98093.000000000
 668 98093.000000000
 669 98093.000000000
 670 98093.000000000
 671 98093.000000000
 672 98093.000000000
 673 98093.000000000
 674 98093.000000000
 675 98093.000000000
 676 98093.000000000
 677 98093.000000000
 678 98093.000000000
 679 98093.000000000
 680 98093.000000000
 681 98093.000000000
 682 98093.000000000
 683 98093.000000000
 684 98093.000000000
 685 98093.000000000
 686 98093.000000000
 687 98093.000000000
 688 98093.000000000
 689 98093.000000000
 690 98093.000000000
 691 98093.000000000
 692 98093.000000000
 693 98093.000000000
 694 98093.000000000
 695 98093.000000000
 696 98093.000000000
 697 98093.000000000
 698 98093.000000000
 699 98093.000000000
 700 98093.000000000
 701 98093.000000000
 702 98093.000000000
 703 98093.000000000
 704 98093.000000000
 705 98093.000000000
 706 98093.000000000
 707 98093.000000000
 708 98093.000000000
 709 98093.000000000
 710 98093.000000000
 711 98093.000000000
 712 98093.000000000
 713 98093.000000000
 714 98093.000000000
 715 98093.000000000
 716 98093.000000000
 717 98093.000000000
 718 98093.000000000
 719 98093.000000000
 720 98093.000000000
 721 98093.000000000
 722 98093.000000000
 723 98093.000000000
 724 98093.000000000
 725 98093.000000000
 726 98093.000000000
 727 98093.000000000
 728 98093.000000000
 729 98093.000000000
 730 98093.000000000
 731 98093.000000000
 732 98093.000000000
 733 98093.000000000
 734 98093.000000000
 735 98093.000000000
 736 98093.000000000
 737 98093.000000000
 738 98093.000000000
 739 98093.000000000
 740 98093.000000000
 741 98093.000000000
 742 98093.000000000
 743 98093.000000000
 744 98093.000000000
 745 98093.000000000
 746 98093.000000000
 747 98093.000000000
 748 98093.000000000
 749 98093.000000000
 750 98093.000000000
 751 98093.000000000
 752 98093.000000000
 753 98093.000000000
 754 98093.000000000
 755 98093.000000000
 756 98093.000000000
 757 98093.000000000
 758 98093.000000000
 759 98093.000000000
 760 98093.000000000
 761 98093.000000000
 762 98093.000000000
 763 98093.000000000
 764 98093.000000000
 765 98093.000000000
 766 98093.000000000
 767 98093.000000000
 768 98093.000000000
 769 98093.000000000
 770 98093.000000000
 771 98093.000000000
 772 98093.000000000
 773 98093.000000000
 774 98093.000000000
 775 98093.000000000
 776 98093.000000000
 777 98093.000000000
 778 98093.000000000
 779 98093.000000000
 780 98093.000000000
 781 98093.000000000
 782 98093.000000000
 783 98093.000000000
 784 98093.000000000
 785 98093.000000000
 786 98093.000000000
 787 98093.000000000
 788 98093.000000000
 789 98093.000000000
 790 98093.000000000
 791 98093.000000000
 792 98093.000000000
 793 98093.000000000
 794 98093.000000000
 795 98093.000000000
 796 98093.000000000
 797 98093.000000000
 798 98093.000000000
 799 98093.000000000
 800 98093.000000000
 801 98093.000000000
 802 98093.000000000
 803 98093.000000000
 804 98093.000000000
 805 98093.000000000
 806 98093.000000000
 807 98093.000000000
 808 98093.000000000
 809 98093.000000000
 810 98093.000000000
 811 98093.000000000
 812 98093.000000000
 813 98093.000000000
 814 98093.000000000
 815 98093.000000000
 816 98093.000000000
 817 98093.000000000
 818 98093.000000000
 819 98093.000000000
 820 98093.000000000
 821 98093.000000000
 822 98093.000000000
 823 98093.000000000
 824 98093.000000000
 825 98093.000000000
 826 98093.000000000
 827 98093.000000000
 828 98093.000000000
 829 98093.000000000
 830 98093.000000000
 831 98093.000000000
 832 98093.000000000
 833 98093.000000000
 834 98093.000000000
 835 98093.000000000
 836 98093.000000000
 837 98093.000000000
 838 98093.000000000
 839 98093.000000000
 840 98093.000000000
 841 98093.000000000
 842 98093.000000000
 843 98093.000000000
 844 98093.000000000
 845 98093.000000000
 846 98093.000000000
 847 98093.000000000
 848 98093.000000000
 849 98093.000000000
 850 98093.000000000
 851 98093.000000000
 852 98093.000000000
 853 98093.000000000
 854 98093.000000000
 855 98093.000000000
 856 98093.000000000
 857 98093.000000000
 858 98093.000000000
 859 98093.000000000
 860 98093.000000000
 861 98093.000000000
 862 98093.000000000
 863 98093.000000000
 864 98093.000000000
 865 98093.000000000
 866 98093.000000000
 867 98093.000000000
 868 98093.000000000
 869 98093.000000000
 870 98093.000000000
 871 98093.000000000
 872 98093.000000000
 873 98093.000000000
 874 98093.000000000
 875 98093.000000000
 876 98093.000000000
 877 98093.000000000
 878 98093.000000000
 879 98093.000000000
 880 98093.000000000
 881 98093.000000000
 882 98093.000000000
 883 98093.000000000
 884 98093.000000000
 885 98093.000000000
 886 98093.000000000
 887 98093.000000000
 888 98093.000000000
 889 98093.000000000
 890 98093.000000000
 891 98093.000000000
 892 98093.000000000
 893 98093.000000000
 894 98093.000000000
 895 98093.000000000
 896 98093.000000000
 897 98093.000000000
 898 98093.000000000
 899 98093.000000000
 900 98093.000000000
 901 98093.000000000
 902 98093.000000000
 903 98093.000000000
 904 98093.000000000
 905 98093.000000000
 906 98093.000000000
 907 98093.000000000
 908 98093.000000000
 909 98093.000000000
 910 98093.000000000
 911 98093.000000000
 912 98093.000000000
 913 98093.000000000
 914 98093.000000000
 915 98093.000000000
 916 98093.000000000
 917 98093.000000000
 918 98093.000000000
 919 98093.000000000
 920 98093.000000000
 921 98093.000000000
 922 98093.000000000
 923 98093.000000000
 924 98093.000000000
 925 98093.000000000
 926 98093.000000000
 927 98093.000000000
 928 98093.000000000
 929 98093.000000000
 930 98093.000000000
 931 98093.000000000
 932 98093.000000000
 933 98093.000000000
 934 98093.000000000
 935 98093.000000000
 936 98093.000000000
 937 98093.000000000
 938 98093.000000000
 939 98093.000000000
 940 98093.000000000
 941 98093.000000000
 942 98093.000000000
 943 98093.000000000
 944 98093.000000000
 945 98093.000000000
 946 98093.000000000
 947 98093.000000000
 948 98093.000000000
 949 98093.000000000
 950 98093.000000000
 951 98093.000000000
 952 98093.000000000
 953 98093.000000000
 954 98093.000000000
 955 98093.000000000
 956 98093.000000000
 957 98093.000000000
 958 98093.000000000
 959 98093.000000000
 960 98093.000000000
 961 98093.000000000
 962 98093.000000000
 963 98093.000000000
 964 98093.000000000
 965 98093.000000000
 966 98093.000000000
 967 98093.000000000
 968 98093.000000000
 969 98093.000000000
 970 98093.000000000
 971 98093.000000000
 972 98093.000000000
 973 98093.000000000
 974 98093.000000000
 975 98093.000000000
 976 98093.000000000
 977 98093.000000000
 978 98093.000000000
 979 98093.000000000
 980 98093.000000000
 981 98093.000000000
 982 98093.000000000
 983 98093.000000000
 984 98093.000000000
 985 98093.000000000
 986 98093.000000000
 987 98093.000000000
 988 98093.000000000
 989 98093.000000000
 990 98093.000000000
 991 98093.000000000
 992 98093.000000000
 993 98093.000000000
 994 98093.000000000
 995 98093.000000000
 996 98093.000000000
 997 98093.000000000
 998 98093.000000000
 999 98093.000000000
