   0     0.000000000
   1     0.000000000
   2     0.000000000
   3     0.000000000
   4     0.000000000
   5     0.000000000
   6     0.000000000
   7     0.000000000
   8     0.000000000
   9     0.000000000
  10     0.000000000
  11     0.000000000
  12     0.000000000
  13     0.000000000
  14     0.000000000
  15     0.000000000
  16     0.000000000
  17     0.000000000
  18     0.000000000
  19     0.000000000
  20     0.000000000
  21     0.000000000
  22     0.000000000
  23     0.000000000
  24     0.000000000
  25     0.000000000
  26     0.000000000
  27     0.000000000
  28     0.000000000
  29     0.000000000
  30     0.000000000
  31     0.000000000
  32     0.000000000
  33     0.000000000
  34   849.000000000
  35  1698.000000000
  36  1915.000000000
  37  2319.000000000
  38  2853.000000000
  39  3127.000000000
  40  3336.000000000
  41  3583.000000000
  42  3784.000000000
  43  3916.000000000
  44  3964.000000000
  45  4375.000000000
  46  4919.000000000
  47  5151.000000000
  48  5292.000000000
  49  5698.000000000
  50  5896.000000000
  51  6127.000000000
  52  6216.000000000
  53  6469.000000000
  54  7205.000000000
  55  7354.000000000
  56  7812.000000000
  57  8037.000000000
  58  8074.000000000
  59  8450.000000000
  60  8503.000000000
  61  8789.000000000
  62  9251.000000000
  63  9361.000000000
  64  9910.000000000
  65 10007.000000000
  66 10075.000000000
  67 10690.000000000
  68 11072.000000000
  69 11372.000000000
  70 11686.000000000
  71 11938.000000000
  72 12400.000000000
  73 12648.000000000
  74 12740.000000000
  75 13063.000000000
  76 13322.000000000
  77 13710.000000000
  78 14109.000000000
  79 14261.000000000
  80 14791.000000000
  81 14878.000000000
  82 15392.000000000
  83 15611.000000000
  84 15747.000000000
  85 16043.000000000
  86 16605.000000000
  87 16867.000000000
  88 17088.000000000
  89 17546.000000000
  90 17820.000000000
  91 17887.000000000
  92 18196.000000000
  93 18337.000000000
  94 18724.000000000
  95 19060.000000000
  96 19519.000000000
  97 19986.000000000
  98 20034.000000000
  99 20387.000000000
 100 20410.000000000
 101 20804.000000000
 102 21202.000000000
 103 21529.000000000
 104 21689.000000000
 105 22111.000000000
 106 22192.000000000
 107 22313.000000000
 108 22557.000000000
 109 23131.000000000
 110 23172.000000000
 111 23467.000000000
 112 23580.000000000
 113 24105.000000000
 114 24336.000000000
 115 24477.000000000
 116 25127.000000000
 117 25298.000000000
 118 25316.000000000
 119 25805.000000000
 120 26192.000000000
 121 26408.000000000
 122 26726.000000000
 123 26867.000000000
 124 27358.000000000
 125 27389.000000000
 126 27769.000000000
 127 27945.000000000
 128 28292.000000000
 129 28441.000000000
 130 28894.000000000
 131 29321.000000000
 132 29599.000000000
 133 29641.000000000
 134 29827.000000000
 135 30194.000000000
 136 30578.000000000
 137 30757.000000000
 138 31241.000000000
 139 31859.000000000
 140 32027.000000000
 141 32147.000000000
 142 32241.000000000
 143 32631.000000000
 144 33148.000000000
 145 33301.000000000
 146 33647.000000000
 147 34126.000000000
 148 34336.000000000
 149 34694.000000000
 150 35576.000000000
 151 35938.000000000
 152 36424.000000000
 153 36463.000000000
 154 36745.000000000
 155 36921.000000000
 156 36954.000000000
 157 37314.000000000
 158 37835.000000000
 159 38262.000000000
 160 38529.000000000
 161 38637.000000000
 162 38719.000000000
 163 38993.000000000
 164 39022.000000000
 165 39508.000000000
 166 39560.000000000
 167 40388.000000000
 168 40602.000000000
 169 40890.000000000
 170 41015.000000000
 171 41027.000000000
 172 41451.000000000
 173 41761.000000000
 174 42074.000000000
 175 42768.000000000
 176 42859.000000000
 177 43148.000000000
 178 43195.000000000
 179 43500.000000000
 180 43546.000000000
 181 44016.000000000
 182 44301.000000000
 183 44891.000000000
 184 45258.000000000
 185 45418.000000000
 186 45455.000000000
 187 45771.000000000
 188 45981.000000000
 189 46370.000000000
 190 46632.000000000
 191 47219.000000000
 192 47549.000000000
 193 47746.000000000
 194 48099.000000000
 195 48621.000000000
 196 49307.000000000
 197 49699.000000000
 198 49717.000000000
 199 50243.000000000
 200 50656.000000000
 201 50755.000000000
 202 51215.000000000
 203 51564.000000000
 204 51944.000000000
 205 52138.000000000
 206 52214.000000000
 207 52916.000000000
 208 53010.000000000
 209 53210.000000000
 210 53639.000000000
 211 53853.000000000
 212 54176.000000000
 213 54517.000000000
 214 54709.000000000
 215 55144.000000000
 216 55393.000000000
 217 55497.000000000
 218 55948.000000000
 219 56303.000000000
 220 56648.000000000
 221 56820.000000000
 222 56956.000000000
 223 57368.000000000
 224 57650.000000000
 225 57703.000000000
 226 58133.000000000
 227 58507.000000000
 228 58874.000000000
 229 58898.000000000
 230 59137.000000000
 231 59295.000000000
 232 59891.000000000
 233 59973.000000000
 234 60325.000000000
 235 60684.000000000
 236 60971.000000000
 237 61029.000000000
 238 61185.000000000
 239 61702.000000000
 240 61984.000000000
 241 62254.000000000
 242 62575.000000000
 243 63119.000000000
 244 63504.000000000
 245 63535.000000000
 246 63719.000000000
 247 63783.000000000
 248 64503.000000000
 249 64731.000000000
 250 64933.000000000
 251 65372.000000000
 252 65610.000000000
 253 65982.000000000
 254 66035.000000000
 255 66382.000000000
 256 66399.000000000
 257 67021.000000000
 258 67111.000000000
 259 67771.000000000
 260 67905.000000000
 261 68148.000000000
 262 68334.000000000
 263 68688.000000000
 264 68833.000000000
 265 69165.000000000
 266 69536.000000000
 267 69629.000000000
 268 70348.000000000
 269 70388.000000000
 270 70667.000000000
 271 70823.000000000
 272 71116.000000000
 273 71212.000000000
 274 71748.000000000
 275 72553.000000000
 276 72855.000000000
 277 73246.000000000
 278 73844.000000000
 279 74007.000000000
 280 74322.000000000
 281 74535.000000000
 282 74666.000000000
 283 74989.000000000
 284 75057.000000000
 285 75262.000000000
 286 75957.000000000
 287 76037.000000000
 288 76340.000000000
 289 76894.000000000
 290 76920.000000000
 291 77218.000000000
 292 77226.000000000
 293 77474.000000000
 294 78165.000000000
 295 78381.000000000
 296 78429.000000000
 297 78845.000000000
 298 79006.000000000
 299 79198.000000000
 300 79276.000000000
 301 79473.000000000
 302 80265.000000000
 303 80322.000000000
 304 80735.000000000
 305 81065.000000000
 306 81140.000000000
 307 81265.000000000
 308 81510.000000000
 309 81923.000000000
 310 82803.000000000
 311 82822.000000000
 312 83354.000000000
 313 83705.000000000
 314 83760.000000000
 315 83953.000000000
 316 84245.000000000
 317 84276.000000000
 318 84935.000000000
 319 85026.000000000
 320 85586.000000000
 321 85620.000000000
 322 85870.000000000
 323 86283.000000000
 324 87462.000000000
 325 87864.000000000
 326 87881.000000000
 327 88144.000000000
 328 88305.000000000
 329 88679.000000000
 330 88728.000000000
 331 89517.000000000
 332 89675.000000000
 333 89813.000000000
 334 90029.000000000
 335 90226.000000000
 336 90505.000000000
 337 91008.000000000
 338 91293.000000000
 339 92060.000000000
 340 92273.000000000
 341 92314.000000000
 342 92566.000000000
 343 92868.000000000
 344 93326.000000000
 345 93646.000000000
 346 93697.000000000
 347 94252.000000000
 348 94285.000000000
 349 94589.000000000
 350 94711.000000000
 351 94884.000000000
 352 95382.000000000
 353 95548.000000000
 354 95910.000000000
 355 96363.000000000
 356 96787.000000000
 357 97100.000000000
 358 97202.000000000
 359 97343.000000000
 360 97513.000000000
 361 98005.000000000
 362 98084.000000000
 363 99025.000000000
 364 99161.000000000
 365 99577.000000000
 366 99645.000000000
 367 99865.000000000
 368 100011.000000000
 369 100443.000000000
 370 100648.000000000
 371 101266.000000000
 372 101533.000000000
 373 101736.000000000
 374 102072.000000000
 375 102226.000000000
 376 102361.000000000
 377 102838.000000000
 378 103255.000000000
 379 103504.000000000
 380 103890.000000000
 381 103966.000000000
 382 104378.000000000
 383 104566.000000000
 384 104886.000000000
 385 105050.000000000
 386 105605.000000000
 387 105701.000000000
 388 106235.000000000
 389 106543.000000000
 390 106707.000000000
 391 106987.000000000
 392 107350.000000000
 393 107529.000000000
 394 108223.000000000
 395 108244.000000000
 396 108499.000000000
 397 108531.000000000
 398 108531.000000000
 399 108531.000000000
 400 108531.000000000
 401 108531.000000000
 402 108531.000000000
 403 108531.000000000
 404 108531.000000000
 405 108531.000000000
 406 108531.000000000
 407 108531.000000000
 408 108531.000000000
 409 108531.000000000
 410 108531.000000000
 411 108531.000000000
 412 108531.000000000
 413 108531.000000000
 414 108531.000000000
 415 108531.000000000
 416 108531.000000000
 417 108531.000000000
 418 108531.000000000
 419 108531.000000000
 420 108531.000000000
 421 108531.000000000
 422 108531.000000000
 423 108531.000000000
 424 108531.000000000
 425 108531.000000000
 426 108531.000000000
 427 108531.000000000
 428 108531.000000000
 429 108531.000000000
 430 108531.000000000
 431 108531.000000000
 432 108531.000000000
 433 108531.000000000
 434 108531.000000000
 435 108531.000000000
 436 108531.000000000
 437 108531.000000000
 438 108531.000000000
 439 108531.000000000
 440 108531.000000000
 441 108531.000000000
 442 108531.000000000
 443 108531.000000000
 444 108531.000000000
 445 108531.000000000
 446 108531.000000000
 447 108531.000000000
 448 108531.000000000
 449 108531.000000000
 450 108531.000000000
 451 108531.000000000
 452 108531.000000000
 453 108531.000000000
 454 108531.000000000
 455 108531.000000000
 456 108531.000000000
 457 108531.000000000
 458 108531.000000000
 459 108531.000000000
 460 108531.000000000
 461 108531.000000000
 462 108531.000000000
 463 108531.000000000
 464 108531.000000000
 465 108531.000000000
 466 108531.000000000
 467 108531.000000000
 468 108531.000000000
 469 108531.000000000
 470 108531.000000000
 471 108531.000000000
 472 108531.000000000
 473 108531.000000000
 474 108531.000000000
 475 108531.000000000
 476 108531.000000000
 477 108531.000000000
 478 108531.000000000
 479 108531.000000000
 480 108531.000000000
 481 108531.000000000
 482 108531.000000000
 483 108531.000000000
 484 108531.000000000
 485 108531.000000000
 486 108531.000000000
 487 108531.000000000
 488 108531.000000000
 489 108531.000000000
 490 108531.000000000
 491 108531.000000000
 492 108531.000000000
 493 108531.000000000
 494 108531.000000000
 495 108531.000000000
 496 108531.000000000
 497 108531.000000000
 498 108531.000000000
 499 108531.000000000
 500 108531.000000000
 501 108531.000000000
 502 108531.000000000
 503 108531.000000000
 504 108531.000000000
 505 108531.000000000
 506 108531.000000000
 507 108531.000000000
 508 108531.000000000
 509 108531.000000000
 510 108531.000000000
 511 108531.000000000
 512 108531.000000000
 513 108531.000000000
 514 108531.000000000
 515 108531.000000000
 516 108531.000000000
 517 108531.000000000
 518 108531.000000000
 519 108531.000000000
 520 108531.000000000
 521 108531.000000000
 522 108531.000000000
 523 108531.000000000
 524 108531.000000000
 525 108531.000000000
 526 108531.000000000
 527 108531.000000000
 528 108531.000000000
 529 108531.000000000
 530 108531.000000000
 531 108531.000000000
 532 108531.000000000
 533 108531.000000000
 534 108531.000000000
 535 108531.000000000
 536 108531.000000000
 537 108531.000000000
 538 108531.000000000
 539 108531.000000000
 540 108531.000000000
 541 108531.000000000
 542 108531.000000000
 543 108531.000000000
 544 108531.000000000
 545 108531.000000000
 546 108531.000000000
 547 108531.000000000
 548 108531.000000000
 549 108531.000000000
 550 108531.000000000
 551 108531.000000000
 552 108531.000000000
 553 108531.000000000
 554 108531.000000000
 555 108531.000000000
 556 108531.000000000
 557 108531.000000000
 558 108531.000000000
 559 108531.000000000
 560 108531.000000000
 561 108531.000000000
 562 108531.000000000
 563 108531.000000000
 564 108531.000000000
 565 108531.000000000
 566 108531.000000000
 567 108531.000000000
 568 108531.000000000
 569 108531.000000000
 570 108531.000000000
 571 108531.000000000
 572 108531.000000000
 573 108531.000000000
 574 108531.000000000
 575 108531.000000000
 576 108531.000000000
 577 108531.000000000
 578 108531.000000000
 579 108531.000000000
 580 108531.000000000
 581 108531.000000000
 582 108531.000000000
 583 108531.000000000
 584 108531.000000000
 585 108531.000000000
 586 108531.000000000
 587 108531.000000000
 588 108531.000000000
 589 108531.000000000
 590 108531.000000000
 591 108531.000000000
 592 108531.000000000
 593 108531.000000000
 594 108531.000000000
 595 108531.000000000
 596 108531.000000000
 597 108531.000000000
 598 108531.000000000
 599 108531.000000000
 600 108531.000000000
 601 108531.000000000
 602 108531.000000000
 603 108531.000000000
 604 108531.000000000
 605 108531.000000000
 606 108531.000000000
 607 108531.000000000
 608 108531.000000000
 609 108531.000000000
 610 108531.000000000
 611 108531.000000000
 612 108531.000000000
 613 108531.000000000
 614 108531.000000000
 615 108531.000000000
 616 108531.000000000
 617 108531.000000000
 618 108531.000000000
 619 108531.000000000
 620 108531.000000000
 621 108531.000000000
 622 108531.000000000
 623 108531.000000000
 624 108531.000000000
 625 108531.000000000
 626 108531.000000000
 627 108531.000000000
 628 108531.000000000
 629 108531.000000000
 630 108531.000000000
 631 108531.000000000
 632 108531.000000000
 633 108531.000000000
 634 108531.000000000
 635 108531.000000000
 636 108531.000000000
 637 108531.000000000
 638 108531.000000000
 639 108531.000000000
 640 108531.000000000
 641 108531.000000000
 642 108531.000000000
 643 108531.000000000
 644 108531.000000000
 645 108531.000000000
 646 108531.000000000
 647 108531.000000000
 648 108531.000000000
 649 108531.000000000
 650 108531.000000000
 651 108531.000000000
 652 108531.000000000
 653 108531.000000000
 654 108531.000000000
 655 108531.000000000
 656 108531.000000000
 657 108531.000000000
 658 108531.000000000
 659 108531.000000000
 660 108531.000000000
 661 108531.000000000
 662 108531.000000000
 663 108531.000000000
 664 108531.000000000
 665 108531.000000000
 666 108531.000000000
 667 108531.000000000
 668 108531.000000000
 669 108531.000000000
 670 108531.000000000
 671 108531.000000000
 672 108531.000000000
 673 108531.000000000
 674 108531.000000000
 675 108531.000000000
 676 108531.000000000
 677 108531.000000000
 678 108531.000000000
 679 108531.000000000
 680 108531.000000000
 681 108531.000000000
 682 108531.000000000
 683 108531.000000000
 684 108531.000000000
 685 108531.000000000
 686 108531.000000000
 687 108531.000000000
 688 108531.000000000
 689 108531.000000000
 690 108531.000000000
 691 108531.000000000
 692 108531.000000000
 693 108531.000000000
 694 108531.000000000
 695 108531.000000000
 696 108531.000000000
 697 108531.000000000
 698 108531.000000000
 699 108531.000000000
 700 108531.000000000
 701 108531.000000000
 702 108531.000000000
 703 108531.000000000
 704 108531.000000000
 705 108531.000000000
 706 108531.000000000
 707 108531.000000000
 708 108531.000000000
 709 108531.000000000
 710 108531.000000000
 711 108531.000000000
 712 108531.000000000
 713 108531.000000000
 714 108531.000000000
 715 108531.000000000
 716 108531.000000000
 717 108531.000000000
 718 108531.000000000
 719 108531.000000000
 720 108531.000000000
 721 108531.000000000
 722 108531.000000000
 723 108531.000000000
 724 108531.000000000
 725 108531.000000000
 726 108531.000000000
 727 108531.000000000
 728 108531.000000000
 729 108531.000000000
 730 108531.000000000
 731 108531.000000000
 732 108531.000000000
 733 108531.000000000
 734 108531.000000000
 735 108531.000000000
 736 108531.000000000
 737 108531.000000000
 738 108531.000000000
 739 108531.000000000
 740 108531.000000000
 741 108531.000000000
 742 108531.000000000
 743 108531.000000000
 744 108531.000000000
 745 108531.000000000
 746 108531.000000000
 747 108531.000000000
 748 108531.000000000
 749 108531.000000000
 750 108531.000000000
 751 108531.000000000
 752 108531.000000000
 753 108531.000000000
 754 108531.000000000
 755 108531.000000000
 756 108531.000000000
 757 108531.000000000
 758 108531.000000000
 759 108531.000000000
 760 108531.000000000
 761 108531.000000000
 762 108531.000000000
 763 108531.000000000
 764 108531.000000000
 765 108531.000000000
 766 108531.000000000
 767 108531.000000000
 768 108531.000000000
 769 108531.000000000
 770 108531.000000000
 771 108531.000000000
 772 108531.000000000
 773 108531.000000000
 774 108531.000000000
 775 108531.000000000
 776 108531.000000000
 777 108531.000000000
 778 108531.000000000
 779 108531.000000000
 780 108531.000000000
 781 108531.000000000
 782 108531.000000000
 783 108531.000000000
 784 108531.000000000
 785 108531.000000000
 786 108531.000000000
 787 108531.000000000
 788 108531.000000000
 789 108531.000000000
 790 108531.000000000
 791 108531.000000000
 792 108531.000000000
 793 108531.000000000
 794 108531.000000000
 795 108531.000000000
 796 108531.000000000
 797 108531.000000000
 798 108531.000000000
 799 108531.000000000
 800 108531.000000000
 801 108531.000000000
 802 108531.000000000
 803 108531.000000000
 804 108531.000000000
 805 108531.000000000
 806 108531.000000000
 807 108531.000000000
 808 108531.000000000
 809 108531.000000000
 810 108531.000000000
 811 108531.000000000
 812 108531.000000000
 813 108531.000000000
 814 108531.000000000
 815 108531.000000000
 816 108531.000000000
 817 108531.000000000
 818 108531.000000000
 819 108531.000000000
 820 108531.000000000
 821 108531.000000000
 822 108531.000000000
 823 108531.000000000
 824 108531.000000000
 825 108531.000000000
 826 108531.000000000
 827 108531.000000000
 828 108531.000000000
 829 108531.000000000
 830 108531.000000000
 831 108531.000000000
 832 108531.000000000
 833 108531.000000000
 834 108531.000000000
 835 108531.000000000
 836 108531.000000000
 837 108531.000000000
 838 108531.000000000
 839 108531.000000000
 840 108531.000000000
 841 108531.000000000
 842 108531.000000000
 843 108531.000000000
 844 108531.000000000
 845 108531.000000000
 846 108531.000000000
 847 108531.000000000
 848 108531.000000000
 849 108531.000000000
 850 108531.000000000
 851 108531.000000000
 852 108531.000000000
 853 108531.000000000
 854 108531.000000000
 855 108531.000000000
 856 108531.000000000
 857 108531.000000000
 858 108531.000000000
 859 108531.000000000
 860 108531.000000000
 861 108531.000000000
 862 108531.000000000
 863 108531.000000000
 864 108531.000000000
 865 108531.000000000
 866 108531.000000000
 867 108531.000000000
 868 108531.000000000
 869 108531.000000000
 870 108531.000000000
 871 108531.000000000
 872 108531.000000000
 873 108531.000000000
 874 108531.000000000
 875 108531.000000000
 876 108531.000000000
 877 108531.000000000
 878 108531.000000000
 879 108531.000000000
 880 108531.000000000
 881 108531.000000000
 882 108531.000000000
 883 108531.000000000
 884 108531.000000000
 885 108531.000000000
 886 108531.000000000
 887 108531.000000000
 888 108531.000000000
 889 108531.000000000
 890 108531.000000000
 891 108531.000000000
 892 108531.000000000
 893 108531.000000000
 894 108531.000000000
 895 108531.000000000
 896 108531.000000000
 897 108531.000000000
 898 108531.000000000
 899 108531.000000000
 900 108531.000000000
 901 108531.000000000
 902 108531.000000000
 903 108531.000000000
 904 108531.000000000
 905 108531.000000000
 906 108531.000000000
 907 108531.000000000
 908 108531.000000000
 909 108531.000000000
 910 108531.000000000
 911 108531.000000000
 912 108531.000000000
 913 108531.000000000
 914 108531.000000000
 915 108531.000000000
 916 108531.000000000
 917 108531.000000000
 918 108531.000000000
 919 108531.000000000
 920 108531.000000000
 921 108531.000000000
 922 108531.000000000
 923 108531.000000000
 924 108531.000000000
 925 108531.000000000
 926 108531.000000000
 927 108531.000000000
 928 108531.000000000
 929 108531.000000000
 930 108531.000000000
 931 108531.000000000
 932 108531.000000000
 933 108531.000000000
 934 108531.000000000
 935 108531.000000000
 936 108531.000000000
 937 108531.000000000
 938 108531.000000000
 939 108531.000000000
 940 108531.000000000
 941 108531.000000000
 942 108531.000000000
 943 108531.000000000
 944 108531.000000000
 945 108531.000000000
 946 108531.000000000
 947 108531.000000000
 948 108531.000000000
 949 108531.000000000
 950 108531.000000000
 951 108531.000000000
 952 108531.000000000
 953 108531.000000000
 954 108531.000000000
 955 108531.000000000
 956 108531.000000000
 957 108531.000000000
 958 108531.000000000
 959 108531.000000000
 960 108531.000000000
 961 108531.000000000
 962 108531.000000000
 963 108531.000000000
 964 108531.000000000
 965 108531.000000000
 966 108531.000000000
 967 108531.000000000
 968 108531.000000000
 969 108531.000000000
 970 108531.000000000
 971 108531.000000000
 972 108531.000000000
 973 108531.000000000
 974 108531.000000000
 975 108531.000000000
 976 108531.000000000
 977 108531.000000000
 978 108531.000000000
 979 108531.000000000
 980 108531.000000000
 981 108531.000000000
 982 108531.000000000
 983 108531.000000000
 984 108531.000000000
 985 108531.000000000
 986 108531.000000000
 987 108531.000000000
 988 108531.000000000
 989 108531.000000000
 990 108531.000000000
 991 108531.000000000
 992 108531.000000000
 993 108531.000000000
 994 108531.000000000
 995 108531.000000000
 996 108531.000000000
 997 108531.000000000
 998 108531.000000000
 999 108531.000000000
