   0     0.000000000
   1     0.000000000
   2     0.000000000
   3     0.000000000
   4     0.000000000
   5     0.000000000
   6     0.000000000
   7     0.000000000
   8     0.000000000
   9     0.000000000
  10     0.000000000
  11     0.000000000
  12     0.000000000
  13     0.000000000
  14     0.000000000
  15     0.000000000
  16     0.000000000
  17     0.000000000
  18     0.000000000
  19     0.000000000
  20     0.000000000
  21     0.000000000
  22     0.000000000
  23     0.000000000
  24     0.000000000
  25     0.000000000
  26     0.000000000
  27     0.000000000
  28     0.000000000
  29     0.000000000
  30     0.000000000
  31     0.000000000
  32     0.000000000
  33     0.000000000
  34   406.000000000
  35   710.000000000
  36   889.000000000
  37  1125.000000000
  38  1397.000000000
  39  1508.000000000
  40  1635.000000000
  41  1646.000000000
  42  1827.000000000
  43  1906.000000000
  44  1977.000000000
  45  2116.000000000
  46  2287.000000000
  47  2419.000000000
  48  2643.000000000
  49  2724.000000000
  50  2843.000000000
  51  2900.000000000
  52  2965.000000000
  53  3115.000000000
  54  3255.000000000
  55  3480.000000000
  56  3671.000000000
  57  3766.000000000
  58  3882.000000000
  59  3906.000000000
  60  3992.000000000
  61  4154.000000000
  62  4289.000000000
  63  4486.000000000
  64  4587.000000000
  65  4647.000000000
  66  4833.000000000
  67  5027.000000000
  68  5117.000000000
  69  5224.000000000
  70  5459.000000000
  71  5483.000000000
  72  5693.000000000
  73  5902.000000000
  74  5981.000000000
  75  5999.000000000
  76  6172.000000000
  77  6178.000000000
  78  6447.000000000
  79  6526.000000000
  80  6758.000000000
  81  6824.000000000
  82  6896.000000000
  83  6976.000000000
  84  7039.000000000
  85  7132.000000000
  86  7462.000000000
  87  7626.000000000
  88  7742.000000000
  89  7864.000000000
  90  7943.000000000
  91  7953.000000000
  92  8094.000000000
  93  8102.000000000
  94  8455.000000000
  95  8481.000000000
  96  8747.000000000
  97  8796.000000000
  98  8875.000000000
  99  9014.000000000
 100  9098.000000000
 101  9207.000000000
 102  9438.000000000
 103  9461.000000000
 104  9628.000000000
 105  9858.000000000
 106  9873.000000000
 107  9873.000000000
 108 10007.000000000
 109 10069.000000000
 110 10384.000000000
 111 10392.000000000
 112 10609.000000000
 113 10765.000000000
 114 10783.000000000
 115 10997.000000000
 116 11001.000000000
 117 11085.000000000
 118 11275.000000000
 119 11504.000000000
 120 11514.000000000
 121 11644.000000000
 122 11818.000000000
 123 11882.000000000
 124 11957.000000000
 125 12142.000000000
 126 12221.000000000
 127 12398.000000000
 128 12491.000000000
 129 12660.000000000
 130 12795.000000000
 131 12839.000000000
 132 13079.000000000
 133 13132.000000000
 134 13237.000000000
 135 13377.000000000
 136 13462.000000000
 137 13564.000000000
 138 13830.000000000
 139 13917.000000000
 140 14058.000000000
 141 14162.000000000
 142 14176.000000000
 143 14342.000000000
 144 14528.000000000
 145 14583.000000000
 146 14822.000000000
 147 14861.000000000
 148 15036.000000000
 149 15144.000000000
 150 15437.000000000
 151 15637.000000000
 152 15791.000000000
 153 15831.000000000
 154 15905.000000000
 155 16033.000000000
 156 16103.000000000
 157 16256.000000000
 158 16367.000000000
 159 16744.000000000
 160 16767.000000000
 161 16872.000000000
 162 16890.000000000
 163 16963.000000000
 164 17032.000000000
 165 17231.000000000
 166 17279.000000000
 167 17487.000000000
 168 17616.000000000
 169 17783.000000000
 170 17819.000000000
 171 17941.000000000
 172 17960.000000000
 173 18171.000000000
 174 18290.000000000
 175 18562.000000000
 176 18678.000000000
 177 18765.000000000
 178 18839.000000000
 179 18864.000000000
 180 18978.000000000
 181 19133.000000000
 182 19299.000000000
 183 19613.000000000
 184 19615.000000000
 185 19748.000000000
 186 19766.000000000
 187 19856.000000000
 188 19966.000000000
 189 20089.000000000
 190 20192.000000000
 191 20477.000000000
 192 20572.000000000
 193 20754.000000000
 194 20919.000000000
 195 21119.000000000
 196 21314.000000000
 197 21472.000000000
 198 21606.000000000
 199 21822.000000000
 200 21885.000000000
 201 21973.000000000
 202 22169.000000000
 203 22280.000000000
 204 22351.000000000
 205 22469.000000000
 206 22561.000000000
 207 22758.000000000
 208 22824.000000000
 209 22930.000000000
 210 23180.000000000
 211 23227.000000000
 212 23358.000000000
 213 23475.000000000
 214 23700.000000000
 215 23784.000000000
 216 23861.000000000
 217 24052.000000000
 218 24194.000000000
 219 24241.000000000
 220 24269.000000000
 221 24351.000000000
 222 24535.000000000
 223 24724.000000000
 224 24753.000000000
 225 24885.000000000
 226 25126.000000000
 227 25138.000000000
 228 25302.000000000
 229 25462.000000000
 230 25472.000000000
 231 25695.000000000
 232 25787.000000000
 233 25910.000000000
 234 26080.000000000
 235 26101.000000000
 236 26346.000000000
 237 26453.000000000
 238 26538.000000000
 239 26650.000000000
 240 26811.000000000
 241 26882.000000000
 242 27078.000000000
 243 27091.000000000
 244 27342.000000000
 245 27354.000000000
 246 27520.000000000
 247 27571.000000000
 248 27775.000000000
 249 27843.000000000
 250 27977.000000000
 251 28212.000000000
 252 28353.000000000
 253 28419.000000000
 254 28502.000000000
 255 28563.000000000
 256 28706.000000000
 257 28874.000000000
 258 28947.000000000
 259 29234.000000000
 260 29252.000000000
 261 29436.000000000
 262 29504.000000000
 263 29641.000000000
 264 29679.000000000
 265 29919.000000000
 266 29959.000000000
 267 30340.000000000
 268 30393.000000000
 269 30477.000000000
 270 30542.000000000
 271 30595.000000000
 272 30677.000000000
 273 30875.000000000
 274 30911.000000000
 275 31246.000000000
 276 31405.000000000
 277 31578.000000000
 278 32034.000000000
 279 32139.000000000
 280 32327.000000000
 281 32414.000000000
 282 32508.000000000
 283 32521.000000000
 284 32626.000000000
 285 32750.000000000
 286 33097.000000000
 287 33163.000000000
 288 33306.000000000
 289 33407.000000000
 290 33407.000000000
 291 33477.000000000
 292 33597.000000000
 293 33712.000000000
 294 34016.000000000
 295 34156.000000000
 296 34333.000000000
 297 34392.000000000
 298 34510.000000000
 299 34522.000000000
 300 34692.000000000
 301 34777.000000000
 302 35045.000000000
 303 35217.000000000
 304 35412.000000000
 305 35449.000000000
 306 35530.000000000
 307 35559.000000000
 308 35752.000000000
 309 35785.000000000
 310 36040.000000000
 311 36214.000000000
 312 36405.000000000
 313 36426.000000000
 314 36560.000000000
 315 36576.000000000
 316 36744.000000000
 317 36782.000000000
 318 37080.000000000
 319 37260.000000000
 320 37449.000000000
 321 37478.000000000
 322 37699.000000000
 323 37927.000000000
 324 38293.000000000
 325 38442.000000000
 326 38556.000000000
 327 38611.000000000
 328 38781.000000000
 329 38869.000000000
 330 38958.000000000
 331 39234.000000000
 332 39363.000000000
 333 39413.000000000
 334 39498.000000000
 335 39522.000000000
 336 39769.000000000
 337 39858.000000000
 338 39984.000000000
 339 40183.000000000
 340 40359.000000000
 341 40513.000000000
 342 40596.000000000
 343 40676.000000000
 344 40853.000000000
 345 40881.000000000
 346 41114.000000000
 347 41282.000000000
 348 41409.000000000
 349 41460.000000000
 350 41549.000000000
 351 41616.000000000
 352 41803.000000000
 353 41875.000000000
 354 42077.000000000
 355 42248.000000000
 356 42387.000000000
 357 42423.000000000
 358 42537.000000000
 359 42597.000000000
 360 42722.000000000
 361 42905.000000000
 362 42911.000000000
 363 43129.000000000
 364 43217.000000000
 365 43401.000000000
 366 43476.000000000
 367 43486.000000000
 368 43566.000000000
 369 43751.000000000
 370 43785.000000000
 371 44138.000000000
 372 44193.000000000
 373 44311.000000000
 374 44327.000000000
 375 44512.000000000
 376 44515.000000000
 377 44749.000000000
 378 44835.000000000
 379 45046.000000000
 380 45215.000000000
 381 45327.000000000
 382 45362.000000000
 383 45463.000000000
 384 45509.000000000
 385 45706.000000000
 386 45948.000000000
 387 46146.000000000
 388 46374.000000000
 389 46380.000000000
 390 46604.000000000
 391 46636.000000000
 392 46717.000000000
 393 46774.000000000
 394 47078.000000000
 395 47157.000000000
 396 47291.000000000
 397 47323.000000000
 398 47325.000000000
 399 47325.000000000
 400 47325.000000000
 401 47325.000000000
 402 47325.000000000
 403 47325.000000000
 404 47325.000000000
 405 47325.000000000
 406 47325.000000000
 407 47325.000000000
 408 47325.000000000
 409 47325.000000000
 410 47325.000000000
 411 47325.000000000
 412 47325.000000000
 413 47325.000000000
 414 47325.000000000
 415 47325.000000000
 416 47325.000000000
 417 47325.000000000
 418 47325.000000000
 419 47325.000000000
 420 47325.000000000
 421 47325.000000000
 422 47325.000000000
 423 47325.000000000
 424 47325.000000000
 425 47325.000000000
 426 47325.000000000
 427 47325.000000000
 428 47325.000000000
 429 47325.000000000
 430 47325.000000000
 431 47325.000000000
 432 47325.000000000
 433 47325.000000000
 434 47325.000000000
 435 47325.000000000
 436 47325.000000000
 437 47325.000000000
 438 47325.000000000
 439 47325.000000000
 440 47325.000000000
 441 47325.000000000
 442 47325.000000000
 443 47325.000000000
 444 47325.000000000
 445 47325.000000000
 446 47325.000000000
 447 47325.000000000
 448 47325.000000000
 449 47325.000000000
 450 47325.000000000
 451 47325.000000000
 452 47325.000000000
 453 47325.000000000
 454 47325.000000000
 455 47325.000000000
 456 47325.000000000
 457 47325.000000000
 458 47325.000000000
 459 47325.000000000
 460 47325.000000000
 461 47325.000000000
 462 47325.000000000
 463 47325.000000000
 464 47325.000000000
 465 47325.000000000
 466 47325.000000000
 467 47325.000000000
 468 47325.000000000
 469 47325.000000000
 470 47325.000000000
 471 47325.000000000
 472 47325.000000000
 473 47325.000000000
 474 47325.000000000
 475 47325.000000000
 476 47325.000000000
 477 47325.000000000
 478 47325.000000000
 479 47325.000000000
 480 47325.000000000
 481 47325.000000000
 482 47325.000000000
 483 47325.000000000
 484 47325.000000000
 485 47325.000000000
 486 47325.000000000
 487 47325.000000000
 488 47325.000000000
 489 47325.000000000
 490 47325.000000000
 491 47325.000000000
 492 47325.000000000
 493 47325.000000000
 494 47325.000000000
 495 47325.000000000
 496 47325.000000000
 497 47325.000000000
 498 47325.000000000
 499 47325.000000000
 500 47325.000000000
 501 47325.000000000
 502 47325.000000000
 503 47325.000000000
 504 47325.000000000
 505 47325.000000000
 506 47325.000000000
 507 47325.000000000
 508 47325.000000000
 509 47325.000000000
 510 47325.000000000
 511 47325.000000000
 512 47325.000000000
 513 47325.000000000
 514 47325.000000000
 515 47325.000000000
 516 47325.000000000
 517 47325.000000000
 518 47325.000000000
 519 47325.000000000
 520 47325.000000000
 521 47325.000000000
 522 47325.000000000
 523 47325.000000000
 524 47325.000000000
 525 47325.000000000
 526 47325.000000000
 527 47325.000000000
 528 47325.000000000
 529 47325.000000000
 530 47325.000000000
 531 47325.000000000
 532 47325.000000000
 533 47325.000000000
 534 47325.000000000
 535 47325.000000000
 536 47325.000000000
 537 47325.000000000
 538 47325.000000000
 539 47325.000000000
 540 47325.000000000
 541 47325.000000000
 542 47325.000000000
 543 47325.000000000
 544 47325.000000000
 545 47325.000000000
 546 47325.000000000
 547 47325.000000000
 548 47325.000000000
 549 47325.000000000
 550 47325.000000000
 551 47325.000000000
 552 47325.000000000
 553 47325.000000000
 554 47325.000000000
 555 47325.000000000
 556 47325.000000000
 557 47325.000000000
 558 47325.000000000
 559 47325.000000000
 560 47325.000000000
 561 47325.000000000
 562 47325.000000000
 563 47325.000000000
 564 47325.000000000
 565 47325.000000000
 566 47325.000000000
 567 47325.000000000
 568 47325.000000000
 569 47325.000000000
 570 47325.000000000
 571 47325.000000000
 572 47325.000000000
 573 47325.000000000
 574 47325.000000000
 575 47325.000000000
 576 47325.000000000
 577 47325.000000000
 578 47325.000000000
 579 47325.000000000
 580 47325.000000000
 581 47325.000000000
 582 47325.000000000
 583 47325.000000000
 584 47325.000000000
 585 47325.000000000
 586 47325.000000000
 587 47325.000000000
 588 47325.000000000
 589 47325.000000000
 590 47325.000000000
 591 47325.000000000
 592 47325.000000000
 593 47325.000000000
 594 47325.000000000
 595 47325.000000000
 596 47325.000000000
 597 47325.000000000
 598 47325.000000000
 599 47325.000000000
 600 47325.000000000
 601 47325.000000000
 602 47325.000000000
 603 47325.000000000
 604 47325.000000000
 605 47325.000000000
 606 47325.000000000
 607 47325.000000000
 608 47325.000000000
 609 47325.000000000
 610 47325.000000000
 611 47325.000000000
 612 47325.000000000
 613 47325.000000000
 614 47325.000000000
 615 47325.000000000
 616 47325.000000000
 617 47325.000000000
 618 47325.000000000
 619 47325.000000000
 620 47325.000000000
 621 47325.000000000
 622 47325.000000000
 623 47325.000000000
 624 47325.000000000
 625 47325.000000000
 626 47325.000000000
 627 47325.000000000
 628 47325.000000000
 629 47325.000000000
 630 47325.000000000
 631 47325.000000000
 632 47325.000000000
 633 47325.000000000
 634 47325.000000000
 635 47325.000000000
 636 47325.000000000
 637 47325.000000000
 638 47325.000000000
 639 47325.000000000
 640 47325.000000000
 641 47325.000000000
 642 47325.000000000
 643 47325.000000000
 644 47325.000000000
 645 47325.000000000
 646 47325.000000000
 647 47325.000000000
 648 47325.000000000
 649 47325.000000000
 650 47325.000000000
 651 47325.000000000
 652 47325.000000000
 653 47325.000000000
 654 47325.000000000
 655 47325.000000000
 656 47325.000000000
 657 47325.000000000
 658 47325.000000000
 659 47325.000000000
 660 47325.000000000
 661 47325.000000000
 662 47325.000000000
 663 47325.000000000
 664 47325.000000000
 665 47325.000000000
 666 47325.000000000
 667 47325.000000000
 668 47325.000000000
 669 47325.000000000
 670 47325.000000000
 671 47325.000000000
 672 47325.000000000
 673 47325.000000000
 674 47325.000000000
 675 47325.000000000
 676 47325.000000000
 677 47325.000000000
 678 47325.000000000
 679 47325.000000000
 680 47325.000000000
 681 47325.000000000
 682 47325.000000000
 683 47325.000000000
 684 47325.000000000
 685 47325.000000000
 686 47325.000000000
 687 47325.000000000
 688 47325.000000000
 689 47325.000000000
 690 47325.000000000
 691 47325.000000000
 692 47325.000000000
 693 47325.000000000
 694 47325.000000000
 695 47325.000000000
 696 47325.000000000
 697 47325.000000000
 698 47325.000000000
 699 47325.000000000
 700 47325.000000000
 701 47325.000000000
 702 47325.000000000
 703 47325.000000000
 704 47325.000000000
 705 47325.000000000
 706 47325.000000000
 707 47325.000000000
 708 47325.000000000
 709 47325.000000000
 710 47325.000000000
 711 47325.000000000
 712 47325.000000000
 713 47325.000000000
 714 47325.000000000
 715 47325.000000000
 716 47325.000000000
 717 47325.000000000
 718 47325.000000000
 719 47325.000000000
 720 47325.000000000
 721 47325.000000000
 722 47325.000000000
 723 47325.000000000
 724 47325.000000000
 725 47325.000000000
 726 47325.000000000
 727 47325.000000000
 728 47325.000000000
 729 47325.000000000
 730 47325.000000000
 731 47325.000000000
 732 47325.000000000
 733 47325.000000000
 734 47325.000000000
 735 47325.000000000
 736 47325.000000000
 737 47325.000000000
 738 47325.000000000
 739 47325.000000000
 740 47325.000000000
 741 47325.000000000
 742 47325.000000000
 743 47325.000000000
 744 47325.000000000
 745 47325.000000000
 746 47325.000000000
 747 47325.000000000
 748 47325.000000000
 749 47325.000000000
 750 47325.000000000
 751 47325.000000000
 752 47325.000000000
 753 47325.000000000
 754 47325.000000000
 755 47325.000000000
 756 47325.000000000
 757 47325.000000000
 758 47325.000000000
 759 47325.000000000
 760 47325.000000000
 761 47325.000000000
 762 47325.000000000
 763 47325.000000000
 764 47325.000000000
 765 47325.000000000
 766 47325.000000000
 767 47325.000000000
 768 47325.000000000
 769 47325.000000000
 770 47325.000000000
 771 47325.000000000
 772 47325.000000000
 773 47325.000000000
 774 47325.000000000
 775 47325.000000000
 776 47325.000000000
 777 47325.000000000
 778 47325.000000000
 779 47325.000000000
 780 47325.000000000
 781 47325.000000000
 782 47325.000000000
 783 47325.000000000
 784 47325.000000000
 785 47325.000000000
 786 47325.000000000
 787 47325.000000000
 788 47325.000000000
 789 47325.000000000
 790 47325.000000000
 791 47325.000000000
 792 47325.000000000
 793 47325.000000000
 794 47325.000000000
 795 47325.000000000
 796 47325.000000000
 797 47325.000000000
 798 47325.000000000
 799 47325.000000000
 800 47325.000000000
 801 47325.000000000
 802 47325.000000000
 803 47325.000000000
 804 47325.000000000
 805 47325.000000000
 806 47325.000000000
 807 47325.000000000
 808 47325.000000000
 809 47325.000000000
 810 47325.000000000
 811 47325.000000000
 812 47325.000000000
 813 47325.000000000
 814 47325.000000000
 815 47325.000000000
 816 47325.000000000
 817 47325.000000000
 818 47325.000000000
 819 47325.000000000
 820 47325.000000000
 821 47325.000000000
 822 47325.000000000
 823 47325.000000000
 824 47325.000000000
 825 47325.000000000
 826 47325.000000000
 827 47325.000000000
 828 47325.000000000
 829 47325.000000000
 830 47325.000000000
 831 47325.000000000
 832 47325.000000000
 833 47325.000000000
 834 47325.000000000
 835 47325.000000000
 836 47325.000000000
 837 47325.000000000
 838 47325.000000000
 839 47325.000000000
 840 47325.000000000
 841 47325.000000000
 842 47325.000000000
 843 47325.000000000
 844 47325.000000000
 845 47325.000000000
 846 47325.000000000
 847 47325.000000000
 848 47325.000000000
 849 47325.000000000
 850 47325.000000000
 851 47325.000000000
 852 47325.000000000
 853 47325.000000000
 854 47325.000000000
 855 47325.000000000
 856 47325.000000000
 857 47325.000000000
 858 47325.000000000
 859 47325.000000000
 860 47325.000000000
 861 47325.000000000
 862 47325.000000000
 863 47325.000000000
 864 47325.000000000
 865 47325.000000000
 866 47325.000000000
 867 47325.000000000
 868 47325.000000000
 869 47325.000000000
 870 47325.000000000
 871 47325.000000000
 872 47325.000000000
 873 47325.000000000
 874 47325.000000000
 875 47325.000000000
 876 47325.000000000
 877 47325.000000000
 878 47325.000000000
 879 47325.000000000
 880 47325.000000000
 881 47325.000000000
 882 47325.000000000
 883 47325.000000000
 884 47325.000000000
 885 47325.000000000
 886 47325.000000000
 887 47325.000000000
 888 47325.000000000
 889 47325.000000000
 890 47325.000000000
 891 47325.000000000
 892 47325.000000000
 893 47325.000000000
 894 47325.000000000
 895 47325.000000000
 896 47325.000000000
 897 47325.000000000
 898 47325.000000000
 899 47325.000000000
 900 47325.000000000
 901 47325.000000000
 902 47325.000000000
 903 47325.000000000
 904 47325.000000000
 905 47325.000000000
 906 47325.000000000
 907 47325.000000000
 908 47325.000000000
 909 47325.000000000
 910 47325.000000000
 911 47325.000000000
 912 47325.000000000
 913 47325.000000000
 914 47325.000000000
 915 47325.000000000
 916 47325.000000000
 917 47325.000000000
 918 47325.000000000
 919 47325.000000000
 920 47325.000000000
 921 47325.000000000
 922 47325.000000000
 923 47325.000000000
 924 47325.000000000
 925 47325.000000000
 926 47325.000000000
 927 47325.000000000
 928 47325.000000000
 929 47325.000000000
 930 47325.000000000
 931 47325.000000000
 932 47325.000000000
 933 47325.000000000
 934 47325.000000000
 935 47325.000000000
 936 47325.000000000
 937 47325.000000000
 938 47325.000000000
 939 47325.000000000
 940 47325.000000000
 941 47325.000000000
 942 47325.000000000
 943 47325.000000000
 944 47325.000000000
 945 47325.000000000
 946 47325.000000000
 947 47325.000000000
 948 47325.000000000
 949 47325.000000000
 950 47325.000000000
 951 47325.000000000
 952 47325.000000000
 953 47325.000000000
 954 47325.000000000
 955 47325.000000000
 956 47325.000000000
 957 47325.000000000
 958 47325.000000000
 959 47325.000000000
 960 47325.000000000
 961 47325.000000000
 962 47325.000000000
 963 47325.000000000
 964 47325.000000000
 965 47325.000000000
 966 47325.000000000
 967 47325.000000000
 968 47325.000000000
 969 47325.000000000
 970 47325.000000000
 971 47325.000000000
 972 47325.000000000
 973 47325.000000000
 974 47325.000000000
 975 47325.000000000
 976 47325.000000000
 977 47325.000000000
 978 47325.000000000
 979 47325.000000000
 980 47325.000000000
 981 47325.000000000
 982 47325.000000000
 983 47325.000000000
 984 47325.000000000
 985 47325.000000000
 986 47325.000000000
 987 47325.000000000
 988 47325.000000000
 989 47325.000000000
 990 47325.000000000
 991 47325.000000000
 992 47325.000000000
 993 47325.000000000
 994 47325.000000000
 995 47325.000000000
 996 47325.000000000
 997 47325.000000000
 998 47325.000000000
 999 47325.000000000
