#FRS_Z1 shift value
24917     24934    -1.0842154
 24934     24951    -1.0686017
 24951     24967    -1.0529062
 24967     24984    -1.0277901
 24984     25000    -1.0171464
 25000     25017    -1.0165031
 25017     25032    -1.0104410
 25032     25048    -1.0132695
 25048     25065    -0.9952888
 25065     25082    -0.9975388
 25082     25099    -0.9791773
 25099     25116    -0.9864463
 25116     25167    -0.9473311
 25167     25186    -0.8732681
 25186     25219    -0.8696519
 25219     25233    -0.8686232
 25233     25245    -0.8753951
 25245     25258    -0.8511251
 25258     25278    -0.8434785
 25278     25297    -0.8339814
 25297     25311    -0.8315257
 25311     25326    -0.8156657
 25326     25341    -0.7966684
 25341     25355    -0.8024189
 25355     25374    -0.7822986
 25374     25387    -0.7893937
 25387     25400    -0.7787626
 25400     25413    -0.7593143
 25413     25427    -0.7735854
 25427     25441    -0.7472530
 25441     25456    -0.7444252
 25456     25472    -0.7322743
 25472     25487    -0.7263418
 25487     25503    -0.7271015
 25503     25519    -0.7275943
 25519     25533    -0.7167263
 25533     25566    -0.7065880
 25566     25585    -0.7211473
 25585     25605    -0.7200403
 25605     25633    -0.7172862
 25633     25648    -0.7345751
 25648     25681    -0.7347385
 25681     25721    -0.7527360
 25721     25780    -0.7872187
 25780     25858    -0.8211730
 25858     25985    -0.8947719
 25985     26212    -0.9472639
 26212     26225    -0.9885809
 26225     26239    -0.9649737
 26239     26253    -0.9804290
 26253     26266    -0.9835299
 26266     26279    -0.9794645
 26279     26292    -0.9695829
 26292     26305    -0.9139313
 26305     26320    -0.9132281
 26320     26334    -0.9125394
 26334     26349    -0.9277214
 26349     26376    -0.9122982
 26376     26391    -0.9092741
 26391     26405    -0.8983714
 26405     26419    -0.8920566
 26419     26434    -0.8953228
 26434     26448    -0.8778355
 26448     26463    -0.8862871
 26463     26478    -0.8837972
 26478     26493    -0.8657262
 26493     26556    -0.8855960
 26556     26573    -0.8902032
 26573     26588    -0.8898426
 26588     26604    -0.8803197
 26604     26620    -0.8870866
 26620     26637    -0.9040306
 26637     26653    -0.8952330
 26653     26669    -0.9065066
 26669     26685    -0.9186970
 26685     26770    -0.9397704
 26770     26785    -0.9806885
 26785     26801    -0.9836774
 26801     26817    -0.9871751
 26817     26833    -0.9860614
 26833     26849    -0.9949190
 26849     26865    -0.9937188
 26865     26882    -1.0128403
 26882     26941    -1.0232022
 26941     26957    -1.0413180
 26957     26974    -1.0774113
 26974     26991    -1.0668336
 26991     27008    -1.0850050
 27008     27025    -1.0857498
 27025     27043    -1.1019665
 27043     27060    -1.1052450
 27060     27076    -1.1032203
 27076     27093    -1.1102718
 27093     27109    -1.1170565
 27109     27126    -1.1455848
 27126     27143    -1.1527135
 27143     27159    -1.1564102
 27159     27176    -1.1703551
 27176     27193    -1.1727722
 27193     27209    -1.1738889
 27209     27226    -1.1051179
 27226     27243    -1.0851220
 27243     27259    -1.0716377
 27259     27276    -1.0681918
 27276     27292    -1.0786933
 27292     27309    -1.0702410
 27309     27325    -1.0745129
 27325     27341    -1.0710768
 27341     27357    -1.0808217
 27357     27373    -1.0865663
 27373     27389    -1.0977415
 27389     27405    -1.1135257
 27405     27421    -1.1080823
 27421     27463    -1.1229967
 27463     27483    -1.1360310
 27483     27499    -1.1328174
 27499     27522    -1.1343901
 27522     27538    -1.1498943
 27538     27555    -1.1404950
 27555     27572    -1.1309476
 27572     27588    -1.1215367
 27588     27605    -1.1351609
 27605     27621    -1.1211616
 27621     27638    -1.1064946
 27638     27655    -1.1083082
 27655     27680    -1.0960455
 27680     27696    -1.0864981
 27696     27713    -1.0725199
 27713     27729    -1.0748602
 27729     27752    -1.0356548
 27752     27771    -1.0754017
 27771     27787    -1.0645487
 27787     27804    -1.0471016
 27804     27820    -1.0601223
 27820     27837    -1.0635544
 27837     27854    -1.0601481
 27854     27870    -1.0558839
 27870     27888    -1.0237949
 27888     27907    -1.0181139
 27907     27923    -1.0198339
 27923     27940    -1.0068732
 27940     27956    -1.0038680
 27956     27973    -1.0001905
 27973     27990    -0.9999412
 27990     28007    -0.9941573
 28007     28023    -0.9894844
 28023     28040    -0.9711782
 28040     28056    -0.9646270
 28056     28073    -0.9524689
 28073     28089    -0.9480679
 28089     28126    -0.9449049
 28126     28143    -0.9249633
 28143     28159    -0.9179608
 28159     28176    -0.9150405
 28176     28193    -0.9137528
 28193     28210    -0.8788924
 28210     28227    -0.8721990
 28227     28244    -0.8625781
 28244     28260    -0.8618802
 28260     28277    -0.8406144
 28277     28294    -0.8330978
 28294     28310    -0.8187434
 28310     28328    -0.8115610
 28328     28345    -0.7986314
 28345     28362    -0.7741561
 28362     28379    -0.7735128
 28379     28396    -0.7583715
 28396     28413    -0.7421090
 28413     28430    -0.7371557
 28430     28448    -0.7409170
 28448     28466    -0.7318817
 28466     28483    -0.7291301
 28483     28501    -0.7138028
 28501     28519    -0.7103046
 28519     28537    -0.7043451
 28537     28555    -0.7036188
 28555     28573    -0.7125172
 28573     28591    -0.7123102
 28591     28610    -0.7199736
 28610     28628    -0.7285862
 28628     28676    -0.7253387
 28676     28694    -0.7327504
 28694     28712    -0.7408702
 28712     28731    -0.7506531
 28731     28749    -0.7634528
 28749     28767    -0.7703685
 28767     28785    -0.7697231
 28785     28803    -0.7767912
 28803     28821    -0.7860213
 28821     28839    -0.7667303
 28839     28856    -0.7639820
 28856     28874    -0.7634613
 28874     28879    -0.7610185
