   0     0.000000000
   1     0.000000000
   2     0.000000000
   3     0.000000000
   4     0.000000000
   5     0.000000000
   6     0.000000000
   7     0.000000000
   8     0.000000000
   9     0.000000000
  10     0.000000000
  11     0.000000000
  12     0.000000000
  13     0.000000000
  14     0.000000000
  15     0.000000000
  16     0.000000000
  17     0.000000000
  18     0.000000000
  19     0.000000000
  20     0.000000000
  21     0.000000000
  22     0.000000000
  23     0.000000000
  24     0.000000000
  25     0.000000000
  26     0.000000000
  27     0.000000000
  28     0.000000000
  29     0.000000000
  30     0.000000000
  31     0.000000000
  32     0.000000000
  33     0.000000000
  34    11.811023622
  35    23.184601925
  36    43.853893263
  37    54.133858268
  38    71.850393701
  39    76.115485564
  40    89.129483815
  41   105.205599300
  42   112.204724409
  43   127.734033246
  44   150.371828521
  45   150.699912511
  46   170.822397200
  47   190.069991251
  48   202.427821522
  49   206.802274716
  50   219.925634296
  51   224.409448819
  52   248.250218723
  53   251.968503937
  54   267.388451444
  55   287.729658793
  56   302.055993001
  57   304.571303587
  58   322.834645669
  59   324.146981627
  60   345.581802275
  61   346.347331584
  62   366.360454943
  63   378.937007874
  64   397.309711286
  65   410.651793526
  66   423.337707787
  67   424.868766404
  68   439.413823272
  69   458.661417323
  70   467.519685039
  71   503.171478565
  72   508.748906387
  73   520.888013998
  74   523.512685914
  75   541.338582677
  76   541.885389326
  77   567.694663167
  78   573.162729659
  79   614.938757655
  80   631.452318460
  81   632.327209099
  82   637.029746282
  83   653.980752406
  84   682.633420822
  85   685.695538058
  86   703.302712161
  87   712.379702537
  88   733.814523185
  89   733.814523185
  90   741.360454943
  91   760.826771654
  92   773.403324584
  93   777.559055118
  94   804.133858268
  95   816.601049869
  96   818.022747157
  97   835.739282590
  98   838.910761155
  99   862.204724409
 100   874.015748031
 101   881.452318460
 102   903.543307087
 103   907.808398950
 104   923.009623797
 105   936.570428696
 106   948.490813648
 107   974.737532808
 108   978.783902012
 109   993.657042870
 110  1013.779527559
 111  1023.840769904
 112  1029.965004374
 113  1047.134733158
 114  1056.430446194
 115  1074.256342957
 116  1082.895888014
 117  1096.128608924
 118  1118.219597550
 119  1120.953630796
 120  1139.326334208
 121  1151.246719160
 122  1160.214348206
 123  1187.445319335
 124  1189.195100612
 125  1211.832895888
 126  1225.831146107
 127  1237.095363080
 128  1244.203849519
 129  1255.249343832
 130  1265.201224847
 131  1294.619422572
 132  1301.727909011
 133  1317.038495188
 134  1340.769903762
 135  1343.832020997
 136  1375.437445319
 137  1376.968503937
 138  1388.232720910
 139  1402.996500437
 140  1427.602799650
 141  1437.992125984
 142  1449.256342957
 143  1477.034120735
 144  1491.688538933
 145  1503.827646544
 146  1508.530183727
 147  1526.465441820
 148  1536.307961505
 149  1539.151356080
 150  1571.194225722
 151  1578.521434821
 152  1593.285214348
 153  1595.909886264
 154  1609.798775153
 155  1614.829396325
 156  1634.514435696
 157  1648.403324584
 158  1660.651793526
 159  1682.414698163
 160  1705.380577428
 161  1706.255468066
 162  1718.285214348
 163  1726.159230096
 164  1741.579177603
 165  1759.951881015
 166  1760.608048994
 167  1784.339457568
 168  1791.229221347
 169  1805.993000875
 170  1813.538932633
 171  1821.194225722
 172  1832.677165354
 173  1856.846019248
 174  1866.797900262
 175  1909.667541557
 176  1912.510936133
 177  1920.713035871
 178  1927.165354331
 179  1942.038495188
 180  1955.161854768
 181  1978.455818023
 182  1980.424321960
 183  2016.294838145
 184  2018.482064742
 185  2030.839895013
 186  2039.370078740
 187  2043.197725284
 188  2054.571303587
 189  2082.239720035
 190  2088.801399825
 191  2121.937882765
 192  2124.125109361
 193  2144.028871391
 194  2145.450568679
 195  2157.370953631
 196  2158.464566929
 197  2178.149606299
 198  2191.819772528
 199  2230.205599300
 200  2245.406824147
 201  2251.968503937
 202  2269.028871391
 203  2274.059492563
 204  2285.761154856
 205  2287.182852143
 206  2308.836395451
 207  2338.035870516
 208  2340.988626422
 209  2349.518810149
 210  2357.283464567
 211  2368.766404199
 212  2384.186351706
 213  2401.902887139
 214  2408.136482940
 215  2429.024496938
 216  2444.663167104
 217  2454.286964129
 218  2469.050743657
 219  2471.019247594
 220  2480.424321960
 221  2500.765529309
 222  2504.811898513
 223  2537.620297463
 224  2538.057742782
 225  2542.432195976
 226  2559.492563430
 227  2569.225721785
 228  2582.677165354
 229  2597.878390201
 230  2605.533683290
 231  2635.826771654
 232  2660.979877515
 233  2661.307961505
 234  2674.650043745
 235  2678.149606299
 236  2698.928258968
 237  2707.349081365
 238  2718.613298338
 239  2757.108486439
 240  2765.310586177
 241  2766.622922135
 242  2781.605424322
 243  2789.588801400
 244  2798.556430446
 245  2809.055118110
 246  2820.538057743
 247  2857.830271216
 248  2864.063867017
 249  2869.094488189
 250  2873.250218723
 251  2883.202099738
 252  2908.355205599
 253  2913.713910761
 254  2932.633420822
 255  2948.053368329
 256  2963.035870516
 257  2966.644794401
 258  2984.580052493
 259  2993.657042870
 260  3014.982502187
 261  3021.216097988
 262  3040.244969379
 263  3052.930883640
 264  3071.959755031
 265  3081.802274716
 266  3104.002624672
 267  3106.736657918
 268  3113.845144357
 269  3136.592300962
 270  3140.419947507
 271  3177.493438320
 272  3185.804899388
 273  3192.257217848
 274  3211.176727909
 275  3215.004374453
 276  3222.222222222
 277  3245.188101487
 278  3246.281714786
 279  3275.153105862
 280  3277.887139108
 281  3298.447069116
 282  3300.743657043
 283  3312.992125984
 284  3318.788276465
 285  3340.879265092
 286  3347.550306212
 287  3375.765529309
 288  3385.279965004
 289  3404.090113736
 290  3406.058617673
 291  3406.605424322
 292  3409.230096238
 293  3424.540682415
 294  3437.773403325
 295  3468.613298338
 296  3485.345581802
 297  3490.813648294
 298  3511.045494313
 299  3520.341207349
 300  3526.465441820
 301  3542.104111986
 302  3557.742782152
 303  3570.428696413
 304  3591.426071741
 305  3603.018372703
 306  3609.908136483
 307  3614.720034996
 308  3631.999125109
 309  3637.248468941
 310  3667.650918635
 311  3668.525809274
 312  3692.038495188
 313  3697.725284339
 314  3706.583552056
 315  3710.083114611
 316  3719.925634296
 317  3729.002624672
 318  3756.999125109
 319  3776.684164479
 320  3784.667541557
 321  3809.601924759
 322  3810.914260717
 323  3823.818897638
 324  3829.724409449
 325  3839.895013123
 326  3875.328083990
 327  3880.139982502
 328  3896.872265967
 329  3920.494313211
 330  3922.681539808
 331  3932.305336833
 332  3941.601049869
 333  3944.335083115
 334  3981.955380577
 335  4018.810148731
 336  4022.309711286
 337  4041.885389326
 338  4045.931758530
 339  4081.255468066
 340  4084.426946632
 341  4095.363079615
 342  4113.517060367
 343  4122.375328084
 344  4135.389326334
 345  4153.543307087
 346  4154.308836395
 347  4171.587926509
 348  4173.556430446
 349  4197.287839020
 350  4217.847769029
 351  4219.488188976
 352  4231.955380577
 353  4246.609798775
 354  4249.781277340
 355  4285.214348206
 356  4285.651793526
 357  4295.494313211
 358  4315.726159230
 359  4320.100612423
 360  4332.020997375
 361  4345.472440945
 362  4361.001749781
 363  4380.796150481
 364  4384.076990376
 365  4398.512685914
 366  4431.211723535
 367  4432.086614173
 368  4441.710411199
 369  4457.458442695
 370  4472.112860892
 371  4484.798775153
 372  4487.642169729
 373  4502.515310586
 374  4508.530183727
 375  4518.700787402
 376  4524.278215223
 377  4549.431321085
 378  4569.991251094
 379  4586.176727909
 380  4588.692038495
 381  4611.876640420
 382  4616.797900262
 383  4633.639545057
 384  4637.248468941
 385  4651.465441820
 386  4668.963254593
 387  4683.398950131
 388  4688.648293963
 389  4709.426946632
 390  4714.020122485
 391  4734.689413823
 392  4766.622922135
 393  4790.682414698
 394  4813.210848644
 395  4814.851268591
 396  4834.208223972
 397  4835.848643920
 398  4870.625546807
 399  4894.685039370
 400  4910.870516185
 401  4911.745406824
 402  4924.431321085
 403  4925.306211724
 404  4939.195100612
 405  4947.506561680
 406  4979.658792651
 407  4991.797900262
 408  4999.125109361
 409  4999.781277340
 410  5000.000000000
 411  5000.000000000
 412  5000.000000000
 413  5000.000000000
 414  5000.000000000
 415  5000.000000000
 416  5000.000000000
 417  5000.000000000
 418  5000.000000000
 419  5000.000000000
 420  5000.000000000
 421  5000.000000000
 422  5000.000000000
 423  5000.000000000
 424  5000.000000000
 425  5000.000000000
 426  5000.000000000
 427  5000.000000000
 428  5000.000000000
 429  5000.000000000
 430  5000.000000000
 431  5000.000000000
 432  5000.000000000
 433  5000.000000000
 434  5000.000000000
 435  5000.000000000
 436  5000.000000000
 437  5000.000000000
 438  5000.000000000
 439  5000.000000000
 440  5000.000000000
 441  5000.000000000
 442  5000.000000000
 443  5000.000000000
 444  5000.000000000
 445  5000.000000000
 446  5000.000000000
 447  5000.000000000
 448  5000.000000000
 449  5000.000000000
 450  5000.000000000
 451  5000.000000000
 452  5000.000000000
 453  5000.000000000
 454  5000.000000000
 455  5000.000000000
 456  5000.000000000
 457  5000.000000000
 458  5000.000000000
 459  5000.000000000
 460  5000.000000000
 461  5000.000000000
 462  5000.000000000
 463  5000.000000000
 464  5000.000000000
 465  5000.000000000
 466  5000.000000000
 467  5000.000000000
 468  5000.000000000
 469  5000.000000000
 470  5000.000000000
 471  5000.000000000
 472  5000.000000000
 473  5000.000000000
 474  5000.000000000
 475  5000.000000000
 476  5000.000000000
 477  5000.000000000
 478  5000.000000000
 479  5000.000000000
 480  5000.000000000
 481  5000.000000000
 482  5000.000000000
 483  5000.000000000
 484  5000.000000000
 485  5000.000000000
 486  5000.000000000
 487  5000.000000000
 488  5000.000000000
 489  5000.000000000
 490  5000.000000000
 491  5000.000000000
 492  5000.000000000
 493  5000.000000000
 494  5000.000000000
 495  5000.000000000
 496  5000.000000000
 497  5000.000000000
 498  5000.000000000
 499  5000.000000000
 500  5000.000000000
 501  5000.000000000
 502  5000.000000000
 503  5000.000000000
 504  5000.000000000
 505  5000.000000000
 506  5000.000000000
 507  5000.000000000
 508  5000.000000000
 509  5000.000000000
 510  5000.000000000
 511  5000.000000000
 512  5000.000000000
 513  5000.000000000
 514  5000.000000000
 515  5000.000000000
 516  5000.000000000
 517  5000.000000000
 518  5000.000000000
 519  5000.000000000
 520  5000.000000000
 521  5000.000000000
 522  5000.000000000
 523  5000.000000000
 524  5000.000000000
 525  5000.000000000
 526  5000.000000000
 527  5000.000000000
 528  5000.000000000
 529  5000.000000000
 530  5000.000000000
 531  5000.000000000
 532  5000.000000000
 533  5000.000000000
 534  5000.000000000
 535  5000.000000000
 536  5000.000000000
 537  5000.000000000
 538  5000.000000000
 539  5000.000000000
 540  5000.000000000
 541  5000.000000000
 542  5000.000000000
 543  5000.000000000
 544  5000.000000000
 545  5000.000000000
 546  5000.000000000
 547  5000.000000000
 548  5000.000000000
 549  5000.000000000
 550  5000.000000000
 551  5000.000000000
 552  5000.000000000
 553  5000.000000000
 554  5000.000000000
 555  5000.000000000
 556  5000.000000000
 557  5000.000000000
 558  5000.000000000
 559  5000.000000000
 560  5000.000000000
 561  5000.000000000
 562  5000.000000000
 563  5000.000000000
 564  5000.000000000
 565  5000.000000000
 566  5000.000000000
 567  5000.000000000
 568  5000.000000000
 569  5000.000000000
 570  5000.000000000
 571  5000.000000000
 572  5000.000000000
 573  5000.000000000
 574  5000.000000000
 575  5000.000000000
 576  5000.000000000
 577  5000.000000000
 578  5000.000000000
 579  5000.000000000
 580  5000.000000000
 581  5000.000000000
 582  5000.000000000
 583  5000.000000000
 584  5000.000000000
 585  5000.000000000
 586  5000.000000000
 587  5000.000000000
 588  5000.000000000
 589  5000.000000000
 590  5000.000000000
 591  5000.000000000
 592  5000.000000000
 593  5000.000000000
 594  5000.000000000
 595  5000.000000000
 596  5000.000000000
 597  5000.000000000
 598  5000.000000000
 599  5000.000000000
 600  5000.000000000
 601  5000.000000000
 602  5000.000000000
 603  5000.000000000
 604  5000.000000000
 605  5000.000000000
 606  5000.000000000
 607  5000.000000000
 608  5000.000000000
 609  5000.000000000
 610  5000.000000000
 611  5000.000000000
 612  5000.000000000
 613  5000.000000000
 614  5000.000000000
 615  5000.000000000
 616  5000.000000000
 617  5000.000000000
 618  5000.000000000
 619  5000.000000000
 620  5000.000000000
 621  5000.000000000
 622  5000.000000000
 623  5000.000000000
 624  5000.000000000
 625  5000.000000000
 626  5000.000000000
 627  5000.000000000
 628  5000.000000000
 629  5000.000000000
 630  5000.000000000
 631  5000.000000000
 632  5000.000000000
 633  5000.000000000
 634  5000.000000000
 635  5000.000000000
 636  5000.000000000
 637  5000.000000000
 638  5000.000000000
 639  5000.000000000
 640  5000.000000000
 641  5000.000000000
 642  5000.000000000
 643  5000.000000000
 644  5000.000000000
 645  5000.000000000
 646  5000.000000000
 647  5000.000000000
 648  5000.000000000
 649  5000.000000000
 650  5000.000000000
 651  5000.000000000
 652  5000.000000000
 653  5000.000000000
 654  5000.000000000
 655  5000.000000000
 656  5000.000000000
 657  5000.000000000
 658  5000.000000000
 659  5000.000000000
 660  5000.000000000
 661  5000.000000000
 662  5000.000000000
 663  5000.000000000
 664  5000.000000000
 665  5000.000000000
 666  5000.000000000
 667  5000.000000000
 668  5000.000000000
 669  5000.000000000
 670  5000.000000000
 671  5000.000000000
 672  5000.000000000
 673  5000.000000000
 674  5000.000000000
 675  5000.000000000
 676  5000.000000000
 677  5000.000000000
 678  5000.000000000
 679  5000.000000000
 680  5000.000000000
 681  5000.000000000
 682  5000.000000000
 683  5000.000000000
 684  5000.000000000
 685  5000.000000000
 686  5000.000000000
 687  5000.000000000
 688  5000.000000000
 689  5000.000000000
 690  5000.000000000
 691  5000.000000000
 692  5000.000000000
 693  5000.000000000
 694  5000.000000000
 695  5000.000000000
 696  5000.000000000
 697  5000.000000000
 698  5000.000000000
 699  5000.000000000
 700  5000.000000000
 701  5000.000000000
 702  5000.000000000
 703  5000.000000000
 704  5000.000000000
 705  5000.000000000
 706  5000.000000000
 707  5000.000000000
 708  5000.000000000
 709  5000.000000000
 710  5000.000000000
 711  5000.000000000
 712  5000.000000000
 713  5000.000000000
 714  5000.000000000
 715  5000.000000000
 716  5000.000000000
 717  5000.000000000
 718  5000.000000000
 719  5000.000000000
 720  5000.000000000
 721  5000.000000000
 722  5000.000000000
 723  5000.000000000
 724  5000.000000000
 725  5000.000000000
 726  5000.000000000
 727  5000.000000000
 728  5000.000000000
 729  5000.000000000
 730  5000.000000000
 731  5000.000000000
 732  5000.000000000
 733  5000.000000000
 734  5000.000000000
 735  5000.000000000
 736  5000.000000000
 737  5000.000000000
 738  5000.000000000
 739  5000.000000000
 740  5000.000000000
 741  5000.000000000
 742  5000.000000000
 743  5000.000000000
 744  5000.000000000
 745  5000.000000000
 746  5000.000000000
 747  5000.000000000
 748  5000.000000000
 749  5000.000000000
 750  5000.000000000
 751  5000.000000000
 752  5000.000000000
 753  5000.000000000
 754  5000.000000000
 755  5000.000000000
 756  5000.000000000
 757  5000.000000000
 758  5000.000000000
 759  5000.000000000
 760  5000.000000000
 761  5000.000000000
 762  5000.000000000
 763  5000.000000000
 764  5000.000000000
 765  5000.000000000
 766  5000.000000000
 767  5000.000000000
 768  5000.000000000
 769  5000.000000000
 770  5000.000000000
 771  5000.000000000
 772  5000.000000000
 773  5000.000000000
 774  5000.000000000
 775  5000.000000000
 776  5000.000000000
 777  5000.000000000
 778  5000.000000000
 779  5000.000000000
 780  5000.000000000
 781  5000.000000000
 782  5000.000000000
 783  5000.000000000
 784  5000.000000000
 785  5000.000000000
 786  5000.000000000
 787  5000.000000000
 788  5000.000000000
 789  5000.000000000
 790  5000.000000000
 791  5000.000000000
 792  5000.000000000
 793  5000.000000000
 794  5000.000000000
 795  5000.000000000
 796  5000.000000000
 797  5000.000000000
 798  5000.000000000
 799  5000.000000000
 800  5000.000000000
 801  5000.000000000
 802  5000.000000000
 803  5000.000000000
 804  5000.000000000
 805  5000.000000000
 806  5000.000000000
 807  5000.000000000
 808  5000.000000000
 809  5000.000000000
 810  5000.000000000
 811  5000.000000000
 812  5000.000000000
 813  5000.000000000
 814  5000.000000000
 815  5000.000000000
 816  5000.000000000
 817  5000.000000000
 818  5000.000000000
 819  5000.000000000
 820  5000.000000000
 821  5000.000000000
 822  5000.000000000
 823  5000.000000000
 824  5000.000000000
 825  5000.000000000
 826  5000.000000000
 827  5000.000000000
 828  5000.000000000
 829  5000.000000000
 830  5000.000000000
 831  5000.000000000
 832  5000.000000000
 833  5000.000000000
 834  5000.000000000
 835  5000.000000000
 836  5000.000000000
 837  5000.000000000
 838  5000.000000000
 839  5000.000000000
 840  5000.000000000
 841  5000.000000000
 842  5000.000000000
 843  5000.000000000
 844  5000.000000000
 845  5000.000000000
 846  5000.000000000
 847  5000.000000000
 848  5000.000000000
 849  5000.000000000
 850  5000.000000000
 851  5000.000000000
 852  5000.000000000
 853  5000.000000000
 854  5000.000000000
 855  5000.000000000
 856  5000.000000000
 857  5000.000000000
 858  5000.000000000
 859  5000.000000000
 860  5000.000000000
 861  5000.000000000
 862  5000.000000000
 863  5000.000000000
 864  5000.000000000
 865  5000.000000000
 866  5000.000000000
 867  5000.000000000
 868  5000.000000000
 869  5000.000000000
 870  5000.000000000
 871  5000.000000000
 872  5000.000000000
 873  5000.000000000
 874  5000.000000000
 875  5000.000000000
 876  5000.000000000
 877  5000.000000000
 878  5000.000000000
 879  5000.000000000
 880  5000.000000000
 881  5000.000000000
 882  5000.000000000
 883  5000.000000000
 884  5000.000000000
 885  5000.000000000
 886  5000.000000000
 887  5000.000000000
 888  5000.000000000
 889  5000.000000000
 890  5000.000000000
 891  5000.000000000
 892  5000.000000000
 893  5000.000000000
 894  5000.000000000
 895  5000.000000000
 896  5000.000000000
 897  5000.000000000
 898  5000.000000000
 899  5000.000000000
 900  5000.000000000
 901  5000.000000000
 902  5000.000000000
 903  5000.000000000
 904  5000.000000000
 905  5000.000000000
 906  5000.000000000
 907  5000.000000000
 908  5000.000000000
 909  5000.000000000
 910  5000.000000000
 911  5000.000000000
 912  5000.000000000
 913  5000.000000000
 914  5000.000000000
 915  5000.000000000
 916  5000.000000000
 917  5000.000000000
 918  5000.000000000
 919  5000.000000000
 920  5000.000000000
 921  5000.000000000
 922  5000.000000000
 923  5000.000000000
 924  5000.000000000
 925  5000.000000000
 926  5000.000000000
 927  5000.000000000
 928  5000.000000000
 929  5000.000000000
 930  5000.000000000
 931  5000.000000000
 932  5000.000000000
 933  5000.000000000
 934  5000.000000000
 935  5000.000000000
 936  5000.000000000
 937  5000.000000000
 938  5000.000000000
 939  5000.000000000
 940  5000.000000000
 941  5000.000000000
 942  5000.000000000
 943  5000.000000000
 944  5000.000000000
 945  5000.000000000
 946  5000.000000000
 947  5000.000000000
 948  5000.000000000
 949  5000.000000000
 950  5000.000000000
 951  5000.000000000
 952  5000.000000000
 953  5000.000000000
 954  5000.000000000
 955  5000.000000000
 956  5000.000000000
 957  5000.000000000
 958  5000.000000000
 959  5000.000000000
 960  5000.000000000
 961  5000.000000000
 962  5000.000000000
 963  5000.000000000
 964  5000.000000000
 965  5000.000000000
 966  5000.000000000
 967  5000.000000000
 968  5000.000000000
 969  5000.000000000
 970  5000.000000000
 971  5000.000000000
 972  5000.000000000
 973  5000.000000000
 974  5000.000000000
 975  5000.000000000
 976  5000.000000000
 977  5000.000000000
 978  5000.000000000
 979  5000.000000000
 980  5000.000000000
 981  5000.000000000
 982  5000.000000000
 983  5000.000000000
 984  5000.000000000
 985  5000.000000000
 986  5000.000000000
 987  5000.000000000
 988  5000.000000000
 989  5000.000000000
 990  5000.000000000
 991  5000.000000000
 992  5000.000000000
 993  5000.000000000
 994  5000.000000000
 995  5000.000000000
 996  5000.000000000
 997  5000.000000000
 998  5000.000000000
 999  5000.000000000
