   0     0.000000000
   1     0.000000000
   2     0.000000000
   3     0.000000000
   4     0.000000000
   5     0.000000000
   6     0.000000000
   7     0.000000000
   8     0.000000000
   9     0.000000000
  10     0.000000000
  11     0.000000000
  12     0.000000000
  13     0.000000000
  14     0.000000000
  15     0.000000000
  16     0.000000000
  17     0.000000000
  18     0.000000000
  19     0.000000000
  20     0.000000000
  21     0.000000000
  22     0.000000000
  23     0.000000000
  24     0.000000000
  25     0.000000000
  26     0.000000000
  27     0.000000000
  28     0.000000000
  29     0.000000000
  30     0.000000000
  31     0.000000000
  32     0.000000000
  33     0.000000000
  34    46.726208079
  35    82.273614479
  36   106.878807594
  37   113.562429763
  38   119.950316437
  39   140.119477140
  40   150.884249128
  41   164.488081860
  42   183.592594783
  43   184.479801266
  44   203.229431596
  45   220.559531555
  46   227.243153723
  47   247.234873129
  48   256.994144437
  49   266.930857041
  50   287.395753238
  51   291.595197256
  52   308.392973325
  53   320.695569882
  54   330.218252795
  55   351.097178683
  56   364.050393328
  57   365.115041107
  58   387.945821257
  59   391.553794286
  60   420.949902407
  61   424.853610930
  62   446.383154906
  63   452.120423493
  64   459.158928255
  65   462.352871592
  66   477.671970190
  67   498.550896079
  68   521.026793636
  69   539.421541373
  70   542.911220205
  71   552.197314722
  72   564.145028686
  73   583.900159697
  74   588.631927604
  75   617.968888626
  76   621.281126161
  77   625.421423079
  78   637.546578340
  79   645.472289584
  80   665.759744485
  81   671.792748566
  82   686.047199385
  83   698.586384338
  84   713.491453244
  85   730.170935116
  86   749.452889336
  87   777.666055480
  88   780.268527829
  89   795.883361921
  90   811.143313420
  91   814.514698054
  92   829.952090850
  93   853.551783285
  94   857.337197610
  95   879.221624179
  96   885.727805051
  97   903.531081800
  98   926.835038741
  99   927.544803927
 100   934.465014491
 101   955.048204886
 102   964.866623292
 103   983.202223931
 104   985.094931094
 105  1003.253090436
 106  1013.544685633
 107  1023.067368546
 108  1030.460755900
 109  1045.957295795
 110  1056.840361980
 111  1065.949015201
 112  1075.412551014
 113  1101.614715798
 114  1104.631217839
 115  1123.025965576
 116  1136.629798308
 117  1144.378068256
 118  1164.547228958
 119  1185.071272254
 120  1193.706748684
 121  1216.833264328
 122  1218.962559886
 123  1232.388951322
 124  1237.475601822
 125  1251.966641036
 126  1272.431537233
 127  1285.029869285
 128  1300.053232389
 129  1319.749216301
 130  1331.874371562
 131  1334.417696812
 132  1367.126042468
 133  1386.467143787
 134  1388.773880641
 135  1405.098479920
 136  1419.352930739
 137  1424.735316733
 138  1438.871473354
 139  1451.292364110
 140  1469.036493760
 141  1477.553675992
 142  1495.830129532
 143  1516.413319927
 144  1527.355533211
 145  1532.737919205
 146  1551.901579228
 147  1559.708996274
 148  1579.700715680
 149  1585.674572662
 150  1591.885018040
 151  1613.000532324
 152  1624.475069498
 153  1639.261844207
 154  1654.344354409
 155  1657.065120956
 156  1671.201277577
 157  1688.945407228
 158  1690.838114390
 159  1710.711539599
 160  1720.884840599
 161  1731.945348081
 162  1752.410244278
 163  1755.131010824
 164  1772.224522387
 165  1782.575264683
 166  1795.883361921
 167  1808.540841072
 168  1819.778789850
 169  1827.290471402
 170  1840.302833146
 171  1852.605429704
 172  1864.908026261
 173  1881.055184243
 174  1892.707162714
 175  1902.111551428
 176  1920.033122375
 177  1921.984976637
 178  1943.691961909
 179  1968.238007926
 180  1977.464955344
 181  1979.180221210
 182  1987.638256344
 183  1995.682261785
 184  2020.760631691
 185  2021.174661383
 186  2038.268172946
 187  2052.936653457
 188  2068.610634648
 189  2076.181463299
 190  2095.463417519
 191  2101.259833205
 192  2116.164902112
 193  2121.783876501
 194  2130.655941326
 195  2164.074052168
 196  2168.983261371
 197  2187.259714911
 198  2195.776897143
 199  2214.112497782
 200  2215.295439759
 201  2233.985922990
 202  2244.336665287
 203  2279.884071686
 204  2280.652983971
 205  2288.933577808
 206  2289.820784291
 207  2299.402614302
 208  2317.619920743
 209  2335.955521382
 210  2340.391553794
 211  2377.654226060
 212  2392.973324658
 213  2401.727095286
 214  2419.826107529
 215  2435.440941622
 216  2437.925119773
 217  2463.240078074
 218  2475.010350742
 219  2484.710474951
 220  2498.787484474
 221  2513.101082392
 222  2516.295025729
 223  2538.652629089
 224  2541.787425327
 225  2573.431123203
 226  2583.604424203
 227  2596.261903354
 228  2599.278405394
 229  2614.065180103
 230  2631.927603951
 231  2654.521795706
 232  2660.377358491
 233  2675.400721595
 234  2691.843615071
 235  2695.274146803
 236  2704.027917431
 237  2724.492813627
 238  2730.466670610
 239  2746.672975691
 240  2750.103507423
 241  2775.595907021
 242  2790.146093334
 243  2795.705920625
 244  2807.949370083
 245  2826.048382327
 246  2842.018099012
 247  2856.095108535
 248  2866.859880523
 249  2885.313775359
 250  2898.740166795
 251  2907.967114213
 252  2914.887324777
 253  2926.539303247
 254  2949.606671793
 255  2962.619033536
 256  2967.883125333
 257  2993.730407524
 258  2994.262731413
 259  3014.905068906
 260  3056.722067783
 261  3058.319039451
 262  3064.233749335
 263  3085.526704915
 264  3100.431773821
 265  3105.577571420
 266  3117.998462175
 267  3145.561010232
 268  3151.889749808
 269  3159.697166854
 270  3180.221210150
 271  3183.296859289
 272  3201.869048323
 273  3220.382090258
 274  3224.344945880
 275  3253.090435914
 276  3262.494824629
 277  3268.586975809
 278  3274.738274088
 279  3288.815283610
 280  3302.596557639
 281  3309.102738511
 282  3319.157745313
 283  3344.058673922
 284  3355.769799491
 285  3357.721653753
 286  3368.427278642
 287  3375.820665996
 288  3403.915537943
 289  3405.394215414
 290  3425.445081919
 291  3439.462944343
 292  3456.201573313
 293  3465.665109126
 294  3478.618323771
 295  3482.344590998
 296  3498.491748980
 297  3510.557757142
 298  3523.215236293
 299  3550.068019164
 300  3559.354113681
 301  3575.737860058
 302  3581.356834447
 303  3590.583781865
 304  3600.816229964
 305  3614.893239487
 306  3619.151830603
 307  3655.113266694
 308  3657.834033241
 309  3675.755604188
 310  3682.439226356
 311  3695.806470693
 312  3701.839474774
 313  3723.960489738
 314  3735.849056604
 315  3758.798130952
 316  3771.987933992
 317  3783.285029869
 318  3784.527118945
 319  3801.916366002
 320  3804.045661560
 321  3822.144673804
 322  3845.744366239
 323  3850.416987047
 324  3871.295912935
 325  3876.855740226
 326  3909.445791684
 327  3910.392145265
 328  3930.975335660
 329  3932.868042822
 330  3957.236647542
 331  3972.733187437
 332  3989.590110605
 333  3999.290234814
 334  4001.774412965
 335  4006.033004081
 336  4011.888566866
 337  4024.368604720
 338  4053.409830248
 339  4081.090672503
 340  4101.200686106
 341  4109.008103153
 342  4121.133258414
 343  4147.926894186
 344  4153.072691784
 345  4169.397291063
 346  4186.431655527
 347  4188.738392382
 348  4196.131779736
 349  4218.016206305
 350  4236.588395339
 351  4248.713550600
 352  4257.053291536
 353  4272.372390134
 354  4288.401253918
 355  4298.397113622
 356  4301.709351156
 357  4318.507127225
 358  4338.735435027
 359  4359.732655113
 360  4365.588217898
 361  4384.515289525
 362  4395.280061513
 363  4405.808245106
 364  4408.292423257
 365  4418.879753948
 366  4449.754539540
 367  4463.358372272
 368  4468.799905365
 369  4483.172650381
 370  4493.819128172
 371  4503.223516886
 372  4505.530253741
 373  4522.446324008
 374  4558.052877506
 375  4573.017093512
 376  4590.051457976
 377  4606.612645650
 378  4607.263263737
 379  4626.249482463
 380  4629.620867096
 381  4643.402141125
 382  4668.539658130
 383  4673.981191223
 384  4692.967409949
 385  4712.426805465
 386  4713.846335837
 387  4739.279588336
 388  4774.826994736
 389  4790.382681729
 390  4795.291890933
 391  4812.562843793
 392  4822.854438990
 393  4846.335837227
 394  4848.110250192
 395  4875.672798249
 396  4884.899745667
 397  4903.471934702
 398  4910.096409771
 399  4916.898326137
 400  4925.474655468
 401  4945.229786479
 402  4946.767611049
 403  4986.632755663
 404  4995.031643698
 405  4997.988998640
 406  5000.000000000
 407  5000.000000000
 408  5000.000000000
 409  5000.000000000
 410  5000.000000000
 411  5000.000000000
 412  5000.000000000
 413  5000.000000000
 414  5000.000000000
 415  5000.000000000
 416  5000.000000000
 417  5000.000000000
 418  5000.000000000
 419  5000.000000000
 420  5000.000000000
 421  5000.000000000
 422  5000.000000000
 423  5000.000000000
 424  5000.000000000
 425  5000.000000000
 426  5000.000000000
 427  5000.000000000
 428  5000.000000000
 429  5000.000000000
 430  5000.000000000
 431  5000.000000000
 432  5000.000000000
 433  5000.000000000
 434  5000.000000000
 435  5000.000000000
 436  5000.000000000
 437  5000.000000000
 438  5000.000000000
 439  5000.000000000
 440  5000.000000000
 441  5000.000000000
 442  5000.000000000
 443  5000.000000000
 444  5000.000000000
 445  5000.000000000
 446  5000.000000000
 447  5000.000000000
 448  5000.000000000
 449  5000.000000000
 450  5000.000000000
 451  5000.000000000
 452  5000.000000000
 453  5000.000000000
 454  5000.000000000
 455  5000.000000000
 456  5000.000000000
 457  5000.000000000
 458  5000.000000000
 459  5000.000000000
 460  5000.000000000
 461  5000.000000000
 462  5000.000000000
 463  5000.000000000
 464  5000.000000000
 465  5000.000000000
 466  5000.000000000
 467  5000.000000000
 468  5000.000000000
 469  5000.000000000
 470  5000.000000000
 471  5000.000000000
 472  5000.000000000
 473  5000.000000000
 474  5000.000000000
 475  5000.000000000
 476  5000.000000000
 477  5000.000000000
 478  5000.000000000
 479  5000.000000000
 480  5000.000000000
 481  5000.000000000
 482  5000.000000000
 483  5000.000000000
 484  5000.000000000
 485  5000.000000000
 486  5000.000000000
 487  5000.000000000
 488  5000.000000000
 489  5000.000000000
 490  5000.000000000
 491  5000.000000000
 492  5000.000000000
 493  5000.000000000
 494  5000.000000000
 495  5000.000000000
 496  5000.000000000
 497  5000.000000000
 498  5000.000000000
 499  5000.000000000
 500  5000.000000000
 501  5000.000000000
 502  5000.000000000
 503  5000.000000000
 504  5000.000000000
 505  5000.000000000
 506  5000.000000000
 507  5000.000000000
 508  5000.000000000
 509  5000.000000000
 510  5000.000000000
 511  5000.000000000
 512  5000.000000000
 513  5000.000000000
 514  5000.000000000
 515  5000.000000000
 516  5000.000000000
 517  5000.000000000
 518  5000.000000000
 519  5000.000000000
 520  5000.000000000
 521  5000.000000000
 522  5000.000000000
 523  5000.000000000
 524  5000.000000000
 525  5000.000000000
 526  5000.000000000
 527  5000.000000000
 528  5000.000000000
 529  5000.000000000
 530  5000.000000000
 531  5000.000000000
 532  5000.000000000
 533  5000.000000000
 534  5000.000000000
 535  5000.000000000
 536  5000.000000000
 537  5000.000000000
 538  5000.000000000
 539  5000.000000000
 540  5000.000000000
 541  5000.000000000
 542  5000.000000000
 543  5000.000000000
 544  5000.000000000
 545  5000.000000000
 546  5000.000000000
 547  5000.000000000
 548  5000.000000000
 549  5000.000000000
 550  5000.000000000
 551  5000.000000000
 552  5000.000000000
 553  5000.000000000
 554  5000.000000000
 555  5000.000000000
 556  5000.000000000
 557  5000.000000000
 558  5000.000000000
 559  5000.000000000
 560  5000.000000000
 561  5000.000000000
 562  5000.000000000
 563  5000.000000000
 564  5000.000000000
 565  5000.000000000
 566  5000.000000000
 567  5000.000000000
 568  5000.000000000
 569  5000.000000000
 570  5000.000000000
 571  5000.000000000
 572  5000.000000000
 573  5000.000000000
 574  5000.000000000
 575  5000.000000000
 576  5000.000000000
 577  5000.000000000
 578  5000.000000000
 579  5000.000000000
 580  5000.000000000
 581  5000.000000000
 582  5000.000000000
 583  5000.000000000
 584  5000.000000000
 585  5000.000000000
 586  5000.000000000
 587  5000.000000000
 588  5000.000000000
 589  5000.000000000
 590  5000.000000000
 591  5000.000000000
 592  5000.000000000
 593  5000.000000000
 594  5000.000000000
 595  5000.000000000
 596  5000.000000000
 597  5000.000000000
 598  5000.000000000
 599  5000.000000000
 600  5000.000000000
 601  5000.000000000
 602  5000.000000000
 603  5000.000000000
 604  5000.000000000
 605  5000.000000000
 606  5000.000000000
 607  5000.000000000
 608  5000.000000000
 609  5000.000000000
 610  5000.000000000
 611  5000.000000000
 612  5000.000000000
 613  5000.000000000
 614  5000.000000000
 615  5000.000000000
 616  5000.000000000
 617  5000.000000000
 618  5000.000000000
 619  5000.000000000
 620  5000.000000000
 621  5000.000000000
 622  5000.000000000
 623  5000.000000000
 624  5000.000000000
 625  5000.000000000
 626  5000.000000000
 627  5000.000000000
 628  5000.000000000
 629  5000.000000000
 630  5000.000000000
 631  5000.000000000
 632  5000.000000000
 633  5000.000000000
 634  5000.000000000
 635  5000.000000000
 636  5000.000000000
 637  5000.000000000
 638  5000.000000000
 639  5000.000000000
 640  5000.000000000
 641  5000.000000000
 642  5000.000000000
 643  5000.000000000
 644  5000.000000000
 645  5000.000000000
 646  5000.000000000
 647  5000.000000000
 648  5000.000000000
 649  5000.000000000
 650  5000.000000000
 651  5000.000000000
 652  5000.000000000
 653  5000.000000000
 654  5000.000000000
 655  5000.000000000
 656  5000.000000000
 657  5000.000000000
 658  5000.000000000
 659  5000.000000000
 660  5000.000000000
 661  5000.000000000
 662  5000.000000000
 663  5000.000000000
 664  5000.000000000
 665  5000.000000000
 666  5000.000000000
 667  5000.000000000
 668  5000.000000000
 669  5000.000000000
 670  5000.000000000
 671  5000.000000000
 672  5000.000000000
 673  5000.000000000
 674  5000.000000000
 675  5000.000000000
 676  5000.000000000
 677  5000.000000000
 678  5000.000000000
 679  5000.000000000
 680  5000.000000000
 681  5000.000000000
 682  5000.000000000
 683  5000.000000000
 684  5000.000000000
 685  5000.000000000
 686  5000.000000000
 687  5000.000000000
 688  5000.000000000
 689  5000.000000000
 690  5000.000000000
 691  5000.000000000
 692  5000.000000000
 693  5000.000000000
 694  5000.000000000
 695  5000.000000000
 696  5000.000000000
 697  5000.000000000
 698  5000.000000000
 699  5000.000000000
 700  5000.000000000
 701  5000.000000000
 702  5000.000000000
 703  5000.000000000
 704  5000.000000000
 705  5000.000000000
 706  5000.000000000
 707  5000.000000000
 708  5000.000000000
 709  5000.000000000
 710  5000.000000000
 711  5000.000000000
 712  5000.000000000
 713  5000.000000000
 714  5000.000000000
 715  5000.000000000
 716  5000.000000000
 717  5000.000000000
 718  5000.000000000
 719  5000.000000000
 720  5000.000000000
 721  5000.000000000
 722  5000.000000000
 723  5000.000000000
 724  5000.000000000
 725  5000.000000000
 726  5000.000000000
 727  5000.000000000
 728  5000.000000000
 729  5000.000000000
 730  5000.000000000
 731  5000.000000000
 732  5000.000000000
 733  5000.000000000
 734  5000.000000000
 735  5000.000000000
 736  5000.000000000
 737  5000.000000000
 738  5000.000000000
 739  5000.000000000
 740  5000.000000000
 741  5000.000000000
 742  5000.000000000
 743  5000.000000000
 744  5000.000000000
 745  5000.000000000
 746  5000.000000000
 747  5000.000000000
 748  5000.000000000
 749  5000.000000000
 750  5000.000000000
 751  5000.000000000
 752  5000.000000000
 753  5000.000000000
 754  5000.000000000
 755  5000.000000000
 756  5000.000000000
 757  5000.000000000
 758  5000.000000000
 759  5000.000000000
 760  5000.000000000
 761  5000.000000000
 762  5000.000000000
 763  5000.000000000
 764  5000.000000000
 765  5000.000000000
 766  5000.000000000
 767  5000.000000000
 768  5000.000000000
 769  5000.000000000
 770  5000.000000000
 771  5000.000000000
 772  5000.000000000
 773  5000.000000000
 774  5000.000000000
 775  5000.000000000
 776  5000.000000000
 777  5000.000000000
 778  5000.000000000
 779  5000.000000000
 780  5000.000000000
 781  5000.000000000
 782  5000.000000000
 783  5000.000000000
 784  5000.000000000
 785  5000.000000000
 786  5000.000000000
 787  5000.000000000
 788  5000.000000000
 789  5000.000000000
 790  5000.000000000
 791  5000.000000000
 792  5000.000000000
 793  5000.000000000
 794  5000.000000000
 795  5000.000000000
 796  5000.000000000
 797  5000.000000000
 798  5000.000000000
 799  5000.000000000
 800  5000.000000000
 801  5000.000000000
 802  5000.000000000
 803  5000.000000000
 804  5000.000000000
 805  5000.000000000
 806  5000.000000000
 807  5000.000000000
 808  5000.000000000
 809  5000.000000000
 810  5000.000000000
 811  5000.000000000
 812  5000.000000000
 813  5000.000000000
 814  5000.000000000
 815  5000.000000000
 816  5000.000000000
 817  5000.000000000
 818  5000.000000000
 819  5000.000000000
 820  5000.000000000
 821  5000.000000000
 822  5000.000000000
 823  5000.000000000
 824  5000.000000000
 825  5000.000000000
 826  5000.000000000
 827  5000.000000000
 828  5000.000000000
 829  5000.000000000
 830  5000.000000000
 831  5000.000000000
 832  5000.000000000
 833  5000.000000000
 834  5000.000000000
 835  5000.000000000
 836  5000.000000000
 837  5000.000000000
 838  5000.000000000
 839  5000.000000000
 840  5000.000000000
 841  5000.000000000
 842  5000.000000000
 843  5000.000000000
 844  5000.000000000
 845  5000.000000000
 846  5000.000000000
 847  5000.000000000
 848  5000.000000000
 849  5000.000000000
 850  5000.000000000
 851  5000.000000000
 852  5000.000000000
 853  5000.000000000
 854  5000.000000000
 855  5000.000000000
 856  5000.000000000
 857  5000.000000000
 858  5000.000000000
 859  5000.000000000
 860  5000.000000000
 861  5000.000000000
 862  5000.000000000
 863  5000.000000000
 864  5000.000000000
 865  5000.000000000
 866  5000.000000000
 867  5000.000000000
 868  5000.000000000
 869  5000.000000000
 870  5000.000000000
 871  5000.000000000
 872  5000.000000000
 873  5000.000000000
 874  5000.000000000
 875  5000.000000000
 876  5000.000000000
 877  5000.000000000
 878  5000.000000000
 879  5000.000000000
 880  5000.000000000
 881  5000.000000000
 882  5000.000000000
 883  5000.000000000
 884  5000.000000000
 885  5000.000000000
 886  5000.000000000
 887  5000.000000000
 888  5000.000000000
 889  5000.000000000
 890  5000.000000000
 891  5000.000000000
 892  5000.000000000
 893  5000.000000000
 894  5000.000000000
 895  5000.000000000
 896  5000.000000000
 897  5000.000000000
 898  5000.000000000
 899  5000.000000000
 900  5000.000000000
 901  5000.000000000
 902  5000.000000000
 903  5000.000000000
 904  5000.000000000
 905  5000.000000000
 906  5000.000000000
 907  5000.000000000
 908  5000.000000000
 909  5000.000000000
 910  5000.000000000
 911  5000.000000000
 912  5000.000000000
 913  5000.000000000
 914  5000.000000000
 915  5000.000000000
 916  5000.000000000
 917  5000.000000000
 918  5000.000000000
 919  5000.000000000
 920  5000.000000000
 921  5000.000000000
 922  5000.000000000
 923  5000.000000000
 924  5000.000000000
 925  5000.000000000
 926  5000.000000000
 927  5000.000000000
 928  5000.000000000
 929  5000.000000000
 930  5000.000000000
 931  5000.000000000
 932  5000.000000000
 933  5000.000000000
 934  5000.000000000
 935  5000.000000000
 936  5000.000000000
 937  5000.000000000
 938  5000.000000000
 939  5000.000000000
 940  5000.000000000
 941  5000.000000000
 942  5000.000000000
 943  5000.000000000
 944  5000.000000000
 945  5000.000000000
 946  5000.000000000
 947  5000.000000000
 948  5000.000000000
 949  5000.000000000
 950  5000.000000000
 951  5000.000000000
 952  5000.000000000
 953  5000.000000000
 954  5000.000000000
 955  5000.000000000
 956  5000.000000000
 957  5000.000000000
 958  5000.000000000
 959  5000.000000000
 960  5000.000000000
 961  5000.000000000
 962  5000.000000000
 963  5000.000000000
 964  5000.000000000
 965  5000.000000000
 966  5000.000000000
 967  5000.000000000
 968  5000.000000000
 969  5000.000000000
 970  5000.000000000
 971  5000.000000000
 972  5000.000000000
 973  5000.000000000
 974  5000.000000000
 975  5000.000000000
 976  5000.000000000
 977  5000.000000000
 978  5000.000000000
 979  5000.000000000
 980  5000.000000000
 981  5000.000000000
 982  5000.000000000
 983  5000.000000000
 984  5000.000000000
 985  5000.000000000
 986  5000.000000000
 987  5000.000000000
 988  5000.000000000
 989  5000.000000000
 990  5000.000000000
 991  5000.000000000
 992  5000.000000000
 993  5000.000000000
 994  5000.000000000
 995  5000.000000000
 996  5000.000000000
 997  5000.000000000
 998  5000.000000000
 999  5000.000000000
