# Calibration file of tamex_id 1 @ channel 18
# fine_T bin		 Calibration value
0.125		0
0.25		0
0.375		0
0.5		0
0.625		0
0.75		0
0.875		0
1		0
1.125		0
1.25		0
1.375		0
1.5		0
1.625		0
1.75		0
1.875		0
2		0
2.125		0
2.25		0
2.375		0
2.5		0
2.625		0
2.75		0
2.875		0
3		0
3.125		0
3.25		0
3.375		0
3.5		0
3.625		0
3.75		0
3.875		0
4		0
4.125		0
4.25		0
4.375		0
4.5		0
4.625		0
4.75		0
4.875		0
5		0
5.125		0
5.25		0
5.375		0
5.5		0
5.625		0
5.75		0
5.875		0
6		0
6.125		0
6.25		0
6.375		0
6.5		0
6.625		0
6.75		0
6.875		0
7		0
7.125		0
7.25		0
7.375		0
7.5		0
7.625		0
7.75		0
7.875		0
8		0
8.125		0
8.25		0
8.375		0
8.5		0
8.625		0
8.75		0
8.875		0
9		0
9.125		0
9.25		0
9.375		0
9.5		0
9.625		0
9.75		0
9.875		0
10		0
10.125		0
10.25		0
10.375		0
10.5		0
10.625		0
10.75		0
10.875		0
11		0
11.125		0
11.25		0
11.375		0
11.5		0
11.625		0
11.75		0
11.875		0
12		0
12.125		0
12.25		0
12.375		0
12.5		0
12.625		0
12.75		0
12.875		0
13		0
13.125		0
13.25		0
13.375		0
13.5		0
13.625		0
13.75		0
13.875		0
14		0
14.125		0
14.25		0
14.375		0
14.5		0
14.625		0
14.75		0
14.875		0
15		0
15.125		0
15.25		0
15.375		0
15.5		0
15.625		0
15.75		0
15.875		0
16		0
16.125		0.00187782
16.25		0.00187782
16.375		0.00187782
16.5		0.00187782
16.625		0.00187782
16.75		0.00187782
16.875		0.00187782
17		0.00187782
17.125		0.00899953
17.25		0.00899953
17.375		0.00899953
17.5		0.00899953
17.625		0.00899953
17.75		0.00899953
17.875		0.00899953
18		0.00899953
18.125		0.0121007
18.25		0.0121007
18.375		0.0121007
18.5		0.0121007
18.625		0.0121007
18.75		0.0121007
18.875		0.0121007
19		0.0121007
19.125		0.0122799
19.25		0.0122799
19.375		0.0122799
19.5		0.0122799
19.625		0.0122799
19.75		0.0122799
19.875		0.0122799
20		0.0122799
20.125		0.0208976
20.25		0.0208976
20.375		0.0208976
20.5		0.0208976
20.625		0.0208976
20.75		0.0208976
20.875		0.0208976
21		0.0208976
21.125		0.0209989
21.25		0.0209989
21.375		0.0209989
21.5		0.0209989
21.625		0.0209989
21.75		0.0209989
21.875		0.0209989
22		0.0209989
22.125		0.0219028
22.25		0.0219028
22.375		0.0219028
22.5		0.0219028
22.625		0.0219028
22.75		0.0219028
22.875		0.0219028
23		0.0219028
23.125		0.0230793
23.25		0.0230793
23.375		0.0230793
23.5		0.0230793
23.625		0.0230793
23.75		0.0230793
23.875		0.0230793
24		0.0230793
24.125		0.0256428
24.25		0.0256428
24.375		0.0256428
24.5		0.0256428
24.625		0.0256428
24.75		0.0256428
24.875		0.0256428
25		0.0256428
25.125		0.0309101
25.25		0.0309101
25.375		0.0309101
25.5		0.0309101
25.625		0.0309101
25.75		0.0309101
25.875		0.0309101
26		0.0309101
26.125		0.0322035
26.25		0.0322035
26.375		0.0322035
26.5		0.0322035
26.625		0.0322035
26.75		0.0322035
26.875		0.0322035
27		0.0322035
27.125		0.0340346
27.25		0.0340346
27.375		0.0340346
27.5		0.0340346
27.625		0.0340346
27.75		0.0340346
27.875		0.0340346
28		0.0340346
28.125		0.0356787
28.25		0.0356787
28.375		0.0356787
28.5		0.0356787
28.625		0.0356787
28.75		0.0356787
28.875		0.0356787
29		0.0356787
29.125		0.0362631
29.25		0.0362631
29.375		0.0362631
29.5		0.0362631
29.625		0.0362631
29.75		0.0362631
29.875		0.0362631
30		0.0362631
30.125		0.0405485
30.25		0.0405485
30.375		0.0405485
30.5		0.0405485
30.625		0.0405485
30.75		0.0405485
30.875		0.0405485
31		0.0405485
31.125		0.0410316
31.25		0.0410316
31.375		0.0410316
31.5		0.0410316
31.625		0.0410316
31.75		0.0410316
31.875		0.0410316
32		0.0410316
32.125		0.0438289
32.25		0.0438289
32.375		0.0438289
32.5		0.0438289
32.625		0.0438289
32.75		0.0438289
32.875		0.0438289
33		0.0438289
33.125		0.0467041
33.25		0.0467041
33.375		0.0467041
33.5		0.0467041
33.625		0.0467041
33.75		0.0467041
33.875		0.0467041
34		0.0467041
34.125		0.047943
34.25		0.047943
34.375		0.047943
34.5		0.047943
34.625		0.047943
34.75		0.047943
34.875		0.047943
35		0.047943
35.125		0.0488156
35.25		0.0488156
35.375		0.0488156
35.5		0.0488156
35.625		0.0488156
35.75		0.0488156
35.875		0.0488156
36		0.0488156
36.125		0.0507714
36.25		0.0507714
36.375		0.0507714
36.5		0.0507714
36.625		0.0507714
36.75		0.0507714
36.875		0.0507714
37		0.0507714
37.125		0.0524155
37.25		0.0524155
37.375		0.0524155
37.5		0.0524155
37.625		0.0524155
37.75		0.0524155
37.875		0.0524155
38		0.0524155
38.125		0.0555789
38.25		0.0555789
38.375		0.0555789
38.5		0.0555789
38.625		0.0555789
38.75		0.0555789
38.875		0.0555789
39		0.0555789
39.125		0.0559218
39.25		0.0559218
39.375		0.0559218
39.5		0.0559218
39.625		0.0559218
39.75		0.0559218
39.875		0.0559218
40		0.0559218
40.125		0.0588281
40.25		0.0588281
40.375		0.0588281
40.5		0.0588281
40.625		0.0588281
40.75		0.0588281
40.875		0.0588281
41		0.0588281
41.125		0.0591242
41.25		0.0591242
41.375		0.0591242
41.5		0.0591242
41.625		0.0591242
41.75		0.0591242
41.875		0.0591242
42		0.0591242
42.125		0.0641577
42.25		0.0641577
42.375		0.0641577
42.5		0.0641577
42.625		0.0641577
42.75		0.0641577
42.875		0.0641577
43		0.0641577
43.125		0.0646174
43.25		0.0646174
43.375		0.0646174
43.5		0.0646174
43.625		0.0646174
43.75		0.0646174
43.875		0.0646174
44		0.0646174
44.125		0.0661836
44.25		0.0661836
44.375		0.0661836
44.5		0.0661836
44.625		0.0661836
44.75		0.0661836
44.875		0.0661836
45		0.0661836
45.125		0.0669861
45.25		0.0669861
45.375		0.0669861
45.5		0.0669861
45.625		0.0669861
45.75		0.0669861
45.875		0.0669861
46		0.0669861
46.125		0.0717625
46.25		0.0717625
46.375		0.0717625
46.5		0.0717625
46.625		0.0717625
46.75		0.0717625
46.875		0.0717625
47		0.0717625
47.125		0.0735235
47.25		0.0735235
47.375		0.0735235
47.5		0.0735235
47.625		0.0735235
47.75		0.0735235
47.875		0.0735235
48		0.0735235
48.125		0.0754792
48.25		0.0754792
48.375		0.0754792
48.5		0.0754792
48.625		0.0754792
48.75		0.0754792
48.875		0.0754792
49		0.0754792
49.125		0.0782219
49.25		0.0782219
49.375		0.0782219
49.5		0.0782219
49.625		0.0782219
49.75		0.0782219
49.875		0.0782219
50		0.0782219
50.125		0.0790167
50.25		0.0790167
50.375		0.0790167
50.5		0.0790167
50.625		0.0790167
50.75		0.0790167
50.875		0.0790167
51		0.0790167
51.125		0.0809958
51.25		0.0809958
51.375		0.0809958
51.5		0.0809958
51.625		0.0809958
51.75		0.0809958
51.875		0.0809958
52		0.0809958
52.125		0.0832087
52.25		0.0832087
52.375		0.0832087
52.5		0.0832087
52.625		0.0832087
52.75		0.0832087
52.875		0.0832087
53		0.0832087
53.125		0.0839878
53.25		0.0839878
53.375		0.0839878
53.5		0.0839878
53.625		0.0839878
53.75		0.0839878
53.875		0.0839878
54		0.0839878
54.125		0.0873929
54.25		0.0873929
54.375		0.0873929
54.5		0.0873929
54.625		0.0873929
54.75		0.0873929
54.875		0.0873929
55		0.0873929
55.125		0.0877279
55.25		0.0877279
55.375		0.0877279
55.5		0.0877279
55.625		0.0877279
55.75		0.0877279
55.875		0.0877279
56		0.0877279
56.125		0.0923017
56.25		0.0923017
56.375		0.0923017
56.5		0.0923017
56.625		0.0923017
56.75		0.0923017
56.875		0.0923017
57		0.0923017
57.125		0.0947639
57.25		0.0947639
57.375		0.0947639
57.5		0.0947639
57.625		0.0947639
57.75		0.0947639
57.875		0.0947639
58		0.0947639
58.125		0.0950055
58.25		0.0950055
58.375		0.0950055
58.5		0.0950055
58.625		0.0950055
58.75		0.0950055
58.875		0.0950055
59		0.0950055
59.125		0.0978495
59.25		0.0978495
59.375		0.0978495
59.5		0.0978495
59.625		0.0978495
59.75		0.0978495
59.875		0.0978495
60		0.0978495
60.125		0.0987377
60.25		0.0987377
60.375		0.0987377
60.5		0.0987377
60.625		0.0987377
60.75		0.0987377
60.875		0.0987377
61		0.0987377
61.125		0.101075
61.25		0.101075
61.375		0.101075
61.5		0.101075
61.625		0.101075
61.75		0.101075
61.875		0.101075
62		0.101075
62.125		0.10441
62.25		0.10441
62.375		0.10441
62.5		0.10441
62.625		0.10441
62.75		0.10441
62.875		0.10441
63		0.10441
63.125		0.10593
63.25		0.10593
63.375		0.10593
63.5		0.10593
63.625		0.10593
63.75		0.10593
63.875		0.10593
64		0.10593
64.125		0.108267
64.25		0.108267
64.375		0.108267
64.5		0.108267
64.625		0.108267
64.75		0.108267
64.875		0.108267
65		0.108267
65.125		0.10949
65.25		0.10949
65.375		0.10949
65.5		0.10949
65.625		0.10949
65.75		0.10949
65.875		0.10949
66		0.10949
66.125		0.110519
66.25		0.110519
66.375		0.110519
66.5		0.110519
66.625		0.110519
66.75		0.110519
66.875		0.110519
67		0.110519
67.125		0.112155
67.25		0.112155
67.375		0.112155
67.5		0.112155
67.625		0.112155
67.75		0.112155
67.875		0.112155
68		0.112155
68.125		0.117664
68.25		0.117664
68.375		0.117664
68.5		0.117664
68.625		0.117664
68.75		0.117664
68.875		0.117664
69		0.117664
69.125		0.118755
69.25		0.118755
69.375		0.118755
69.5		0.118755
69.625		0.118755
69.75		0.118755
69.875		0.118755
70		0.118755
70.125		0.119924
70.25		0.119924
70.375		0.119924
70.5		0.119924
70.625		0.119924
70.75		0.119924
70.875		0.119924
71		0.119924
71.125		0.121155
71.25		0.121155
71.375		0.121155
71.5		0.121155
71.625		0.121155
71.75		0.121155
71.875		0.121155
72		0.121155
72.125		0.124786
72.25		0.124786
72.375		0.124786
72.5		0.124786
72.625		0.124786
72.75		0.124786
72.875		0.124786
73		0.124786
73.125		0.127092
73.25		0.127092
73.375		0.127092
73.5		0.127092
73.625		0.127092
73.75		0.127092
73.875		0.127092
74		0.127092
74.125		0.129656
74.25		0.129656
74.375		0.129656
74.5		0.129656
74.625		0.129656
74.75		0.129656
74.875		0.129656
75		0.129656
75.125		0.130372
75.25		0.130372
75.375		0.130372
75.5		0.130372
75.625		0.130372
75.75		0.130372
75.875		0.130372
76		0.130372
76.125		0.133396
76.25		0.133396
76.375		0.133396
76.5		0.133396
76.625		0.133396
76.75		0.133396
76.875		0.133396
77		0.133396
77.125		0.136707
77.25		0.136707
77.375		0.136707
77.5		0.136707
77.625		0.136707
77.75		0.136707
77.875		0.136707
78		0.136707
78.125		0.137284
78.25		0.137284
78.375		0.137284
78.5		0.137284
78.625		0.137284
78.75		0.137284
78.875		0.137284
79		0.137284
79.125		0.141265
79.25		0.141265
79.375		0.141265
79.5		0.141265
79.625		0.141265
79.75		0.141265
79.875		0.141265
80		0.141265
80.125		0.141858
80.25		0.141858
80.375		0.141858
80.5		0.141858
80.625		0.141858
80.75		0.141858
80.875		0.141858
81		0.141858
81.125		0.145644
81.25		0.145644
81.375		0.145644
81.5		0.145644
81.625		0.145644
81.75		0.145644
81.875		0.145644
82		0.145644
82.125		0.148177
82.25		0.148177
82.375		0.148177
82.5		0.148177
82.625		0.148177
82.75		0.148177
82.875		0.148177
83		0.148177
83.125		0.148504
83.25		0.148504
83.375		0.148504
83.5		0.148504
83.625		0.148504
83.75		0.148504
83.875		0.148504
84		0.148504
84.125		0.148901
84.25		0.148901
84.375		0.148901
84.5		0.148901
84.625		0.148901
84.75		0.148901
84.875		0.148901
85		0.148901
85.125		0.151636
85.25		0.151636
85.375		0.151636
85.5		0.151636
85.625		0.151636
85.75		0.151636
85.875		0.151636
86		0.151636
86.125		0.158329
86.25		0.158329
86.375		0.158329
86.5		0.158329
86.625		0.158329
86.75		0.158329
86.875		0.158329
87		0.158329
87.125		0.158477
87.25		0.158477
87.375		0.158477
87.5		0.158477
87.625		0.158477
87.75		0.158477
87.875		0.158477
88		0.158477
88.125		0.159927
88.25		0.159927
88.375		0.159927
88.5		0.159927
88.625		0.159927
88.75		0.159927
88.875		0.159927
89		0.159927
89.125		0.160472
89.25		0.160472
89.375		0.160472
89.5		0.160472
89.625		0.160472
89.75		0.160472
89.875		0.160472
90		0.160472
90.125		0.163994
90.25		0.163994
90.375		0.163994
90.5		0.163994
90.625		0.163994
90.75		0.163994
90.875		0.163994
91		0.163994
91.125		0.165771
91.25		0.165771
91.375		0.165771
91.5		0.165771
91.625		0.165771
91.75		0.165771
91.875		0.165771
92		0.165771
92.125		0.169643
92.25		0.169643
92.375		0.169643
92.5		0.169643
92.625		0.169643
92.75		0.169643
92.875		0.169643
93		0.169643
93.125		0.170781
93.25		0.170781
93.375		0.170781
93.5		0.170781
93.625		0.170781
93.75		0.170781
93.875		0.170781
94		0.170781
94.125		0.174256
94.25		0.174256
94.375		0.174256
94.5		0.174256
94.625		0.174256
94.75		0.174256
94.875		0.174256
95		0.174256
95.125		0.176414
95.25		0.176414
95.375		0.176414
95.5		0.176414
95.625		0.176414
95.75		0.176414
95.875		0.176414
96		0.176414
96.125		0.177762
96.25		0.177762
96.375		0.177762
96.5		0.177762
96.625		0.177762
96.75		0.177762
96.875		0.177762
97		0.177762
97.125		0.178089
97.25		0.178089
97.375		0.178089
97.5		0.178089
97.625		0.178089
97.75		0.178089
97.875		0.178089
98		0.178089
98.125		0.185344
98.25		0.185344
98.375		0.185344
98.5		0.185344
98.625		0.185344
98.75		0.185344
98.875		0.185344
99		0.185344
99.125		0.186053
99.25		0.186053
99.375		0.186053
99.5		0.186053
99.625		0.186053
99.75		0.186053
99.875		0.186053
100		0.186053
100.125		0.189169
100.25		0.189169
100.375		0.189169
100.5		0.189169
100.625		0.189169
100.75		0.189169
100.875		0.189169
101		0.189169
101.125		0.191624
101.25		0.191624
101.375		0.191624
101.5		0.191624
101.625		0.191624
101.75		0.191624
101.875		0.191624
102		0.191624
102.125		0.19372
102.25		0.19372
102.375		0.19372
102.5		0.19372
102.625		0.19372
102.75		0.19372
102.875		0.19372
103		0.19372
103.125		0.197
103.25		0.197
103.375		0.197
103.5		0.197
103.625		0.197
103.75		0.197
103.875		0.197
104		0.197
104.125		0.197452
104.25		0.197452
104.375		0.197452
104.5		0.197452
104.625		0.197452
104.75		0.197452
104.875		0.197452
105		0.197452
105.125		0.199883
105.25		0.199883
105.375		0.199883
105.5		0.199883
105.625		0.199883
105.75		0.199883
105.875		0.199883
106		0.199883
106.125		0.203911
106.25		0.203911
106.375		0.203911
106.5		0.203911
106.625		0.203911
106.75		0.203911
106.875		0.203911
107		0.203911
107.125		0.206078
107.25		0.206078
107.375		0.206078
107.5		0.206078
107.625		0.206078
107.75		0.206078
107.875		0.206078
108		0.206078
108.125		0.209342
108.25		0.209342
108.375		0.209342
108.5		0.209342
108.625		0.209342
108.75		0.209342
108.875		0.209342
109		0.209342
109.125		0.210838
109.25		0.210838
109.375		0.210838
109.5		0.210838
109.625		0.210838
109.75		0.210838
109.875		0.210838
110		0.210838
110.125		0.211033
110.25		0.211033
110.375		0.211033
110.5		0.211033
110.625		0.211033
110.75		0.211033
110.875		0.211033
111		0.211033
111.125		0.211197
111.25		0.211197
111.375		0.211197
111.5		0.211197
111.625		0.211197
111.75		0.211197
111.875		0.211197
112		0.211197
112.125		0.217999
112.25		0.217999
112.375		0.217999
112.5		0.217999
112.625		0.217999
112.75		0.217999
112.875		0.217999
113		0.217999
113.125		0.218311
113.25		0.218311
113.375		0.218311
113.5		0.218311
113.625		0.218311
113.75		0.218311
113.875		0.218311
114		0.218311
114.125		0.222939
114.25		0.222939
114.375		0.222939
114.5		0.222939
114.625		0.222939
114.75		0.222939
114.875		0.222939
115		0.222939
115.125		0.224723
115.25		0.224723
115.375		0.224723
115.5		0.224723
115.625		0.224723
115.75		0.224723
115.875		0.224723
116		0.224723
116.125		0.226765
116.25		0.226765
116.375		0.226765
116.5		0.226765
116.625		0.226765
116.75		0.226765
116.875		0.226765
117		0.226765
117.125		0.230263
117.25		0.230263
117.375		0.230263
117.5		0.230263
117.625		0.230263
117.75		0.230263
117.875		0.230263
118		0.230263
118.125		0.232461
118.25		0.232461
118.375		0.232461
118.5		0.232461
118.625		0.232461
118.75		0.232461
118.875		0.232461
119		0.232461
119.125		0.232741
119.25		0.232741
119.375		0.232741
119.5		0.232741
119.625		0.232741
119.75		0.232741
119.875		0.232741
120		0.232741
120.125		0.238975
120.25		0.238975
120.375		0.238975
120.5		0.238975
120.625		0.238975
120.75		0.238975
120.875		0.238975
121		0.238975
121.125		0.240728
121.25		0.240728
121.375		0.240728
121.5		0.240728
121.625		0.240728
121.75		0.240728
121.875		0.240728
122		0.240728
122.125		0.241671
122.25		0.241671
122.375		0.241671
122.5		0.241671
122.625		0.241671
122.75		0.241671
122.875		0.241671
123		0.241671
123.125		0.24266
123.25		0.24266
123.375		0.24266
123.5		0.24266
123.625		0.24266
123.75		0.24266
123.875		0.24266
124		0.24266
124.125		0.245676
124.25		0.245676
124.375		0.245676
124.5		0.245676
124.625		0.245676
124.75		0.245676
124.875		0.245676
125		0.245676
125.125		0.2506
125.25		0.2506
125.375		0.2506
125.5		0.2506
125.625		0.2506
125.75		0.2506
125.875		0.2506
126		0.2506
126.125		0.25099
126.25		0.25099
126.375		0.25099
126.5		0.25099
126.625		0.25099
126.75		0.25099
126.875		0.25099
127		0.25099
127.125		0.252875
127.25		0.252875
127.375		0.252875
127.5		0.252875
127.625		0.252875
127.75		0.252875
127.875		0.252875
128		0.252875
128.125		0.255065
128.25		0.255065
128.375		0.255065
128.5		0.255065
128.625		0.255065
128.75		0.255065
128.875		0.255065
129		0.255065
129.125		0.259038
129.25		0.259038
129.375		0.259038
129.5		0.259038
129.625		0.259038
129.75		0.259038
129.875		0.259038
130		0.259038
130.125		0.259241
130.25		0.259241
130.375		0.259241
130.5		0.259241
130.625		0.259241
130.75		0.259241
130.875		0.259241
131		0.259241
131.125		0.26221
131.25		0.26221
131.375		0.26221
131.5		0.26221
131.625		0.26221
131.75		0.26221
131.875		0.26221
132		0.26221
132.125		0.262966
132.25		0.262966
132.375		0.262966
132.5		0.262966
132.625		0.262966
132.75		0.262966
132.875		0.262966
133		0.262966
133.125		0.263316
133.25		0.263316
133.375		0.263316
133.5		0.263316
133.625		0.263316
133.75		0.263316
133.875		0.263316
134		0.263316
134.125		0.270726
134.25		0.270726
134.375		0.270726
134.5		0.270726
134.625		0.270726
134.75		0.270726
134.875		0.270726
135		0.270726
135.125		0.270999
135.25		0.270999
135.375		0.270999
135.5		0.270999
135.625		0.270999
135.75		0.270999
135.875		0.270999
136		0.270999
136.125		0.27117
136.25		0.27117
136.375		0.27117
136.5		0.27117
136.625		0.27117
136.75		0.27117
136.875		0.27117
137		0.27117
137.125		0.272955
137.25		0.272955
137.375		0.272955
137.5		0.272955
137.625		0.272955
137.75		0.272955
137.875		0.272955
138		0.272955
138.125		0.278682
138.25		0.278682
138.375		0.278682
138.5		0.278682
138.625		0.278682
138.75		0.278682
138.875		0.278682
139		0.278682
139.125		0.279819
139.25		0.279819
139.375		0.279819
139.5		0.279819
139.625		0.279819
139.75		0.279819
139.875		0.279819
140		0.279819
140.125		0.281354
140.25		0.281354
140.375		0.281354
140.5		0.281354
140.625		0.281354
140.75		0.281354
140.875		0.281354
141		0.281354
141.125		0.281572
141.25		0.281572
141.375		0.281572
141.5		0.281572
141.625		0.281572
141.75		0.281572
141.875		0.281572
142		0.281572
142.125		0.286092
142.25		0.286092
142.375		0.286092
142.5		0.286092
142.625		0.286092
142.75		0.286092
142.875		0.286092
143		0.286092
143.125		0.28684
143.25		0.28684
143.375		0.28684
143.5		0.28684
143.625		0.28684
143.75		0.28684
143.875		0.28684
144		0.28684
144.125		0.290478
144.25		0.290478
144.375		0.290478
144.5		0.290478
144.625		0.290478
144.75		0.290478
144.875		0.290478
145		0.290478
145.125		0.29072
145.25		0.29072
145.375		0.29072
145.5		0.29072
145.625		0.29072
145.75		0.29072
145.875		0.29072
146		0.29072
146.125		0.293237
146.25		0.293237
146.375		0.293237
146.5		0.293237
146.625		0.293237
146.75		0.293237
146.875		0.293237
147		0.293237
147.125		0.297
147.25		0.297
147.375		0.297
147.5		0.297
147.625		0.297
147.75		0.297
147.875		0.297
148		0.297
148.125		0.29806
148.25		0.29806
148.375		0.29806
148.5		0.29806
148.625		0.29806
148.75		0.29806
148.875		0.29806
149		0.29806
149.125		0.298223
149.25		0.298223
149.375		0.298223
149.5		0.298223
149.625		0.298223
149.75		0.298223
149.875		0.298223
150		0.298223
150.125		0.304239
150.25		0.304239
150.375		0.304239
150.5		0.304239
150.625		0.304239
150.75		0.304239
150.875		0.304239
151		0.304239
151.125		0.304348
151.25		0.304348
151.375		0.304348
151.5		0.304348
151.625		0.304348
151.75		0.304348
151.875		0.304348
152		0.304348
152.125		0.306358
152.25		0.306358
152.375		0.306358
152.5		0.306358
152.625		0.306358
152.75		0.306358
152.875		0.306358
153		0.306358
153.125		0.307955
153.25		0.307955
153.375		0.307955
153.5		0.307955
153.625		0.307955
153.75		0.307955
153.875		0.307955
154		0.307955
154.125		0.312342
154.25		0.312342
154.375		0.312342
154.5		0.312342
154.625		0.312342
154.75		0.312342
154.875		0.312342
155		0.312342
155.125		0.314204
155.25		0.314204
155.375		0.314204
155.5		0.314204
155.625		0.314204
155.75		0.314204
155.875		0.314204
156		0.314204
156.125		0.316674
156.25		0.316674
156.375		0.316674
156.5		0.316674
156.625		0.316674
156.75		0.316674
156.875		0.316674
157		0.316674
157.125		0.31789
157.25		0.31789
157.375		0.31789
157.5		0.31789
157.625		0.31789
157.75		0.31789
157.875		0.31789
158		0.31789
158.125		0.318506
158.25		0.318506
158.375		0.318506
158.5		0.318506
158.625		0.318506
158.75		0.318506
158.875		0.318506
159		0.318506
159.125		0.323368
159.25		0.323368
159.375		0.323368
159.5		0.323368
159.625		0.323368
159.75		0.323368
159.875		0.323368
160		0.323368
160.125		0.323999
160.25		0.323999
160.375		0.323999
160.5		0.323999
160.625		0.323999
160.75		0.323999
160.875		0.323999
161		0.323999
161.125		0.324396
161.25		0.324396
161.375		0.324396
161.5		0.324396
161.625		0.324396
161.75		0.324396
161.875		0.324396
162		0.324396
162.125		0.327318
162.25		0.327318
162.375		0.327318
162.5		0.327318
162.625		0.327318
162.75		0.327318
162.875		0.327318
163		0.327318
163.125		0.330559
163.25		0.330559
163.375		0.330559
163.5		0.330559
163.625		0.330559
163.75		0.330559
163.875		0.330559
164		0.330559
164.125		0.33359
164.25		0.33359
164.375		0.33359
164.5		0.33359
164.625		0.33359
164.75		0.33359
164.875		0.33359
165		0.33359
165.125		0.333832
165.25		0.333832
165.375		0.333832
165.5		0.333832
165.625		0.333832
165.75		0.333832
165.875		0.333832
166		0.333832
166.125		0.33578
166.25		0.33578
166.375		0.33578
166.5		0.33578
166.625		0.33578
166.75		0.33578
166.875		0.33578
167		0.33578
167.125		0.336084
167.25		0.336084
167.375		0.336084
167.5		0.336084
167.625		0.336084
167.75		0.336084
167.875		0.336084
168		0.336084
168.125		0.339575
168.25		0.339575
168.375		0.339575
168.5		0.339575
168.625		0.339575
168.75		0.339575
168.875		0.339575
169		0.339575
169.125		0.341499
169.25		0.341499
169.375		0.341499
169.5		0.341499
169.625		0.341499
169.75		0.341499
169.875		0.341499
170		0.341499
170.125		0.345263
170.25		0.345263
170.375		0.345263
170.5		0.345263
170.625		0.345263
170.75		0.345263
170.875		0.345263
171		0.345263
171.125		0.345722
171.25		0.345722
171.375		0.345722
171.5		0.345722
171.625		0.345722
171.75		0.345722
171.875		0.345722
172		0.345722
172.125		0.350958
172.25		0.350958
172.375		0.350958
172.5		0.350958
172.625		0.350958
172.75		0.350958
172.875		0.350958
173		0.350958
173.125		0.351153
173.25		0.351153
173.375		0.351153
173.5		0.351153
173.625		0.351153
173.75		0.351153
173.875		0.351153
174		0.351153
174.125		0.351441
174.25		0.351441
174.375		0.351441
174.5		0.351441
174.625		0.351441
174.75		0.351441
174.875		0.351441
175		0.351441
175.125		0.353592
175.25		0.353592
175.375		0.353592
175.5		0.353592
175.625		0.353592
175.75		0.353592
175.875		0.353592
176		0.353592
176.125		0.357426
176.25		0.357426
176.375		0.357426
176.5		0.357426
176.625		0.357426
176.75		0.357426
176.875		0.357426
177		0.357426
177.125		0.360768
177.25		0.360768
177.375		0.360768
177.5		0.360768
177.625		0.360768
177.75		0.360768
177.875		0.360768
178		0.360768
178.125		0.362015
178.25		0.362015
178.375		0.362015
178.5		0.362015
178.625		0.362015
178.75		0.362015
178.875		0.362015
179		0.362015
179.125		0.363145
179.25		0.363145
179.375		0.363145
179.5		0.363145
179.625		0.363145
179.75		0.363145
179.875		0.363145
180		0.363145
180.125		0.364937
180.25		0.364937
180.375		0.364937
180.5		0.364937
180.625		0.364937
180.75		0.364937
180.875		0.364937
181		0.364937
181.125		0.368911
181.25		0.368911
181.375		0.368911
181.5		0.368911
181.625		0.368911
181.75		0.368911
181.875		0.368911
182		0.368911
182.125		0.369503
182.25		0.369503
182.375		0.369503
182.5		0.369503
182.625		0.369503
182.75		0.369503
182.875		0.369503
183		0.369503
183.125		0.372059
183.25		0.372059
183.375		0.372059
183.5		0.372059
183.625		0.372059
183.75		0.372059
183.875		0.372059
184		0.372059
184.125		0.374007
184.25		0.374007
184.375		0.374007
184.5		0.374007
184.625		0.374007
184.75		0.374007
184.875		0.374007
185		0.374007
185.125		0.374256
185.25		0.374256
185.375		0.374256
185.5		0.374256
185.625		0.374256
185.75		0.374256
185.875		0.374256
186		0.374256
186.125		0.37918
186.25		0.37918
186.375		0.37918
186.5		0.37918
186.625		0.37918
186.75		0.37918
186.875		0.37918
187		0.37918
187.125		0.380684
187.25		0.380684
187.375		0.380684
187.5		0.380684
187.625		0.380684
187.75		0.380684
187.875		0.380684
188		0.380684
188.125		0.381752
188.25		0.381752
188.375		0.381752
188.5		0.381752
188.625		0.381752
188.75		0.381752
188.875		0.381752
189		0.381752
189.125		0.382585
189.25		0.382585
189.375		0.382585
189.5		0.382585
189.625		0.382585
189.75		0.382585
189.875		0.382585
190		0.382585
190.125		0.385975
190.25		0.385975
190.375		0.385975
190.5		0.385975
190.625		0.385975
190.75		0.385975
190.875		0.385975
191		0.385975
191.125		0.388328
191.25		0.388328
191.375		0.388328
191.5		0.388328
191.625		0.388328
191.75		0.388328
191.875		0.388328
192		0.388328
192.125		0.389434
192.25		0.389434
192.375		0.389434
192.5		0.389434
192.625		0.389434
192.75		0.389434
192.875		0.389434
193		0.389434
193.125		0.393003
193.25		0.393003
193.375		0.393003
193.5		0.393003
193.625		0.393003
193.75		0.393003
193.875		0.393003
194		0.393003
194.125		0.393876
194.25		0.393876
194.375		0.393876
194.5		0.393876
194.625		0.393876
194.75		0.393876
194.875		0.393876
195		0.393876
195.125		0.397935
195.25		0.397935
195.375		0.397935
195.5		0.397935
195.625		0.397935
195.75		0.397935
195.875		0.397935
196		0.397935
196.125		0.398262
196.25		0.398262
196.375		0.398262
196.5		0.398262
196.625		0.398262
196.75		0.398262
196.875		0.398262
197		0.398262
197.125		0.399603
197.25		0.399603
197.375		0.399603
197.5		0.399603
197.625		0.399603
197.75		0.399603
197.875		0.399603
198		0.399603
198.125		0.403101
198.25		0.403101
198.375		0.403101
198.5		0.403101
198.625		0.403101
198.75		0.403101
198.875		0.403101
199		0.403101
199.125		0.404737
199.25		0.404737
199.375		0.404737
199.5		0.404737
199.625		0.404737
199.75		0.404737
199.875		0.404737
200		0.404737
200.125		0.407106
200.25		0.407106
200.375		0.407106
200.5		0.407106
200.625		0.407106
200.75		0.407106
200.875		0.407106
201		0.407106
201.125		0.408477
201.25		0.408477
201.375		0.408477
201.5		0.408477
201.625		0.408477
201.75		0.408477
201.875		0.408477
202		0.408477
202.125		0.41168
202.25		0.41168
202.375		0.41168
202.5		0.41168
202.625		0.41168
202.75		0.41168
202.875		0.41168
203		0.41168
203.125		0.415093
203.25		0.415093
203.375		0.415093
203.5		0.415093
203.625		0.415093
203.75		0.415093
203.875		0.415093
204		0.415093
204.125		0.415646
204.25		0.415646
204.375		0.415646
204.5		0.415646
204.625		0.415646
204.75		0.415646
204.875		0.415646
205		0.415646
205.125		0.419565
205.25		0.419565
205.375		0.419565
205.5		0.419565
205.625		0.419565
205.75		0.419565
205.875		0.419565
206		0.419565
206.125		0.420376
206.25		0.420376
206.375		0.420376
206.5		0.420376
206.625		0.420376
206.75		0.420376
206.875		0.420376
207		0.420376
207.125		0.422464
207.25		0.422464
207.375		0.422464
207.5		0.422464
207.625		0.422464
207.75		0.422464
207.875		0.422464
208		0.422464
208.125		0.423625
208.25		0.423625
208.375		0.423625
208.5		0.423625
208.625		0.423625
208.75		0.423625
208.875		0.423625
209		0.423625
209.125		0.428791
209.25		0.428791
209.375		0.428791
209.5		0.428791
209.625		0.428791
209.75		0.428791
209.875		0.428791
210		0.428791
210.125		0.431432
210.25		0.431432
210.375		0.431432
210.5		0.431432
210.625		0.431432
210.75		0.431432
210.875		0.431432
211		0.431432
211.125		0.434042
211.25		0.434042
211.375		0.434042
211.5		0.434042
211.625		0.434042
211.75		0.434042
211.875		0.434042
212		0.434042
212.125		0.434331
212.25		0.434331
212.375		0.434331
212.5		0.434331
212.625		0.434331
212.75		0.434331
212.875		0.434331
213		0.434331
213.125		0.437689
213.25		0.437689
213.375		0.437689
213.5		0.437689
213.625		0.437689
213.75		0.437689
213.875		0.437689
214		0.437689
214.125		0.437938
214.25		0.437938
214.375		0.437938
214.5		0.437938
214.625		0.437938
214.75		0.437938
214.875		0.437938
215		0.437938
215.125		0.441935
215.25		0.441935
215.375		0.441935
215.5		0.441935
215.625		0.441935
215.75		0.441935
215.875		0.441935
216		0.441935
216.125		0.445192
216.25		0.445192
216.375		0.445192
216.5		0.445192
216.625		0.445192
216.75		0.445192
216.875		0.445192
217		0.445192
217.125		0.446696
217.25		0.446696
217.375		0.446696
217.5		0.446696
217.625		0.446696
217.75		0.446696
217.875		0.446696
218		0.446696
218.125		0.448987
218.25		0.448987
218.375		0.448987
218.5		0.448987
218.625		0.448987
218.75		0.448987
218.875		0.448987
219		0.448987
219.125		0.449922
219.25		0.449922
219.375		0.449922
219.5		0.449922
219.625		0.449922
219.75		0.449922
219.875		0.449922
220		0.449922
220.125		0.454659
220.25		0.454659
220.375		0.454659
220.5		0.454659
220.625		0.454659
220.75		0.454659
220.875		0.454659
221		0.454659
221.125		0.455891
221.25		0.455891
221.375		0.455891
221.5		0.455891
221.625		0.455891
221.75		0.455891
221.875		0.455891
222		0.455891
222.125		0.458968
222.25		0.458968
222.375		0.458968
222.5		0.458968
222.625		0.458968
222.75		0.458968
222.875		0.458968
223		0.458968
223.125		0.459218
223.25		0.459218
223.375		0.459218
223.5		0.459218
223.625		0.459218
223.75		0.459218
223.875		0.459218
224		0.459218
224.125		0.464384
224.25		0.464384
224.375		0.464384
224.5		0.464384
224.625		0.464384
224.75		0.464384
224.875		0.464384
225		0.464384
225.125		0.464664
225.25		0.464664
225.375		0.464664
225.5		0.464664
225.625		0.464664
225.75		0.464664
225.875		0.464664
226		0.464664
226.125		0.466425
226.25		0.466425
226.375		0.466425
226.5		0.466425
226.625		0.466425
226.75		0.466425
226.875		0.466425
227		0.466425
227.125		0.468124
227.25		0.468124
227.375		0.468124
227.5		0.468124
227.625		0.468124
227.75		0.468124
227.875		0.468124
228		0.468124
228.125		0.473983
228.25		0.473983
228.375		0.473983
228.5		0.473983
228.625		0.473983
228.75		0.473983
228.875		0.473983
229		0.473983
229.125		0.47738
229.25		0.47738
229.375		0.47738
229.5		0.47738
229.625		0.47738
229.75		0.47738
229.875		0.47738
230		0.47738
230.125		0.477692
230.25		0.477692
230.375		0.477692
230.5		0.477692
230.625		0.477692
230.75		0.477692
230.875		0.477692
231		0.477692
231.125		0.477949
231.25		0.477949
231.375		0.477949
231.5		0.477949
231.625		0.477949
231.75		0.477949
231.875		0.477949
232		0.477949
232.125		0.482835
232.25		0.482835
232.375		0.482835
232.5		0.482835
232.625		0.482835
232.75		0.482835
232.875		0.482835
233		0.482835
233.125		0.48444
233.25		0.48444
233.375		0.48444
233.5		0.48444
233.625		0.48444
233.75		0.48444
233.875		0.48444
234		0.48444
234.125		0.487923
234.25		0.487923
234.375		0.487923
234.5		0.487923
234.625		0.487923
234.75		0.487923
234.875		0.487923
235		0.487923
235.125		0.489473
235.25		0.489473
235.375		0.489473
235.5		0.489473
235.625		0.489473
235.75		0.489473
235.875		0.489473
236		0.489473
236.125		0.490432
236.25		0.490432
236.375		0.490432
236.5		0.490432
236.625		0.490432
236.75		0.490432
236.875		0.490432
237		0.490432
237.125		0.493151
237.25		0.493151
237.375		0.493151
237.5		0.493151
237.625		0.493151
237.75		0.493151
237.875		0.493151
238		0.493151
238.125		0.497678
238.25		0.497678
238.375		0.497678
238.5		0.497678
238.625		0.497678
238.75		0.497678
238.875		0.497678
239		0.497678
239.125		0.498216
239.25		0.498216
239.375		0.498216
239.5		0.498216
239.625		0.498216
239.75		0.498216
239.875		0.498216
240		0.498216
240.125		0.499494
240.25		0.499494
240.375		0.499494
240.5		0.499494
240.625		0.499494
240.75		0.499494
240.875		0.499494
241		0.499494
241.125		0.501691
241.25		0.501691
241.375		0.501691
241.5		0.501691
241.625		0.501691
241.75		0.501691
241.875		0.501691
242		0.501691
242.125		0.50642
242.25		0.50642
242.375		0.50642
242.5		0.50642
242.625		0.50642
242.75		0.50642
242.875		0.50642
243		0.50642
243.125		0.508875
243.25		0.508875
243.375		0.508875
243.5		0.508875
243.625		0.508875
243.75		0.508875
243.875		0.508875
244		0.508875
244.125		0.509218
244.25		0.509218
244.375		0.509218
244.5		0.509218
244.625		0.509218
244.75		0.509218
244.875		0.509218
245		0.509218
245.125		0.511805
245.25		0.511805
245.375		0.511805
245.5		0.511805
245.625		0.511805
245.75		0.511805
245.875		0.511805
246		0.511805
246.125		0.51489
246.25		0.51489
246.375		0.51489
246.5		0.51489
246.625		0.51489
246.75		0.51489
246.875		0.51489
247		0.51489
247.125		0.517493
247.25		0.517493
247.375		0.517493
247.5		0.517493
247.625		0.517493
247.75		0.517493
247.875		0.517493
248		0.517493
248.125		0.519456
248.25		0.519456
248.375		0.519456
248.5		0.519456
248.625		0.519456
248.75		0.519456
248.875		0.519456
249		0.519456
249.125		0.522066
249.25		0.522066
249.375		0.522066
249.5		0.522066
249.625		0.522066
249.75		0.522066
249.875		0.522066
250		0.522066
250.125		0.52424
250.25		0.52424
250.375		0.52424
250.5		0.52424
250.625		0.52424
250.75		0.52424
250.875		0.52424
251		0.52424
251.125		0.525144
251.25		0.525144
251.375		0.525144
251.5		0.525144
251.625		0.525144
251.75		0.525144
251.875		0.525144
252		0.525144
252.125		0.527225
252.25		0.527225
252.375		0.527225
252.5		0.527225
252.625		0.527225
252.75		0.527225
252.875		0.527225
253		0.527225
253.125		0.530076
253.25		0.530076
253.375		0.530076
253.5		0.530076
253.625		0.530076
253.75		0.530076
253.875		0.530076
254		0.530076
254.125		0.535048
254.25		0.535048
254.375		0.535048
254.5		0.535048
254.625		0.535048
254.75		0.535048
254.875		0.535048
255		0.535048
255.125		0.535312
255.25		0.535312
255.375		0.535312
255.5		0.535312
255.625		0.535312
255.75		0.535312
255.875		0.535312
256		0.535312
256.125		0.535749
256.25		0.535749
256.375		0.535749
256.5		0.535749
256.625		0.535749
256.75		0.535749
256.875		0.535749
257		0.535749
257.125		0.537112
257.25		0.537112
257.375		0.537112
257.5		0.537112
257.625		0.537112
257.75		0.537112
257.875		0.537112
258		0.537112
258.125		0.539154
258.25		0.539154
258.375		0.539154
258.5		0.539154
258.625		0.539154
258.75		0.539154
258.875		0.539154
259		0.539154
259.125		0.546135
259.25		0.546135
259.375		0.546135
259.5		0.546135
259.625		0.546135
259.75		0.546135
259.875		0.546135
260		0.546135
260.125		0.546712
260.25		0.546712
260.375		0.546712
260.5		0.546712
260.625		0.546712
260.75		0.546712
260.875		0.546712
261		0.546712
261.125		0.547086
261.25		0.547086
261.375		0.547086
261.5		0.547086
261.625		0.547086
261.75		0.547086
261.875		0.547086
262		0.547086
262.125		0.549174
262.25		0.549174
262.375		0.549174
262.5		0.549174
262.625		0.549174
262.75		0.549174
262.875		0.549174
263		0.549174
263.125		0.549953
263.25		0.549953
263.375		0.549953
263.5		0.549953
263.625		0.549953
263.75		0.549953
263.875		0.549953
264		0.549953
264.125		0.556054
264.25		0.556054
264.375		0.556054
264.5		0.556054
264.625		0.556054
264.75		0.556054
264.875		0.556054
265		0.556054
265.125		0.556935
265.25		0.556935
265.375		0.556935
265.5		0.556935
265.625		0.556935
265.75		0.556935
265.875		0.556935
266		0.556935
266.125		0.557418
266.25		0.557418
266.375		0.557418
266.5		0.557418
266.625		0.557418
266.75		0.557418
266.875		0.557418
267		0.557418
267.125		0.559381
267.25		0.559381
267.375		0.559381
267.5		0.559381
267.625		0.559381
267.75		0.559381
267.875		0.559381
268		0.559381
268.125		0.564656
268.25		0.564656
268.375		0.564656
268.5		0.564656
268.625		0.564656
268.75		0.564656
268.875		0.564656
269		0.564656
269.125		0.56503
269.25		0.56503
269.375		0.56503
269.5		0.56503
269.625		0.56503
269.75		0.56503
269.875		0.56503
270		0.56503
270.125		0.566511
270.25		0.566511
270.375		0.566511
270.5		0.566511
270.625		0.566511
270.75		0.566511
270.875		0.566511
271		0.566511
271.125		0.567274
271.25		0.567274
271.375		0.567274
271.5		0.567274
271.625		0.567274
271.75		0.567274
271.875		0.567274
272		0.567274
272.125		0.572152
272.25		0.572152
272.375		0.572152
272.5		0.572152
272.625		0.572152
272.75		0.572152
272.875		0.572152
273		0.572152
273.125		0.572355
273.25		0.572355
273.375		0.572355
273.5		0.572355
273.625		0.572355
273.75		0.572355
273.875		0.572355
274		0.572355
274.125		0.574474
274.25		0.574474
274.375		0.574474
274.5		0.574474
274.625		0.574474
274.75		0.574474
274.875		0.574474
275		0.574474
275.125		0.575651
275.25		0.575651
275.375		0.575651
275.5		0.575651
275.625		0.575651
275.75		0.575651
275.875		0.575651
276		0.575651
276.125		0.580333
276.25		0.580333
276.375		0.580333
276.5		0.580333
276.625		0.580333
276.75		0.580333
276.875		0.580333
277		0.580333
277.125		0.581424
277.25		0.581424
277.375		0.581424
277.5		0.581424
277.625		0.581424
277.75		0.581424
277.875		0.581424
278		0.581424
278.125		0.582055
278.25		0.582055
278.375		0.582055
278.5		0.582055
278.625		0.582055
278.75		0.582055
278.875		0.582055
279		0.582055
279.125		0.583762
279.25		0.583762
279.375		0.583762
279.5		0.583762
279.625		0.583762
279.75		0.583762
279.875		0.583762
280		0.583762
280.125		0.591538
280.25		0.591538
280.375		0.591538
280.5		0.591538
280.625		0.591538
280.75		0.591538
280.875		0.591538
281		0.591538
281.125		0.591951
281.25		0.591951
281.375		0.591951
281.5		0.591951
281.625		0.591951
281.75		0.591951
281.875		0.591951
282		0.591951
282.125		0.593642
282.25		0.593642
282.375		0.593642
282.5		0.593642
282.625		0.593642
282.75		0.593642
282.875		0.593642
283		0.593642
283.125		0.594663
283.25		0.594663
283.375		0.594663
283.5		0.594663
283.625		0.594663
283.75		0.594663
283.875		0.594663
284		0.594663
284.125		0.598169
284.25		0.598169
284.375		0.598169
284.5		0.598169
284.625		0.598169
284.75		0.598169
284.875		0.598169
285		0.598169
285.125		0.600156
285.25		0.600156
285.375		0.600156
285.5		0.600156
285.625		0.600156
285.75		0.600156
285.875		0.600156
286		0.600156
286.125		0.602774
286.25		0.602774
286.375		0.602774
286.5		0.602774
286.625		0.602774
286.75		0.602774
286.875		0.602774
287		0.602774
287.125		0.60434
287.25		0.60434
287.375		0.60434
287.5		0.60434
287.625		0.60434
287.75		0.60434
287.875		0.60434
288		0.60434
288.125		0.606763
288.25		0.606763
288.375		0.606763
288.5		0.606763
288.625		0.606763
288.75		0.606763
288.875		0.606763
289		0.606763
289.125		0.608703
289.25		0.608703
289.375		0.608703
289.5		0.608703
289.625		0.608703
289.75		0.608703
289.875		0.608703
290		0.608703
290.125		0.610628
290.25		0.610628
290.375		0.610628
290.5		0.610628
290.625		0.610628
290.75		0.610628
290.875		0.610628
291		0.610628
291.125		0.612397
291.25		0.612397
291.375		0.612397
291.5		0.612397
291.625		0.612397
291.75		0.612397
291.875		0.612397
292		0.612397
292.125		0.617087
292.25		0.617087
292.375		0.617087
292.5		0.617087
292.625		0.617087
292.75		0.617087
292.875		0.617087
293		0.617087
293.125		0.618833
293.25		0.618833
293.375		0.618833
293.5		0.618833
293.625		0.618833
293.75		0.618833
293.875		0.618833
294		0.618833
294.125		0.621014
294.25		0.621014
294.375		0.621014
294.5		0.621014
294.625		0.621014
294.75		0.621014
294.875		0.621014
295		0.621014
295.125		0.621233
295.25		0.621233
295.375		0.621233
295.5		0.621233
295.625		0.621233
295.75		0.621233
295.875		0.621233
296		0.621233
296.125		0.622674
296.25		0.622674
296.375		0.622674
296.5		0.622674
296.625		0.622674
296.75		0.622674
296.875		0.622674
297		0.622674
297.125		0.627825
297.25		0.627825
297.375		0.627825
297.5		0.627825
297.625		0.627825
297.75		0.627825
297.875		0.627825
298		0.627825
298.125		0.630092
298.25		0.630092
298.375		0.630092
298.5		0.630092
298.625		0.630092
298.75		0.630092
298.875		0.630092
299		0.630092
299.125		0.632367
299.25		0.632367
299.375		0.632367
299.5		0.632367
299.625		0.632367
299.75		0.632367
299.875		0.632367
300		0.632367
300.125		0.632803
300.25		0.632803
300.375		0.632803
300.5		0.632803
300.625		0.632803
300.75		0.632803
300.875		0.632803
301		0.632803
301.125		0.634385
301.25		0.634385
301.375		0.634385
301.5		0.634385
301.625		0.634385
301.75		0.634385
301.875		0.634385
302		0.634385
302.125		0.638484
302.25		0.638484
302.375		0.638484
302.5		0.638484
302.625		0.638484
302.75		0.638484
302.875		0.638484
303		0.638484
303.125		0.640697
303.25		0.640697
303.375		0.640697
303.5		0.640697
303.625		0.640697
303.75		0.640697
303.875		0.640697
304		0.640697
304.125		0.643393
304.25		0.643393
304.375		0.643393
304.5		0.643393
304.625		0.643393
304.75		0.643393
304.875		0.643393
305		0.643393
305.125		0.649026
305.25		0.649026
305.375		0.649026
305.5		0.649026
305.625		0.649026
305.75		0.649026
305.875		0.649026
306		0.649026
306.125		0.650834
306.25		0.650834
306.375		0.650834
306.5		0.650834
306.625		0.650834
306.75		0.650834
306.875		0.650834
307		0.650834
307.125		0.651683
307.25		0.651683
307.375		0.651683
307.5		0.651683
307.625		0.651683
307.75		0.651683
307.875		0.651683
308		0.651683
308.125		0.656997
308.25		0.656997
308.375		0.656997
308.5		0.656997
308.625		0.656997
308.75		0.656997
308.875		0.656997
309		0.656997
309.125		0.658618
309.25		0.658618
309.375		0.658618
309.5		0.658618
309.625		0.658618
309.75		0.658618
309.875		0.658618
310		0.658618
310.125		0.660877
310.25		0.660877
310.375		0.660877
310.5		0.660877
310.625		0.660877
310.75		0.660877
310.875		0.660877
311		0.660877
311.125		0.665038
311.25		0.665038
311.375		0.665038
311.5		0.665038
311.625		0.665038
311.75		0.665038
311.875		0.665038
312		0.665038
312.125		0.667867
312.25		0.667867
312.375		0.667867
312.5		0.667867
312.625		0.667867
312.75		0.667867
312.875		0.667867
313		0.667867
313.125		0.668155
313.25		0.668155
313.375		0.668155
313.5		0.668155
313.625		0.668155
313.75		0.668155
313.875		0.668155
314		0.668155
314.125		0.668389
314.25		0.668389
314.375		0.668389
314.5		0.668389
314.625		0.668389
314.75		0.668389
314.875		0.668389
315		0.668389
315.125		0.67064
315.25		0.67064
315.375		0.67064
315.5		0.67064
315.625		0.67064
315.75		0.67064
315.875		0.67064
316		0.67064
316.125		0.67417
316.25		0.67417
316.375		0.67417
316.5		0.67417
316.625		0.67417
316.75		0.67417
316.875		0.67417
317		0.67417
317.125		0.675939
317.25		0.675939
317.375		0.675939
317.5		0.675939
317.625		0.675939
317.75		0.675939
317.875		0.675939
318		0.675939
318.125		0.677396
318.25		0.677396
318.375		0.677396
318.5		0.677396
318.625		0.677396
318.75		0.677396
318.875		0.677396
319		0.677396
319.125		0.679913
319.25		0.679913
319.375		0.679913
319.5		0.679913
319.625		0.679913
319.75		0.679913
319.875		0.679913
320		0.679913
320.125		0.681744
320.25		0.681744
320.375		0.681744
320.5		0.681744
320.625		0.681744
320.75		0.681744
320.875		0.681744
321		0.681744
321.125		0.683279
321.25		0.683279
321.375		0.683279
321.5		0.683279
321.625		0.683279
321.75		0.683279
321.875		0.683279
322		0.683279
322.125		0.685951
322.25		0.685951
322.375		0.685951
322.5		0.685951
322.625		0.685951
322.75		0.685951
322.875		0.685951
323		0.685951
323.125		0.688733
323.25		0.688733
323.375		0.688733
323.5		0.688733
323.625		0.688733
323.75		0.688733
323.875		0.688733
324		0.688733
324.125		0.690439
324.25		0.690439
324.375		0.690439
324.5		0.690439
324.625		0.690439
324.75		0.690439
324.875		0.690439
325		0.690439
325.125		0.691982
325.25		0.691982
325.375		0.691982
325.5		0.691982
325.625		0.691982
325.75		0.691982
325.875		0.691982
326		0.691982
326.125		0.693829
326.25		0.693829
326.375		0.693829
326.5		0.693829
326.625		0.693829
326.75		0.693829
326.875		0.693829
327		0.693829
327.125		0.694515
327.25		0.694515
327.375		0.694515
327.5		0.694515
327.625		0.694515
327.75		0.694515
327.875		0.694515
328		0.694515
328.125		0.697312
328.25		0.697312
328.375		0.697312
328.5		0.697312
328.625		0.697312
328.75		0.697312
328.875		0.697312
329		0.697312
329.125		0.702486
329.25		0.702486
329.375		0.702486
329.5		0.702486
329.625		0.702486
329.75		0.702486
329.875		0.702486
330		0.702486
330.125		0.702883
330.25		0.702883
330.375		0.702883
330.5		0.702883
330.625		0.702883
330.75		0.702883
330.875		0.702883
331		0.702883
331.125		0.704161
331.25		0.704161
331.375		0.704161
331.5		0.704161
331.625		0.704161
331.75		0.704161
331.875		0.704161
332		0.704161
332.125		0.707683
332.25		0.707683
332.375		0.707683
332.5		0.707683
332.625		0.707683
332.75		0.707683
332.875		0.707683
333		0.707683
333.125		0.709451
333.25		0.709451
333.375		0.709451
333.5		0.709451
333.625		0.709451
333.75		0.709451
333.875		0.709451
334		0.709451
334.125		0.713012
334.25		0.713012
334.375		0.713012
334.5		0.713012
334.625		0.713012
334.75		0.713012
334.875		0.713012
335		0.713012
335.125		0.716573
335.25		0.716573
335.375		0.716573
335.5		0.716573
335.625		0.716573
335.75		0.716573
335.875		0.716573
336		0.716573
336.125		0.717547
336.25		0.717547
336.375		0.717547
336.5		0.717547
336.625		0.717547
336.75		0.717547
336.875		0.717547
337		0.717547
337.125		0.719355
337.25		0.719355
337.375		0.719355
337.5		0.719355
337.625		0.719355
337.75		0.719355
337.875		0.719355
338		0.719355
338.125		0.723718
338.25		0.723718
338.375		0.723718
338.5		0.723718
338.625		0.723718
338.75		0.723718
338.875		0.723718
339		0.723718
339.125		0.724046
339.25		0.724046
339.375		0.724046
339.5		0.724046
339.625		0.724046
339.75		0.724046
339.875		0.724046
340		0.724046
340.125		0.724381
340.25		0.724381
340.375		0.724381
340.5		0.724381
340.625		0.724381
340.75		0.724381
340.875		0.724381
341		0.724381
341.125		0.731728
341.25		0.731728
341.375		0.731728
341.5		0.731728
341.625		0.731728
341.75		0.731728
341.875		0.731728
342		0.731728
342.125		0.734401
342.25		0.734401
342.375		0.734401
342.5		0.734401
342.625		0.734401
342.75		0.734401
342.875		0.734401
343		0.734401
343.125		0.73497
343.25		0.73497
343.375		0.73497
343.5		0.73497
343.625		0.73497
343.75		0.73497
343.875		0.73497
344		0.73497
344.125		0.736777
344.25		0.736777
344.375		0.736777
344.5		0.736777
344.625		0.736777
344.75		0.736777
344.875		0.736777
345		0.736777
345.125		0.743198
345.25		0.743198
345.375		0.743198
345.5		0.743198
345.625		0.743198
345.75		0.743198
345.875		0.743198
346		0.743198
346.125		0.745286
346.25		0.745286
346.375		0.745286
346.5		0.745286
346.625		0.745286
346.75		0.745286
346.875		0.745286
347		0.745286
347.125		0.74612
347.25		0.74612
347.375		0.74612
347.5		0.74612
347.625		0.74612
347.75		0.74612
347.875		0.74612
348		0.74612
348.125		0.748512
348.25		0.748512
348.375		0.748512
348.5		0.748512
348.625		0.748512
348.75		0.748512
348.875		0.748512
349		0.748512
349.125		0.748925
349.25		0.748925
349.375		0.748925
349.5		0.748925
349.625		0.748925
349.75		0.748925
349.875		0.748925
350		0.748925
350.125		0.753966
350.25		0.753966
350.375		0.753966
350.5		0.753966
350.625		0.753966
350.75		0.753966
350.875		0.753966
351		0.753966
351.125		0.755828
351.25		0.755828
351.375		0.755828
351.5		0.755828
351.625		0.755828
351.75		0.755828
351.875		0.755828
352		0.755828
352.125		0.758516
352.25		0.758516
352.375		0.758516
352.5		0.758516
352.625		0.758516
352.75		0.758516
352.875		0.758516
353		0.758516
353.125		0.759974
353.25		0.759974
353.375		0.759974
353.5		0.759974
353.625		0.759974
353.75		0.759974
353.875		0.759974
354		0.759974
354.125		0.760145
354.25		0.760145
354.375		0.760145
354.5		0.760145
354.625		0.760145
354.75		0.760145
354.875		0.760145
355		0.760145
355.125		0.760503
355.25		0.760503
355.375		0.760503
355.5		0.760503
355.625		0.760503
355.75		0.760503
355.875		0.760503
356		0.760503
356.125		0.76768
356.25		0.76768
356.375		0.76768
356.5		0.76768
356.625		0.76768
356.75		0.76768
356.875		0.76768
357		0.76768
357.125		0.769612
357.25		0.769612
357.375		0.769612
357.5		0.769612
357.625		0.769612
357.75		0.769612
357.875		0.769612
358		0.769612
358.125		0.77089
358.25		0.77089
358.375		0.77089
358.5		0.77089
358.625		0.77089
358.75		0.77089
358.875		0.77089
359		0.77089
359.125		0.773251
359.25		0.773251
359.375		0.773251
359.5		0.773251
359.625		0.773251
359.75		0.773251
359.875		0.773251
360		0.773251
360.125		0.776445
360.25		0.776445
360.375		0.776445
360.5		0.776445
360.625		0.776445
360.75		0.776445
360.875		0.776445
361		0.776445
361.125		0.778752
361.25		0.778752
361.375		0.778752
361.5		0.778752
361.625		0.778752
361.75		0.778752
361.875		0.778752
362		0.778752
362.125		0.77943
362.25		0.77943
362.375		0.77943
362.5		0.77943
362.625		0.77943
362.75		0.77943
362.875		0.77943
363		0.77943
363.125		0.78292
363.25		0.78292
363.375		0.78292
363.5		0.78292
363.625		0.78292
363.75		0.78292
363.875		0.78292
364		0.78292
364.125		0.784097
364.25		0.784097
364.375		0.784097
364.5		0.784097
364.625		0.784097
364.75		0.784097
364.875		0.784097
365		0.784097
365.125		0.787097
365.25		0.787097
365.375		0.787097
365.5		0.787097
365.625		0.787097
365.75		0.787097
365.875		0.787097
366		0.787097
366.125		0.791834
366.25		0.791834
366.375		0.791834
366.5		0.791834
366.625		0.791834
366.75		0.791834
366.875		0.791834
367		0.791834
367.125		0.792364
367.25		0.792364
367.375		0.792364
367.5		0.792364
367.625		0.792364
367.75		0.792364
367.875		0.792364
368		0.792364
368.125		0.793478
368.25		0.793478
368.375		0.793478
368.5		0.793478
368.625		0.793478
368.75		0.793478
368.875		0.793478
369		0.793478
369.125		0.796696
369.25		0.796696
369.375		0.796696
369.5		0.796696
369.625		0.796696
369.75		0.796696
369.875		0.796696
370		0.796696
370.125		0.802322
370.25		0.802322
370.375		0.802322
370.5		0.802322
370.625		0.802322
370.75		0.802322
370.875		0.802322
371		0.802322
371.125		0.803615
371.25		0.803615
371.375		0.803615
371.5		0.803615
371.625		0.803615
371.75		0.803615
371.875		0.803615
372		0.803615
372.125		0.805867
372.25		0.805867
372.375		0.805867
372.5		0.805867
372.625		0.805867
372.75		0.805867
372.875		0.805867
373		0.805867
373.125		0.808127
373.25		0.808127
373.375		0.808127
373.5		0.808127
373.625		0.808127
373.75		0.808127
373.875		0.808127
374		0.808127
374.125		0.812888
374.25		0.812888
374.375		0.812888
374.5		0.812888
374.625		0.812888
374.75		0.812888
374.875		0.812888
375		0.812888
375.125		0.813223
375.25		0.813223
375.375		0.813223
375.5		0.813223
375.625		0.813223
375.75		0.813223
375.875		0.813223
376		0.813223
376.125		0.816277
376.25		0.816277
376.375		0.816277
376.5		0.816277
376.625		0.816277
376.75		0.816277
376.875		0.816277
377		0.816277
377.125		0.816464
377.25		0.816464
377.375		0.816464
377.5		0.816464
377.625		0.816464
377.75		0.816464
377.875		0.816464
378		0.816464
378.125		0.820461
378.25		0.820461
378.375		0.820461
378.5		0.820461
378.625		0.820461
378.75		0.820461
378.875		0.820461
379		0.820461
379.125		0.823407
379.25		0.823407
379.375		0.823407
379.5		0.823407
379.625		0.823407
379.75		0.823407
379.875		0.823407
380		0.823407
380.125		0.824279
380.25		0.824279
380.375		0.824279
380.5		0.824279
380.625		0.824279
380.75		0.824279
380.875		0.824279
381		0.824279
381.125		0.825534
381.25		0.825534
381.375		0.825534
381.5		0.825534
381.625		0.825534
381.75		0.825534
381.875		0.825534
382		0.825534
382.125		0.829266
382.25		0.829266
382.375		0.829266
382.5		0.829266
382.625		0.829266
382.75		0.829266
382.875		0.829266
383		0.829266
383.125		0.832165
383.25		0.832165
383.375		0.832165
383.5		0.832165
383.625		0.832165
383.75		0.832165
383.875		0.832165
384		0.832165
384.125		0.833045
384.25		0.833045
384.375		0.833045
384.5		0.833045
384.625		0.833045
384.75		0.833045
384.875		0.833045
385		0.833045
385.125		0.83698
385.25		0.83698
385.375		0.83698
385.5		0.83698
385.625		0.83698
385.75		0.83698
385.875		0.83698
386		0.83698
386.125		0.839886
386.25		0.839886
386.375		0.839886
386.5		0.839886
386.625		0.839886
386.75		0.839886
386.875		0.839886
387		0.839886
387.125		0.840307
387.25		0.840307
387.375		0.840307
387.5		0.840307
387.625		0.840307
387.75		0.840307
387.875		0.840307
388		0.840307
388.125		0.84206
388.25		0.84206
388.375		0.84206
388.5		0.84206
388.625		0.84206
388.75		0.84206
388.875		0.84206
389		0.84206
389.125		0.844702
389.25		0.844702
389.375		0.844702
389.5		0.844702
389.625		0.844702
389.75		0.844702
389.875		0.844702
390		0.844702
390.125		0.846018
390.25		0.846018
390.375		0.846018
390.5		0.846018
390.625		0.846018
390.75		0.846018
390.875		0.846018
391		0.846018
391.125		0.847327
391.25		0.847327
391.375		0.847327
391.5		0.847327
391.625		0.847327
391.75		0.847327
391.875		0.847327
392		0.847327
392.125		0.852088
392.25		0.852088
392.375		0.852088
392.5		0.852088
392.625		0.852088
392.75		0.852088
392.875		0.852088
393		0.852088
393.125		0.853436
393.25		0.853436
393.375		0.853436
393.5		0.853436
393.625		0.853436
393.75		0.853436
393.875		0.853436
394		0.853436
394.125		0.854184
394.25		0.854184
394.375		0.854184
394.5		0.854184
394.625		0.854184
394.75		0.854184
394.875		0.854184
395		0.854184
395.125		0.856865
395.25		0.856865
395.375		0.856865
395.5		0.856865
395.625		0.856865
395.75		0.856865
395.875		0.856865
396		0.856865
396.125		0.858244
396.25		0.858244
396.375		0.858244
396.5		0.858244
396.625		0.858244
396.75		0.858244
396.875		0.858244
397		0.858244
397.125		0.85882
397.25		0.85882
397.375		0.85882
397.5		0.85882
397.625		0.85882
397.75		0.85882
397.875		0.85882
398		0.85882
398.125		0.863215
398.25		0.863215
398.375		0.863215
398.5		0.863215
398.625		0.863215
398.75		0.863215
398.875		0.863215
399		0.863215
399.125		0.866176
399.25		0.866176
399.375		0.866176
399.5		0.866176
399.625		0.866176
399.75		0.866176
399.875		0.866176
400		0.866176
400.125		0.866511
400.25		0.866511
400.375		0.866511
400.5		0.866511
400.625		0.866511
400.75		0.866511
400.875		0.866511
401		0.866511
401.125		0.868693
401.25		0.868693
401.375		0.868693
401.5		0.868693
401.625		0.868693
401.75		0.868693
401.875		0.868693
402		0.868693
402.125		0.873064
402.25		0.873064
402.375		0.873064
402.5		0.873064
402.625		0.873064
402.75		0.873064
402.875		0.873064
403		0.873064
403.125		0.875417
403.25		0.875417
403.375		0.875417
403.5		0.875417
403.625		0.875417
403.75		0.875417
403.875		0.875417
404		0.875417
404.125		0.875682
404.25		0.875682
404.375		0.875682
404.5		0.875682
404.625		0.875682
404.75		0.875682
404.875		0.875682
405		0.875682
405.125		0.877287
405.25		0.877287
405.375		0.877287
405.5		0.877287
405.625		0.877287
405.75		0.877287
405.875		0.877287
406		0.877287
406.125		0.880466
406.25		0.880466
406.375		0.880466
406.5		0.880466
406.625		0.880466
406.75		0.880466
406.875		0.880466
407		0.880466
407.125		0.885235
407.25		0.885235
407.375		0.885235
407.5		0.885235
407.625		0.885235
407.75		0.885235
407.875		0.885235
408		0.885235
408.125		0.886551
408.25		0.886551
408.375		0.886551
408.5		0.886551
408.625		0.886551
408.75		0.886551
408.875		0.886551
409		0.886551
409.125		0.88832
409.25		0.88832
409.375		0.88832
409.5		0.88832
409.625		0.88832
409.75		0.88832
409.875		0.88832
410		0.88832
410.125		0.888819
410.25		0.888819
410.375		0.888819
410.5		0.888819
410.625		0.888819
410.75		0.888819
410.875		0.888819
411		0.888819
411.125		0.891351
411.25		0.891351
411.375		0.891351
411.5		0.891351
411.625		0.891351
411.75		0.891351
411.875		0.891351
412		0.891351
412.125		0.894928
412.25		0.894928
412.375		0.894928
412.5		0.894928
412.625		0.894928
412.75		0.894928
412.875		0.894928
413		0.894928
413.125		0.8952
413.25		0.8952
413.375		0.8952
413.5		0.8952
413.625		0.8952
413.75		0.8952
413.875		0.8952
414		0.8952
414.125		0.898138
414.25		0.898138
414.375		0.898138
414.5		0.898138
414.625		0.898138
414.75		0.898138
414.875		0.898138
415		0.898138
415.125		0.900109
415.25		0.900109
415.375		0.900109
415.5		0.900109
415.625		0.900109
415.75		0.900109
415.875		0.900109
416		0.900109
416.125		0.90487
416.25		0.90487
416.375		0.90487
416.5		0.90487
416.625		0.90487
416.75		0.90487
416.875		0.90487
417		0.90487
417.125		0.905579
417.25		0.905579
417.375		0.905579
417.5		0.905579
417.625		0.905579
417.75		0.905579
417.875		0.905579
418		0.905579
418.125		0.906343
418.25		0.906343
418.375		0.906343
418.5		0.906343
418.625		0.906343
418.75		0.906343
418.875		0.906343
419		0.906343
419.125		0.90688
419.25		0.90688
419.375		0.90688
419.5		0.90688
419.625		0.90688
419.75		0.90688
419.875		0.90688
420		0.90688
420.125		0.91348
420.25		0.91348
420.375		0.91348
420.5		0.91348
420.625		0.91348
420.75		0.91348
420.875		0.91348
421		0.91348
421.125		0.914212
421.25		0.914212
421.375		0.914212
421.5		0.914212
421.625		0.914212
421.75		0.914212
421.875		0.914212
422		0.914212
422.125		0.915958
422.25		0.915958
422.375		0.915958
422.5		0.915958
422.625		0.915958
422.75		0.915958
422.875		0.915958
423		0.915958
423.125		0.916277
423.25		0.916277
423.375		0.916277
423.5		0.916277
423.625		0.916277
423.75		0.916277
423.875		0.916277
424		0.916277
424.125		0.920235
424.25		0.920235
424.375		0.920235
424.5		0.920235
424.625		0.920235
424.75		0.920235
424.875		0.920235
425		0.920235
425.125		0.923048
425.25		0.923048
425.375		0.923048
425.5		0.923048
425.625		0.923048
425.75		0.923048
425.875		0.923048
426		0.923048
426.125		0.923765
426.25		0.923765
426.375		0.923765
426.5		0.923765
426.625		0.923765
426.75		0.923765
426.875		0.923765
427		0.923765
427.125		0.92851
427.25		0.92851
427.375		0.92851
427.5		0.92851
427.625		0.92851
427.75		0.92851
427.875		0.92851
428		0.92851
428.125		0.929593
428.25		0.929593
428.375		0.929593
428.5		0.929593
428.625		0.929593
428.75		0.929593
428.875		0.929593
429		0.929593
429.125		0.932071
429.25		0.932071
429.375		0.932071
429.5		0.932071
429.625		0.932071
429.75		0.932071
429.875		0.932071
430		0.932071
430.125		0.93345
430.25		0.93345
430.375		0.93345
430.5		0.93345
430.625		0.93345
430.75		0.93345
430.875		0.93345
431		0.93345
431.125		0.934409
431.25		0.934409
431.375		0.934409
431.5		0.934409
431.625		0.934409
431.75		0.934409
431.875		0.934409
432		0.934409
432.125		0.934837
432.25		0.934837
432.375		0.934837
432.5		0.934837
432.625		0.934837
432.75		0.934837
432.875		0.934837
433		0.934837
433.125		0.937564
433.25		0.937564
433.375		0.937564
433.5		0.937564
433.625		0.937564
433.75		0.937564
433.875		0.937564
434		0.937564
434.125		0.942458
434.25		0.942458
434.375		0.942458
434.5		0.942458
434.625		0.942458
434.75		0.942458
434.875		0.942458
435		0.942458
435.125		0.943276
435.25		0.943276
435.375		0.943276
435.5		0.943276
435.625		0.943276
435.75		0.943276
435.875		0.943276
436		0.943276
436.125		0.94506
436.25		0.94506
436.375		0.94506
436.5		0.94506
436.625		0.94506
436.75		0.94506
436.875		0.94506
437		0.94506
437.125		0.94552
437.25		0.94552
437.375		0.94552
437.5		0.94552
437.625		0.94552
437.75		0.94552
437.875		0.94552
438		0.94552
438.125		0.948286
438.25		0.948286
438.375		0.948286
438.5		0.948286
438.625		0.948286
438.75		0.948286
438.875		0.948286
439		0.948286
439.125		0.954465
439.25		0.954465
439.375		0.954465
439.5		0.954465
439.625		0.954465
439.75		0.954465
439.875		0.954465
440		0.954465
440.125		0.954901
440.25		0.954901
440.375		0.954901
440.5		0.954901
440.625		0.954901
440.75		0.954901
440.875		0.954901
441		0.954901
441.125		0.955719
441.25		0.955719
441.375		0.955719
441.5		0.955719
441.625		0.955719
441.75		0.955719
441.875		0.955719
442		0.955719
442.125		0.961096
442.25		0.961096
442.375		0.961096
442.5		0.961096
442.625		0.961096
442.75		0.961096
442.875		0.961096
443		0.961096
443.125		0.961508
443.25		0.961508
443.375		0.961508
443.5		0.961508
443.625		0.961508
443.75		0.961508
443.875		0.961508
444		0.961508
444.125		0.961875
444.25		0.961875
444.375		0.961875
444.5		0.961875
444.625		0.961875
444.75		0.961875
444.875		0.961875
445		0.961875
445.125		0.965708
445.25		0.965708
445.375		0.965708
445.5		0.965708
445.625		0.965708
445.75		0.965708
445.875		0.965708
446		0.965708
446.125		0.968646
446.25		0.968646
446.375		0.968646
446.5		0.968646
446.625		0.968646
446.75		0.968646
446.875		0.968646
447		0.968646
447.125		0.97336
447.25		0.97336
447.375		0.97336
447.5		0.97336
447.625		0.97336
447.75		0.97336
447.875		0.97336
448		0.97336
448.125		0.974194
448.25		0.974194
448.375		0.974194
448.5		0.974194
448.625		0.974194
448.75		0.974194
448.875		0.974194
449		0.974194
449.125		0.974708
449.25		0.974708
449.375		0.974708
449.5		0.974708
449.625		0.974708
449.75		0.974708
449.875		0.974708
450		0.974708
450.125		0.977022
450.25		0.977022
450.375		0.977022
450.5		0.977022
450.625		0.977022
450.75		0.977022
450.875		0.977022
451		0.977022
451.125		0.981011
451.25		0.981011
451.375		0.981011
451.5		0.981011
451.625		0.981011
451.75		0.981011
451.875		0.981011
452		0.981011
452.125		0.983411
452.25		0.983411
452.375		0.983411
452.5		0.983411
452.625		0.983411
452.75		0.983411
452.875		0.983411
453		0.983411
453.125		0.986193
453.25		0.986193
453.375		0.986193
453.5		0.986193
453.625		0.986193
453.75		0.986193
453.875		0.986193
454		0.986193
454.125		0.986583
454.25		0.986583
454.375		0.986583
454.5		0.986583
454.625		0.986583
454.75		0.986583
454.875		0.986583
455		0.986583
455.125		0.989769
455.25		0.989769
455.375		0.989769
455.5		0.989769
455.625		0.989769
455.75		0.989769
455.875		0.989769
456		0.989769
456.125		0.992559
456.25		0.992559
456.375		0.992559
456.5		0.992559
456.625		0.992559
456.75		0.992559
456.875		0.992559
457		0.992559
457.125		0.993689
457.25		0.993689
457.375		0.993689
457.5		0.993689
457.625		0.993689
457.75		0.993689
457.875		0.993689
458		0.993689
458.125		0.995847
458.25		0.995847
458.375		0.995847
458.5		0.995847
458.625		0.995847
458.75		0.995847
458.875		0.995847
459		0.995847
459.125		0.998512
459.25		0.998512
459.375		0.998512
459.5		0.998512
459.625		0.998512
459.75		0.998512
459.875		0.998512
460		0.998512
460.125		0.999525
460.25		0.999525
460.375		0.999525
460.5		0.999525
460.625		0.999525
460.75		0.999525
460.875		0.999525
461		0.999525
461.125		0.999766
461.25		0.999766
461.375		0.999766
461.5		0.999766
461.625		0.999766
461.75		0.999766
461.875		0.999766
462		0.999766
462.125		0.999868
462.25		0.999868
462.375		0.999868
462.5		0.999868
462.625		0.999868
462.75		0.999868
462.875		0.999868
463		0.999868
463.125		0.999984
463.25		0.999984
463.375		0.999984
463.5		0.999984
463.625		0.999984
463.75		0.999984
463.875		0.999984
464		0.999984
464.125		1
464.25		1
464.375		1
464.5		1
464.625		1
464.75		1
464.875		1
465		1
465.125		1
465.25		1
465.375		1
465.5		1
465.625		1
465.75		1
465.875		1
466		1
466.125		1
466.25		1
466.375		1
466.5		1
466.625		1
466.75		1
466.875		1
467		1
467.125		1
467.25		1
467.375		1
467.5		1
467.625		1
467.75		1
467.875		1
468		1
468.125		1
468.25		1
468.375		1
468.5		1
468.625		1
468.75		1
468.875		1
469		1
469.125		1
469.25		1
469.375		1
469.5		1
469.625		1
469.75		1
469.875		1
470		1
470.125		1
470.25		1
470.375		1
470.5		1
470.625		1
470.75		1
470.875		1
471		1
471.125		1
471.25		1
471.375		1
471.5		1
471.625		1
471.75		1
471.875		1
472		1
472.125		1
472.25		1
472.375		1
472.5		1
472.625		1
472.75		1
472.875		1
473		1
473.125		1
473.25		1
473.375		1
473.5		1
473.625		1
473.75		1
473.875		1
474		1
474.125		1
474.25		1
474.375		1
474.5		1
474.625		1
474.75		1
474.875		1
475		1
475.125		1
475.25		1
475.375		1
475.5		1
475.625		1
475.75		1
475.875		1
476		1
476.125		1
476.25		1
476.375		1
476.5		1
476.625		1
476.75		1
476.875		1
477		1
477.125		1
477.25		1
477.375		1
477.5		1
477.625		1
477.75		1
477.875		1
478		1
478.125		1
478.25		1
478.375		1
478.5		1
478.625		1
478.75		1
478.875		1
479		1
479.125		1
479.25		1
479.375		1
479.5		1
479.625		1
479.75		1
479.875		1
480		1
480.125		1
480.25		1
480.375		1
480.5		1
480.625		1
480.75		1
480.875		1
481		1
481.125		1
481.25		1
481.375		1
481.5		1
481.625		1
481.75		1
481.875		1
482		1
482.125		1
482.25		1
482.375		1
482.5		1
482.625		1
482.75		1
482.875		1
483		1
483.125		1
483.25		1
483.375		1
483.5		1
483.625		1
483.75		1
483.875		1
484		1
484.125		1
484.25		1
484.375		1
484.5		1
484.625		1
484.75		1
484.875		1
485		1
485.125		1
485.25		1
485.375		1
485.5		1
485.625		1
485.75		1
485.875		1
486		1
486.125		1
486.25		1
486.375		1
486.5		1
486.625		1
486.75		1
486.875		1
487		1
487.125		1
487.25		1
487.375		1
487.5		1
487.625		1
487.75		1
487.875		1
488		1
488.125		1
488.25		1
488.375		1
488.5		1
488.625		1
488.75		1
488.875		1
489		1
489.125		1
489.25		1
489.375		1
489.5		1
489.625		1
489.75		1
489.875		1
490		1
490.125		1
490.25		1
490.375		1
490.5		1
490.625		1
490.75		1
490.875		1
491		1
491.125		1
491.25		1
491.375		1
491.5		1
491.625		1
491.75		1
491.875		1
492		1
492.125		1
492.25		1
492.375		1
492.5		1
492.625		1
492.75		1
492.875		1
493		1
493.125		1
493.25		1
493.375		1
493.5		1
493.625		1
493.75		1
493.875		1
494		1
494.125		1
494.25		1
494.375		1
494.5		1
494.625		1
494.75		1
494.875		1
495		1
495.125		1
495.25		1
495.375		1
495.5		1
495.625		1
495.75		1
495.875		1
496		1
496.125		1
496.25		1
496.375		1
496.5		1
496.625		1
496.75		1
496.875		1
497		1
497.125		1
497.25		1
497.375		1
497.5		1
497.625		1
497.75		1
497.875		1
498		1
498.125		1
498.25		1
498.375		1
498.5		1
498.625		1
498.75		1
498.875		1
499		1
499.125		1
499.25		1
499.375		1
499.5		1
499.625		1
499.75		1
499.875		1
500		1
