# Calibration file of tamex_id 1 @ channel 22
# fine_T bin		 Calibration value
0.125		0
0.25		0
0.375		0
0.5		0
0.625		0
0.75		0
0.875		0
1		0
1.125		0
1.25		0
1.375		0
1.5		0
1.625		0
1.75		0
1.875		0
2		0
2.125		0
2.25		0
2.375		0
2.5		0
2.625		0
2.75		0
2.875		0
3		0
3.125		0
3.25		0
3.375		0
3.5		0
3.625		0
3.75		0
3.875		0
4		0
4.125		0
4.25		0
4.375		0
4.5		0
4.625		0
4.75		0
4.875		0
5		0
5.125		0
5.25		0
5.375		0
5.5		0
5.625		0
5.75		0
5.875		0
6		0
6.125		0
6.25		0
6.375		0
6.5		0
6.625		0
6.75		0
6.875		0
7		0
7.125		0
7.25		0
7.375		0
7.5		0
7.625		0
7.75		0
7.875		0
8		0
8.125		0
8.25		0
8.375		0
8.5		0
8.625		0
8.75		0
8.875		0
9		0
9.125		0
9.25		0
9.375		0
9.5		0
9.625		0
9.75		0
9.875		0
10		0
10.125		0
10.25		0
10.375		0
10.5		0
10.625		0
10.75		0
10.875		0
11		0
11.125		0
11.25		0
11.375		0
11.5		0
11.625		0
11.75		0
11.875		0
12		0
12.125		0
12.25		0
12.375		0
12.5		0
12.625		0
12.75		0
12.875		0
13		0
13.125		0
13.25		0
13.375		0
13.5		0
13.625		0
13.75		0
13.875		0
14		0
14.125		0
14.25		0
14.375		0
14.5		0
14.625		0
14.75		0
14.875		0
15		0
15.125		0
15.25		0
15.375		0
15.5		0
15.625		0
15.75		0
15.875		0
16		0
16.125		0.00354767
16.25		0.00354767
16.375		0.00354767
16.5		0.00354767
16.625		0.00354767
16.75		0.00354767
16.875		0.00354767
17		0.00354767
17.125		0.00994126
17.25		0.00994126
17.375		0.00994126
17.5		0.00994126
17.625		0.00994126
17.75		0.00994126
17.875		0.00994126
18		0.00994126
18.125		0.0102272
18.25		0.0102272
18.375		0.0102272
18.5		0.0102272
18.625		0.0102272
18.75		0.0102272
18.875		0.0102272
19		0.0102272
19.125		0.0121764
19.25		0.0121764
19.375		0.0121764
19.5		0.0121764
19.625		0.0121764
19.75		0.0121764
19.875		0.0121764
20		0.0121764
20.125		0.0197266
20.25		0.0197266
20.375		0.0197266
20.5		0.0197266
20.625		0.0197266
20.75		0.0197266
20.875		0.0197266
21		0.0197266
21.125		0.0208312
21.25		0.0208312
21.375		0.0208312
21.5		0.0208312
21.625		0.0208312
21.75		0.0208312
21.875		0.0208312
22		0.0208312
22.125		0.021247
22.25		0.021247
22.375		0.021247
22.5		0.021247
22.625		0.021247
22.75		0.021247
22.875		0.021247
23		0.021247
23.125		0.0218058
23.25		0.0218058
23.375		0.0218058
23.5		0.0218058
23.625		0.0218058
23.75		0.0218058
23.875		0.0218058
24		0.0218058
24.125		0.029304
24.25		0.029304
24.375		0.029304
24.5		0.029304
24.625		0.029304
24.75		0.029304
24.875		0.029304
25		0.029304
25.125		0.0300447
25.25		0.0300447
25.375		0.0300447
25.5		0.0300447
25.625		0.0300447
25.75		0.0300447
25.875		0.0300447
26		0.0300447
26.125		0.0313572
26.25		0.0313572
26.375		0.0313572
26.5		0.0313572
26.625		0.0313572
26.75		0.0313572
26.875		0.0313572
27		0.0313572
27.125		0.031981
27.25		0.031981
27.375		0.031981
27.5		0.031981
27.625		0.031981
27.75		0.031981
27.875		0.031981
28		0.031981
28.125		0.034619
28.25		0.034619
28.375		0.034619
28.5		0.034619
28.625		0.034619
28.75		0.034619
28.875		0.034619
29		0.034619
29.125		0.0362434
29.25		0.0362434
29.375		0.0362434
29.5		0.0362434
29.625		0.0362434
29.75		0.0362434
29.875		0.0362434
30		0.0362434
30.125		0.0387774
30.25		0.0387774
30.375		0.0387774
30.5		0.0387774
30.625		0.0387774
30.75		0.0387774
30.875		0.0387774
31		0.0387774
31.125		0.0392193
31.25		0.0392193
31.375		0.0392193
31.5		0.0392193
31.625		0.0392193
31.75		0.0392193
31.875		0.0392193
32		0.0392193
32.125		0.0428709
32.25		0.0428709
32.375		0.0428709
32.5		0.0428709
32.625		0.0428709
32.75		0.0428709
32.875		0.0428709
33		0.0428709
33.125		0.0443393
33.25		0.0443393
33.375		0.0443393
33.5		0.0443393
33.625		0.0443393
33.75		0.0443393
33.875		0.0443393
34		0.0443393
34.125		0.0446252
34.25		0.0446252
34.375		0.0446252
34.5		0.0446252
34.625		0.0446252
34.75		0.0446252
34.875		0.0446252
35		0.0446252
35.125		0.0473152
35.25		0.0473152
35.375		0.0473152
35.5		0.0473152
35.625		0.0473152
35.75		0.0473152
35.875		0.0473152
36		0.0473152
36.125		0.0493944
36.25		0.0493944
36.375		0.0493944
36.5		0.0493944
36.625		0.0493944
36.75		0.0493944
36.875		0.0493944
37		0.0493944
37.125		0.0522793
37.25		0.0522793
37.375		0.0522793
37.5		0.0522793
37.625		0.0522793
37.75		0.0522793
37.875		0.0522793
38		0.0522793
38.125		0.0542676
38.25		0.0542676
38.375		0.0542676
38.5		0.0542676
38.625		0.0542676
38.75		0.0542676
38.875		0.0542676
39		0.0542676
39.125		0.0562818
39.25		0.0562818
39.375		0.0562818
39.5		0.0562818
39.625		0.0562818
39.75		0.0562818
39.875		0.0562818
40		0.0562818
40.125		0.0568796
40.25		0.0568796
40.375		0.0568796
40.5		0.0568796
40.625		0.0568796
40.75		0.0568796
40.875		0.0568796
41		0.0568796
41.125		0.0578672
41.25		0.0578672
41.375		0.0578672
41.5		0.0578672
41.625		0.0578672
41.75		0.0578672
41.875		0.0578672
42		0.0578672
42.125		0.0624155
42.25		0.0624155
42.375		0.0624155
42.5		0.0624155
42.625		0.0624155
42.75		0.0624155
42.875		0.0624155
43		0.0624155
43.125		0.0627404
43.25		0.0627404
43.375		0.0627404
43.5		0.0627404
43.625		0.0627404
43.75		0.0627404
43.875		0.0627404
44		0.0627404
44.125		0.0630523
44.25		0.0630523
44.375		0.0630523
44.5		0.0630523
44.625		0.0630523
44.75		0.0630523
44.875		0.0630523
45		0.0630523
45.125		0.0662231
45.25		0.0662231
45.375		0.0662231
45.5		0.0662231
45.625		0.0662231
45.75		0.0662231
45.875		0.0662231
46		0.0662231
46.125		0.0708234
46.25		0.0708234
46.375		0.0708234
46.5		0.0708234
46.625		0.0708234
46.75		0.0708234
46.875		0.0708234
47		0.0708234
47.125		0.0721879
47.25		0.0721879
47.375		0.0721879
47.5		0.0721879
47.625		0.0721879
47.75		0.0721879
47.875		0.0721879
48		0.0721879
48.125		0.0754886
48.25		0.0754886
48.375		0.0754886
48.5		0.0754886
48.625		0.0754886
48.75		0.0754886
48.875		0.0754886
49		0.0754886
49.125		0.0759045
49.25		0.0759045
49.375		0.0759045
49.5		0.0759045
49.625		0.0759045
49.75		0.0759045
49.875		0.0759045
50		0.0759045
50.125		0.0788154
50.25		0.0788154
50.375		0.0788154
50.5		0.0788154
50.625		0.0788154
50.75		0.0788154
50.875		0.0788154
51		0.0788154
51.125		0.0790233
51.25		0.0790233
51.375		0.0790233
51.5		0.0790233
51.625		0.0790233
51.75		0.0790233
51.875		0.0790233
52		0.0790233
52.125		0.0828049
52.25		0.0828049
52.375		0.0828049
52.5		0.0828049
52.625		0.0828049
52.75		0.0828049
52.875		0.0828049
53		0.0828049
53.125		0.0843773
53.25		0.0843773
53.375		0.0843773
53.5		0.0843773
53.625		0.0843773
53.75		0.0843773
53.875		0.0843773
54		0.0843773
54.125		0.0876001
54.25		0.0876001
54.375		0.0876001
54.5		0.0876001
54.625		0.0876001
54.75		0.0876001
54.875		0.0876001
55		0.0876001
55.125		0.0884058
55.25		0.0884058
55.375		0.0884058
55.5		0.0884058
55.625		0.0884058
55.75		0.0884058
55.875		0.0884058
56		0.0884058
56.125		0.0887306
56.25		0.0887306
56.375		0.0887306
56.5		0.0887306
56.625		0.0887306
56.75		0.0887306
56.875		0.0887306
57		0.0887306
57.125		0.0895363
57.25		0.0895363
57.375		0.0895363
57.5		0.0895363
57.625		0.0895363
57.75		0.0895363
57.875		0.0895363
58		0.0895363
58.125		0.0961119
58.25		0.0961119
58.375		0.0961119
58.5		0.0961119
58.625		0.0961119
58.75		0.0961119
58.875		0.0961119
59		0.0961119
59.125		0.0976713
59.25		0.0976713
59.375		0.0976713
59.5		0.0976713
59.625		0.0976713
59.75		0.0976713
59.875		0.0976713
60		0.0976713
60.125		0.100439
60.25		0.100439
60.375		0.100439
60.5		0.100439
60.625		0.100439
60.75		0.100439
60.875		0.100439
61		0.100439
61.125		0.100725
61.25		0.100725
61.375		0.100725
61.5		0.100725
61.625		0.100725
61.75		0.100725
61.875		0.100725
62		0.100725
62.125		0.103519
62.25		0.103519
62.375		0.103519
62.5		0.103519
62.625		0.103519
62.75		0.103519
62.875		0.103519
63		0.103519
63.125		0.10504
63.25		0.10504
63.375		0.10504
63.5		0.10504
63.625		0.10504
63.75		0.10504
63.875		0.10504
64		0.10504
64.125		0.107236
64.25		0.107236
64.375		0.107236
64.5		0.107236
64.625		0.107236
64.75		0.107236
64.875		0.107236
65		0.107236
65.125		0.109003
65.25		0.109003
65.375		0.109003
65.5		0.109003
65.625		0.109003
65.75		0.109003
65.875		0.109003
66		0.109003
66.125		0.112785
66.25		0.112785
66.375		0.112785
66.5		0.112785
66.625		0.112785
66.75		0.112785
66.875		0.112785
67		0.112785
67.125		0.115968
67.25		0.115968
67.375		0.115968
67.5		0.115968
67.625		0.115968
67.75		0.115968
67.875		0.115968
68		0.115968
68.125		0.11667
68.25		0.11667
68.375		0.11667
68.5		0.11667
68.625		0.11667
68.75		0.11667
68.875		0.11667
69		0.11667
69.125		0.117918
69.25		0.117918
69.375		0.117918
69.5		0.117918
69.625		0.117918
69.75		0.117918
69.875		0.117918
70		0.117918
70.125		0.121192
70.25		0.121192
70.375		0.121192
70.5		0.121192
70.625		0.121192
70.75		0.121192
70.875		0.121192
71		0.121192
71.125		0.124129
71.25		0.124129
71.375		0.124129
71.5		0.124129
71.625		0.124129
71.75		0.124129
71.875		0.124129
72		0.124129
72.125		0.124766
72.25		0.124766
72.375		0.124766
72.5		0.124766
72.625		0.124766
72.75		0.124766
72.875		0.124766
73		0.124766
73.125		0.127664
73.25		0.127664
73.375		0.127664
73.5		0.127664
73.625		0.127664
73.75		0.127664
73.875		0.127664
74		0.127664
74.125		0.129132
74.25		0.129132
74.375		0.129132
74.5		0.129132
74.625		0.129132
74.75		0.129132
74.875		0.129132
75		0.129132
75.125		0.132017
75.25		0.132017
75.375		0.132017
75.5		0.132017
75.625		0.132017
75.75		0.132017
75.875		0.132017
76		0.132017
76.125		0.135071
76.25		0.135071
76.375		0.135071
76.5		0.135071
76.625		0.135071
76.75		0.135071
76.875		0.135071
77		0.135071
77.125		0.137605
77.25		0.137605
77.375		0.137605
77.5		0.137605
77.625		0.137605
77.75		0.137605
77.875		0.137605
78		0.137605
78.125		0.138229
78.25		0.138229
78.375		0.138229
78.5		0.138229
78.625		0.138229
78.75		0.138229
78.875		0.138229
79		0.138229
79.125		0.140256
79.25		0.140256
79.375		0.140256
79.5		0.140256
79.625		0.140256
79.75		0.140256
79.875		0.140256
80		0.140256
80.125		0.142972
80.25		0.142972
80.375		0.142972
80.5		0.142972
80.625		0.142972
80.75		0.142972
80.875		0.142972
81		0.142972
81.125		0.148339
81.25		0.148339
81.375		0.148339
81.5		0.148339
81.625		0.148339
81.75		0.148339
81.875		0.148339
82		0.148339
82.125		0.149041
82.25		0.149041
82.375		0.149041
82.5		0.149041
82.625		0.149041
82.75		0.149041
82.875		0.149041
83		0.149041
83.125		0.152134
83.25		0.152134
83.375		0.152134
83.5		0.152134
83.625		0.152134
83.75		0.152134
83.875		0.152134
84		0.152134
84.125		0.153407
84.25		0.153407
84.375		0.153407
84.5		0.153407
84.625		0.153407
84.75		0.153407
84.875		0.153407
85		0.153407
85.125		0.154408
85.25		0.154408
85.375		0.154408
85.5		0.154408
85.625		0.154408
85.75		0.154408
85.875		0.154408
86		0.154408
86.125		0.155578
86.25		0.155578
86.375		0.155578
86.5		0.155578
86.625		0.155578
86.75		0.155578
86.875		0.155578
87		0.155578
87.125		0.159528
87.25		0.159528
87.375		0.159528
87.5		0.159528
87.625		0.159528
87.75		0.159528
87.875		0.159528
88		0.159528
88.125		0.163011
88.25		0.163011
88.375		0.163011
88.5		0.163011
88.625		0.163011
88.75		0.163011
88.875		0.163011
89		0.163011
89.125		0.163894
89.25		0.163894
89.375		0.163894
89.5		0.163894
89.625		0.163894
89.75		0.163894
89.875		0.163894
90		0.163894
90.125		0.165558
90.25		0.165558
90.375		0.165558
90.5		0.165558
90.625		0.165558
90.75		0.165558
90.875		0.165558
91		0.165558
91.125		0.166337
91.25		0.166337
91.375		0.166337
91.5		0.166337
91.625		0.166337
91.75		0.166337
91.875		0.166337
92		0.166337
92.125		0.173979
92.25		0.173979
92.375		0.173979
92.5		0.173979
92.625		0.173979
92.75		0.173979
92.875		0.173979
93		0.173979
93.125		0.174096
93.25		0.174096
93.375		0.174096
93.5		0.174096
93.625		0.174096
93.75		0.174096
93.875		0.174096
94		0.174096
94.125		0.17624
94.25		0.17624
94.375		0.17624
94.5		0.17624
94.625		0.17624
94.75		0.17624
94.875		0.17624
95		0.17624
95.125		0.177643
95.25		0.177643
95.375		0.177643
95.5		0.177643
95.625		0.177643
95.75		0.177643
95.875		0.177643
96		0.177643
96.125		0.179956
96.25		0.179956
96.375		0.179956
96.5		0.179956
96.625		0.179956
96.75		0.179956
96.875		0.179956
97		0.179956
97.125		0.185076
97.25		0.185076
97.375		0.185076
97.5		0.185076
97.625		0.185076
97.75		0.185076
97.875		0.185076
98		0.185076
98.125		0.188273
98.25		0.188273
98.375		0.188273
98.5		0.188273
98.625		0.188273
98.75		0.188273
98.875		0.188273
99		0.188273
99.125		0.18969
99.25		0.18969
99.375		0.18969
99.5		0.18969
99.625		0.18969
99.75		0.18969
99.875		0.18969
100		0.18969
100.125		0.192003
100.25		0.192003
100.375		0.192003
100.5		0.192003
100.625		0.192003
100.75		0.192003
100.875		0.192003
101		0.192003
101.125		0.194004
101.25		0.194004
101.375		0.194004
101.5		0.194004
101.625		0.194004
101.75		0.194004
101.875		0.194004
102		0.194004
102.125		0.1975
102.25		0.1975
102.375		0.1975
102.5		0.1975
102.625		0.1975
102.75		0.1975
102.875		0.1975
103		0.1975
103.125		0.198331
103.25		0.198331
103.375		0.198331
103.5		0.198331
103.625		0.198331
103.75		0.198331
103.875		0.198331
104		0.198331
104.125		0.200878
104.25		0.200878
104.375		0.200878
104.5		0.200878
104.625		0.200878
104.75		0.200878
104.875		0.200878
105		0.200878
105.125		0.202529
105.25		0.202529
105.375		0.202529
105.5		0.202529
105.625		0.202529
105.75		0.202529
105.875		0.202529
106		0.202529
106.125		0.209364
106.25		0.209364
106.375		0.209364
106.5		0.209364
106.625		0.209364
106.75		0.209364
106.875		0.209364
107		0.209364
107.125		0.209676
107.25		0.209676
107.375		0.209676
107.5		0.209676
107.625		0.209676
107.75		0.209676
107.875		0.209676
108		0.209676
108.125		0.210365
108.25		0.210365
108.375		0.210365
108.5		0.210365
108.625		0.210365
108.75		0.210365
108.875		0.210365
109		0.210365
109.125		0.210703
109.25		0.210703
109.375		0.210703
109.5		0.210703
109.625		0.210703
109.75		0.210703
109.875		0.210703
110		0.210703
110.125		0.217252
110.25		0.217252
110.375		0.217252
110.5		0.217252
110.625		0.217252
110.75		0.217252
110.875		0.217252
111		0.217252
111.125		0.217564
111.25		0.217564
111.375		0.217564
111.5		0.217564
111.625		0.217564
111.75		0.217564
111.875		0.217564
112		0.217564
112.125		0.220774
112.25		0.220774
112.375		0.220774
112.5		0.220774
112.625		0.220774
112.75		0.220774
112.875		0.220774
113		0.220774
113.125		0.223204
113.25		0.223204
113.375		0.223204
113.5		0.223204
113.625		0.223204
113.75		0.223204
113.875		0.223204
114		0.223204
114.125		0.225426
114.25		0.225426
114.375		0.225426
114.5		0.225426
114.625		0.225426
114.75		0.225426
114.875		0.225426
115		0.225426
115.125		0.227129
115.25		0.227129
115.375		0.227129
115.5		0.227129
115.625		0.227129
115.75		0.227129
115.875		0.227129
116		0.227129
116.125		0.228727
116.25		0.228727
116.375		0.228727
116.5		0.228727
116.625		0.228727
116.75		0.228727
116.875		0.228727
117		0.228727
117.125		0.229598
117.25		0.229598
117.375		0.229598
117.5		0.229598
117.625		0.229598
117.75		0.229598
117.875		0.229598
118		0.229598
118.125		0.229702
118.25		0.229702
118.375		0.229702
118.5		0.229702
118.625		0.229702
118.75		0.229702
118.875		0.229702
119		0.229702
119.125		0.236693
119.25		0.236693
119.375		0.236693
119.5		0.236693
119.625		0.236693
119.75		0.236693
119.875		0.236693
120		0.236693
120.125		0.238019
120.25		0.238019
120.375		0.238019
120.5		0.238019
120.625		0.238019
120.75		0.238019
120.875		0.238019
121		0.238019
121.125		0.238785
121.25		0.238785
121.375		0.238785
121.5		0.238785
121.625		0.238785
121.75		0.238785
121.875		0.238785
122		0.238785
122.125		0.242034
122.25		0.242034
122.375		0.242034
122.5		0.242034
122.625		0.242034
122.75		0.242034
122.875		0.242034
123		0.242034
123.125		0.243191
123.25		0.243191
123.375		0.243191
123.5		0.243191
123.625		0.243191
123.75		0.243191
123.875		0.243191
124		0.243191
124.125		0.246959
124.25		0.246959
124.375		0.246959
124.5		0.246959
124.625		0.246959
124.75		0.246959
124.875		0.246959
125		0.246959
125.125		0.247726
125.25		0.247726
125.375		0.247726
125.5		0.247726
125.625		0.247726
125.75		0.247726
125.875		0.247726
126		0.247726
126.125		0.247973
126.25		0.247973
126.375		0.247973
126.5		0.247973
126.625		0.247973
126.75		0.247973
126.875		0.247973
127		0.247973
127.125		0.253275
127.25		0.253275
127.375		0.253275
127.5		0.253275
127.625		0.253275
127.75		0.253275
127.875		0.253275
128		0.253275
128.125		0.253483
128.25		0.253483
128.375		0.253483
128.5		0.253483
128.625		0.253483
128.75		0.253483
128.875		0.253483
129		0.253483
129.125		0.255926
129.25		0.255926
129.375		0.255926
129.5		0.255926
129.625		0.255926
129.75		0.255926
129.875		0.255926
130		0.255926
130.125		0.257472
130.25		0.257472
130.375		0.257472
130.5		0.257472
130.625		0.257472
130.75		0.257472
130.875		0.257472
131		0.257472
131.125		0.257771
131.25		0.257771
131.375		0.257771
131.5		0.257771
131.625		0.257771
131.75		0.257771
131.875		0.257771
132		0.257771
132.125		0.261826
132.25		0.261826
132.375		0.261826
132.5		0.261826
132.625		0.261826
132.75		0.261826
132.875		0.261826
133		0.261826
133.125		0.263853
133.25		0.263853
133.375		0.263853
133.5		0.263853
133.625		0.263853
133.75		0.263853
133.875		0.263853
134		0.263853
134.125		0.265347
134.25		0.265347
134.375		0.265347
134.5		0.265347
134.625		0.265347
134.75		0.265347
134.875		0.265347
135		0.265347
135.125		0.266985
135.25		0.266985
135.375		0.266985
135.5		0.266985
135.625		0.266985
135.75		0.266985
135.875		0.266985
136		0.266985
136.125		0.270636
136.25		0.270636
136.375		0.270636
136.5		0.270636
136.625		0.270636
136.75		0.270636
136.875		0.270636
137		0.270636
137.125		0.271013
137.25		0.271013
137.375		0.271013
137.5		0.271013
137.625		0.271013
137.75		0.271013
137.875		0.271013
138		0.271013
138.125		0.272897
138.25		0.272897
138.375		0.272897
138.5		0.272897
138.625		0.272897
138.75		0.272897
138.875		0.272897
139		0.272897
139.125		0.275483
139.25		0.275483
139.375		0.275483
139.5		0.275483
139.625		0.275483
139.75		0.275483
139.875		0.275483
140		0.275483
140.125		0.279252
140.25		0.279252
140.375		0.279252
140.5		0.279252
140.625		0.279252
140.75		0.279252
140.875		0.279252
141		0.279252
141.125		0.281435
141.25		0.281435
141.375		0.281435
141.5		0.281435
141.625		0.281435
141.75		0.281435
141.875		0.281435
142		0.281435
142.125		0.282046
142.25		0.282046
142.375		0.282046
142.5		0.282046
142.625		0.282046
142.75		0.282046
142.875		0.282046
143		0.282046
143.125		0.28267
143.25		0.28267
143.375		0.28267
143.5		0.28267
143.625		0.28267
143.75		0.28267
143.875		0.28267
144		0.28267
144.125		0.284593
144.25		0.284593
144.375		0.284593
144.5		0.284593
144.625		0.284593
144.75		0.284593
144.875		0.284593
145		0.284593
145.125		0.289531
145.25		0.289531
145.375		0.289531
145.5		0.289531
145.625		0.289531
145.75		0.289531
145.875		0.289531
146		0.289531
146.125		0.290025
146.25		0.290025
146.375		0.290025
146.5		0.290025
146.625		0.290025
146.75		0.290025
146.875		0.290025
147		0.290025
147.125		0.293066
147.25		0.293066
147.375		0.293066
147.5		0.293066
147.625		0.293066
147.75		0.293066
147.875		0.293066
148		0.293066
148.125		0.293742
148.25		0.293742
148.375		0.293742
148.5		0.293742
148.625		0.293742
148.75		0.293742
148.875		0.293742
149		0.293742
149.125		0.294248
149.25		0.294248
149.375		0.294248
149.5		0.294248
149.625		0.294248
149.75		0.294248
149.875		0.294248
150		0.294248
150.125		0.299225
150.25		0.299225
150.375		0.299225
150.5		0.299225
150.625		0.299225
150.75		0.299225
150.875		0.299225
151		0.299225
151.125		0.301695
151.25		0.301695
151.375		0.301695
151.5		0.301695
151.625		0.301695
151.75		0.301695
151.875		0.301695
152		0.301695
152.125		0.301928
152.25		0.301928
152.375		0.301928
152.5		0.301928
152.625		0.301928
152.75		0.301928
152.875		0.301928
153		0.301928
153.125		0.303423
153.25		0.303423
153.375		0.303423
153.5		0.303423
153.625		0.303423
153.75		0.303423
153.875		0.303423
154		0.303423
154.125		0.30714
154.25		0.30714
154.375		0.30714
154.5		0.30714
154.625		0.30714
154.75		0.30714
154.875		0.30714
155		0.30714
155.125		0.308855
155.25		0.308855
155.375		0.308855
155.5		0.308855
155.625		0.308855
155.75		0.308855
155.875		0.308855
156		0.308855
156.125		0.311285
156.25		0.311285
156.375		0.311285
156.5		0.311285
156.625		0.311285
156.75		0.311285
156.875		0.311285
157		0.311285
157.125		0.311948
157.25		0.311948
157.375		0.311948
157.5		0.311948
157.625		0.311948
157.75		0.311948
157.875		0.311948
158		0.311948
158.125		0.314755
158.25		0.314755
158.375		0.314755
158.5		0.314755
158.625		0.314755
158.75		0.314755
158.875		0.314755
159		0.314755
159.125		0.315729
159.25		0.315729
159.375		0.315729
159.5		0.315729
159.625		0.315729
159.75		0.315729
159.875		0.315729
160		0.315729
160.125		0.317666
160.25		0.317666
160.375		0.317666
160.5		0.317666
160.625		0.317666
160.75		0.317666
160.875		0.317666
161		0.317666
161.125		0.318211
161.25		0.318211
161.375		0.318211
161.5		0.318211
161.625		0.318211
161.75		0.318211
161.875		0.318211
162		0.318211
162.125		0.320317
162.25		0.320317
162.375		0.320317
162.5		0.320317
162.625		0.320317
162.75		0.320317
162.875		0.320317
163		0.320317
163.125		0.324943
163.25		0.324943
163.375		0.324943
163.5		0.324943
163.625		0.324943
163.75		0.324943
163.875		0.324943
164		0.324943
164.125		0.326372
164.25		0.326372
164.375		0.326372
164.5		0.326372
164.625		0.326372
164.75		0.326372
164.875		0.326372
165		0.326372
165.125		0.327698
165.25		0.327698
165.375		0.327698
165.5		0.327698
165.625		0.327698
165.75		0.327698
165.875		0.327698
166		0.327698
166.125		0.3317
166.25		0.3317
166.375		0.3317
166.5		0.3317
166.625		0.3317
166.75		0.3317
166.875		0.3317
167		0.3317
167.125		0.332155
167.25		0.332155
167.375		0.332155
167.5		0.332155
167.625		0.332155
167.75		0.332155
167.875		0.332155
168		0.332155
168.125		0.333338
168.25		0.333338
168.375		0.333338
168.5		0.333338
168.625		0.333338
168.75		0.333338
168.875		0.333338
169		0.333338
169.125		0.335235
169.25		0.335235
169.375		0.335235
169.5		0.335235
169.625		0.335235
169.75		0.335235
169.875		0.335235
170		0.335235
170.125		0.338809
170.25		0.338809
170.375		0.338809
170.5		0.338809
170.625		0.338809
170.75		0.338809
170.875		0.338809
171		0.338809
171.125		0.340901
171.25		0.340901
171.375		0.340901
171.5		0.340901
171.625		0.340901
171.75		0.340901
171.875		0.340901
172		0.340901
172.125		0.342252
172.25		0.342252
172.375		0.342252
172.5		0.342252
172.625		0.342252
172.75		0.342252
172.875		0.342252
173		0.342252
173.125		0.343643
173.25		0.343643
173.375		0.343643
173.5		0.343643
173.625		0.343643
173.75		0.343643
173.875		0.343643
174		0.343643
174.125		0.346905
174.25		0.346905
174.375		0.346905
174.5		0.346905
174.625		0.346905
174.75		0.346905
174.875		0.346905
175		0.346905
175.125		0.348321
175.25		0.348321
175.375		0.348321
175.5		0.348321
175.625		0.348321
175.75		0.348321
175.875		0.348321
176		0.348321
176.125		0.352635
176.25		0.352635
176.375		0.352635
176.5		0.352635
176.625		0.352635
176.75		0.352635
176.875		0.352635
177		0.352635
177.125		0.353467
177.25		0.353467
177.375		0.353467
177.5		0.353467
177.625		0.353467
177.75		0.353467
177.875		0.353467
178		0.353467
178.125		0.354663
178.25		0.354663
178.375		0.354663
178.5		0.354663
178.625		0.354663
178.75		0.354663
178.875		0.354663
179		0.354663
179.125		0.356586
179.25		0.356586
179.375		0.356586
179.5		0.356586
179.625		0.356586
179.75		0.356586
179.875		0.356586
180		0.356586
180.125		0.362525
180.25		0.362525
180.375		0.362525
180.5		0.362525
180.625		0.362525
180.75		0.362525
180.875		0.362525
181		0.362525
181.125		0.363057
181.25		0.363057
181.375		0.363057
181.5		0.363057
181.625		0.363057
181.75		0.363057
181.875		0.363057
182		0.363057
182.125		0.363655
182.25		0.363655
182.375		0.363655
182.5		0.363655
182.625		0.363655
182.75		0.363655
182.875		0.363655
183		0.363655
183.125		0.366683
183.25		0.366683
183.375		0.366683
183.5		0.366683
183.625		0.366683
183.75		0.366683
183.875		0.366683
184		0.366683
184.125		0.368398
184.25		0.368398
184.375		0.368398
184.5		0.368398
184.625		0.368398
184.75		0.368398
184.875		0.368398
185		0.368398
185.125		0.368606
185.25		0.368606
185.375		0.368606
185.5		0.368606
185.625		0.368606
185.75		0.368606
185.875		0.368606
186		0.368606
186.125		0.375338
186.25		0.375338
186.375		0.375338
186.5		0.375338
186.625		0.375338
186.75		0.375338
186.875		0.375338
187		0.375338
187.125		0.375598
187.25		0.375598
187.375		0.375598
187.5		0.375598
187.625		0.375598
187.75		0.375598
187.875		0.375598
188		0.375598
188.125		0.37691
188.25		0.37691
188.375		0.37691
188.5		0.37691
188.625		0.37691
188.75		0.37691
188.875		0.37691
189		0.37691
189.125		0.380068
189.25		0.380068
189.375		0.380068
189.5		0.380068
189.625		0.380068
189.75		0.380068
189.875		0.380068
190		0.380068
190.125		0.381056
190.25		0.381056
190.375		0.381056
190.5		0.381056
190.625		0.381056
190.75		0.381056
190.875		0.381056
191		0.381056
191.125		0.381134
191.25		0.381134
191.375		0.381134
191.5		0.381134
191.625		0.381134
191.75		0.381134
191.875		0.381134
192		0.381134
192.125		0.385643
192.25		0.385643
192.375		0.385643
192.5		0.385643
192.625		0.385643
192.75		0.385643
192.875		0.385643
193		0.385643
193.125		0.387462
193.25		0.387462
193.375		0.387462
193.5		0.387462
193.625		0.387462
193.75		0.387462
193.875		0.387462
194		0.387462
194.125		0.388372
194.25		0.388372
194.375		0.388372
194.5		0.388372
194.625		0.388372
194.75		0.388372
194.875		0.388372
195		0.388372
195.125		0.390893
195.25		0.390893
195.375		0.390893
195.5		0.390893
195.625		0.390893
195.75		0.390893
195.875		0.390893
196		0.390893
196.125		0.395922
196.25		0.395922
196.375		0.395922
196.5		0.395922
196.625		0.395922
196.75		0.395922
196.875		0.395922
197		0.395922
197.125		0.398222
197.25		0.398222
197.375		0.398222
197.5		0.398222
197.625		0.398222
197.75		0.398222
197.875		0.398222
198		0.398222
198.125		0.398612
198.25		0.398612
198.375		0.398612
198.5		0.398612
198.625		0.398612
198.75		0.398612
198.875		0.398612
199		0.398612
199.125		0.39921
199.25		0.39921
199.375		0.39921
199.5		0.39921
199.625		0.39921
199.75		0.39921
199.875		0.39921
200		0.39921
200.125		0.405772
200.25		0.405772
200.375		0.405772
200.5		0.405772
200.625		0.405772
200.75		0.405772
200.875		0.405772
201		0.405772
201.125		0.407189
201.25		0.407189
201.375		0.407189
201.5		0.407189
201.625		0.407189
201.75		0.407189
201.875		0.407189
202		0.407189
202.125		0.410503
202.25		0.410503
202.375		0.410503
202.5		0.410503
202.625		0.410503
202.75		0.410503
202.875		0.410503
203		0.410503
203.125		0.411256
203.25		0.411256
203.375		0.411256
203.5		0.411256
203.625		0.411256
203.75		0.411256
203.875		0.411256
204		0.411256
204.125		0.412582
204.25		0.412582
204.375		0.412582
204.5		0.412582
204.625		0.412582
204.75		0.412582
204.875		0.412582
205		0.412582
205.125		0.413544
205.25		0.413544
205.375		0.413544
205.5		0.413544
205.625		0.413544
205.75		0.413544
205.875		0.413544
206		0.413544
206.125		0.416948
206.25		0.416948
206.375		0.416948
206.5		0.416948
206.625		0.416948
206.75		0.416948
206.875		0.416948
207		0.416948
207.125		0.419781
207.25		0.419781
207.375		0.419781
207.5		0.419781
207.625		0.419781
207.75		0.419781
207.875		0.419781
208		0.419781
208.125		0.42086
208.25		0.42086
208.375		0.42086
208.5		0.42086
208.625		0.42086
208.75		0.42086
208.875		0.42086
209		0.42086
209.125		0.42368
209.25		0.42368
209.375		0.42368
209.5		0.42368
209.625		0.42368
209.75		0.42368
209.875		0.42368
210		0.42368
210.125		0.427942
210.25		0.427942
210.375		0.427942
210.5		0.427942
210.625		0.427942
210.75		0.427942
210.875		0.427942
211		0.427942
211.125		0.429034
211.25		0.429034
211.375		0.429034
211.5		0.429034
211.625		0.429034
211.75		0.429034
211.875		0.429034
212		0.429034
212.125		0.429943
212.25		0.429943
212.375		0.429943
212.5		0.429943
212.625		0.429943
212.75		0.429943
212.875		0.429943
213		0.429943
213.125		0.431789
213.25		0.431789
213.375		0.431789
213.5		0.431789
213.625		0.431789
213.75		0.431789
213.875		0.431789
214		0.431789
214.125		0.435388
214.25		0.435388
214.375		0.435388
214.5		0.435388
214.625		0.435388
214.75		0.435388
214.875		0.435388
215		0.435388
215.125		0.437442
215.25		0.437442
215.375		0.437442
215.5		0.437442
215.625		0.437442
215.75		0.437442
215.875		0.437442
216		0.437442
216.125		0.440469
216.25		0.440469
216.375		0.440469
216.5		0.440469
216.625		0.440469
216.75		0.440469
216.875		0.440469
217		0.440469
217.125		0.440625
217.25		0.440625
217.375		0.440625
217.5		0.440625
217.625		0.440625
217.75		0.440625
217.875		0.440625
218		0.440625
218.125		0.446941
218.25		0.446941
218.375		0.446941
218.5		0.446941
218.625		0.446941
218.75		0.446941
218.875		0.446941
219		0.446941
219.125		0.447539
219.25		0.447539
219.375		0.447539
219.5		0.447539
219.625		0.447539
219.75		0.447539
219.875		0.447539
220		0.447539
220.125		0.44789
220.25		0.44789
220.375		0.44789
220.5		0.44789
220.625		0.44789
220.75		0.44789
220.875		0.44789
221		0.44789
221.125		0.451255
221.25		0.451255
221.375		0.451255
221.5		0.451255
221.625		0.451255
221.75		0.451255
221.875		0.451255
222		0.451255
222.125		0.453296
222.25		0.453296
222.375		0.453296
222.5		0.453296
222.625		0.453296
222.75		0.453296
222.875		0.453296
223		0.453296
223.125		0.458247
223.25		0.458247
223.375		0.458247
223.5		0.458247
223.625		0.458247
223.75		0.458247
223.875		0.458247
224		0.458247
224.125		0.458948
224.25		0.458948
224.375		0.458948
224.5		0.458948
224.625		0.458948
224.75		0.458948
224.875		0.458948
225		0.458948
225.125		0.460846
225.25		0.460846
225.375		0.460846
225.5		0.460846
225.625		0.460846
225.75		0.460846
225.875		0.460846
226		0.460846
226.125		0.462704
226.25		0.462704
226.375		0.462704
226.5		0.462704
226.625		0.462704
226.75		0.462704
226.875		0.462704
227		0.462704
227.125		0.464211
227.25		0.464211
227.375		0.464211
227.5		0.464211
227.625		0.464211
227.75		0.464211
227.875		0.464211
228		0.464211
228.125		0.470566
228.25		0.470566
228.375		0.470566
228.5		0.470566
228.625		0.470566
228.75		0.470566
228.875		0.470566
229		0.470566
229.125		0.471125
229.25		0.471125
229.375		0.471125
229.5		0.471125
229.625		0.471125
229.75		0.471125
229.875		0.471125
230		0.471125
230.125		0.473204
230.25		0.473204
230.375		0.473204
230.5		0.473204
230.625		0.473204
230.75		0.473204
230.875		0.473204
231		0.473204
231.125		0.474686
231.25		0.474686
231.375		0.474686
231.5		0.474686
231.625		0.474686
231.75		0.474686
231.875		0.474686
232		0.474686
232.125		0.477934
232.25		0.477934
232.375		0.477934
232.5		0.477934
232.625		0.477934
232.75		0.477934
232.875		0.477934
233		0.477934
233.125		0.481937
233.25		0.481937
233.375		0.481937
233.5		0.481937
233.625		0.481937
233.75		0.481937
233.875		0.481937
234		0.481937
234.125		0.482444
234.25		0.482444
234.375		0.482444
234.5		0.482444
234.625		0.482444
234.75		0.482444
234.875		0.482444
235		0.482444
235.125		0.484341
235.25		0.484341
235.375		0.484341
235.5		0.484341
235.625		0.484341
235.75		0.484341
235.875		0.484341
236		0.484341
236.125		0.486914
236.25		0.486914
236.375		0.486914
236.5		0.486914
236.625		0.486914
236.75		0.486914
236.875		0.486914
237		0.486914
237.125		0.489708
237.25		0.489708
237.375		0.489708
237.5		0.489708
237.625		0.489708
237.75		0.489708
237.875		0.489708
238		0.489708
238.125		0.490916
238.25		0.490916
238.375		0.490916
238.5		0.490916
238.625		0.490916
238.75		0.490916
238.875		0.490916
239		0.490916
239.125		0.492645
239.25		0.492645
239.375		0.492645
239.5		0.492645
239.625		0.492645
239.75		0.492645
239.875		0.492645
240		0.492645
240.125		0.49488
240.25		0.49488
240.375		0.49488
240.5		0.49488
240.625		0.49488
240.75		0.49488
240.875		0.49488
241		0.49488
241.125		0.498545
241.25		0.498545
241.375		0.498545
241.5		0.498545
241.625		0.498545
241.75		0.498545
241.875		0.498545
242		0.498545
242.125		0.499714
242.25		0.499714
242.375		0.499714
242.5		0.499714
242.625		0.499714
242.75		0.499714
242.875		0.499714
243		0.499714
243.125		0.50013
243.25		0.50013
243.375		0.50013
243.5		0.50013
243.625		0.50013
243.75		0.50013
243.875		0.50013
244		0.50013
244.125		0.505237
244.25		0.505237
244.375		0.505237
244.5		0.505237
244.625		0.505237
244.75		0.505237
244.875		0.505237
245		0.505237
245.125		0.506407
245.25		0.506407
245.375		0.506407
245.5		0.506407
245.625		0.506407
245.75		0.506407
245.875		0.506407
246		0.506407
246.125		0.506692
246.25		0.506692
246.375		0.506692
246.5		0.506692
246.625		0.506692
246.75		0.506692
246.875		0.506692
247		0.506692
247.125		0.509681
247.25		0.509681
247.375		0.509681
247.5		0.509681
247.625		0.509681
247.75		0.509681
247.875		0.509681
248		0.509681
248.125		0.513268
248.25		0.513268
248.375		0.513268
248.5		0.513268
248.625		0.513268
248.75		0.513268
248.875		0.513268
249		0.513268
249.125		0.51562
249.25		0.51562
249.375		0.51562
249.5		0.51562
249.625		0.51562
249.75		0.51562
249.875		0.51562
250		0.51562
250.125		0.518869
250.25		0.518869
250.375		0.518869
250.5		0.518869
250.625		0.518869
250.75		0.518869
250.875		0.518869
251		0.518869
251.125		0.519636
251.25		0.519636
251.375		0.519636
251.5		0.519636
251.625		0.519636
251.75		0.519636
251.875		0.519636
252		0.519636
252.125		0.520766
252.25		0.520766
252.375		0.520766
252.5		0.520766
252.625		0.520766
252.75		0.520766
252.875		0.520766
253		0.520766
253.125		0.525081
253.25		0.525081
253.375		0.525081
253.5		0.525081
253.625		0.525081
253.75		0.525081
253.875		0.525081
254		0.525081
254.125		0.527199
254.25		0.527199
254.375		0.527199
254.5		0.527199
254.625		0.527199
254.75		0.527199
254.875		0.527199
255		0.527199
255.125		0.532033
255.25		0.532033
255.375		0.532033
255.5		0.532033
255.625		0.532033
255.75		0.532033
255.875		0.532033
256		0.532033
256.125		0.533371
256.25		0.533371
256.375		0.533371
256.5		0.533371
256.625		0.533371
256.75		0.533371
256.875		0.533371
257		0.533371
257.125		0.533735
257.25		0.533735
257.375		0.533735
257.5		0.533735
257.625		0.533735
257.75		0.533735
257.875		0.533735
258		0.533735
258.125		0.537569
258.25		0.537569
258.375		0.537569
258.5		0.537569
258.625		0.537569
258.75		0.537569
258.875		0.537569
259		0.537569
259.125		0.539115
259.25		0.539115
259.375		0.539115
259.5		0.539115
259.625		0.539115
259.75		0.539115
259.875		0.539115
260		0.539115
260.125		0.539297
260.25		0.539297
260.375		0.539297
260.5		0.539297
260.625		0.539297
260.75		0.539297
260.875		0.539297
261		0.539297
261.125		0.541467
261.25		0.541467
261.375		0.541467
261.5		0.541467
261.625		0.541467
261.75		0.541467
261.875		0.541467
262		0.541467
262.125		0.546133
262.25		0.546133
262.375		0.546133
262.5		0.546133
262.625		0.546133
262.75		0.546133
262.875		0.546133
263		0.546133
263.125		0.546419
263.25		0.546419
263.375		0.546419
263.5		0.546419
263.625		0.546419
263.75		0.546419
263.875		0.546419
264		0.546419
264.125		0.549187
264.25		0.549187
264.375		0.549187
264.5		0.549187
264.625		0.549187
264.75		0.549187
264.875		0.549187
265		0.549187
265.125		0.549667
265.25		0.549667
265.375		0.549667
265.5		0.549667
265.625		0.549667
265.75		0.549667
265.875		0.549667
266		0.549667
266.125		0.555255
266.25		0.555255
266.375		0.555255
266.5		0.555255
266.625		0.555255
266.75		0.555255
266.875		0.555255
267		0.555255
267.125		0.556607
267.25		0.556607
267.375		0.556607
267.5		0.556607
267.625		0.556607
267.75		0.556607
267.875		0.556607
268		0.556607
268.125		0.557114
268.25		0.557114
268.375		0.557114
268.5		0.557114
268.625		0.557114
268.75		0.557114
268.875		0.557114
269		0.557114
269.125		0.557698
269.25		0.557698
269.375		0.557698
269.5		0.557698
269.625		0.557698
269.75		0.557698
269.875		0.557698
270		0.557698
270.125		0.564313
270.25		0.564313
270.375		0.564313
270.5		0.564313
270.625		0.564313
270.75		0.564313
270.875		0.564313
271		0.564313
271.125		0.564794
271.25		0.564794
271.375		0.564794
271.5		0.564794
271.625		0.564794
271.75		0.564794
271.875		0.564794
272		0.564794
272.125		0.566483
272.25		0.566483
272.375		0.566483
272.5		0.566483
272.625		0.566483
272.75		0.566483
272.875		0.566483
273		0.566483
273.125		0.569212
273.25		0.569212
273.375		0.569212
273.5		0.569212
273.625		0.569212
273.75		0.569212
273.875		0.569212
274		0.569212
274.125		0.57133
274.25		0.57133
274.375		0.57133
274.5		0.57133
274.625		0.57133
274.75		0.57133
274.875		0.57133
275		0.57133
275.125		0.572513
275.25		0.572513
275.375		0.572513
275.5		0.572513
275.625		0.572513
275.75		0.572513
275.875		0.572513
276		0.572513
276.125		0.573604
276.25		0.573604
276.375		0.573604
276.5		0.573604
276.625		0.573604
276.75		0.573604
276.875		0.573604
277		0.573604
277.125		0.576203
277.25		0.576203
277.375		0.576203
277.5		0.576203
277.625		0.576203
277.75		0.576203
277.875		0.576203
278		0.576203
278.125		0.579829
278.25		0.579829
278.375		0.579829
278.5		0.579829
278.625		0.579829
278.75		0.579829
278.875		0.579829
279		0.579829
279.125		0.58235
279.25		0.58235
279.375		0.58235
279.5		0.58235
279.625		0.58235
279.75		0.58235
279.875		0.58235
280		0.58235
280.125		0.584221
280.25		0.584221
280.375		0.584221
280.5		0.584221
280.625		0.584221
280.75		0.584221
280.875		0.584221
281		0.584221
281.125		0.584468
281.25		0.584468
281.375		0.584468
281.5		0.584468
281.625		0.584468
281.75		0.584468
281.875		0.584468
282		0.584468
282.125		0.592421
282.25		0.592421
282.375		0.592421
282.5		0.592421
282.625		0.592421
282.75		0.592421
282.875		0.592421
283		0.592421
283.125		0.592785
283.25		0.592785
283.375		0.592785
283.5		0.592785
283.625		0.592785
283.75		0.592785
283.875		0.592785
284		0.592785
284.125		0.593916
284.25		0.593916
284.375		0.593916
284.5		0.593916
284.625		0.593916
284.75		0.593916
284.875		0.593916
285		0.593916
285.125		0.596008
285.25		0.596008
285.375		0.596008
285.5		0.596008
285.625		0.596008
285.75		0.596008
285.875		0.596008
286		0.596008
286.125		0.598971
286.25		0.598971
286.375		0.598971
286.5		0.598971
286.625		0.598971
286.75		0.598971
286.875		0.598971
287		0.598971
287.125		0.602103
287.25		0.602103
287.375		0.602103
287.5		0.602103
287.625		0.602103
287.75		0.602103
287.875		0.602103
288		0.602103
288.125		0.605053
288.25		0.605053
288.375		0.605053
288.5		0.605053
288.625		0.605053
288.75		0.605053
288.875		0.605053
289		0.605053
289.125		0.606131
289.25		0.606131
289.375		0.606131
289.5		0.606131
289.625		0.606131
289.75		0.606131
289.875		0.606131
290		0.606131
290.125		0.609263
290.25		0.609263
290.375		0.609263
290.5		0.609263
290.625		0.609263
290.75		0.609263
290.875		0.609263
291		0.609263
291.125		0.609913
291.25		0.609913
291.375		0.609913
291.5		0.609913
291.625		0.609913
291.75		0.609913
291.875		0.609913
292		0.609913
292.125		0.610926
292.25		0.610926
292.375		0.610926
292.5		0.610926
292.625		0.610926
292.75		0.610926
292.875		0.610926
293		0.610926
293.125		0.614292
293.25		0.614292
293.375		0.614292
293.5		0.614292
293.625		0.614292
293.75		0.614292
293.875		0.614292
294		0.614292
294.125		0.618398
294.25		0.618398
294.375		0.618398
294.5		0.618398
294.625		0.618398
294.75		0.618398
294.875		0.618398
295		0.618398
295.125		0.618762
295.25		0.618762
295.375		0.618762
295.5		0.618762
295.625		0.618762
295.75		0.618762
295.875		0.618762
296		0.618762
296.125		0.620335
296.25		0.620335
296.375		0.620335
296.5		0.620335
296.625		0.620335
296.75		0.620335
296.875		0.620335
297		0.620335
297.125		0.622349
297.25		0.622349
297.375		0.622349
297.5		0.622349
297.625		0.622349
297.75		0.622349
297.875		0.622349
298		0.622349
298.125		0.622973
298.25		0.622973
298.375		0.622973
298.5		0.622973
298.625		0.622973
298.75		0.622973
298.875		0.622973
299		0.622973
299.125		0.627326
299.25		0.627326
299.375		0.627326
299.5		0.627326
299.625		0.627326
299.75		0.627326
299.875		0.627326
300		0.627326
300.125		0.62947
300.25		0.62947
300.375		0.62947
300.5		0.62947
300.625		0.62947
300.75		0.62947
300.875		0.62947
301		0.62947
301.125		0.630029
301.25		0.630029
301.375		0.630029
301.5		0.630029
301.625		0.630029
301.75		0.630029
301.875		0.630029
302		0.630029
302.125		0.633356
302.25		0.633356
302.375		0.633356
302.5		0.633356
302.625		0.633356
302.75		0.633356
302.875		0.633356
303		0.633356
303.125		0.635071
303.25		0.635071
303.375		0.635071
303.5		0.635071
303.625		0.635071
303.75		0.635071
303.875		0.635071
304		0.635071
304.125		0.637995
304.25		0.637995
304.375		0.637995
304.5		0.637995
304.625		0.637995
304.75		0.637995
304.875		0.637995
305		0.637995
305.125		0.63949
305.25		0.63949
305.375		0.63949
305.5		0.63949
305.625		0.63949
305.75		0.63949
305.875		0.63949
306		0.63949
306.125		0.642245
306.25		0.642245
306.375		0.642245
306.5		0.642245
306.625		0.642245
306.75		0.642245
306.875		0.642245
307		0.642245
307.125		0.648235
307.25		0.648235
307.375		0.648235
307.5		0.648235
307.625		0.648235
307.75		0.648235
307.875		0.648235
308		0.648235
308.125		0.650496
308.25		0.650496
308.375		0.650496
308.5		0.650496
308.625		0.650496
308.75		0.650496
308.875		0.650496
309		0.650496
309.125		0.651562
309.25		0.651562
309.375		0.651562
309.5		0.651562
309.625		0.651562
309.75		0.651562
309.875		0.651562
310		0.651562
310.125		0.657241
310.25		0.657241
310.375		0.657241
310.5		0.657241
310.625		0.657241
310.75		0.657241
310.875		0.657241
311		0.657241
311.125		0.659892
311.25		0.659892
311.375		0.659892
311.5		0.659892
311.625		0.659892
311.75		0.659892
311.875		0.659892
312		0.659892
312.125		0.662374
312.25		0.662374
312.375		0.662374
312.5		0.662374
312.625		0.662374
312.75		0.662374
312.875		0.662374
313		0.662374
313.125		0.665532
313.25		0.665532
313.375		0.665532
313.5		0.665532
313.625		0.665532
313.75		0.665532
313.875		0.665532
314		0.665532
314.125		0.668962
314.25		0.668962
314.375		0.668962
314.5		0.668962
314.625		0.668962
314.75		0.668962
314.875		0.668962
315		0.668962
315.125		0.670132
315.25		0.670132
315.375		0.670132
315.5		0.670132
315.625		0.670132
315.75		0.670132
315.875		0.670132
316		0.670132
316.125		0.670756
316.25		0.670756
316.375		0.670756
316.5		0.670756
316.625		0.670756
316.75		0.670756
316.875		0.670756
317		0.670756
317.125		0.67342
317.25		0.67342
317.375		0.67342
317.5		0.67342
317.625		0.67342
317.75		0.67342
317.875		0.67342
318		0.67342
318.125		0.675616
318.25		0.675616
318.375		0.675616
318.5		0.675616
318.625		0.675616
318.75		0.675616
318.875		0.675616
319		0.675616
319.125		0.678449
319.25		0.678449
319.375		0.678449
319.5		0.678449
319.625		0.678449
319.75		0.678449
319.875		0.678449
320		0.678449
320.125		0.679346
320.25		0.679346
320.375		0.679346
320.5		0.679346
320.625		0.679346
320.75		0.679346
320.875		0.679346
321		0.679346
321.125		0.679878
321.25		0.679878
321.375		0.679878
321.5		0.679878
321.625		0.679878
321.75		0.679878
321.875		0.679878
322		0.679878
322.125		0.685505
322.25		0.685505
322.375		0.685505
322.5		0.685505
322.625		0.685505
322.75		0.685505
322.875		0.685505
323		0.685505
323.125		0.686038
323.25		0.686038
323.375		0.686038
323.5		0.686038
323.625		0.686038
323.75		0.686038
323.875		0.686038
324		0.686038
324.125		0.688286
324.25		0.688286
324.375		0.688286
324.5		0.688286
324.625		0.688286
324.75		0.688286
324.875		0.688286
325		0.688286
325.125		0.690547
325.25		0.690547
325.375		0.690547
325.5		0.690547
325.625		0.690547
325.75		0.690547
325.875		0.690547
326		0.690547
326.125		0.695966
326.25		0.695966
326.375		0.695966
326.5		0.695966
326.625		0.695966
326.75		0.695966
326.875		0.695966
327		0.695966
327.125		0.697305
327.25		0.697305
327.375		0.697305
327.5		0.697305
327.625		0.697305
327.75		0.697305
327.875		0.697305
328		0.697305
328.125		0.697994
328.25		0.697994
328.375		0.697994
328.5		0.697994
328.625		0.697994
328.75		0.697994
328.875		0.697994
329		0.697994
329.125		0.699761
329.25		0.699761
329.375		0.699761
329.5		0.699761
329.625		0.699761
329.75		0.699761
329.875		0.699761
330		0.699761
330.125		0.703607
330.25		0.703607
330.375		0.703607
330.5		0.703607
330.625		0.703607
330.75		0.703607
330.875		0.703607
331		0.703607
331.125		0.706856
331.25		0.706856
331.375		0.706856
331.5		0.706856
331.625		0.706856
331.75		0.706856
331.875		0.706856
332		0.706856
332.125		0.707337
332.25		0.707337
332.375		0.707337
332.5		0.707337
332.625		0.707337
332.75		0.707337
332.875		0.707337
333		0.707337
333.125		0.70913
333.25		0.70913
333.375		0.70913
333.5		0.70913
333.625		0.70913
333.75		0.70913
333.875		0.70913
334		0.70913
334.125		0.710001
334.25		0.710001
334.375		0.710001
334.5		0.710001
334.625		0.710001
334.75		0.710001
334.875		0.710001
335		0.710001
335.125		0.714419
335.25		0.714419
335.375		0.714419
335.5		0.714419
335.625		0.714419
335.75		0.714419
335.875		0.714419
336		0.714419
336.125		0.717486
336.25		0.717486
336.375		0.717486
336.5		0.717486
336.625		0.717486
336.75		0.717486
336.875		0.717486
337		0.717486
337.125		0.717759
337.25		0.717759
337.375		0.717759
337.5		0.717759
337.625		0.717759
337.75		0.717759
337.875		0.717759
338		0.717759
338.125		0.71811
338.25		0.71811
338.375		0.71811
338.5		0.71811
338.625		0.71811
338.75		0.71811
338.875		0.71811
339		0.71811
339.125		0.719293
339.25		0.719293
339.375		0.719293
339.5		0.719293
339.625		0.719293
339.75		0.719293
339.875		0.719293
340		0.719293
340.125		0.724802
340.25		0.724802
340.375		0.724802
340.5		0.724802
340.625		0.724802
340.75		0.724802
340.875		0.724802
341		0.724802
341.125		0.729195
341.25		0.729195
341.375		0.729195
341.5		0.729195
341.625		0.729195
341.75		0.729195
341.875		0.729195
342		0.729195
342.125		0.729793
342.25		0.729793
342.375		0.729793
342.5		0.729793
342.625		0.729793
342.75		0.729793
342.875		0.729793
343		0.729793
343.125		0.734653
343.25		0.734653
343.375		0.734653
343.5		0.734653
343.625		0.734653
343.75		0.734653
343.875		0.734653
344		0.734653
344.125		0.736771
344.25		0.736771
344.375		0.736771
344.5		0.736771
344.625		0.736771
344.75		0.736771
344.875		0.736771
345		0.736771
345.125		0.737538
345.25		0.737538
345.375		0.737538
345.5		0.737538
345.625		0.737538
345.75		0.737538
345.875		0.737538
346		0.737538
346.125		0.741007
346.25		0.741007
346.375		0.741007
346.5		0.741007
346.625		0.741007
346.75		0.741007
346.875		0.741007
347		0.741007
347.125		0.743957
347.25		0.743957
347.375		0.743957
347.5		0.743957
347.625		0.743957
347.75		0.743957
347.875		0.743957
348		0.743957
348.125		0.746738
348.25		0.746738
348.375		0.746738
348.5		0.746738
348.625		0.746738
348.75		0.746738
348.875		0.746738
349		0.746738
349.125		0.749584
349.25		0.749584
349.375		0.749584
349.5		0.749584
349.625		0.749584
349.75		0.749584
349.875		0.749584
350		0.749584
350.125		0.750819
350.25		0.750819
350.375		0.750819
350.5		0.750819
350.625		0.750819
350.75		0.750819
350.875		0.750819
351		0.750819
351.125		0.752131
351.25		0.752131
351.375		0.752131
351.5		0.752131
351.625		0.752131
351.75		0.752131
351.875		0.752131
352		0.752131
352.125		0.752482
352.25		0.752482
352.375		0.752482
352.5		0.752482
352.625		0.752482
352.75		0.752482
352.875		0.752482
353		0.752482
353.125		0.753223
353.25		0.753223
353.375		0.753223
353.5		0.753223
353.625		0.753223
353.75		0.753223
353.875		0.753223
354		0.753223
354.125		0.757537
354.25		0.757537
354.375		0.757537
354.5		0.757537
354.625		0.757537
354.75		0.757537
354.875		0.757537
355		0.757537
355.125		0.76011
355.25		0.76011
355.375		0.76011
355.5		0.76011
355.625		0.76011
355.75		0.76011
355.875		0.76011
356		0.76011
356.125		0.763541
356.25		0.763541
356.375		0.763541
356.5		0.763541
356.625		0.763541
356.75		0.763541
356.875		0.763541
357		0.763541
357.125		0.763879
357.25		0.763879
357.375		0.763879
357.5		0.763879
357.625		0.763879
357.75		0.763879
357.875		0.763879
358		0.763879
358.125		0.767569
358.25		0.767569
358.375		0.767569
358.5		0.767569
358.625		0.767569
358.75		0.767569
358.875		0.767569
359		0.767569
359.125		0.768583
359.25		0.768583
359.375		0.768583
359.5		0.768583
359.625		0.768583
359.75		0.768583
359.875		0.768583
360		0.768583
360.125		0.769675
360.25		0.769675
360.375		0.769675
360.5		0.769675
360.625		0.769675
360.75		0.769675
360.875		0.769675
361		0.769675
361.125		0.773222
361.25		0.773222
361.375		0.773222
361.5		0.773222
361.625		0.773222
361.75		0.773222
361.875		0.773222
362		0.773222
362.125		0.77486
362.25		0.77486
362.375		0.77486
362.5		0.77486
362.625		0.77486
362.75		0.77486
362.875		0.77486
363		0.77486
363.125		0.778433
363.25		0.778433
363.375		0.778433
363.5		0.778433
363.625		0.778433
363.75		0.778433
363.875		0.778433
364		0.778433
364.125		0.778953
364.25		0.778953
364.375		0.778953
364.5		0.778953
364.625		0.778953
364.75		0.778953
364.875		0.778953
365		0.778953
365.125		0.780578
365.25		0.780578
365.375		0.780578
365.5		0.780578
365.625		0.780578
365.75		0.780578
365.875		0.780578
366		0.780578
366.125		0.782202
366.25		0.782202
366.375		0.782202
366.5		0.782202
366.625		0.782202
366.75		0.782202
366.875		0.782202
367		0.782202
367.125		0.784177
367.25		0.784177
367.375		0.784177
367.5		0.784177
367.625		0.784177
367.75		0.784177
367.875		0.784177
368		0.784177
368.125		0.789115
368.25		0.789115
368.375		0.789115
368.5		0.789115
368.625		0.789115
368.75		0.789115
368.875		0.789115
369		0.789115
369.125		0.789648
369.25		0.789648
369.375		0.789648
369.5		0.789648
369.625		0.789648
369.75		0.789648
369.875		0.789648
370		0.789648
370.125		0.791259
370.25		0.791259
370.375		0.791259
370.5		0.791259
370.625		0.791259
370.75		0.791259
370.875		0.791259
371		0.791259
371.125		0.796458
371.25		0.796458
371.375		0.796458
371.5		0.796458
371.625		0.796458
371.75		0.796458
371.875		0.796458
372		0.796458
372.125		0.799511
372.25		0.799511
372.375		0.799511
372.5		0.799511
372.625		0.799511
372.75		0.799511
372.875		0.799511
373		0.799511
373.125		0.800122
373.25		0.800122
373.375		0.800122
373.5		0.800122
373.625		0.800122
373.75		0.800122
373.875		0.800122
374		0.800122
374.125		0.804229
374.25		0.804229
374.375		0.804229
374.5		0.804229
374.625		0.804229
374.75		0.804229
374.875		0.804229
375		0.804229
375.125		0.805853
375.25		0.805853
375.375		0.805853
375.5		0.805853
375.625		0.805853
375.75		0.805853
375.875		0.805853
376		0.805853
376.125		0.809518
376.25		0.809518
376.375		0.809518
376.5		0.809518
376.625		0.809518
376.75		0.809518
376.875		0.809518
377		0.809518
377.125		0.810037
377.25		0.810037
377.375		0.810037
377.5		0.810037
377.625		0.810037
377.75		0.810037
377.875		0.810037
378		0.810037
378.125		0.811311
378.25		0.811311
378.375		0.811311
378.5		0.811311
378.625		0.811311
378.75		0.811311
378.875		0.811311
379		0.811311
379.125		0.81582
379.25		0.81582
379.375		0.81582
379.5		0.81582
379.625		0.81582
379.75		0.81582
379.875		0.81582
380		0.81582
380.125		0.817419
380.25		0.817419
380.375		0.817419
380.5		0.817419
380.625		0.817419
380.75		0.817419
380.875		0.817419
381		0.817419
381.125		0.818094
381.25		0.818094
381.375		0.818094
381.5		0.818094
381.625		0.818094
381.75		0.818094
381.875		0.818094
382		0.818094
382.125		0.820888
382.25		0.820888
382.375		0.820888
382.5		0.820888
382.625		0.820888
382.75		0.820888
382.875		0.820888
383		0.820888
383.125		0.822071
383.25		0.822071
383.375		0.822071
383.5		0.822071
383.625		0.822071
383.75		0.822071
383.875		0.822071
384		0.822071
384.125		0.826229
384.25		0.826229
384.375		0.826229
384.5		0.826229
384.625		0.826229
384.75		0.826229
384.875		0.826229
385		0.826229
385.125		0.826567
385.25		0.826567
385.375		0.826567
385.5		0.826567
385.625		0.826567
385.75		0.826567
385.875		0.826567
386		0.826567
386.125		0.828426
386.25		0.828426
386.375		0.828426
386.5		0.828426
386.625		0.828426
386.75		0.828426
386.875		0.828426
387		0.828426
387.125		0.82901
387.25		0.82901
387.375		0.82901
387.5		0.82901
387.625		0.82901
387.75		0.82901
387.875		0.82901
388		0.82901
388.125		0.834598
388.25		0.834598
388.375		0.834598
388.5		0.834598
388.625		0.834598
388.75		0.834598
388.875		0.834598
389		0.834598
389.125		0.837405
389.25		0.837405
389.375		0.837405
389.5		0.837405
389.625		0.837405
389.75		0.837405
389.875		0.837405
390		0.837405
390.125		0.837678
390.25		0.837678
390.375		0.837678
390.5		0.837678
390.625		0.837678
390.75		0.837678
390.875		0.837678
391		0.837678
391.125		0.839056
391.25		0.839056
391.375		0.839056
391.5		0.839056
391.625		0.839056
391.75		0.839056
391.875		0.839056
392		0.839056
392.125		0.842876
392.25		0.842876
392.375		0.842876
392.5		0.842876
392.625		0.842876
392.75		0.842876
392.875		0.842876
393		0.842876
393.125		0.845917
393.25		0.845917
393.375		0.845917
393.5		0.845917
393.625		0.845917
393.75		0.845917
393.875		0.845917
394		0.845917
394.125		0.846983
394.25		0.846983
394.375		0.846983
394.5		0.846983
394.625		0.846983
394.75		0.846983
394.875		0.846983
395		0.846983
395.125		0.847294
395.25		0.847294
395.375		0.847294
395.5		0.847294
395.625		0.847294
395.75		0.847294
395.875		0.847294
396		0.847294
396.125		0.85105
396.25		0.85105
396.375		0.85105
396.5		0.85105
396.625		0.85105
396.75		0.85105
396.875		0.85105
397		0.85105
397.125		0.853441
397.25		0.853441
397.375		0.853441
397.5		0.853441
397.625		0.853441
397.75		0.853441
397.875		0.853441
398		0.853441
398.125		0.854858
398.25		0.854858
398.375		0.854858
398.5		0.854858
398.625		0.854858
398.75		0.854858
398.875		0.854858
399		0.854858
399.125		0.855975
399.25		0.855975
399.375		0.855975
399.5		0.855975
399.625		0.855975
399.75		0.855975
399.875		0.855975
400		0.855975
400.125		0.857093
400.25		0.857093
400.375		0.857093
400.5		0.857093
400.625		0.857093
400.75		0.857093
400.875		0.857093
401		0.857093
401.125		0.859809
401.25		0.859809
401.375		0.859809
401.5		0.859809
401.625		0.859809
401.75		0.859809
401.875		0.859809
402		0.859809
402.125		0.861589
402.25		0.861589
402.375		0.861589
402.5		0.861589
402.625		0.861589
402.75		0.861589
402.875		0.861589
403		0.861589
403.125		0.865267
403.25		0.865267
403.375		0.865267
403.5		0.865267
403.625		0.865267
403.75		0.865267
403.875		0.865267
404		0.865267
404.125		0.865644
404.25		0.865644
404.375		0.865644
404.5		0.865644
404.625		0.865644
404.75		0.865644
404.875		0.865644
405		0.865644
405.125		0.868632
405.25		0.868632
405.375		0.868632
405.5		0.868632
405.625		0.868632
405.75		0.868632
405.875		0.868632
406		0.868632
406.125		0.869282
406.25		0.869282
406.375		0.869282
406.5		0.869282
406.625		0.869282
406.75		0.869282
406.875		0.869282
407		0.869282
407.125		0.871556
407.25		0.871556
407.375		0.871556
407.5		0.871556
407.625		0.871556
407.75		0.871556
407.875		0.871556
408		0.871556
408.125		0.875156
408.25		0.875156
408.375		0.875156
408.5		0.875156
408.625		0.875156
408.75		0.875156
408.875		0.875156
409		0.875156
409.125		0.875546
409.25		0.875546
409.375		0.875546
409.5		0.875546
409.625		0.875546
409.75		0.875546
409.875		0.875546
410		0.875546
410.125		0.88268
410.25		0.88268
410.375		0.88268
410.5		0.88268
410.625		0.88268
410.75		0.88268
410.875		0.88268
411		0.88268
411.125		0.882901
411.25		0.882901
411.375		0.882901
411.5		0.882901
411.625		0.882901
411.75		0.882901
411.875		0.882901
412		0.882901
412.125		0.884408
412.25		0.884408
412.375		0.884408
412.5		0.884408
412.625		0.884408
412.75		0.884408
412.875		0.884408
413		0.884408
413.125		0.884993
413.25		0.884993
413.375		0.884993
413.5		0.884993
413.625		0.884993
413.75		0.884993
413.875		0.884993
414		0.884993
414.125		0.890451
414.25		0.890451
414.375		0.890451
414.5		0.890451
414.625		0.890451
414.75		0.890451
414.875		0.890451
415		0.890451
415.125		0.892959
415.25		0.892959
415.375		0.892959
415.5		0.892959
415.625		0.892959
415.75		0.892959
415.875		0.892959
416		0.892959
416.125		0.895142
416.25		0.895142
416.375		0.895142
416.5		0.895142
416.625		0.895142
416.75		0.895142
416.875		0.895142
417		0.895142
417.125		0.8973
417.25		0.8973
417.375		0.8973
417.5		0.8973
417.625		0.8973
417.75		0.8973
417.875		0.8973
418		0.8973
418.125		0.898833
418.25		0.898833
418.375		0.898833
418.5		0.898833
418.625		0.898833
418.75		0.898833
418.875		0.898833
419		0.898833
419.125		0.902693
419.25		0.902693
419.375		0.902693
419.5		0.902693
419.625		0.902693
419.75		0.902693
419.875		0.902693
420		0.902693
420.125		0.904655
420.25		0.904655
420.375		0.904655
420.5		0.904655
420.625		0.904655
420.75		0.904655
420.875		0.904655
421		0.904655
421.125		0.905071
421.25		0.905071
421.375		0.905071
421.5		0.905071
421.625		0.905071
421.75		0.905071
421.875		0.905071
422		0.905071
422.125		0.90906
422.25		0.90906
422.375		0.90906
422.5		0.90906
422.625		0.90906
422.75		0.90906
422.875		0.90906
423		0.90906
423.125		0.910165
423.25		0.910165
423.375		0.910165
423.5		0.910165
423.625		0.910165
423.75		0.910165
423.875		0.910165
424		0.910165
424.125		0.91279
424.25		0.91279
424.375		0.91279
424.5		0.91279
424.625		0.91279
424.75		0.91279
424.875		0.91279
425		0.91279
425.125		0.913258
425.25		0.913258
425.375		0.913258
425.5		0.913258
425.625		0.913258
425.75		0.913258
425.875		0.913258
426		0.913258
426.125		0.917481
426.25		0.917481
426.375		0.917481
426.5		0.917481
426.625		0.917481
426.75		0.917481
426.875		0.917481
427		0.917481
427.125		0.919833
427.25		0.919833
427.375		0.919833
427.5		0.919833
427.625		0.919833
427.75		0.919833
427.875		0.919833
428		0.919833
428.125		0.920561
428.25		0.920561
428.375		0.920561
428.5		0.920561
428.625		0.920561
428.75		0.920561
428.875		0.920561
429		0.920561
429.125		0.924836
429.25		0.924836
429.375		0.924836
429.5		0.924836
429.625		0.924836
429.75		0.924836
429.875		0.924836
430		0.924836
430.125		0.926578
430.25		0.926578
430.375		0.926578
430.5		0.926578
430.625		0.926578
430.75		0.926578
430.875		0.926578
431		0.926578
431.125		0.931048
431.25		0.931048
431.375		0.931048
431.5		0.931048
431.625		0.931048
431.75		0.931048
431.875		0.931048
432		0.931048
432.125		0.933296
432.25		0.933296
432.375		0.933296
432.5		0.933296
432.625		0.933296
432.75		0.933296
432.875		0.933296
433		0.933296
433.125		0.933556
433.25		0.933556
433.375		0.933556
433.5		0.933556
433.625		0.933556
433.75		0.933556
433.875		0.933556
434		0.933556
434.125		0.936194
434.25		0.936194
434.375		0.936194
434.5		0.936194
434.625		0.936194
434.75		0.936194
434.875		0.936194
435		0.936194
435.125		0.93774
435.25		0.93774
435.375		0.93774
435.5		0.93774
435.625		0.93774
435.75		0.93774
435.875		0.93774
436		0.93774
436.125		0.941275
436.25		0.941275
436.375		0.941275
436.5		0.941275
436.625		0.941275
436.75		0.941275
436.875		0.941275
437		0.941275
437.125		0.942536
437.25		0.942536
437.375		0.942536
437.5		0.942536
437.625		0.942536
437.75		0.942536
437.875		0.942536
438		0.942536
438.125		0.946746
438.25		0.946746
438.375		0.946746
438.5		0.946746
438.625		0.946746
438.75		0.946746
438.875		0.946746
439		0.946746
439.125		0.94724
439.25		0.94724
439.375		0.94724
439.5		0.94724
439.625		0.94724
439.75		0.94724
439.875		0.94724
440		0.94724
440.125		0.952087
440.25		0.952087
440.375		0.952087
440.5		0.952087
440.625		0.952087
440.75		0.952087
440.875		0.952087
441		0.952087
441.125		0.952659
441.25		0.952659
441.375		0.952659
441.5		0.952659
441.625		0.952659
441.75		0.952659
441.875		0.952659
442		0.952659
442.125		0.953594
442.25		0.953594
442.375		0.953594
442.5		0.953594
442.625		0.953594
442.75		0.953594
442.875		0.953594
443		0.953594
443.125		0.955349
443.25		0.955349
443.375		0.955349
443.5		0.955349
443.625		0.955349
443.75		0.955349
443.875		0.955349
444		0.955349
444.125		0.960599
444.25		0.960599
444.375		0.960599
444.5		0.960599
444.625		0.960599
444.75		0.960599
444.875		0.960599
445		0.960599
445.125		0.965654
445.25		0.965654
445.375		0.965654
445.5		0.965654
445.625		0.965654
445.75		0.965654
445.875		0.965654
446		0.965654
446.125		0.9662
446.25		0.9662
446.375		0.9662
446.5		0.9662
446.625		0.9662
446.75		0.9662
446.875		0.9662
447		0.9662
447.125		0.966382
447.25		0.966382
447.375		0.966382
447.5		0.966382
447.625		0.966382
447.75		0.966382
447.875		0.966382
448		0.966382
448.125		0.969033
448.25		0.969033
448.375		0.969033
448.5		0.969033
448.625		0.969033
448.75		0.969033
448.875		0.969033
449		0.969033
449.125		0.971879
449.25		0.971879
449.375		0.971879
449.5		0.971879
449.625		0.971879
449.75		0.971879
449.875		0.971879
450		0.971879
450.125		0.973711
450.25		0.973711
450.375		0.973711
450.5		0.973711
450.625		0.973711
450.75		0.973711
450.875		0.973711
451		0.973711
451.125		0.976427
451.25		0.976427
451.375		0.976427
451.5		0.976427
451.625		0.976427
451.75		0.976427
451.875		0.976427
452		0.976427
452.125		0.978584
452.25		0.978584
452.375		0.978584
452.5		0.978584
452.625		0.978584
452.75		0.978584
452.875		0.978584
453		0.978584
453.125		0.981859
453.25		0.981859
453.375		0.981859
453.5		0.981859
453.625		0.981859
453.75		0.981859
453.875		0.981859
454		0.981859
454.125		0.983717
454.25		0.983717
454.375		0.983717
454.5		0.983717
454.625		0.983717
454.75		0.983717
454.875		0.983717
455		0.983717
455.125		0.984952
455.25		0.984952
455.375		0.984952
455.5		0.984952
455.625		0.984952
455.75		0.984952
455.875		0.984952
456		0.984952
456.125		0.985991
456.25		0.985991
456.375		0.985991
456.5		0.985991
456.625		0.985991
456.75		0.985991
456.875		0.985991
457		0.985991
457.125		0.989409
457.25		0.989409
457.375		0.989409
457.5		0.989409
457.625		0.989409
457.75		0.989409
457.875		0.989409
458		0.989409
458.125		0.989916
458.25		0.989916
458.375		0.989916
458.5		0.989916
458.625		0.989916
458.75		0.989916
458.875		0.989916
459		0.989916
459.125		0.9941
459.25		0.9941
459.375		0.9941
459.5		0.9941
459.625		0.9941
459.75		0.9941
459.875		0.9941
460		0.9941
460.125		0.9964
460.25		0.9964
460.375		0.9964
460.5		0.9964
460.625		0.9964
460.75		0.9964
460.875		0.9964
461		0.9964
461.125		0.998506
461.25		0.998506
461.375		0.998506
461.5		0.998506
461.625		0.998506
461.75		0.998506
461.875		0.998506
462		0.998506
462.125		0.999454
462.25		0.999454
462.375		0.999454
462.5		0.999454
462.625		0.999454
462.75		0.999454
462.875		0.999454
463		0.999454
463.125		0.999857
463.25		0.999857
463.375		0.999857
463.5		0.999857
463.625		0.999857
463.75		0.999857
463.875		0.999857
464		0.999857
464.125		0.999987
464.25		0.999987
464.375		0.999987
464.5		0.999987
464.625		0.999987
464.75		0.999987
464.875		0.999987
465		0.999987
465.125		1
465.25		1
465.375		1
465.5		1
465.625		1
465.75		1
465.875		1
466		1
466.125		1
466.25		1
466.375		1
466.5		1
466.625		1
466.75		1
466.875		1
467		1
467.125		1
467.25		1
467.375		1
467.5		1
467.625		1
467.75		1
467.875		1
468		1
468.125		1
468.25		1
468.375		1
468.5		1
468.625		1
468.75		1
468.875		1
469		1
469.125		1
469.25		1
469.375		1
469.5		1
469.625		1
469.75		1
469.875		1
470		1
470.125		1
470.25		1
470.375		1
470.5		1
470.625		1
470.75		1
470.875		1
471		1
471.125		1
471.25		1
471.375		1
471.5		1
471.625		1
471.75		1
471.875		1
472		1
472.125		1
472.25		1
472.375		1
472.5		1
472.625		1
472.75		1
472.875		1
473		1
473.125		1
473.25		1
473.375		1
473.5		1
473.625		1
473.75		1
473.875		1
474		1
474.125		1
474.25		1
474.375		1
474.5		1
474.625		1
474.75		1
474.875		1
475		1
475.125		1
475.25		1
475.375		1
475.5		1
475.625		1
475.75		1
475.875		1
476		1
476.125		1
476.25		1
476.375		1
476.5		1
476.625		1
476.75		1
476.875		1
477		1
477.125		1
477.25		1
477.375		1
477.5		1
477.625		1
477.75		1
477.875		1
478		1
478.125		1
478.25		1
478.375		1
478.5		1
478.625		1
478.75		1
478.875		1
479		1
479.125		1
479.25		1
479.375		1
479.5		1
479.625		1
479.75		1
479.875		1
480		1
480.125		1
480.25		1
480.375		1
480.5		1
480.625		1
480.75		1
480.875		1
481		1
481.125		1
481.25		1
481.375		1
481.5		1
481.625		1
481.75		1
481.875		1
482		1
482.125		1
482.25		1
482.375		1
482.5		1
482.625		1
482.75		1
482.875		1
483		1
483.125		1
483.25		1
483.375		1
483.5		1
483.625		1
483.75		1
483.875		1
484		1
484.125		1
484.25		1
484.375		1
484.5		1
484.625		1
484.75		1
484.875		1
485		1
485.125		1
485.25		1
485.375		1
485.5		1
485.625		1
485.75		1
485.875		1
486		1
486.125		1
486.25		1
486.375		1
486.5		1
486.625		1
486.75		1
486.875		1
487		1
487.125		1
487.25		1
487.375		1
487.5		1
487.625		1
487.75		1
487.875		1
488		1
488.125		1
488.25		1
488.375		1
488.5		1
488.625		1
488.75		1
488.875		1
489		1
489.125		1
489.25		1
489.375		1
489.5		1
489.625		1
489.75		1
489.875		1
490		1
490.125		1
490.25		1
490.375		1
490.5		1
490.625		1
490.75		1
490.875		1
491		1
491.125		1
491.25		1
491.375		1
491.5		1
491.625		1
491.75		1
491.875		1
492		1
492.125		1
492.25		1
492.375		1
492.5		1
492.625		1
492.75		1
492.875		1
493		1
493.125		1
493.25		1
493.375		1
493.5		1
493.625		1
493.75		1
493.875		1
494		1
494.125		1
494.25		1
494.375		1
494.5		1
494.625		1
494.75		1
494.875		1
495		1
495.125		1
495.25		1
495.375		1
495.5		1
495.625		1
495.75		1
495.875		1
496		1
496.125		1
496.25		1
496.375		1
496.5		1
496.625		1
496.75		1
496.875		1
497		1
497.125		1
497.25		1
497.375		1
497.5		1
497.625		1
497.75		1
497.875		1
498		1
498.125		1
498.25		1
498.375		1
498.5		1
498.625		1
498.75		1
498.875		1
499		1
499.125		1
499.25		1
499.375		1
499.5		1
499.625		1
499.75		1
499.875		1
500		1
