# Calibration file of tamex_id 1 @ channel 24
# fine_T bin		 Calibration value
0.125		0
0.25		0
0.375		0
0.5		0
0.625		0
0.75		0
0.875		0
1		0
1.125		0
1.25		0
1.375		0
1.5		0
1.625		0
1.75		0
1.875		0
2		0
2.125		0
2.25		0
2.375		0
2.5		0
2.625		0
2.75		0
2.875		0
3		0
3.125		0
3.25		0
3.375		0
3.5		0
3.625		0
3.75		0
3.875		0
4		0
4.125		0
4.25		0
4.375		0
4.5		0
4.625		0
4.75		0
4.875		0
5		0
5.125		0
5.25		0
5.375		0
5.5		0
5.625		0
5.75		0
5.875		0
6		0
6.125		0
6.25		0
6.375		0
6.5		0
6.625		0
6.75		0
6.875		0
7		0
7.125		0
7.25		0
7.375		0
7.5		0
7.625		0
7.75		0
7.875		0
8		0
8.125		0
8.25		0
8.375		0
8.5		0
8.625		0
8.75		0
8.875		0
9		0
9.125		0
9.25		0
9.375		0
9.5		0
9.625		0
9.75		0
9.875		0
10		0
10.125		0
10.25		0
10.375		0
10.5		0
10.625		0
10.75		0
10.875		0
11		0
11.125		0
11.25		0
11.375		0
11.5		0
11.625		0
11.75		0
11.875		0
12		0
12.125		0
12.25		0
12.375		0
12.5		0
12.625		0
12.75		0
12.875		0
13		0
13.125		0
13.25		0
13.375		0
13.5		0
13.625		0
13.75		0
13.875		0
14		0
14.125		0
14.25		0
14.375		0
14.5		0
14.625		0
14.75		0
14.875		0
15		0
15.125		0
15.25		0
15.375		0
15.5		0
15.625		0
15.75		0
15.875		0
16		0
16.125		0.00714635
16.25		0.00714635
16.375		0.00714635
16.5		0.00714635
16.625		0.00714635
16.75		0.00714635
16.875		0.00714635
17		0.00714635
17.125		0.0116052
17.25		0.0116052
17.375		0.0116052
17.5		0.0116052
17.625		0.0116052
17.75		0.0116052
17.875		0.0116052
18		0.0116052
18.125		0.0127657
18.25		0.0127657
18.375		0.0127657
18.5		0.0127657
18.625		0.0127657
18.75		0.0127657
18.875		0.0127657
19		0.0127657
19.125		0.0142316
19.25		0.0142316
19.375		0.0142316
19.5		0.0142316
19.625		0.0142316
19.75		0.0142316
19.875		0.0142316
20		0.0142316
20.125		0.0210726
20.25		0.0210726
20.375		0.0210726
20.5		0.0210726
20.625		0.0210726
20.75		0.0210726
20.875		0.0210726
21		0.0210726
21.125		0.0232104
21.25		0.0232104
21.375		0.0232104
21.5		0.0232104
21.625		0.0232104
21.75		0.0232104
21.875		0.0232104
22		0.0232104
22.125		0.0237601
22.25		0.0237601
22.375		0.0237601
22.5		0.0237601
22.625		0.0237601
22.75		0.0237601
22.875		0.0237601
23		0.0237601
23.125		0.0240044
23.25		0.0240044
23.375		0.0240044
23.5		0.0240044
23.625		0.0240044
23.75		0.0240044
23.875		0.0240044
24		0.0240044
24.125		0.0298681
24.25		0.0298681
24.375		0.0298681
24.5		0.0298681
24.625		0.0298681
24.75		0.0298681
24.875		0.0298681
25		0.0298681
25.125		0.0327388
25.25		0.0327388
25.375		0.0327388
25.5		0.0327388
25.625		0.0327388
25.75		0.0327388
25.875		0.0327388
26		0.0327388
26.125		0.0331053
26.25		0.0331053
26.375		0.0331053
26.5		0.0331053
26.625		0.0331053
26.75		0.0331053
26.875		0.0331053
27		0.0331053
27.125		0.0385414
27.25		0.0385414
27.375		0.0385414
27.5		0.0385414
27.625		0.0385414
27.75		0.0385414
27.875		0.0385414
28		0.0385414
28.125		0.0387857
28.25		0.0387857
28.375		0.0387857
28.5		0.0387857
28.625		0.0387857
28.75		0.0387857
28.875		0.0387857
29		0.0387857
29.125		0.0415343
29.25		0.0415343
29.375		0.0415343
29.5		0.0415343
29.625		0.0415343
29.75		0.0415343
29.875		0.0415343
30		0.0415343
30.125		0.0418397
30.25		0.0418397
30.375		0.0418397
30.5		0.0418397
30.625		0.0418397
30.75		0.0418397
30.875		0.0418397
31		0.0418397
31.125		0.0451991
31.25		0.0451991
31.375		0.0451991
31.5		0.0451991
31.625		0.0451991
31.75		0.0451991
31.875		0.0451991
32		0.0451991
32.125		0.0477645
32.25		0.0477645
32.375		0.0477645
32.5		0.0477645
32.625		0.0477645
32.75		0.0477645
32.875		0.0477645
33		0.0477645
33.125		0.0515514
33.25		0.0515514
33.375		0.0515514
33.5		0.0515514
33.625		0.0515514
33.75		0.0515514
33.875		0.0515514
34		0.0515514
34.125		0.0542389
34.25		0.0542389
34.375		0.0542389
34.5		0.0542389
34.625		0.0542389
34.75		0.0542389
34.875		0.0542389
35		0.0542389
35.125		0.0550941
35.25		0.0550941
35.375		0.0550941
35.5		0.0550941
35.625		0.0550941
35.75		0.0550941
35.875		0.0550941
36		0.0550941
36.125		0.0555827
36.25		0.0555827
36.375		0.0555827
36.5		0.0555827
36.625		0.0555827
36.75		0.0555827
36.875		0.0555827
37		0.0555827
37.125		0.0593086
37.25		0.0593086
37.375		0.0593086
37.5		0.0593086
37.625		0.0593086
37.75		0.0593086
37.875		0.0593086
38		0.0593086
38.125		0.0599805
38.25		0.0599805
38.375		0.0599805
38.5		0.0599805
38.625		0.0599805
38.75		0.0599805
38.875		0.0599805
39		0.0599805
39.125		0.0602859
39.25		0.0602859
39.375		0.0602859
39.5		0.0602859
39.625		0.0602859
39.75		0.0602859
39.875		0.0602859
40		0.0602859
40.125		0.0646225
40.25		0.0646225
40.375		0.0646225
40.5		0.0646225
40.625		0.0646225
40.75		0.0646225
40.875		0.0646225
41		0.0646225
41.125		0.0650501
41.25		0.0650501
41.375		0.0650501
41.5		0.0650501
41.625		0.0650501
41.75		0.0650501
41.875		0.0650501
42		0.0650501
42.125		0.068837
42.25		0.068837
42.375		0.068837
42.5		0.068837
42.625		0.068837
42.75		0.068837
42.875		0.068837
43		0.068837
43.125		0.0689592
43.25		0.0689592
43.375		0.0689592
43.5		0.0689592
43.625		0.0689592
43.75		0.0689592
43.875		0.0689592
44		0.0689592
44.125		0.0711581
44.25		0.0711581
44.375		0.0711581
44.5		0.0711581
44.625		0.0711581
44.75		0.0711581
44.875		0.0711581
45		0.0711581
45.125		0.0714024
45.25		0.0714024
45.375		0.0714024
45.5		0.0714024
45.625		0.0714024
45.75		0.0714024
45.875		0.0714024
46		0.0714024
46.125		0.0768996
46.25		0.0768996
46.375		0.0768996
46.5		0.0768996
46.625		0.0768996
46.75		0.0768996
46.875		0.0768996
47		0.0768996
47.125		0.0785487
47.25		0.0785487
47.375		0.0785487
47.5		0.0785487
47.625		0.0785487
47.75		0.0785487
47.875		0.0785487
48		0.0785487
48.125		0.0792817
48.25		0.0792817
48.375		0.0792817
48.5		0.0792817
48.625		0.0792817
48.75		0.0792817
48.875		0.0792817
49		0.0792817
49.125		0.0797703
49.25		0.0797703
49.375		0.0797703
49.5		0.0797703
49.625		0.0797703
49.75		0.0797703
49.875		0.0797703
50		0.0797703
50.125		0.0853286
50.25		0.0853286
50.375		0.0853286
50.5		0.0853286
50.625		0.0853286
50.75		0.0853286
50.875		0.0853286
51		0.0853286
51.125		0.0867945
51.25		0.0867945
51.375		0.0867945
51.5		0.0867945
51.625		0.0867945
51.75		0.0867945
51.875		0.0867945
52		0.0867945
52.125		0.0874053
52.25		0.0874053
52.375		0.0874053
52.5		0.0874053
52.625		0.0874053
52.75		0.0874053
52.875		0.0874053
53		0.0874053
53.125		0.0907036
53.25		0.0907036
53.375		0.0907036
53.5		0.0907036
53.625		0.0907036
53.75		0.0907036
53.875		0.0907036
54		0.0907036
54.125		0.0916198
54.25		0.0916198
54.375		0.0916198
54.5		0.0916198
54.625		0.0916198
54.75		0.0916198
54.875		0.0916198
55		0.0916198
55.125		0.0945517
55.25		0.0945517
55.375		0.0945517
55.5		0.0945517
55.625		0.0945517
55.75		0.0945517
55.875		0.0945517
56		0.0945517
56.125		0.0954679
56.25		0.0954679
56.375		0.0954679
56.5		0.0954679
56.625		0.0954679
56.75		0.0954679
56.875		0.0954679
57		0.0954679
57.125		0.0977889
57.25		0.0977889
57.375		0.0977889
57.5		0.0977889
57.625		0.0977889
57.75		0.0977889
57.875		0.0977889
58		0.0977889
58.125		0.10127
58.25		0.10127
58.375		0.10127
58.5		0.10127
58.625		0.10127
58.75		0.10127
58.875		0.10127
59		0.10127
59.125		0.102492
59.25		0.102492
59.375		0.102492
59.5		0.102492
59.625		0.102492
59.75		0.102492
59.875		0.102492
60		0.102492
60.125		0.10292
60.25		0.10292
60.375		0.10292
60.5		0.10292
60.625		0.10292
60.75		0.10292
60.875		0.10292
61		0.10292
61.125		0.10579
61.25		0.10579
61.375		0.10579
61.5		0.10579
61.625		0.10579
61.75		0.10579
61.875		0.10579
62		0.10579
62.125		0.106035
62.25		0.106035
62.375		0.106035
62.5		0.106035
62.625		0.106035
62.75		0.106035
62.875		0.106035
63		0.106035
63.125		0.110188
63.25		0.110188
63.375		0.110188
63.5		0.110188
63.625		0.110188
63.75		0.110188
63.875		0.110188
64		0.110188
64.125		0.111104
64.25		0.111104
64.375		0.111104
64.5		0.111104
64.625		0.111104
64.75		0.111104
64.875		0.111104
65		0.111104
65.125		0.111104
65.25		0.111104
65.375		0.111104
65.5		0.111104
65.625		0.111104
65.75		0.111104
65.875		0.111104
66		0.111104
66.125		0.115075
66.25		0.115075
66.375		0.115075
66.5		0.115075
66.625		0.115075
66.75		0.115075
66.875		0.115075
67		0.115075
67.125		0.119778
67.25		0.119778
67.375		0.119778
67.5		0.119778
67.625		0.119778
67.75		0.119778
67.875		0.119778
68		0.119778
68.125		0.120511
68.25		0.120511
68.375		0.120511
68.5		0.120511
68.625		0.120511
68.75		0.120511
68.875		0.120511
69		0.120511
69.125		0.121915
69.25		0.121915
69.375		0.121915
69.5		0.121915
69.625		0.121915
69.75		0.121915
69.875		0.121915
70		0.121915
70.125		0.122038
70.25		0.122038
70.375		0.122038
70.5		0.122038
70.625		0.122038
70.75		0.122038
70.875		0.122038
71		0.122038
71.125		0.123504
71.25		0.123504
71.375		0.123504
71.5		0.123504
71.625		0.123504
71.75		0.123504
71.875		0.123504
72		0.123504
72.125		0.129673
72.25		0.129673
72.375		0.129673
72.5		0.129673
72.625		0.129673
72.75		0.129673
72.875		0.129673
73		0.129673
73.125		0.131444
73.25		0.131444
73.375		0.131444
73.5		0.131444
73.625		0.131444
73.75		0.131444
73.875		0.131444
74		0.131444
74.125		0.13236
74.25		0.13236
74.375		0.13236
74.5		0.13236
74.625		0.13236
74.75		0.13236
74.875		0.13236
75		0.13236
75.125		0.134193
75.25		0.134193
75.375		0.134193
75.5		0.134193
75.625		0.134193
75.75		0.134193
75.875		0.134193
76		0.134193
76.125		0.136391
76.25		0.136391
76.375		0.136391
76.5		0.136391
76.625		0.136391
76.75		0.136391
76.875		0.136391
77		0.136391
77.125		0.138346
77.25		0.138346
77.375		0.138346
77.5		0.138346
77.625		0.138346
77.75		0.138346
77.875		0.138346
78		0.138346
78.125		0.139934
78.25		0.139934
78.375		0.139934
78.5		0.139934
78.625		0.139934
78.75		0.139934
78.875		0.139934
79		0.139934
79.125		0.142744
79.25		0.142744
79.375		0.142744
79.5		0.142744
79.625		0.142744
79.75		0.142744
79.875		0.142744
80		0.142744
80.125		0.14537
80.25		0.14537
80.375		0.14537
80.5		0.14537
80.625		0.14537
80.75		0.14537
80.875		0.14537
81		0.14537
81.125		0.146958
81.25		0.146958
81.375		0.146958
81.5		0.146958
81.625		0.146958
81.75		0.146958
81.875		0.146958
82		0.146958
82.125		0.147447
82.25		0.147447
82.375		0.147447
82.5		0.147447
82.625		0.147447
82.75		0.147447
82.875		0.147447
83		0.147447
83.125		0.152028
83.25		0.152028
83.375		0.152028
83.5		0.152028
83.625		0.152028
83.75		0.152028
83.875		0.152028
84		0.152028
84.125		0.15215
84.25		0.15215
84.375		0.15215
84.5		0.15215
84.625		0.15215
84.75		0.15215
84.875		0.15215
85		0.15215
85.125		0.15667
85.25		0.15667
85.375		0.15667
85.5		0.15667
85.625		0.15667
85.75		0.15667
85.875		0.15667
86		0.15667
86.125		0.158624
86.25		0.158624
86.375		0.158624
86.5		0.158624
86.625		0.158624
86.75		0.158624
86.875		0.158624
87		0.158624
87.125		0.159602
87.25		0.159602
87.375		0.159602
87.5		0.159602
87.625		0.159602
87.75		0.159602
87.875		0.159602
88		0.159602
88.125		0.159663
88.25		0.159663
88.375		0.159663
88.5		0.159663
88.625		0.159663
88.75		0.159663
88.875		0.159663
89		0.159663
89.125		0.166137
89.25		0.166137
89.375		0.166137
89.5		0.166137
89.625		0.166137
89.75		0.166137
89.875		0.166137
90		0.166137
90.125		0.167298
90.25		0.167298
90.375		0.167298
90.5		0.167298
90.625		0.167298
90.75		0.167298
90.875		0.167298
91		0.167298
91.125		0.168886
91.25		0.168886
91.375		0.168886
91.5		0.168886
91.625		0.168886
91.75		0.168886
91.875		0.168886
92		0.168886
92.125		0.17194
92.25		0.17194
92.375		0.17194
92.5		0.17194
92.625		0.17194
92.75		0.17194
92.875		0.17194
93		0.17194
93.125		0.17249
93.25		0.17249
93.375		0.17249
93.5		0.17249
93.625		0.17249
93.75		0.17249
93.875		0.17249
94		0.17249
94.125		0.1742
94.25		0.1742
94.375		0.1742
94.5		0.1742
94.625		0.1742
94.75		0.1742
94.875		0.1742
95		0.1742
95.125		0.177926
95.25		0.177926
95.375		0.177926
95.5		0.177926
95.625		0.177926
95.75		0.177926
95.875		0.177926
96		0.177926
96.125		0.180735
96.25		0.180735
96.375		0.180735
96.5		0.180735
96.625		0.180735
96.75		0.180735
96.875		0.180735
97		0.180735
97.125		0.182446
97.25		0.182446
97.375		0.182446
97.5		0.182446
97.625		0.182446
97.75		0.182446
97.875		0.182446
98		0.182446
98.125		0.186049
98.25		0.186049
98.375		0.186049
98.5		0.186049
98.625		0.186049
98.75		0.186049
98.875		0.186049
99		0.186049
99.125		0.186538
99.25		0.186538
99.375		0.186538
99.5		0.186538
99.625		0.186538
99.75		0.186538
99.875		0.186538
100		0.186538
100.125		0.186843
100.25		0.186843
100.375		0.186843
100.5		0.186843
100.625		0.186843
100.75		0.186843
100.875		0.186843
101		0.186843
101.125		0.190203
101.25		0.190203
101.375		0.190203
101.5		0.190203
101.625		0.190203
101.75		0.190203
101.875		0.190203
102		0.190203
102.125		0.195822
102.25		0.195822
102.375		0.195822
102.5		0.195822
102.625		0.195822
102.75		0.195822
102.875		0.195822
103		0.195822
103.125		0.196189
103.25		0.196189
103.375		0.196189
103.5		0.196189
103.625		0.196189
103.75		0.196189
103.875		0.196189
104		0.196189
104.125		0.196555
104.25		0.196555
104.375		0.196555
104.5		0.196555
104.625		0.196555
104.75		0.196555
104.875		0.196555
105		0.196555
105.125		0.199792
105.25		0.199792
105.375		0.199792
105.5		0.199792
105.625		0.199792
105.75		0.199792
105.875		0.199792
106		0.199792
106.125		0.200892
106.25		0.200892
106.375		0.200892
106.5		0.200892
106.625		0.200892
106.75		0.200892
106.875		0.200892
107		0.200892
107.125		0.202663
107.25		0.202663
107.375		0.202663
107.5		0.202663
107.625		0.202663
107.75		0.202663
107.875		0.202663
108		0.202663
108.125		0.205228
108.25		0.205228
108.375		0.205228
108.5		0.205228
108.625		0.205228
108.75		0.205228
108.875		0.205228
109		0.205228
109.125		0.206511
109.25		0.206511
109.375		0.206511
109.5		0.206511
109.625		0.206511
109.75		0.206511
109.875		0.206511
110		0.206511
110.125		0.207
110.25		0.207
110.375		0.207
110.5		0.207
110.625		0.207
110.75		0.207
110.875		0.207
111		0.207
111.125		0.213047
111.25		0.213047
111.375		0.213047
111.5		0.213047
111.625		0.213047
111.75		0.213047
111.875		0.213047
112		0.213047
112.125		0.214024
112.25		0.214024
112.375		0.214024
112.5		0.214024
112.625		0.214024
112.75		0.214024
112.875		0.214024
113		0.214024
113.125		0.215368
113.25		0.215368
113.375		0.215368
113.5		0.215368
113.625		0.215368
113.75		0.215368
113.875		0.215368
114		0.215368
114.125		0.219155
114.25		0.219155
114.375		0.219155
114.5		0.219155
114.625		0.219155
114.75		0.219155
114.875		0.219155
115		0.219155
115.125		0.219827
115.25		0.219827
115.375		0.219827
115.5		0.219827
115.625		0.219827
115.75		0.219827
115.875		0.219827
116		0.219827
116.125		0.222636
116.25		0.222636
116.375		0.222636
116.5		0.222636
116.625		0.222636
116.75		0.222636
116.875		0.222636
117		0.222636
117.125		0.225385
117.25		0.225385
117.375		0.225385
117.5		0.225385
117.625		0.225385
117.75		0.225385
117.875		0.225385
118		0.225385
118.125		0.226484
118.25		0.226484
118.375		0.226484
118.5		0.226484
118.625		0.226484
118.75		0.226484
118.875		0.226484
119		0.226484
119.125		0.229355
119.25		0.229355
119.375		0.229355
119.5		0.229355
119.625		0.229355
119.75		0.229355
119.875		0.229355
120		0.229355
120.125		0.231371
120.25		0.231371
120.375		0.231371
120.5		0.231371
120.625		0.231371
120.75		0.231371
120.875		0.231371
121		0.231371
121.125		0.232043
121.25		0.232043
121.375		0.232043
121.5		0.232043
121.625		0.232043
121.75		0.232043
121.875		0.232043
122		0.232043
122.125		0.236013
122.25		0.236013
122.375		0.236013
122.5		0.236013
122.625		0.236013
122.75		0.236013
122.875		0.236013
123		0.236013
123.125		0.237112
123.25		0.237112
123.375		0.237112
123.5		0.237112
123.625		0.237112
123.75		0.237112
123.875		0.237112
124		0.237112
124.125		0.241754
124.25		0.241754
124.375		0.241754
124.5		0.241754
124.625		0.241754
124.75		0.241754
124.875		0.241754
125		0.241754
125.125		0.242854
125.25		0.242854
125.375		0.242854
125.5		0.242854
125.625		0.242854
125.75		0.242854
125.875		0.242854
126		0.242854
126.125		0.244442
126.25		0.244442
126.375		0.244442
126.5		0.244442
126.625		0.244442
126.75		0.244442
126.875		0.244442
127		0.244442
127.125		0.244869
127.25		0.244869
127.375		0.244869
127.5		0.244869
127.625		0.244869
127.75		0.244869
127.875		0.244869
128		0.244869
128.125		0.247374
128.25		0.247374
128.375		0.247374
128.5		0.247374
128.625		0.247374
128.75		0.247374
128.875		0.247374
129		0.247374
129.125		0.251222
129.25		0.251222
129.375		0.251222
129.5		0.251222
129.625		0.251222
129.75		0.251222
129.875		0.251222
130		0.251222
130.125		0.253115
130.25		0.253115
130.375		0.253115
130.5		0.253115
130.625		0.253115
130.75		0.253115
130.875		0.253115
131		0.253115
131.125		0.253848
131.25		0.253848
131.375		0.253848
131.5		0.253848
131.625		0.253848
131.75		0.253848
131.875		0.253848
132		0.253848
132.125		0.253909
132.25		0.253909
132.375		0.253909
132.5		0.253909
132.625		0.253909
132.75		0.253909
132.875		0.253909
133		0.253909
133.125		0.258063
133.25		0.258063
133.375		0.258063
133.5		0.258063
133.625		0.258063
133.75		0.258063
133.875		0.258063
134		0.258063
134.125		0.258307
134.25		0.258307
134.375		0.258307
134.5		0.258307
134.625		0.258307
134.75		0.258307
134.875		0.258307
135		0.258307
135.125		0.26246
135.25		0.26246
135.375		0.26246
135.5		0.26246
135.625		0.26246
135.75		0.26246
135.875		0.26246
136		0.26246
136.125		0.263376
136.25		0.263376
136.375		0.263376
136.5		0.263376
136.625		0.263376
136.75		0.263376
136.875		0.263376
137		0.263376
137.125		0.265026
137.25		0.265026
137.375		0.265026
137.5		0.265026
137.625		0.265026
137.75		0.265026
137.875		0.265026
138		0.265026
138.125		0.268935
138.25		0.268935
138.375		0.268935
138.5		0.268935
138.625		0.268935
138.75		0.268935
138.875		0.268935
139		0.268935
139.125		0.269301
139.25		0.269301
139.375		0.269301
139.5		0.269301
139.625		0.269301
139.75		0.269301
139.875		0.269301
140		0.269301
140.125		0.270828
140.25		0.270828
140.375		0.270828
140.5		0.270828
140.625		0.270828
140.75		0.270828
140.875		0.270828
141		0.270828
141.125		0.274798
141.25		0.274798
141.375		0.274798
141.5		0.274798
141.625		0.274798
141.75		0.274798
141.875		0.274798
142		0.274798
142.125		0.276814
142.25		0.276814
142.375		0.276814
142.5		0.276814
142.625		0.276814
142.75		0.276814
142.875		0.276814
143		0.276814
143.125		0.277486
143.25		0.277486
143.375		0.277486
143.5		0.277486
143.625		0.277486
143.75		0.277486
143.875		0.277486
144		0.277486
144.125		0.281578
144.25		0.281578
144.375		0.281578
144.5		0.281578
144.625		0.281578
144.75		0.281578
144.875		0.281578
145		0.281578
145.125		0.283044
145.25		0.283044
145.375		0.283044
145.5		0.283044
145.625		0.283044
145.75		0.283044
145.875		0.283044
146		0.283044
146.125		0.283838
146.25		0.283838
146.375		0.283838
146.5		0.283838
146.625		0.283838
146.75		0.283838
146.875		0.283838
147		0.283838
147.125		0.285365
147.25		0.285365
147.375		0.285365
147.5		0.285365
147.625		0.285365
147.75		0.285365
147.875		0.285365
148		0.285365
148.125		0.288664
148.25		0.288664
148.375		0.288664
148.5		0.288664
148.625		0.288664
148.75		0.288664
148.875		0.288664
149		0.288664
149.125		0.290924
149.25		0.290924
149.375		0.290924
149.5		0.290924
149.625		0.290924
149.75		0.290924
149.875		0.290924
150		0.290924
150.125		0.292328
150.25		0.292328
150.375		0.292328
150.5		0.292328
150.625		0.292328
150.75		0.292328
150.875		0.292328
151		0.292328
151.125		0.296787
151.25		0.296787
151.375		0.296787
151.5		0.296787
151.625		0.296787
151.75		0.296787
151.875		0.296787
152		0.296787
152.125		0.298009
152.25		0.298009
152.375		0.298009
152.5		0.298009
152.625		0.298009
152.75		0.298009
152.875		0.298009
153		0.298009
153.125		0.298192
153.25		0.298192
153.375		0.298192
153.5		0.298192
153.625		0.298192
153.75		0.298192
153.875		0.298192
154		0.298192
154.125		0.301368
154.25		0.301368
154.375		0.301368
154.5		0.301368
154.625		0.301368
154.75		0.301368
154.875		0.301368
155		0.301368
155.125		0.304422
155.25		0.304422
155.375		0.304422
155.5		0.304422
155.625		0.304422
155.75		0.304422
155.875		0.304422
156		0.304422
156.125		0.306865
156.25		0.306865
156.375		0.306865
156.5		0.306865
156.625		0.306865
156.75		0.306865
156.875		0.306865
157		0.306865
157.125		0.309186
157.25		0.309186
157.375		0.309186
157.5		0.309186
157.625		0.309186
157.75		0.309186
157.875		0.309186
158		0.309186
158.125		0.310836
158.25		0.310836
158.375		0.310836
158.5		0.310836
158.625		0.310836
158.75		0.310836
158.875		0.310836
159		0.310836
159.125		0.312363
159.25		0.312363
159.375		0.312363
159.5		0.312363
159.625		0.312363
159.75		0.312363
159.875		0.312363
160		0.312363
160.125		0.312729
160.25		0.312729
160.375		0.312729
160.5		0.312729
160.625		0.312729
160.75		0.312729
160.875		0.312729
161		0.312729
161.125		0.316638
161.25		0.316638
161.375		0.316638
161.5		0.316638
161.625		0.316638
161.75		0.316638
161.875		0.316638
162		0.316638
162.125		0.31957
162.25		0.31957
162.375		0.31957
162.5		0.31957
162.625		0.31957
162.75		0.31957
162.875		0.31957
163		0.31957
163.125		0.322563
163.25		0.322563
163.375		0.322563
163.5		0.322563
163.625		0.322563
163.75		0.322563
163.875		0.322563
164		0.322563
164.125		0.322685
164.25		0.322685
164.375		0.322685
164.5		0.322685
164.625		0.322685
164.75		0.322685
164.875		0.322685
165		0.322685
165.125		0.323418
165.25		0.323418
165.375		0.323418
165.5		0.323418
165.625		0.323418
165.75		0.323418
165.875		0.323418
166		0.323418
166.125		0.32354
166.25		0.32354
166.375		0.32354
166.5		0.32354
166.625		0.32354
166.75		0.32354
166.875		0.32354
167		0.32354
167.125		0.327266
167.25		0.327266
167.375		0.327266
167.5		0.327266
167.625		0.327266
167.75		0.327266
167.875		0.327266
168		0.327266
168.125		0.330137
168.25		0.330137
168.375		0.330137
168.5		0.330137
168.625		0.330137
168.75		0.330137
168.875		0.330137
169		0.330137
169.125		0.333069
169.25		0.333069
169.375		0.333069
169.5		0.333069
169.625		0.333069
169.75		0.333069
169.875		0.333069
170		0.333069
170.125		0.334535
170.25		0.334535
170.375		0.334535
170.5		0.334535
170.625		0.334535
170.75		0.334535
170.875		0.334535
171		0.334535
171.125		0.336367
171.25		0.336367
171.375		0.336367
171.5		0.336367
171.625		0.336367
171.75		0.336367
171.875		0.336367
172		0.336367
172.125		0.337222
172.25		0.337222
172.375		0.337222
172.5		0.337222
172.625		0.337222
172.75		0.337222
172.875		0.337222
173		0.337222
173.125		0.339849
173.25		0.339849
173.375		0.339849
173.5		0.339849
173.625		0.339849
173.75		0.339849
173.875		0.339849
174		0.339849
174.125		0.342536
174.25		0.342536
174.375		0.342536
174.5		0.342536
174.625		0.342536
174.75		0.342536
174.875		0.342536
175		0.342536
175.125		0.344002
175.25		0.344002
175.375		0.344002
175.5		0.344002
175.625		0.344002
175.75		0.344002
175.875		0.344002
176		0.344002
176.125		0.345895
176.25		0.345895
176.375		0.345895
176.5		0.345895
176.625		0.345895
176.75		0.345895
176.875		0.345895
177		0.345895
177.125		0.348644
177.25		0.348644
177.375		0.348644
177.5		0.348644
177.625		0.348644
177.75		0.348644
177.875		0.348644
178		0.348644
178.125		0.349927
178.25		0.349927
178.375		0.349927
178.5		0.349927
178.625		0.349927
178.75		0.349927
178.875		0.349927
179		0.349927
179.125		0.349988
179.25		0.349988
179.375		0.349988
179.5		0.349988
179.625		0.349988
179.75		0.349988
179.875		0.349988
180		0.349988
180.125		0.356279
180.25		0.356279
180.375		0.356279
180.5		0.356279
180.625		0.356279
180.75		0.356279
180.875		0.356279
181		0.356279
181.125		0.35689
181.25		0.35689
181.375		0.35689
181.5		0.35689
181.625		0.35689
181.75		0.35689
181.875		0.35689
182		0.35689
182.125		0.358783
182.25		0.358783
182.375		0.358783
182.5		0.358783
182.625		0.358783
182.75		0.358783
182.875		0.358783
183		0.358783
183.125		0.361288
183.25		0.361288
183.375		0.361288
183.5		0.361288
183.625		0.361288
183.75		0.361288
183.875		0.361288
184		0.361288
184.125		0.36257
184.25		0.36257
184.375		0.36257
184.5		0.36257
184.625		0.36257
184.75		0.36257
184.875		0.36257
185		0.36257
185.125		0.364586
185.25		0.364586
185.375		0.364586
185.5		0.364586
185.625		0.364586
185.75		0.364586
185.875		0.364586
186		0.364586
186.125		0.36654
186.25		0.36654
186.375		0.36654
186.5		0.36654
186.625		0.36654
186.75		0.36654
186.875		0.36654
187		0.36654
187.125		0.367762
187.25		0.367762
187.375		0.367762
187.5		0.367762
187.625		0.367762
187.75		0.367762
187.875		0.367762
188		0.367762
188.125		0.3699
188.25		0.3699
188.375		0.3699
188.5		0.3699
188.625		0.3699
188.75		0.3699
188.875		0.3699
189		0.3699
189.125		0.370327
189.25		0.370327
189.375		0.370327
189.5		0.370327
189.625		0.370327
189.75		0.370327
189.875		0.370327
190		0.370327
190.125		0.374237
190.25		0.374237
190.375		0.374237
190.5		0.374237
190.625		0.374237
190.75		0.374237
190.875		0.374237
191		0.374237
191.125		0.376069
191.25		0.376069
191.375		0.376069
191.5		0.376069
191.625		0.376069
191.75		0.376069
191.875		0.376069
192		0.376069
192.125		0.378023
192.25		0.378023
192.375		0.378023
192.5		0.378023
192.625		0.378023
192.75		0.378023
192.875		0.378023
193		0.378023
193.125		0.379123
193.25		0.379123
193.375		0.379123
193.5		0.379123
193.625		0.379123
193.75		0.379123
193.875		0.379123
194		0.379123
194.125		0.384742
194.25		0.384742
194.375		0.384742
194.5		0.384742
194.625		0.384742
194.75		0.384742
194.875		0.384742
195		0.384742
195.125		0.386208
195.25		0.386208
195.375		0.386208
195.5		0.386208
195.625		0.386208
195.75		0.386208
195.875		0.386208
196		0.386208
196.125		0.387063
196.25		0.387063
196.375		0.387063
196.5		0.387063
196.625		0.387063
196.75		0.387063
196.875		0.387063
197		0.387063
197.125		0.390545
197.25		0.390545
197.375		0.390545
197.5		0.390545
197.625		0.390545
197.75		0.390545
197.875		0.390545
198		0.390545
198.125		0.392499
198.25		0.392499
198.375		0.392499
198.5		0.392499
198.625		0.392499
198.75		0.392499
198.875		0.392499
199		0.392499
199.125		0.393965
199.25		0.393965
199.375		0.393965
199.5		0.393965
199.625		0.393965
199.75		0.393965
199.875		0.393965
200		0.393965
200.125		0.398668
200.25		0.398668
200.375		0.398668
200.5		0.398668
200.625		0.398668
200.75		0.398668
200.875		0.398668
201		0.398668
201.125		0.398791
201.25		0.398791
201.375		0.398791
201.5		0.398791
201.625		0.398791
201.75		0.398791
201.875		0.398791
202		0.398791
202.125		0.403799
202.25		0.403799
202.375		0.403799
202.5		0.403799
202.625		0.403799
202.75		0.403799
202.875		0.403799
203		0.403799
203.125		0.404838
203.25		0.404838
203.375		0.404838
203.5		0.404838
203.625		0.404838
203.75		0.404838
203.875		0.404838
204		0.404838
204.125		0.40667
204.25		0.40667
204.375		0.40667
204.5		0.40667
204.625		0.40667
204.75		0.40667
204.875		0.40667
205		0.40667
205.125		0.406975
205.25		0.406975
205.375		0.406975
205.5		0.406975
205.625		0.406975
205.75		0.406975
205.875		0.406975
206		0.406975
206.125		0.408197
206.25		0.408197
206.375		0.408197
206.5		0.408197
206.625		0.408197
206.75		0.408197
206.875		0.408197
207		0.408197
207.125		0.415649
207.25		0.415649
207.375		0.415649
207.5		0.415649
207.625		0.415649
207.75		0.415649
207.875		0.415649
208		0.415649
208.125		0.417909
208.25		0.417909
208.375		0.417909
208.5		0.417909
208.625		0.417909
208.75		0.417909
208.875		0.417909
209		0.417909
209.125		0.418336
209.25		0.418336
209.375		0.418336
209.5		0.418336
209.625		0.418336
209.75		0.418336
209.875		0.418336
210		0.418336
210.125		0.421573
210.25		0.421573
210.375		0.421573
210.5		0.421573
210.625		0.421573
210.75		0.421573
210.875		0.421573
211		0.421573
211.125		0.421696
211.25		0.421696
211.375		0.421696
211.5		0.421696
211.625		0.421696
211.75		0.421696
211.875		0.421696
212		0.421696
212.125		0.425727
212.25		0.425727
212.375		0.425727
212.5		0.425727
212.625		0.425727
212.75		0.425727
212.875		0.425727
213		0.425727
213.125		0.428475
213.25		0.428475
213.375		0.428475
213.5		0.428475
213.625		0.428475
213.75		0.428475
213.875		0.428475
214		0.428475
214.125		0.428842
214.25		0.428842
214.375		0.428842
214.5		0.428842
214.625		0.428842
214.75		0.428842
214.875		0.428842
215		0.428842
215.125		0.430186
215.25		0.430186
215.375		0.430186
215.5		0.430186
215.625		0.430186
215.75		0.430186
215.875		0.430186
216		0.430186
216.125		0.436843
216.25		0.436843
216.375		0.436843
216.5		0.436843
216.625		0.436843
216.75		0.436843
216.875		0.436843
217		0.436843
217.125		0.437454
217.25		0.437454
217.375		0.437454
217.5		0.437454
217.625		0.437454
217.75		0.437454
217.875		0.437454
218		0.437454
218.125		0.439287
218.25		0.439287
218.375		0.439287
218.5		0.439287
218.625		0.439287
218.75		0.439287
218.875		0.439287
219		0.439287
219.125		0.439592
219.25		0.439592
219.375		0.439592
219.5		0.439592
219.625		0.439592
219.75		0.439592
219.875		0.439592
220		0.439592
220.125		0.44173
220.25		0.44173
220.375		0.44173
220.5		0.44173
220.625		0.44173
220.75		0.44173
220.875		0.44173
221		0.44173
221.125		0.444845
221.25		0.444845
221.375		0.444845
221.5		0.444845
221.625		0.444845
221.75		0.444845
221.875		0.444845
222		0.444845
222.125		0.448449
222.25		0.448449
222.375		0.448449
222.5		0.448449
222.625		0.448449
222.75		0.448449
222.875		0.448449
223		0.448449
223.125		0.449243
223.25		0.449243
223.375		0.449243
223.5		0.449243
223.625		0.449243
223.75		0.449243
223.875		0.449243
224		0.449243
224.125		0.453579
224.25		0.453579
224.375		0.453579
224.5		0.453579
224.625		0.453579
224.75		0.453579
224.875		0.453579
225		0.453579
225.125		0.454251
225.25		0.454251
225.375		0.454251
225.5		0.454251
225.625		0.454251
225.75		0.454251
225.875		0.454251
226		0.454251
226.125		0.454557
226.25		0.454557
226.375		0.454557
226.5		0.454557
226.625		0.454557
226.75		0.454557
226.875		0.454557
227		0.454557
227.125		0.457672
227.25		0.457672
227.375		0.457672
227.5		0.457672
227.625		0.457672
227.75		0.457672
227.875		0.457672
228		0.457672
228.125		0.460176
228.25		0.460176
228.375		0.460176
228.5		0.460176
228.625		0.460176
228.75		0.460176
228.875		0.460176
229		0.460176
229.125		0.466162
229.25		0.466162
229.375		0.466162
229.5		0.466162
229.625		0.466162
229.75		0.466162
229.875		0.466162
230		0.466162
230.125		0.467261
230.25		0.467261
230.375		0.467261
230.5		0.467261
230.625		0.467261
230.75		0.467261
230.875		0.467261
231		0.467261
231.125		0.467689
231.25		0.467689
231.375		0.467689
231.5		0.467689
231.625		0.467689
231.75		0.467689
231.875		0.467689
232		0.467689
232.125		0.470315
232.25		0.470315
232.375		0.470315
232.5		0.470315
232.625		0.470315
232.75		0.470315
232.875		0.470315
233		0.470315
233.125		0.474652
233.25		0.474652
233.375		0.474652
233.5		0.474652
233.625		0.474652
233.75		0.474652
233.875		0.474652
234		0.474652
234.125		0.47569
234.25		0.47569
234.375		0.47569
234.5		0.47569
234.625		0.47569
234.75		0.47569
234.875		0.47569
235		0.47569
235.125		0.476545
235.25		0.476545
235.375		0.476545
235.5		0.476545
235.625		0.476545
235.75		0.476545
235.875		0.476545
236		0.476545
236.125		0.47966
236.25		0.47966
236.375		0.47966
236.5		0.47966
236.625		0.47966
236.75		0.47966
236.875		0.47966
237		0.47966
237.125		0.482592
237.25		0.482592
237.375		0.482592
237.5		0.482592
237.625		0.482592
237.75		0.482592
237.875		0.482592
238		0.482592
238.125		0.485097
238.25		0.485097
238.375		0.485097
238.5		0.485097
238.625		0.485097
238.75		0.485097
238.875		0.485097
239		0.485097
239.125		0.486624
239.25		0.486624
239.375		0.486624
239.5		0.486624
239.625		0.486624
239.75		0.486624
239.875		0.486624
240		0.486624
240.125		0.488212
240.25		0.488212
240.375		0.488212
240.5		0.488212
240.625		0.488212
240.75		0.488212
240.875		0.488212
241		0.488212
241.125		0.490105
241.25		0.490105
241.375		0.490105
241.5		0.490105
241.625		0.490105
241.75		0.490105
241.875		0.490105
242		0.490105
242.125		0.494625
242.25		0.494625
242.375		0.494625
242.5		0.494625
242.625		0.494625
242.75		0.494625
242.875		0.494625
243		0.494625
243.125		0.495114
243.25		0.495114
243.375		0.495114
243.5		0.495114
243.625		0.495114
243.75		0.495114
243.875		0.495114
244		0.495114
244.125		0.496213
244.25		0.496213
244.375		0.496213
244.5		0.496213
244.625		0.496213
244.75		0.496213
244.875		0.496213
245		0.496213
245.125		0.498962
245.25		0.498962
245.375		0.498962
245.5		0.498962
245.625		0.498962
245.75		0.498962
245.875		0.498962
246		0.498962
246.125		0.504092
246.25		0.504092
246.375		0.504092
246.5		0.504092
246.625		0.504092
246.75		0.504092
246.875		0.504092
247		0.504092
247.125		0.506413
247.25		0.506413
247.375		0.506413
247.5		0.506413
247.625		0.506413
247.75		0.506413
247.875		0.506413
248		0.506413
248.125		0.507757
248.25		0.507757
248.375		0.507757
248.5		0.507757
248.625		0.507757
248.75		0.507757
248.875		0.507757
249		0.507757
249.125		0.509528
249.25		0.509528
249.375		0.509528
249.5		0.509528
249.625		0.509528
249.75		0.509528
249.875		0.509528
250		0.509528
250.125		0.512582
250.25		0.512582
250.375		0.512582
250.5		0.512582
250.625		0.512582
250.75		0.512582
250.875		0.512582
251		0.512582
251.125		0.51301
251.25		0.51301
251.375		0.51301
251.5		0.51301
251.625		0.51301
251.75		0.51301
251.875		0.51301
252		0.51301
252.125		0.516919
252.25		0.516919
252.375		0.516919
252.5		0.516919
252.625		0.516919
252.75		0.516919
252.875		0.516919
253		0.516919
253.125		0.517713
253.25		0.517713
253.375		0.517713
253.5		0.517713
253.625		0.517713
253.75		0.517713
253.875		0.517713
254		0.517713
254.125		0.518141
254.25		0.518141
254.375		0.518141
254.5		0.518141
254.625		0.518141
254.75		0.518141
254.875		0.518141
255		0.518141
255.125		0.523699
255.25		0.523699
255.375		0.523699
255.5		0.523699
255.625		0.523699
255.75		0.523699
255.875		0.523699
256		0.523699
256.125		0.525104
256.25		0.525104
256.375		0.525104
256.5		0.525104
256.625		0.525104
256.75		0.525104
256.875		0.525104
257		0.525104
257.125		0.527486
257.25		0.527486
257.375		0.527486
257.5		0.527486
257.625		0.527486
257.75		0.527486
257.875		0.527486
258		0.527486
258.125		0.528158
258.25		0.528158
258.375		0.528158
258.5		0.528158
258.625		0.528158
258.75		0.528158
258.875		0.528158
259		0.528158
259.125		0.531639
259.25		0.531639
259.375		0.531639
259.5		0.531639
259.625		0.531639
259.75		0.531639
259.875		0.531639
260		0.531639
260.125		0.531945
260.25		0.531945
260.375		0.531945
260.5		0.531945
260.625		0.531945
260.75		0.531945
260.875		0.531945
261		0.531945
261.125		0.537075
261.25		0.537075
261.375		0.537075
261.5		0.537075
261.625		0.537075
261.75		0.537075
261.875		0.537075
262		0.537075
262.125		0.539091
262.25		0.539091
262.375		0.539091
262.5		0.539091
262.625		0.539091
262.75		0.539091
262.875		0.539091
263		0.539091
263.125		0.540862
263.25		0.540862
263.375		0.540862
263.5		0.540862
263.625		0.540862
263.75		0.540862
263.875		0.540862
264		0.540862
264.125		0.541473
264.25		0.541473
264.375		0.541473
264.5		0.541473
264.625		0.541473
264.75		0.541473
264.875		0.541473
265		0.541473
265.125		0.543245
265.25		0.543245
265.375		0.543245
265.5		0.543245
265.625		0.543245
265.75		0.543245
265.875		0.543245
266		0.543245
266.125		0.544161
266.25		0.544161
266.375		0.544161
266.5		0.544161
266.625		0.544161
266.75		0.544161
266.875		0.544161
267		0.544161
267.125		0.547642
267.25		0.547642
267.375		0.547642
267.5		0.547642
267.625		0.547642
267.75		0.547642
267.875		0.547642
268		0.547642
268.125		0.553872
268.25		0.553872
268.375		0.553872
268.5		0.553872
268.625		0.553872
268.75		0.553872
268.875		0.553872
269		0.553872
269.125		0.554178
269.25		0.554178
269.375		0.554178
269.5		0.554178
269.625		0.554178
269.75		0.554178
269.875		0.554178
270		0.554178
270.125		0.5543
270.25		0.5543
270.375		0.5543
270.5		0.5543
270.625		0.5543
270.75		0.5543
270.875		0.5543
271		0.5543
271.125		0.554422
271.25		0.554422
271.375		0.554422
271.5		0.554422
271.625		0.554422
271.75		0.554422
271.875		0.554422
272		0.554422
272.125		0.558881
272.25		0.558881
272.375		0.558881
272.5		0.558881
272.625		0.558881
272.75		0.558881
272.875		0.558881
273		0.558881
273.125		0.56224
273.25		0.56224
273.375		0.56224
273.5		0.56224
273.625		0.56224
273.75		0.56224
273.875		0.56224
274		0.56224
274.125		0.563706
274.25		0.563706
274.375		0.563706
274.5		0.563706
274.625		0.563706
274.75		0.563706
274.875		0.563706
275		0.563706
275.125		0.565417
275.25		0.565417
275.375		0.565417
275.5		0.565417
275.625		0.565417
275.75		0.565417
275.875		0.565417
276		0.565417
276.125		0.567066
276.25		0.567066
276.375		0.567066
276.5		0.567066
276.625		0.567066
276.75		0.567066
276.875		0.567066
277		0.567066
277.125		0.569387
277.25		0.569387
277.375		0.569387
277.5		0.569387
277.625		0.569387
277.75		0.569387
277.875		0.569387
278		0.569387
278.125		0.57012
278.25		0.57012
278.375		0.57012
278.5		0.57012
278.625		0.57012
278.75		0.57012
278.875		0.57012
279		0.57012
279.125		0.574273
279.25		0.574273
279.375		0.574273
279.5		0.574273
279.625		0.574273
279.75		0.574273
279.875		0.574273
280		0.574273
280.125		0.578366
280.25		0.578366
280.375		0.578366
280.5		0.578366
280.625		0.578366
280.75		0.578366
280.875		0.578366
281		0.578366
281.125		0.58087
281.25		0.58087
281.375		0.58087
281.5		0.58087
281.625		0.58087
281.75		0.58087
281.875		0.58087
282		0.58087
282.125		0.582885
282.25		0.582885
282.375		0.582885
282.5		0.582885
282.625		0.582885
282.75		0.582885
282.875		0.582885
283		0.582885
283.125		0.585817
283.25		0.585817
283.375		0.585817
283.5		0.585817
283.625		0.585817
283.75		0.585817
283.875		0.585817
284		0.585817
284.125		0.590154
284.25		0.590154
284.375		0.590154
284.5		0.590154
284.625		0.590154
284.75		0.590154
284.875		0.590154
285		0.590154
285.125		0.590581
285.25		0.590581
285.375		0.590581
285.5		0.590581
285.625		0.590581
285.75		0.590581
285.875		0.590581
286		0.590581
286.125		0.594185
286.25		0.594185
286.375		0.594185
286.5		0.594185
286.625		0.594185
286.75		0.594185
286.875		0.594185
287		0.594185
287.125		0.596262
287.25		0.596262
287.375		0.596262
287.5		0.596262
287.625		0.596262
287.75		0.596262
287.875		0.596262
288		0.596262
288.125		0.596262
288.25		0.596262
288.375		0.596262
288.5		0.596262
288.625		0.596262
288.75		0.596262
288.875		0.596262
289		0.596262
289.125		0.599682
289.25		0.599682
289.375		0.599682
289.5		0.599682
289.625		0.599682
289.75		0.599682
289.875		0.599682
290		0.599682
290.125		0.602126
290.25		0.602126
290.375		0.602126
290.5		0.602126
290.625		0.602126
290.75		0.602126
290.875		0.602126
291		0.602126
291.125		0.602981
291.25		0.602981
291.375		0.602981
291.5		0.602981
291.625		0.602981
291.75		0.602981
291.875		0.602981
292		0.602981
292.125		0.604813
292.25		0.604813
292.375		0.604813
292.5		0.604813
292.625		0.604813
292.75		0.604813
292.875		0.604813
293		0.604813
293.125		0.607867
293.25		0.607867
293.375		0.607867
293.5		0.607867
293.625		0.607867
293.75		0.607867
293.875		0.607867
294		0.607867
294.125		0.610738
294.25		0.610738
294.375		0.610738
294.5		0.610738
294.625		0.610738
294.75		0.610738
294.875		0.610738
295		0.610738
295.125		0.61141
295.25		0.61141
295.375		0.61141
295.5		0.61141
295.625		0.61141
295.75		0.61141
295.875		0.61141
296		0.61141
296.125		0.612815
296.25		0.612815
296.375		0.612815
296.5		0.612815
296.625		0.612815
296.75		0.612815
296.875		0.612815
297		0.612815
297.125		0.614708
297.25		0.614708
297.375		0.614708
297.5		0.614708
297.625		0.614708
297.75		0.614708
297.875		0.614708
298		0.614708
298.125		0.616418
298.25		0.616418
298.375		0.616418
298.5		0.616418
298.625		0.616418
298.75		0.616418
298.875		0.616418
299		0.616418
299.125		0.617945
299.25		0.617945
299.375		0.617945
299.5		0.617945
299.625		0.617945
299.75		0.617945
299.875		0.617945
300		0.617945
300.125		0.619594
300.25		0.619594
300.375		0.619594
300.5		0.619594
300.625		0.619594
300.75		0.619594
300.875		0.619594
301		0.619594
301.125		0.620877
301.25		0.620877
301.375		0.620877
301.5		0.620877
301.625		0.620877
301.75		0.620877
301.875		0.620877
302		0.620877
302.125		0.626924
302.25		0.626924
302.375		0.626924
302.5		0.626924
302.625		0.626924
302.75		0.626924
302.875		0.626924
303		0.626924
303.125		0.629367
303.25		0.629367
303.375		0.629367
303.5		0.629367
303.625		0.629367
303.75		0.629367
303.875		0.629367
304		0.629367
304.125		0.629612
304.25		0.629612
304.375		0.629612
304.5		0.629612
304.625		0.629612
304.75		0.629612
304.875		0.629612
305		0.629612
305.125		0.636941
305.25		0.636941
305.375		0.636941
305.5		0.636941
305.625		0.636941
305.75		0.636941
305.875		0.636941
306		0.636941
306.125		0.63969
306.25		0.63969
306.375		0.63969
306.5		0.63969
306.625		0.63969
306.75		0.63969
306.875		0.63969
307		0.63969
307.125		0.639751
307.25		0.639751
307.375		0.639751
307.5		0.639751
307.625		0.639751
307.75		0.639751
307.875		0.639751
308		0.639751
308.125		0.644026
308.25		0.644026
308.375		0.644026
308.5		0.644026
308.625		0.644026
308.75		0.644026
308.875		0.644026
309		0.644026
309.125		0.647691
309.25		0.647691
309.375		0.647691
309.5		0.647691
309.625		0.647691
309.75		0.647691
309.875		0.647691
310		0.647691
310.125		0.649707
310.25		0.649707
310.375		0.649707
310.5		0.649707
310.625		0.649707
310.75		0.649707
310.875		0.649707
311		0.649707
311.125		0.650073
311.25		0.650073
311.375		0.650073
311.5		0.650073
311.625		0.650073
311.75		0.650073
311.875		0.650073
312		0.650073
312.125		0.651661
312.25		0.651661
312.375		0.651661
312.5		0.651661
312.625		0.651661
312.75		0.651661
312.875		0.651661
313		0.651661
313.125		0.653799
313.25		0.653799
313.375		0.653799
313.5		0.653799
313.625		0.653799
313.75		0.653799
313.875		0.653799
314		0.653799
314.125		0.654043
314.25		0.654043
314.375		0.654043
314.5		0.654043
314.625		0.654043
314.75		0.654043
314.875		0.654043
315		0.654043
315.125		0.657769
315.25		0.657769
315.375		0.657769
315.5		0.657769
315.625		0.657769
315.75		0.657769
315.875		0.657769
316		0.657769
316.125		0.660274
316.25		0.660274
316.375		0.660274
316.5		0.660274
316.625		0.660274
316.75		0.660274
316.875		0.660274
317		0.660274
317.125		0.662289
317.25		0.662289
317.375		0.662289
317.5		0.662289
317.625		0.662289
317.75		0.662289
317.875		0.662289
318		0.662289
318.125		0.666443
318.25		0.666443
318.375		0.666443
318.5		0.666443
318.625		0.666443
318.75		0.666443
318.875		0.666443
319		0.666443
319.125		0.668031
319.25		0.668031
319.375		0.668031
319.5		0.668031
319.625		0.668031
319.75		0.668031
319.875		0.668031
320		0.668031
320.125		0.668519
320.25		0.668519
320.375		0.668519
320.5		0.668519
320.625		0.668519
320.75		0.668519
320.875		0.668519
321		0.668519
321.125		0.671634
321.25		0.671634
321.375		0.671634
321.5		0.671634
321.625		0.671634
321.75		0.671634
321.875		0.671634
322		0.671634
322.125		0.673406
322.25		0.673406
322.375		0.673406
322.5		0.673406
322.625		0.673406
322.75		0.673406
322.875		0.673406
323		0.673406
323.125		0.678781
323.25		0.678781
323.375		0.678781
323.5		0.678781
323.625		0.678781
323.75		0.678781
323.875		0.678781
324		0.678781
324.125		0.678781
324.25		0.678781
324.375		0.678781
324.5		0.678781
324.625		0.678781
324.75		0.678781
324.875		0.678781
325		0.678781
325.125		0.679086
325.25		0.679086
325.375		0.679086
325.5		0.679086
325.625		0.679086
325.75		0.679086
325.875		0.679086
326		0.679086
326.125		0.679208
326.25		0.679208
326.375		0.679208
326.5		0.679208
326.625		0.679208
326.75		0.679208
326.875		0.679208
327		0.679208
327.125		0.684156
327.25		0.684156
327.375		0.684156
327.5		0.684156
327.625		0.684156
327.75		0.684156
327.875		0.684156
328		0.684156
328.125		0.684828
328.25		0.684828
328.375		0.684828
328.5		0.684828
328.625		0.684828
328.75		0.684828
328.875		0.684828
329		0.684828
329.125		0.687821
329.25		0.687821
329.375		0.687821
329.5		0.687821
329.625		0.687821
329.75		0.687821
329.875		0.687821
330		0.687821
330.125		0.691058
330.25		0.691058
330.375		0.691058
330.5		0.691058
330.625		0.691058
330.75		0.691058
330.875		0.691058
331		0.691058
331.125		0.69344
331.25		0.69344
331.375		0.69344
331.5		0.69344
331.625		0.69344
331.75		0.69344
331.875		0.69344
332		0.69344
332.125		0.693806
332.25		0.693806
332.375		0.693806
332.5		0.693806
332.625		0.693806
332.75		0.693806
332.875		0.693806
333		0.693806
333.125		0.698021
333.25		0.698021
333.375		0.698021
333.5		0.698021
333.625		0.698021
333.75		0.698021
333.875		0.698021
334		0.698021
334.125		0.699609
334.25		0.699609
334.375		0.699609
334.5		0.699609
334.625		0.699609
334.75		0.699609
334.875		0.699609
335		0.699609
335.125		0.70022
335.25		0.70022
335.375		0.70022
335.5		0.70022
335.625		0.70022
335.75		0.70022
335.875		0.70022
336		0.70022
336.125		0.704923
336.25		0.704923
336.375		0.704923
336.5		0.704923
336.625		0.704923
336.75		0.704923
336.875		0.704923
337		0.704923
337.125		0.706511
337.25		0.706511
337.375		0.706511
337.5		0.706511
337.625		0.706511
337.75		0.706511
337.875		0.706511
338		0.706511
338.125		0.711031
338.25		0.711031
338.375		0.711031
338.5		0.711031
338.625		0.711031
338.75		0.711031
338.875		0.711031
339		0.711031
339.125		0.712619
339.25		0.712619
339.375		0.712619
339.5		0.712619
339.625		0.712619
339.75		0.712619
339.875		0.712619
340		0.712619
340.125		0.713169
340.25		0.713169
340.375		0.713169
340.5		0.713169
340.625		0.713169
340.75		0.713169
340.875		0.713169
341		0.713169
341.125		0.714207
341.25		0.714207
341.375		0.714207
341.5		0.714207
341.625		0.714207
341.75		0.714207
341.875		0.714207
342		0.714207
342.125		0.720315
342.25		0.720315
342.375		0.720315
342.5		0.720315
342.625		0.720315
342.75		0.720315
342.875		0.720315
343		0.720315
343.125		0.722942
343.25		0.722942
343.375		0.722942
343.5		0.722942
343.625		0.722942
343.75		0.722942
343.875		0.722942
344		0.722942
344.125		0.72398
344.25		0.72398
344.375		0.72398
344.5		0.72398
344.625		0.72398
344.75		0.72398
344.875		0.72398
345		0.72398
345.125		0.727095
345.25		0.727095
345.375		0.727095
345.5		0.727095
345.625		0.727095
345.75		0.727095
345.875		0.727095
346		0.727095
346.125		0.730882
346.25		0.730882
346.375		0.730882
346.5		0.730882
346.625		0.730882
346.75		0.730882
346.875		0.730882
347		0.730882
347.125		0.735035
347.25		0.735035
347.375		0.735035
347.5		0.735035
347.625		0.735035
347.75		0.735035
347.875		0.735035
348		0.735035
348.125		0.736624
348.25		0.736624
348.375		0.736624
348.5		0.736624
348.625		0.736624
348.75		0.736624
348.875		0.736624
349		0.736624
349.125		0.740594
349.25		0.740594
349.375		0.740594
349.5		0.740594
349.625		0.740594
349.75		0.740594
349.875		0.740594
350		0.740594
350.125		0.740899
350.25		0.740899
350.375		0.740899
350.5		0.740899
350.625		0.740899
350.75		0.740899
350.875		0.740899
351		0.740899
351.125		0.742915
351.25		0.742915
351.375		0.742915
351.5		0.742915
351.625		0.742915
351.75		0.742915
351.875		0.742915
352		0.742915
352.125		0.745236
352.25		0.745236
352.375		0.745236
352.5		0.745236
352.625		0.745236
352.75		0.745236
352.875		0.745236
353		0.745236
353.125		0.747129
353.25		0.747129
353.375		0.747129
353.5		0.747129
353.625		0.747129
353.75		0.747129
353.875		0.747129
354		0.747129
354.125		0.747312
354.25		0.747312
354.375		0.747312
354.5		0.747312
354.625		0.747312
354.75		0.747312
354.875		0.747312
355		0.747312
355.125		0.747435
355.25		0.747435
355.375		0.747435
355.5		0.747435
355.625		0.747435
355.75		0.747435
355.875		0.747435
356		0.747435
356.125		0.750366
356.25		0.750366
356.375		0.750366
356.5		0.750366
356.625		0.750366
356.75		0.750366
356.875		0.750366
357		0.750366
357.125		0.752993
357.25		0.752993
357.375		0.752993
357.5		0.752993
357.625		0.752993
357.75		0.752993
357.875		0.752993
358		0.752993
358.125		0.756536
358.25		0.756536
358.375		0.756536
358.5		0.756536
358.625		0.756536
358.75		0.756536
358.875		0.756536
359		0.756536
359.125		0.757452
359.25		0.757452
359.375		0.757452
359.5		0.757452
359.625		0.757452
359.75		0.757452
359.875		0.757452
360		0.757452
360.125		0.758551
360.25		0.758551
360.375		0.758551
360.5		0.758551
360.625		0.758551
360.75		0.758551
360.875		0.758551
361		0.758551
361.125		0.759956
361.25		0.759956
361.375		0.759956
361.5		0.759956
361.625		0.759956
361.75		0.759956
361.875		0.759956
362		0.759956
362.125		0.76301
362.25		0.76301
362.375		0.76301
362.5		0.76301
362.625		0.76301
362.75		0.76301
362.875		0.76301
363		0.76301
363.125		0.764537
363.25		0.764537
363.375		0.764537
363.5		0.764537
363.625		0.764537
363.75		0.764537
363.875		0.764537
364		0.764537
364.125		0.767408
364.25		0.767408
364.375		0.767408
364.5		0.767408
364.625		0.767408
364.75		0.767408
364.875		0.767408
365		0.767408
365.125		0.767408
365.25		0.767408
365.375		0.767408
365.5		0.767408
365.625		0.767408
365.75		0.767408
365.875		0.767408
366		0.767408
366.125		0.768263
366.25		0.768263
366.375		0.768263
366.5		0.768263
366.625		0.768263
366.75		0.768263
366.875		0.768263
367		0.768263
367.125		0.771073
367.25		0.771073
367.375		0.771073
367.5		0.771073
367.625		0.771073
367.75		0.771073
367.875		0.771073
368		0.771073
368.125		0.774371
368.25		0.774371
368.375		0.774371
368.5		0.774371
368.625		0.774371
368.75		0.774371
368.875		0.774371
369		0.774371
369.125		0.774615
369.25		0.774615
369.375		0.774615
369.5		0.774615
369.625		0.774615
369.75		0.774615
369.875		0.774615
370		0.774615
370.125		0.780662
370.25		0.780662
370.375		0.780662
370.5		0.780662
370.625		0.780662
370.75		0.780662
370.875		0.780662
371		0.780662
371.125		0.781395
371.25		0.781395
371.375		0.781395
371.5		0.781395
371.625		0.781395
371.75		0.781395
371.875		0.781395
372		0.781395
372.125		0.784754
372.25		0.784754
372.375		0.784754
372.5		0.784754
372.625		0.784754
372.75		0.784754
372.875		0.784754
373		0.784754
373.125		0.785976
373.25		0.785976
373.375		0.785976
373.5		0.785976
373.625		0.785976
373.75		0.785976
373.875		0.785976
374		0.785976
374.125		0.791779
374.25		0.791779
374.375		0.791779
374.5		0.791779
374.625		0.791779
374.75		0.791779
374.875		0.791779
375		0.791779
375.125		0.792084
375.25		0.792084
375.375		0.792084
375.5		0.792084
375.625		0.792084
375.75		0.792084
375.875		0.792084
376		0.792084
376.125		0.793916
376.25		0.793916
376.375		0.793916
376.5		0.793916
376.625		0.793916
376.75		0.793916
376.875		0.793916
377		0.793916
377.125		0.794772
377.25		0.794772
377.375		0.794772
377.5		0.794772
377.625		0.794772
377.75		0.794772
377.875		0.794772
378		0.794772
378.125		0.800269
378.25		0.800269
378.375		0.800269
378.5		0.800269
378.625		0.800269
378.75		0.800269
378.875		0.800269
379		0.800269
379.125		0.801735
379.25		0.801735
379.375		0.801735
379.5		0.801735
379.625		0.801735
379.75		0.801735
379.875		0.801735
380		0.801735
380.125		0.8043
380.25		0.8043
380.375		0.8043
380.5		0.8043
380.625		0.8043
380.75		0.8043
380.875		0.8043
381		0.8043
381.125		0.804789
381.25		0.804789
381.375		0.804789
381.5		0.804789
381.625		0.804789
381.75		0.804789
381.875		0.804789
382		0.804789
382.125		0.807782
382.25		0.807782
382.375		0.807782
382.5		0.807782
382.625		0.807782
382.75		0.807782
382.875		0.807782
383		0.807782
383.125		0.810164
383.25		0.810164
383.375		0.810164
383.5		0.810164
383.625		0.810164
383.75		0.810164
383.875		0.810164
384		0.810164
384.125		0.811385
384.25		0.811385
384.375		0.811385
384.5		0.811385
384.625		0.811385
384.75		0.811385
384.875		0.811385
385		0.811385
385.125		0.812973
385.25		0.812973
385.375		0.812973
385.5		0.812973
385.625		0.812973
385.75		0.812973
385.875		0.812973
386		0.812973
386.125		0.815172
386.25		0.815172
386.375		0.815172
386.5		0.815172
386.625		0.815172
386.75		0.815172
386.875		0.815172
387		0.815172
387.125		0.820731
387.25		0.820731
387.375		0.820731
387.5		0.820731
387.625		0.820731
387.75		0.820731
387.875		0.820731
388		0.820731
388.125		0.820853
388.25		0.820853
388.375		0.820853
388.5		0.820853
388.625		0.820853
388.75		0.820853
388.875		0.820853
389		0.820853
389.125		0.824029
389.25		0.824029
389.375		0.824029
389.5		0.824029
389.625		0.824029
389.75		0.824029
389.875		0.824029
390		0.824029
390.125		0.824273
390.25		0.824273
390.375		0.824273
390.5		0.824273
390.625		0.824273
390.75		0.824273
390.875		0.824273
391		0.824273
391.125		0.826594
391.25		0.826594
391.375		0.826594
391.5		0.826594
391.625		0.826594
391.75		0.826594
391.875		0.826594
392		0.826594
392.125		0.828121
392.25		0.828121
392.375		0.828121
392.5		0.828121
392.625		0.828121
392.75		0.828121
392.875		0.828121
393		0.828121
393.125		0.828915
393.25		0.828915
393.375		0.828915
393.5		0.828915
393.625		0.828915
393.75		0.828915
393.875		0.828915
394		0.828915
394.125		0.834046
394.25		0.834046
394.375		0.834046
394.5		0.834046
394.625		0.834046
394.75		0.834046
394.875		0.834046
395		0.834046
395.125		0.835756
395.25		0.835756
395.375		0.835756
395.5		0.835756
395.625		0.835756
395.75		0.835756
395.875		0.835756
396		0.835756
396.125		0.836062
396.25		0.836062
396.375		0.836062
396.5		0.836062
396.625		0.836062
396.75		0.836062
396.875		0.836062
397		0.836062
397.125		0.840581
397.25		0.840581
397.375		0.840581
397.5		0.840581
397.625		0.840581
397.75		0.840581
397.875		0.840581
398		0.840581
398.125		0.841498
398.25		0.841498
398.375		0.841498
398.5		0.841498
398.625		0.841498
398.75		0.841498
398.875		0.841498
399		0.841498
399.125		0.843208
399.25		0.843208
399.375		0.843208
399.5		0.843208
399.625		0.843208
399.75		0.843208
399.875		0.843208
400		0.843208
400.125		0.846934
400.25		0.846934
400.375		0.846934
400.5		0.846934
400.625		0.846934
400.75		0.846934
400.875		0.846934
401		0.846934
401.125		0.849133
401.25		0.849133
401.375		0.849133
401.5		0.849133
401.625		0.849133
401.75		0.849133
401.875		0.849133
402		0.849133
402.125		0.84956
402.25		0.84956
402.375		0.84956
402.5		0.84956
402.625		0.84956
402.75		0.84956
402.875		0.84956
403		0.84956
403.125		0.851637
403.25		0.851637
403.375		0.851637
403.5		0.851637
403.625		0.851637
403.75		0.851637
403.875		0.851637
404		0.851637
404.125		0.853836
404.25		0.853836
404.375		0.853836
404.5		0.853836
404.625		0.853836
404.75		0.853836
404.875		0.853836
405		0.853836
405.125		0.857867
405.25		0.857867
405.375		0.857867
405.5		0.857867
405.625		0.857867
405.75		0.857867
405.875		0.857867
406		0.857867
406.125		0.859028
406.25		0.859028
406.375		0.859028
406.5		0.859028
406.625		0.859028
406.75		0.859028
406.875		0.859028
407		0.859028
407.125		0.860677
407.25		0.860677
407.375		0.860677
407.5		0.860677
407.625		0.860677
407.75		0.860677
407.875		0.860677
408		0.860677
408.125		0.863242
408.25		0.863242
408.375		0.863242
408.5		0.863242
408.625		0.863242
408.75		0.863242
408.875		0.863242
409		0.863242
409.125		0.864891
409.25		0.864891
409.375		0.864891
409.5		0.864891
409.625		0.864891
409.75		0.864891
409.875		0.864891
410		0.864891
410.125		0.865563
410.25		0.865563
410.375		0.865563
410.5		0.865563
410.625		0.865563
410.75		0.865563
410.875		0.865563
411		0.865563
411.125		0.870938
411.25		0.870938
411.375		0.870938
411.5		0.870938
411.625		0.870938
411.75		0.870938
411.875		0.870938
412		0.870938
412.125		0.87216
412.25		0.87216
412.375		0.87216
412.5		0.87216
412.625		0.87216
412.75		0.87216
412.875		0.87216
413		0.87216
413.125		0.872465
413.25		0.872465
413.375		0.872465
413.5		0.872465
413.625		0.872465
413.75		0.872465
413.875		0.872465
414		0.872465
414.125		0.874908
414.25		0.874908
414.375		0.874908
414.5		0.874908
414.625		0.874908
414.75		0.874908
414.875		0.874908
415		0.874908
415.125		0.875947
415.25		0.875947
415.375		0.875947
415.5		0.875947
415.625		0.875947
415.75		0.875947
415.875		0.875947
416		0.875947
416.125		0.878207
416.25		0.878207
416.375		0.878207
416.5		0.878207
416.625		0.878207
416.75		0.878207
416.875		0.878207
417		0.878207
417.125		0.881077
417.25		0.881077
417.375		0.881077
417.5		0.881077
417.625		0.881077
417.75		0.881077
417.875		0.881077
418		0.881077
418.125		0.88181
418.25		0.88181
418.375		0.88181
418.5		0.88181
418.625		0.88181
418.75		0.88181
418.875		0.88181
419		0.88181
419.125		0.885292
419.25		0.885292
419.375		0.885292
419.5		0.885292
419.625		0.885292
419.75		0.885292
419.875		0.885292
420		0.885292
420.125		0.885781
420.25		0.885781
420.375		0.885781
420.5		0.885781
420.625		0.885781
420.75		0.885781
420.875		0.885781
421		0.885781
421.125		0.88914
421.25		0.88914
421.375		0.88914
421.5		0.88914
421.625		0.88914
421.75		0.88914
421.875		0.88914
422		0.88914
422.125		0.894149
422.25		0.894149
422.375		0.894149
422.5		0.894149
422.625		0.894149
422.75		0.894149
422.875		0.894149
423		0.894149
423.125		0.895004
423.25		0.895004
423.375		0.895004
423.5		0.895004
423.625		0.895004
423.75		0.895004
423.875		0.895004
424		0.895004
424.125		0.895187
424.25		0.895187
424.375		0.895187
424.5		0.895187
424.625		0.895187
424.75		0.895187
424.875		0.895187
425		0.895187
425.125		0.896714
425.25		0.896714
425.375		0.896714
425.5		0.896714
425.625		0.896714
425.75		0.896714
425.875		0.896714
426		0.896714
426.125		0.899951
426.25		0.899951
426.375		0.899951
426.5		0.899951
426.625		0.899951
426.75		0.899951
426.875		0.899951
427		0.899951
427.125		0.901906
427.25		0.901906
427.375		0.901906
427.5		0.901906
427.625		0.901906
427.75		0.901906
427.875		0.901906
428		0.901906
428.125		0.905998
428.25		0.905998
428.375		0.905998
428.5		0.905998
428.625		0.905998
428.75		0.905998
428.875		0.905998
429		0.905998
429.125		0.906975
429.25		0.906975
429.375		0.906975
429.5		0.906975
429.625		0.906975
429.75		0.906975
429.875		0.906975
430		0.906975
430.125		0.908747
430.25		0.908747
430.375		0.908747
430.5		0.908747
430.625		0.908747
430.75		0.908747
430.875		0.908747
431		0.908747
431.125		0.911862
431.25		0.911862
431.375		0.911862
431.5		0.911862
431.625		0.911862
431.75		0.911862
431.875		0.911862
432		0.911862
432.125		0.914244
432.25		0.914244
432.375		0.914244
432.5		0.914244
432.625		0.914244
432.75		0.914244
432.875		0.914244
433		0.914244
433.125		0.914732
433.25		0.914732
433.375		0.914732
433.5		0.914732
433.625		0.914732
433.75		0.914732
433.875		0.914732
434		0.914732
434.125		0.918153
434.25		0.918153
434.375		0.918153
434.5		0.918153
434.625		0.918153
434.75		0.918153
434.875		0.918153
435		0.918153
435.125		0.919191
435.25		0.919191
435.375		0.919191
435.5		0.919191
435.625		0.919191
435.75		0.919191
435.875		0.919191
436		0.919191
436.125		0.921085
436.25		0.921085
436.375		0.921085
436.5		0.921085
436.625		0.921085
436.75		0.921085
436.875		0.921085
437		0.921085
437.125		0.923589
437.25		0.923589
437.375		0.923589
437.5		0.923589
437.625		0.923589
437.75		0.923589
437.875		0.923589
438		0.923589
438.125		0.926399
438.25		0.926399
438.375		0.926399
438.5		0.926399
438.625		0.926399
438.75		0.926399
438.875		0.926399
439		0.926399
439.125		0.93098
439.25		0.93098
439.375		0.93098
439.5		0.93098
439.625		0.93098
439.75		0.93098
439.875		0.93098
440		0.93098
440.125		0.931285
440.25		0.931285
440.375		0.931285
440.5		0.931285
440.625		0.931285
440.75		0.931285
440.875		0.931285
441		0.931285
441.125		0.934767
441.25		0.934767
441.375		0.934767
441.5		0.934767
441.625		0.934767
441.75		0.934767
441.875		0.934767
442		0.934767
442.125		0.935561
442.25		0.935561
442.375		0.935561
442.5		0.935561
442.625		0.935561
442.75		0.935561
442.875		0.935561
443		0.935561
443.125		0.93666
443.25		0.93666
443.375		0.93666
443.5		0.93666
443.625		0.93666
443.75		0.93666
443.875		0.93666
444		0.93666
444.125		0.939775
444.25		0.939775
444.375		0.939775
444.5		0.939775
444.625		0.939775
444.75		0.939775
444.875		0.939775
445		0.939775
445.125		0.942646
445.25		0.942646
445.375		0.942646
445.5		0.942646
445.625		0.942646
445.75		0.942646
445.875		0.942646
446		0.942646
446.125		0.942768
446.25		0.942768
446.375		0.942768
446.5		0.942768
446.625		0.942768
446.75		0.942768
446.875		0.942768
447		0.942768
447.125		0.948815
447.25		0.948815
447.375		0.948815
447.5		0.948815
447.625		0.948815
447.75		0.948815
447.875		0.948815
448		0.948815
448.125		0.949304
448.25		0.949304
448.375		0.949304
448.5		0.949304
448.625		0.949304
448.75		0.949304
448.875		0.949304
449		0.949304
449.125		0.949304
449.25		0.949304
449.375		0.949304
449.5		0.949304
449.625		0.949304
449.75		0.949304
449.875		0.949304
450		0.949304
450.125		0.954129
450.25		0.954129
450.375		0.954129
450.5		0.954129
450.625		0.954129
450.75		0.954129
450.875		0.954129
451		0.954129
451.125		0.954434
451.25		0.954434
451.375		0.954434
451.5		0.954434
451.625		0.954434
451.75		0.954434
451.875		0.954434
452		0.954434
452.125		0.957733
452.25		0.957733
452.375		0.957733
452.5		0.957733
452.625		0.957733
452.75		0.957733
452.875		0.957733
453		0.957733
453.125		0.962008
453.25		0.962008
453.375		0.962008
453.5		0.962008
453.625		0.962008
453.75		0.962008
453.875		0.962008
454		0.962008
454.125		0.96439
454.25		0.96439
454.375		0.96439
454.5		0.96439
454.625		0.96439
454.75		0.96439
454.875		0.96439
455		0.96439
455.125		0.966406
455.25		0.966406
455.375		0.966406
455.5		0.966406
455.625		0.966406
455.75		0.966406
455.875		0.966406
456		0.966406
456.125		0.966895
456.25		0.966895
456.375		0.966895
456.5		0.966895
456.625		0.966895
456.75		0.966895
456.875		0.966895
457		0.966895
457.125		0.967383
457.25		0.967383
457.375		0.967383
457.5		0.967383
457.625		0.967383
457.75		0.967383
457.875		0.967383
458		0.967383
458.125		0.97343
458.25		0.97343
458.375		0.97343
458.5		0.97343
458.625		0.97343
458.75		0.97343
458.875		0.97343
459		0.97343
459.125		0.975873
459.25		0.975873
459.375		0.975873
459.5		0.975873
459.625		0.975873
459.75		0.975873
459.875		0.975873
460		0.975873
460.125		0.976667
460.25		0.976667
460.375		0.976667
460.5		0.976667
460.625		0.976667
460.75		0.976667
460.875		0.976667
461		0.976667
461.125		0.977889
461.25		0.977889
461.375		0.977889
461.5		0.977889
461.625		0.977889
461.75		0.977889
461.875		0.977889
462		0.977889
462.125		0.980454
462.25		0.980454
462.375		0.980454
462.5		0.980454
462.625		0.980454
462.75		0.980454
462.875		0.980454
463		0.980454
463.125		0.982165
463.25		0.982165
463.375		0.982165
463.5		0.982165
463.625		0.982165
463.75		0.982165
463.875		0.982165
464		0.982165
464.125		0.984302
464.25		0.984302
464.375		0.984302
464.5		0.984302
464.625		0.984302
464.75		0.984302
464.875		0.984302
465		0.984302
465.125		0.987356
465.25		0.987356
465.375		0.987356
465.5		0.987356
465.625		0.987356
465.75		0.987356
465.875		0.987356
466		0.987356
466.125		0.989555
466.25		0.989555
466.375		0.989555
466.5		0.989555
466.625		0.989555
466.75		0.989555
466.875		0.989555
467		0.989555
467.125		0.991999
467.25		0.991999
467.375		0.991999
467.5		0.991999
467.625		0.991999
467.75		0.991999
467.875		0.991999
468		0.991999
468.125		0.995236
468.25		0.995236
468.375		0.995236
468.5		0.995236
468.625		0.995236
468.75		0.995236
468.875		0.995236
469		0.995236
469.125		0.996518
469.25		0.996518
469.375		0.996518
469.5		0.996518
469.625		0.996518
469.75		0.996518
469.875		0.996518
470		0.996518
470.125		0.99945
470.25		0.99945
470.375		0.99945
470.5		0.99945
470.625		0.99945
470.75		0.99945
470.875		0.99945
471		0.99945
471.125		0.999572
471.25		0.999572
471.375		0.999572
471.5		0.999572
471.625		0.999572
471.75		0.999572
471.875		0.999572
472		0.999572
472.125		0.999756
472.25		0.999756
472.375		0.999756
472.5		0.999756
472.625		0.999756
472.75		0.999756
472.875		0.999756
473		0.999756
473.125		0.999878
473.25		0.999878
473.375		0.999878
473.5		0.999878
473.625		0.999878
473.75		0.999878
473.875		0.999878
474		0.999878
474.125		1
474.25		1
474.375		1
474.5		1
474.625		1
474.75		1
474.875		1
475		1
475.125		1
475.25		1
475.375		1
475.5		1
475.625		1
475.75		1
475.875		1
476		1
476.125		1
476.25		1
476.375		1
476.5		1
476.625		1
476.75		1
476.875		1
477		1
477.125		1
477.25		1
477.375		1
477.5		1
477.625		1
477.75		1
477.875		1
478		1
478.125		1
478.25		1
478.375		1
478.5		1
478.625		1
478.75		1
478.875		1
479		1
479.125		1
479.25		1
479.375		1
479.5		1
479.625		1
479.75		1
479.875		1
480		1
480.125		1
480.25		1
480.375		1
480.5		1
480.625		1
480.75		1
480.875		1
481		1
481.125		1
481.25		1
481.375		1
481.5		1
481.625		1
481.75		1
481.875		1
482		1
482.125		1
482.25		1
482.375		1
482.5		1
482.625		1
482.75		1
482.875		1
483		1
483.125		1
483.25		1
483.375		1
483.5		1
483.625		1
483.75		1
483.875		1
484		1
484.125		1
484.25		1
484.375		1
484.5		1
484.625		1
484.75		1
484.875		1
485		1
485.125		1
485.25		1
485.375		1
485.5		1
485.625		1
485.75		1
485.875		1
486		1
486.125		1
486.25		1
486.375		1
486.5		1
486.625		1
486.75		1
486.875		1
487		1
487.125		1
487.25		1
487.375		1
487.5		1
487.625		1
487.75		1
487.875		1
488		1
488.125		1
488.25		1
488.375		1
488.5		1
488.625		1
488.75		1
488.875		1
489		1
489.125		1
489.25		1
489.375		1
489.5		1
489.625		1
489.75		1
489.875		1
490		1
490.125		1
490.25		1
490.375		1
490.5		1
490.625		1
490.75		1
490.875		1
491		1
491.125		1
491.25		1
491.375		1
491.5		1
491.625		1
491.75		1
491.875		1
492		1
492.125		1
492.25		1
492.375		1
492.5		1
492.625		1
492.75		1
492.875		1
493		1
493.125		1
493.25		1
493.375		1
493.5		1
493.625		1
493.75		1
493.875		1
494		1
494.125		1
494.25		1
494.375		1
494.5		1
494.625		1
494.75		1
494.875		1
495		1
495.125		1
495.25		1
495.375		1
495.5		1
495.625		1
495.75		1
495.875		1
496		1
496.125		1
496.25		1
496.375		1
496.5		1
496.625		1
496.75		1
496.875		1
497		1
497.125		1
497.25		1
497.375		1
497.5		1
497.625		1
497.75		1
497.875		1
498		1
498.125		1
498.25		1
498.375		1
498.5		1
498.625		1
498.75		1
498.875		1
499		1
499.125		1
499.25		1
499.375		1
499.5		1
499.625		1
499.75		1
499.875		1
500		1
