# Calibration file of tamex_id 0 @ channel 26
# fine_T bin		 Calibration value
0.125		0
0.25		0
0.375		0
0.5		0
0.625		0
0.75		0
0.875		0
1		0
1.125		0
1.25		0
1.375		0
1.5		0
1.625		0
1.75		0
1.875		0
2		0
2.125		0
2.25		0
2.375		0
2.5		0
2.625		0
2.75		0
2.875		0
3		0
3.125		0
3.25		0
3.375		0
3.5		0
3.625		0
3.75		0
3.875		0
4		0
4.125		0
4.25		0
4.375		0
4.5		0
4.625		0
4.75		0
4.875		0
5		0
5.125		0
5.25		0
5.375		0
5.5		0
5.625		0
5.75		0
5.875		0
6		0
6.125		0
6.25		0
6.375		0
6.5		0
6.625		0
6.75		0
6.875		0
7		0
7.125		0
7.25		0
7.375		0
7.5		0
7.625		0
7.75		0
7.875		0
8		0
8.125		0
8.25		0
8.375		0
8.5		0
8.625		0
8.75		0
8.875		0
9		0
9.125		0
9.25		0
9.375		0
9.5		0
9.625		0
9.75		0
9.875		0
10		0
10.125		0
10.25		0
10.375		0
10.5		0
10.625		0
10.75		0
10.875		0
11		0
11.125		0
11.25		0
11.375		0
11.5		0
11.625		0
11.75		0
11.875		0
12		0
12.125		0
12.25		0
12.375		0
12.5		0
12.625		0
12.75		0
12.875		0
13		0
13.125		0
13.25		0
13.375		0
13.5		0
13.625		0
13.75		0
13.875		0
14		0
14.125		0
14.25		0
14.375		0
14.5		0
14.625		0
14.75		0
14.875		0
15		0
15.125		0
15.25		0
15.375		0
15.5		0
15.625		0
15.75		0
15.875		0
16		0
16.125		0
16.25		0
16.375		0
16.5		0
16.625		0
16.75		0
16.875		0
17		0
17.125		0.00571134
17.25		0.00571134
17.375		0.00571134
17.5		0.00571134
17.625		0.00571134
17.75		0.00571134
17.875		0.00571134
18		0.00571134
18.125		0.0072228
18.25		0.0072228
18.375		0.0072228
18.5		0.0072228
18.625		0.0072228
18.75		0.0072228
18.875		0.0072228
19		0.0072228
19.125		0.0105596
19.25		0.0105596
19.375		0.0105596
19.5		0.0105596
19.625		0.0105596
19.75		0.0105596
19.875		0.0105596
20		0.0105596
20.125		0.0136671
20.25		0.0136671
20.375		0.0136671
20.5		0.0136671
20.625		0.0136671
20.75		0.0136671
20.875		0.0136671
21		0.0136671
21.125		0.0158187
21.25		0.0158187
21.375		0.0158187
21.5		0.0158187
21.625		0.0158187
21.75		0.0158187
21.875		0.0158187
22		0.0158187
22.125		0.0179579
22.25		0.0179579
22.375		0.0179579
22.5		0.0179579
22.625		0.0179579
22.75		0.0179579
22.875		0.0179579
23		0.0179579
23.125		0.0188664
23.25		0.0188664
23.375		0.0188664
23.5		0.0188664
23.625		0.0188664
23.75		0.0188664
23.875		0.0188664
24		0.0188664
24.125		0.0230353
24.25		0.0230353
24.375		0.0230353
24.5		0.0230353
24.625		0.0230353
24.75		0.0230353
24.875		0.0230353
25		0.0230353
25.125		0.0250898
25.25		0.0250898
25.375		0.0250898
25.5		0.0250898
25.625		0.0250898
25.75		0.0250898
25.875		0.0250898
26		0.0250898
26.125		0.026434
26.25		0.026434
26.375		0.026434
26.5		0.026434
26.625		0.026434
26.75		0.026434
26.875		0.026434
27		0.026434
27.125		0.0302251
27.25		0.0302251
27.375		0.0302251
27.5		0.0302251
27.625		0.0302251
27.75		0.0302251
27.875		0.0302251
28		0.0302251
28.125		0.0304687
28.25		0.0304687
28.375		0.0304687
28.5		0.0304687
28.625		0.0304687
28.75		0.0304687
28.875		0.0304687
29		0.0304687
29.125		0.0338922
29.25		0.0338922
29.375		0.0338922
29.5		0.0338922
29.625		0.0338922
29.75		0.0338922
29.875		0.0338922
30		0.0338922
30.125		0.0364237
30.25		0.0364237
30.375		0.0364237
30.5		0.0364237
30.625		0.0364237
30.75		0.0364237
30.875		0.0364237
31		0.0364237
31.125		0.0369358
31.25		0.0369358
31.375		0.0369358
31.5		0.0369358
31.625		0.0369358
31.75		0.0369358
31.875		0.0369358
32		0.0369358
32.125		0.0372476
32.25		0.0372476
32.375		0.0372476
32.5		0.0372476
32.625		0.0372476
32.75		0.0372476
32.875		0.0372476
33		0.0372476
33.125		0.0427524
33.25		0.0427524
33.375		0.0427524
33.5		0.0427524
33.625		0.0427524
33.75		0.0427524
33.875		0.0427524
34		0.0427524
34.125		0.0442928
34.25		0.0442928
34.375		0.0442928
34.5		0.0442928
34.625		0.0442928
34.75		0.0442928
34.875		0.0442928
35		0.0442928
35.125		0.0445323
35.25		0.0445323
35.375		0.0445323
35.5		0.0445323
35.625		0.0445323
35.75		0.0445323
35.875		0.0445323
36		0.0445323
36.125		0.0481891
36.25		0.0481891
36.375		0.0481891
36.5		0.0481891
36.625		0.0481891
36.75		0.0481891
36.875		0.0481891
37		0.0481891
37.125		0.0492835
37.25		0.0492835
37.375		0.0492835
37.5		0.0492835
37.625		0.0492835
37.75		0.0492835
37.875		0.0492835
38		0.0492835
38.125		0.0521536
38.25		0.0521536
38.375		0.0521536
38.5		0.0521536
38.625		0.0521536
38.75		0.0521536
38.875		0.0521536
39		0.0521536
39.125		0.0532439
39.25		0.0532439
39.375		0.0532439
39.5		0.0532439
39.625		0.0532439
39.75		0.0532439
39.875		0.0532439
40		0.0532439
40.125		0.0556638
40.25		0.0556638
40.375		0.0556638
40.5		0.0556638
40.625		0.0556638
40.75		0.0556638
40.875		0.0556638
41		0.0556638
41.125		0.0575139
41.25		0.0575139
41.375		0.0575139
41.5		0.0575139
41.625		0.0575139
41.75		0.0575139
41.875		0.0575139
42		0.0575139
42.125		0.0622238
42.25		0.0622238
42.375		0.0622238
42.5		0.0622238
42.625		0.0622238
42.75		0.0622238
42.875		0.0622238
43		0.0622238
43.125		0.0636486
43.25		0.0636486
43.375		0.0636486
43.5		0.0636486
43.625		0.0636486
43.75		0.0636486
43.875		0.0636486
44		0.0636486
44.125		0.0642185
44.25		0.0642185
44.375		0.0642185
44.5		0.0642185
44.625		0.0642185
44.75		0.0642185
44.875		0.0642185
45		0.0642185
45.125		0.0664093
45.25		0.0664093
45.375		0.0664093
45.5		0.0664093
45.625		0.0664093
45.75		0.0664093
45.875		0.0664093
46		0.0664093
46.125		0.0695602
46.25		0.0695602
46.375		0.0695602
46.5		0.0695602
46.625		0.0695602
46.75		0.0695602
46.875		0.0695602
47		0.0695602
47.125		0.0709953
47.25		0.0709953
47.375		0.0709953
47.5		0.0709953
47.625		0.0709953
47.75		0.0709953
47.875		0.0709953
48		0.0709953
48.125		0.0723931
48.25		0.0723931
48.375		0.0723931
48.5		0.0723931
48.625		0.0723931
48.75		0.0723931
48.875		0.0723931
49		0.0723931
49.125		0.0748937
49.25		0.0748937
49.375		0.0748937
49.5		0.0748937
49.625		0.0748937
49.75		0.0748937
49.875		0.0748937
50		0.0748937
50.125		0.0759571
50.25		0.0759571
50.375		0.0759571
50.5		0.0759571
50.625		0.0759571
50.75		0.0759571
50.875		0.0759571
51		0.0759571
51.125		0.0800661
51.25		0.0800661
51.375		0.0800661
51.5		0.0800661
51.625		0.0800661
51.75		0.0800661
51.875		0.0800661
52		0.0800661
52.125		0.0821784
52.25		0.0821784
52.375		0.0821784
52.5		0.0821784
52.625		0.0821784
52.75		0.0821784
52.875		0.0821784
53		0.0821784
53.125		0.0834854
53.25		0.0834854
53.375		0.0834854
53.5		0.0834854
53.625		0.0834854
53.75		0.0834854
53.875		0.0834854
54		0.0834854
54.125		0.0876275
54.25		0.0876275
54.375		0.0876275
54.5		0.0876275
54.625		0.0876275
54.75		0.0876275
54.875		0.0876275
55		0.0876275
55.125		0.0877452
55.25		0.0877452
55.375		0.0877452
55.5		0.0877452
55.625		0.0877452
55.75		0.0877452
55.875		0.0877452
56		0.0877452
56.125		0.0879785
56.25		0.0879785
56.375		0.0879785
56.5		0.0879785
56.625		0.0879785
56.75		0.0879785
56.875		0.0879785
57		0.0879785
57.125		0.0931984
57.25		0.0931984
57.375		0.0931984
57.5		0.0931984
57.625		0.0931984
57.75		0.0931984
57.875		0.0931984
58		0.0931984
58.125		0.0973611
58.25		0.0973611
58.375		0.0973611
58.5		0.0973611
58.625		0.0973611
58.75		0.0973611
58.875		0.0973611
59		0.0973611
59.125		0.0974603
59.25		0.0974603
59.375		0.0974603
59.5		0.0974603
59.625		0.0974603
59.75		0.0974603
59.875		0.0974603
60		0.0974603
60.125		0.0997089
60.25		0.0997089
60.375		0.0997089
60.5		0.0997089
60.625		0.0997089
60.75		0.0997089
60.875		0.0997089
61		0.0997089
61.125		0.102199
61.25		0.102199
61.375		0.102199
61.5		0.102199
61.625		0.102199
61.75		0.102199
61.875		0.102199
62		0.102199
62.125		0.10247
62.25		0.10247
62.375		0.10247
62.5		0.10247
62.625		0.10247
62.75		0.10247
62.875		0.10247
63		0.10247
63.125		0.106601
63.25		0.106601
63.375		0.106601
63.5		0.106601
63.625		0.106601
63.75		0.106601
63.875		0.106601
64		0.106601
64.125		0.107371
64.25		0.107371
64.375		0.107371
64.5		0.107371
64.625		0.107371
64.75		0.107371
64.875		0.107371
65		0.107371
65.125		0.109769
65.25		0.109769
65.375		0.109769
65.5		0.109769
65.625		0.109769
65.75		0.109769
65.875		0.109769
66		0.109769
66.125		0.110617
66.25		0.110617
66.375		0.110617
66.5		0.110617
66.625		0.110617
66.75		0.110617
66.875		0.110617
67		0.110617
67.125		0.113341
67.25		0.113341
67.375		0.113341
67.5		0.113341
67.625		0.113341
67.75		0.113341
67.875		0.113341
68		0.113341
68.125		0.117789
68.25		0.117789
68.375		0.117789
68.5		0.117789
68.625		0.117789
68.75		0.117789
68.875		0.117789
69		0.117789
69.125		0.120262
69.25		0.120262
69.375		0.120262
69.5		0.120262
69.625		0.120262
69.75		0.120262
69.875		0.120262
70		0.120262
70.125		0.121737
70.25		0.121737
70.375		0.121737
70.5		0.121737
70.625		0.121737
70.75		0.121737
70.875		0.121737
71		0.121737
71.125		0.122156
71.25		0.122156
71.375		0.122156
71.5		0.122156
71.625		0.122156
71.75		0.122156
71.875		0.122156
72		0.122156
72.125		0.12784
72.25		0.12784
72.375		0.12784
72.5		0.12784
72.625		0.12784
72.75		0.12784
72.875		0.12784
73		0.12784
73.125		0.129616
73.25		0.129616
73.375		0.129616
73.5		0.129616
73.625		0.129616
73.75		0.129616
73.875		0.129616
74		0.129616
74.125		0.130293
74.25		0.130293
74.375		0.130293
74.5		0.130293
74.625		0.130293
74.75		0.130293
74.875		0.130293
75		0.130293
75.125		0.131536
75.25		0.131536
75.375		0.131536
75.5		0.131536
75.625		0.131536
75.75		0.131536
75.875		0.131536
76		0.131536
76.125		0.13604
76.25		0.13604
76.375		0.13604
76.5		0.13604
76.625		0.13604
76.75		0.13604
76.875		0.13604
77		0.13604
77.125		0.137132
77.25		0.137132
77.375		0.137132
77.5		0.137132
77.625		0.137132
77.75		0.137132
77.875		0.137132
78		0.137132
78.125		0.139186
78.25		0.139186
78.375		0.139186
78.5		0.139186
78.625		0.139186
78.75		0.139186
78.875		0.139186
79		0.139186
79.125		0.140184
79.25		0.140184
79.375		0.140184
79.5		0.140184
79.625		0.140184
79.75		0.140184
79.875		0.140184
80		0.140184
80.125		0.143262
80.25		0.143262
80.375		0.143262
80.5		0.143262
80.625		0.143262
80.75		0.143262
80.875		0.143262
81		0.143262
81.125		0.146145
81.25		0.146145
81.375		0.146145
81.5		0.146145
81.625		0.146145
81.75		0.146145
81.875		0.146145
82		0.146145
82.125		0.148747
82.25		0.148747
82.375		0.148747
82.5		0.148747
82.625		0.148747
82.75		0.148747
82.875		0.148747
83		0.148747
83.125		0.15005
83.25		0.15005
83.375		0.15005
83.5		0.15005
83.625		0.15005
83.75		0.15005
83.875		0.15005
84		0.15005
84.125		0.150818
84.25		0.150818
84.375		0.150818
84.5		0.150818
84.625		0.150818
84.75		0.150818
84.875		0.150818
85		0.150818
85.125		0.156104
85.25		0.156104
85.375		0.156104
85.5		0.156104
85.625		0.156104
85.75		0.156104
85.875		0.156104
86		0.156104
86.125		0.158573
86.25		0.158573
86.375		0.158573
86.5		0.158573
86.625		0.158573
86.75		0.158573
86.875		0.158573
87		0.158573
87.125		0.160157
87.25		0.160157
87.375		0.160157
87.5		0.160157
87.625		0.160157
87.75		0.160157
87.875		0.160157
88		0.160157
88.125		0.161049
88.25		0.161049
88.375		0.161049
88.5		0.161049
88.625		0.161049
88.75		0.161049
88.875		0.161049
89		0.161049
89.125		0.161621
89.25		0.161621
89.375		0.161621
89.5		0.161621
89.625		0.161621
89.75		0.161621
89.875		0.161621
90		0.161621
90.125		0.167458
90.25		0.167458
90.375		0.167458
90.5		0.167458
90.625		0.167458
90.75		0.167458
90.875		0.167458
91		0.167458
91.125		0.169281
91.25		0.169281
91.375		0.169281
91.5		0.169281
91.625		0.169281
91.75		0.169281
91.875		0.169281
92		0.169281
92.125		0.172488
92.25		0.172488
92.375		0.172488
92.5		0.172488
92.625		0.172488
92.75		0.172488
92.875		0.172488
93		0.172488
93.125		0.173657
93.25		0.173657
93.375		0.173657
93.5		0.173657
93.625		0.173657
93.75		0.173657
93.875		0.173657
94		0.173657
94.125		0.178575
94.25		0.178575
94.375		0.178575
94.5		0.178575
94.625		0.178575
94.75		0.178575
94.875		0.178575
95		0.178575
95.125		0.178811
95.25		0.178811
95.375		0.178811
95.5		0.178811
95.625		0.178811
95.75		0.178811
95.875		0.178811
96		0.178811
96.125		0.179628
96.25		0.179628
96.375		0.179628
96.5		0.179628
96.625		0.179628
96.75		0.179628
96.875		0.179628
97		0.179628
97.125		0.181988
97.25		0.181988
97.375		0.181988
97.5		0.181988
97.625		0.181988
97.75		0.181988
97.875		0.181988
98		0.181988
98.125		0.184708
98.25		0.184708
98.375		0.184708
98.5		0.184708
98.625		0.184708
98.75		0.184708
98.875		0.184708
99		0.184708
99.125		0.18797
99.25		0.18797
99.375		0.18797
99.5		0.18797
99.625		0.18797
99.75		0.18797
99.875		0.18797
100		0.18797
100.125		0.189471
100.25		0.189471
100.375		0.189471
100.5		0.189471
100.625		0.189471
100.75		0.189471
100.875		0.189471
101		0.189471
101.125		0.190489
101.25		0.190489
101.375		0.190489
101.5		0.190489
101.625		0.190489
101.75		0.190489
101.875		0.190489
102		0.190489
102.125		0.193461
102.25		0.193461
102.375		0.193461
102.5		0.193461
102.625		0.193461
102.75		0.193461
102.875		0.193461
103		0.193461
103.125		0.198358
103.25		0.198358
103.375		0.198358
103.5		0.198358
103.625		0.198358
103.75		0.198358
103.875		0.198358
104		0.198358
104.125		0.198767
104.25		0.198767
104.375		0.198767
104.5		0.198767
104.625		0.198767
104.75		0.198767
104.875		0.198767
105		0.198767
105.125		0.200524
105.25		0.200524
105.375		0.200524
105.5		0.200524
105.625		0.200524
105.75		0.200524
105.875		0.200524
106		0.200524
106.125		0.203335
106.25		0.203335
106.375		0.203335
106.5		0.203335
106.625		0.203335
106.75		0.203335
106.875		0.203335
107		0.203335
107.125		0.204206
107.25		0.204206
107.375		0.204206
107.5		0.204206
107.625		0.204206
107.75		0.204206
107.875		0.204206
108		0.204206
108.125		0.208579
108.25		0.208579
108.375		0.208579
108.5		0.208579
108.625		0.208579
108.75		0.208579
108.875		0.208579
109		0.208579
109.125		0.210814
109.25		0.210814
109.375		0.210814
109.5		0.210814
109.625		0.210814
109.75		0.210814
109.875		0.210814
110		0.210814
110.125		0.212119
110.25		0.212119
110.375		0.212119
110.5		0.212119
110.625		0.212119
110.75		0.212119
110.875		0.212119
111		0.212119
111.125		0.215862
111.25		0.215862
111.375		0.215862
111.5		0.215862
111.625		0.215862
111.75		0.215862
111.875		0.215862
112		0.215862
112.125		0.216775
112.25		0.216775
112.375		0.216775
112.5		0.216775
112.625		0.216775
112.75		0.216775
112.875		0.216775
113		0.216775
113.125		0.220043
113.25		0.220043
113.375		0.220043
113.5		0.220043
113.625		0.220043
113.75		0.220043
113.875		0.220043
114		0.220043
114.125		0.220448
114.25		0.220448
114.375		0.220448
114.5		0.220448
114.625		0.220448
114.75		0.220448
114.875		0.220448
115		0.220448
115.125		0.223772
115.25		0.223772
115.375		0.223772
115.5		0.223772
115.625		0.223772
115.75		0.223772
115.875		0.223772
116		0.223772
116.125		0.224493
116.25		0.224493
116.375		0.224493
116.5		0.224493
116.625		0.224493
116.75		0.224493
116.875		0.224493
117		0.224493
117.125		0.227811
117.25		0.227811
117.375		0.227811
117.5		0.227811
117.625		0.227811
117.75		0.227811
117.875		0.227811
118		0.227811
118.125		0.230415
118.25		0.230415
118.375		0.230415
118.5		0.230415
118.625		0.230415
118.75		0.230415
118.875		0.230415
119		0.230415
119.125		0.23084
119.25		0.23084
119.375		0.23084
119.5		0.23084
119.625		0.23084
119.75		0.23084
119.875		0.23084
120		0.23084
120.125		0.234978
120.25		0.234978
120.375		0.234978
120.5		0.234978
120.625		0.234978
120.75		0.234978
120.875		0.234978
121		0.234978
121.125		0.235224
121.25		0.235224
121.375		0.235224
121.5		0.235224
121.625		0.235224
121.75		0.235224
121.875		0.235224
122		0.235224
122.125		0.237504
122.25		0.237504
122.375		0.237504
122.5		0.237504
122.625		0.237504
122.75		0.237504
122.875		0.237504
123		0.237504
123.125		0.238771
123.25		0.238771
123.375		0.238771
123.5		0.238771
123.625		0.238771
123.75		0.238771
123.875		0.238771
124		0.238771
124.125		0.242352
124.25		0.242352
124.375		0.242352
124.5		0.242352
124.625		0.242352
124.75		0.242352
124.875		0.242352
125		0.242352
125.125		0.244266
125.25		0.244266
125.375		0.244266
125.5		0.244266
125.625		0.244266
125.75		0.244266
125.875		0.244266
126		0.244266
126.125		0.247941
126.25		0.247941
126.375		0.247941
126.5		0.247941
126.625		0.247941
126.75		0.247941
126.875		0.247941
127		0.247941
127.125		0.248168
127.25		0.248168
127.375		0.248168
127.5		0.248168
127.625		0.248168
127.75		0.248168
127.875		0.248168
128		0.248168
128.125		0.250483
128.25		0.250483
128.375		0.250483
128.5		0.250483
128.625		0.250483
128.75		0.250483
128.875		0.250483
129		0.250483
129.125		0.252773
129.25		0.252773
129.375		0.252773
129.5		0.252773
129.625		0.252773
129.75		0.252773
129.875		0.252773
130		0.252773
130.125		0.255701
130.25		0.255701
130.375		0.255701
130.5		0.255701
130.625		0.255701
130.75		0.255701
130.875		0.255701
131		0.255701
131.125		0.256746
131.25		0.256746
131.375		0.256746
131.5		0.256746
131.625		0.256746
131.75		0.256746
131.875		0.256746
132		0.256746
132.125		0.259312
132.25		0.259312
132.375		0.259312
132.5		0.259312
132.625		0.259312
132.75		0.259312
132.875		0.259312
133		0.259312
133.125		0.259705
133.25		0.259705
133.375		0.259705
133.5		0.259705
133.625		0.259705
133.75		0.259705
133.875		0.259705
134		0.259705
134.125		0.262424
134.25		0.262424
134.375		0.262424
134.5		0.262424
134.625		0.262424
134.75		0.262424
134.875		0.262424
135		0.262424
135.125		0.264185
135.25		0.264185
135.375		0.264185
135.5		0.264185
135.625		0.264185
135.75		0.264185
135.875		0.264185
136		0.264185
136.125		0.265806
136.25		0.265806
136.375		0.265806
136.5		0.265806
136.625		0.265806
136.75		0.265806
136.875		0.265806
137		0.265806
137.125		0.271778
137.25		0.271778
137.375		0.271778
137.5		0.271778
137.625		0.271778
137.75		0.271778
137.875		0.271778
138		0.271778
138.125		0.273867
138.25		0.273867
138.375		0.273867
138.5		0.273867
138.625		0.273867
138.75		0.273867
138.875		0.273867
139		0.273867
139.125		0.27484
139.25		0.27484
139.375		0.27484
139.5		0.27484
139.625		0.27484
139.75		0.27484
139.875		0.27484
140		0.27484
140.125		0.275881
140.25		0.275881
140.375		0.275881
140.5		0.275881
140.625		0.275881
140.75		0.275881
140.875		0.275881
141		0.275881
141.125		0.279544
141.25		0.279544
141.375		0.279544
141.5		0.279544
141.625		0.279544
141.75		0.279544
141.875		0.279544
142		0.279544
142.125		0.283087
142.25		0.283087
142.375		0.283087
142.5		0.283087
142.625		0.283087
142.75		0.283087
142.875		0.283087
143		0.283087
143.125		0.284018
143.25		0.284018
143.375		0.284018
143.5		0.284018
143.625		0.284018
143.75		0.284018
143.875		0.284018
144		0.284018
144.125		0.285798
144.25		0.285798
144.375		0.285798
144.5		0.285798
144.625		0.285798
144.75		0.285798
144.875		0.285798
145		0.285798
145.125		0.286126
145.25		0.286126
145.375		0.286126
145.5		0.286126
145.625		0.286126
145.75		0.286126
145.875		0.286126
146		0.286126
146.125		0.292164
146.25		0.292164
146.375		0.292164
146.5		0.292164
146.625		0.292164
146.75		0.292164
146.875		0.292164
147		0.292164
147.125		0.293011
147.25		0.293011
147.375		0.293011
147.5		0.293011
147.625		0.293011
147.75		0.293011
147.875		0.293011
148		0.293011
148.125		0.295941
148.25		0.295941
148.375		0.295941
148.5		0.295941
148.625		0.295941
148.75		0.295941
148.875		0.295941
149		0.295941
149.125		0.297396
149.25		0.297396
149.375		0.297396
149.5		0.297396
149.625		0.297396
149.75		0.297396
149.875		0.297396
150		0.297396
150.125		0.301734
150.25		0.301734
150.375		0.301734
150.5		0.301734
150.625		0.301734
150.75		0.301734
150.875		0.301734
151		0.301734
151.125		0.302754
151.25		0.302754
151.375		0.302754
151.5		0.302754
151.625		0.302754
151.75		0.302754
151.875		0.302754
152		0.302754
152.125		0.305015
152.25		0.305015
152.375		0.305015
152.5		0.305015
152.625		0.305015
152.75		0.305015
152.875		0.305015
153		0.305015
153.125		0.305707
153.25		0.305707
153.375		0.305707
153.5		0.305707
153.625		0.305707
153.75		0.305707
153.875		0.305707
154		0.305707
154.125		0.307068
154.25		0.307068
154.375		0.307068
154.5		0.307068
154.625		0.307068
154.75		0.307068
154.875		0.307068
155		0.307068
155.125		0.311675
155.25		0.311675
155.375		0.311675
155.5		0.311675
155.625		0.311675
155.75		0.311675
155.875		0.311675
156		0.311675
156.125		0.3128
156.25		0.3128
156.375		0.3128
156.5		0.3128
156.625		0.3128
156.75		0.3128
156.875		0.3128
157		0.3128
157.125		0.313704
157.25		0.313704
157.375		0.313704
157.5		0.313704
157.625		0.313704
157.75		0.313704
157.875		0.313704
158		0.313704
158.125		0.318133
158.25		0.318133
158.375		0.318133
158.5		0.318133
158.625		0.318133
158.75		0.318133
158.875		0.318133
159		0.318133
159.125		0.319988
159.25		0.319988
159.375		0.319988
159.5		0.319988
159.625		0.319988
159.75		0.319988
159.875		0.319988
160		0.319988
160.125		0.321204
160.25		0.321204
160.375		0.321204
160.5		0.321204
160.625		0.321204
160.75		0.321204
160.875		0.321204
161		0.321204
161.125		0.322467
161.25		0.322467
161.375		0.322467
161.5		0.322467
161.625		0.322467
161.75		0.322467
161.875		0.322467
162		0.322467
162.125		0.324989
162.25		0.324989
162.375		0.324989
162.5		0.324989
162.625		0.324989
162.75		0.324989
162.875		0.324989
163		0.324989
163.125		0.328823
163.25		0.328823
163.375		0.328823
163.5		0.328823
163.625		0.328823
163.75		0.328823
163.875		0.328823
164		0.328823
164.125		0.331993
164.25		0.331993
164.375		0.331993
164.5		0.331993
164.625		0.331993
164.75		0.331993
164.875		0.331993
165		0.331993
165.125		0.333737
165.25		0.333737
165.375		0.333737
165.5		0.333737
165.625		0.333737
165.75		0.333737
165.875		0.333737
166		0.333737
166.125		0.333995
166.25		0.333995
166.375		0.333995
166.5		0.333995
166.625		0.333995
166.75		0.333995
166.875		0.333995
167		0.333995
167.125		0.334518
167.25		0.334518
167.375		0.334518
167.5		0.334518
167.625		0.334518
167.75		0.334518
167.875		0.334518
168		0.334518
168.125		0.338968
168.25		0.338968
168.375		0.338968
168.5		0.338968
168.625		0.338968
168.75		0.338968
168.875		0.338968
169		0.338968
169.125		0.341916
169.25		0.341916
169.375		0.341916
169.5		0.341916
169.625		0.341916
169.75		0.341916
169.875		0.341916
170		0.341916
170.125		0.343915
170.25		0.343915
170.375		0.343915
170.5		0.343915
170.625		0.343915
170.75		0.343915
170.875		0.343915
171		0.343915
171.125		0.344175
171.25		0.344175
171.375		0.344175
171.5		0.344175
171.625		0.344175
171.75		0.344175
171.875		0.344175
172		0.344175
172.125		0.348722
172.25		0.348722
172.375		0.348722
172.5		0.348722
172.625		0.348722
172.75		0.348722
172.875		0.348722
173		0.348722
173.125		0.350372
173.25		0.350372
173.375		0.350372
173.5		0.350372
173.625		0.350372
173.75		0.350372
173.875		0.350372
174		0.350372
174.125		0.3514
174.25		0.3514
174.375		0.3514
174.5		0.3514
174.625		0.3514
174.75		0.3514
174.875		0.3514
175		0.3514
175.125		0.352711
175.25		0.352711
175.375		0.352711
175.5		0.352711
175.625		0.352711
175.75		0.352711
175.875		0.352711
176		0.352711
176.125		0.358069
176.25		0.358069
176.375		0.358069
176.5		0.358069
176.625		0.358069
176.75		0.358069
176.875		0.358069
177		0.358069
177.125		0.358493
177.25		0.358493
177.375		0.358493
177.5		0.358493
177.625		0.358493
177.75		0.358493
177.875		0.358493
178		0.358493
178.125		0.360851
178.25		0.360851
178.375		0.360851
178.5		0.360851
178.625		0.360851
178.75		0.360851
178.875		0.360851
179		0.360851
179.125		0.362401
179.25		0.362401
179.375		0.362401
179.5		0.362401
179.625		0.362401
179.75		0.362401
179.875		0.362401
180		0.362401
180.125		0.365976
180.25		0.365976
180.375		0.365976
180.5		0.365976
180.625		0.365976
180.75		0.365976
180.875		0.365976
181		0.365976
181.125		0.366593
181.25		0.366593
181.375		0.366593
181.5		0.366593
181.625		0.366593
181.75		0.366593
181.875		0.366593
182		0.366593
182.125		0.369176
182.25		0.369176
182.375		0.369176
182.5		0.369176
182.625		0.369176
182.75		0.369176
182.875		0.369176
183		0.369176
183.125		0.371724
183.25		0.371724
183.375		0.371724
183.5		0.371724
183.625		0.371724
183.75		0.371724
183.875		0.371724
184		0.371724
184.125		0.373894
184.25		0.373894
184.375		0.373894
184.5		0.373894
184.625		0.373894
184.75		0.373894
184.875		0.373894
185		0.373894
185.125		0.377935
185.25		0.377935
185.375		0.377935
185.5		0.377935
185.625		0.377935
185.75		0.377935
185.875		0.377935
186		0.377935
186.125		0.379632
186.25		0.379632
186.375		0.379632
186.5		0.379632
186.625		0.379632
186.75		0.379632
186.875		0.379632
187		0.379632
187.125		0.380816
187.25		0.380816
187.375		0.380816
187.5		0.380816
187.625		0.380816
187.75		0.380816
187.875		0.380816
188		0.380816
188.125		0.381801
188.25		0.381801
188.375		0.381801
188.5		0.381801
188.625		0.381801
188.75		0.381801
188.875		0.381801
189		0.381801
189.125		0.383393
189.25		0.383393
189.375		0.383393
189.5		0.383393
189.625		0.383393
189.75		0.383393
189.875		0.383393
190		0.383393
190.125		0.390558
190.25		0.390558
190.375		0.390558
190.5		0.390558
190.625		0.390558
190.75		0.390558
190.875		0.390558
191		0.390558
191.125		0.390828
191.25		0.390828
191.375		0.390828
191.5		0.390828
191.625		0.390828
191.75		0.390828
191.875		0.390828
192		0.390828
192.125		0.392116
192.25		0.392116
192.375		0.392116
192.5		0.392116
192.625		0.392116
192.75		0.392116
192.875		0.392116
193		0.392116
193.125		0.393981
193.25		0.393981
193.375		0.393981
193.5		0.393981
193.625		0.393981
193.75		0.393981
193.875		0.393981
194		0.393981
194.125		0.399106
194.25		0.399106
194.375		0.399106
194.5		0.399106
194.625		0.399106
194.75		0.399106
194.875		0.399106
195		0.399106
195.125		0.400993
195.25		0.400993
195.375		0.400993
195.5		0.400993
195.625		0.400993
195.75		0.400993
195.875		0.400993
196		0.400993
196.125		0.401749
196.25		0.401749
196.375		0.401749
196.5		0.401749
196.625		0.401749
196.75		0.401749
196.875		0.401749
197		0.401749
197.125		0.403048
197.25		0.403048
197.375		0.403048
197.5		0.403048
197.625		0.403048
197.75		0.403048
197.875		0.403048
198		0.403048
198.125		0.406849
198.25		0.406849
198.375		0.406849
198.5		0.406849
198.625		0.406849
198.75		0.406849
198.875		0.406849
199		0.406849
199.125		0.408063
199.25		0.408063
199.375		0.408063
199.5		0.408063
199.625		0.408063
199.75		0.408063
199.875		0.408063
200		0.408063
200.125		0.409564
200.25		0.409564
200.375		0.409564
200.5		0.409564
200.625		0.409564
200.75		0.409564
200.875		0.409564
201		0.409564
201.125		0.411478
201.25		0.411478
201.375		0.411478
201.5		0.411478
201.625		0.411478
201.75		0.411478
201.875		0.411478
202		0.411478
202.125		0.415323
202.25		0.415323
202.375		0.415323
202.5		0.415323
202.625		0.415323
202.75		0.415323
202.875		0.415323
203		0.415323
203.125		0.417533
203.25		0.417533
203.375		0.417533
203.5		0.417533
203.625		0.417533
203.75		0.417533
203.875		0.417533
204		0.417533
204.125		0.41765
204.25		0.41765
204.375		0.41765
204.5		0.41765
204.625		0.41765
204.75		0.41765
204.875		0.41765
205		0.41765
205.125		0.419682
205.25		0.419682
205.375		0.419682
205.5		0.419682
205.625		0.419682
205.75		0.419682
205.875		0.419682
206		0.419682
206.125		0.423805
206.25		0.423805
206.375		0.423805
206.5		0.423805
206.625		0.423805
206.75		0.423805
206.875		0.423805
207		0.423805
207.125		0.425061
207.25		0.425061
207.375		0.425061
207.5		0.425061
207.625		0.425061
207.75		0.425061
207.875		0.425061
208		0.425061
208.125		0.425922
208.25		0.425922
208.375		0.425922
208.5		0.425922
208.625		0.425922
208.75		0.425922
208.875		0.425922
209		0.425922
209.125		0.431344
209.25		0.431344
209.375		0.431344
209.5		0.431344
209.625		0.431344
209.75		0.431344
209.875		0.431344
210		0.431344
210.125		0.433987
210.25		0.433987
210.375		0.433987
210.5		0.433987
210.625		0.433987
210.75		0.433987
210.875		0.433987
211		0.433987
211.125		0.435144
211.25		0.435144
211.375		0.435144
211.5		0.435144
211.625		0.435144
211.75		0.435144
211.875		0.435144
212		0.435144
212.125		0.436436
212.25		0.436436
212.375		0.436436
212.5		0.436436
212.625		0.436436
212.75		0.436436
212.875		0.436436
213		0.436436
213.125		0.436791
213.25		0.436791
213.375		0.436791
213.5		0.436791
213.625		0.436791
213.75		0.436791
213.875		0.436791
214		0.436791
214.125		0.440522
214.25		0.440522
214.375		0.440522
214.5		0.440522
214.625		0.440522
214.75		0.440522
214.875		0.440522
215		0.440522
215.125		0.446304
215.25		0.446304
215.375		0.446304
215.5		0.446304
215.625		0.446304
215.75		0.446304
215.875		0.446304
216		0.446304
216.125		0.446835
216.25		0.446835
216.375		0.446835
216.5		0.446835
216.625		0.446835
216.75		0.446835
216.875		0.446835
217		0.446835
217.125		0.448032
217.25		0.448032
217.375		0.448032
217.5		0.448032
217.625		0.448032
217.75		0.448032
217.875		0.448032
218		0.448032
218.125		0.449337
218.25		0.449337
218.375		0.449337
218.5		0.449337
218.625		0.449337
218.75		0.449337
218.875		0.449337
219		0.449337
219.125		0.451982
219.25		0.451982
219.375		0.451982
219.5		0.451982
219.625		0.451982
219.75		0.451982
219.875		0.451982
220		0.451982
220.125		0.456232
220.25		0.456232
220.375		0.456232
220.5		0.456232
220.625		0.456232
220.75		0.456232
220.875		0.456232
221		0.456232
221.125		0.457832
221.25		0.457832
221.375		0.457832
221.5		0.457832
221.625		0.457832
221.75		0.457832
221.875		0.457832
222		0.457832
222.125		0.459401
222.25		0.459401
222.375		0.459401
222.5		0.459401
222.625		0.459401
222.75		0.459401
222.875		0.459401
223		0.459401
223.125		0.460066
223.25		0.460066
223.375		0.460066
223.5		0.460066
223.625		0.460066
223.75		0.460066
223.875		0.460066
224		0.460066
224.125		0.464935
224.25		0.464935
224.375		0.464935
224.5		0.464935
224.625		0.464935
224.75		0.464935
224.875		0.464935
225		0.464935
225.125		0.467753
225.25		0.467753
225.375		0.467753
225.5		0.467753
225.625		0.467753
225.75		0.467753
225.875		0.467753
226		0.467753
226.125		0.468218
226.25		0.468218
226.375		0.468218
226.5		0.468218
226.625		0.468218
226.75		0.468218
226.875		0.468218
227		0.468218
227.125		0.469236
227.25		0.469236
227.375		0.469236
227.5		0.469236
227.625		0.469236
227.75		0.469236
227.875		0.469236
228		0.469236
228.125		0.474466
228.25		0.474466
228.375		0.474466
228.5		0.474466
228.625		0.474466
228.75		0.474466
228.875		0.474466
229		0.474466
229.125		0.476161
229.25		0.476161
229.375		0.476161
229.5		0.476161
229.625		0.476161
229.75		0.476161
229.875		0.476161
230		0.476161
230.125		0.477031
230.25		0.477031
230.375		0.477031
230.5		0.477031
230.625		0.477031
230.75		0.477031
230.875		0.477031
231		0.477031
231.125		0.480074
231.25		0.480074
231.375		0.480074
231.5		0.480074
231.625		0.480074
231.75		0.480074
231.875		0.480074
232		0.480074
232.125		0.482536
232.25		0.482536
232.375		0.482536
232.5		0.482536
232.625		0.482536
232.75		0.482536
232.875		0.482536
233		0.482536
233.125		0.485096
233.25		0.485096
233.375		0.485096
233.5		0.485096
233.625		0.485096
233.75		0.485096
233.875		0.485096
234		0.485096
234.125		0.48604
234.25		0.48604
234.375		0.48604
234.5		0.48604
234.625		0.48604
234.75		0.48604
234.875		0.48604
235		0.48604
235.125		0.486917
235.25		0.486917
235.375		0.486917
235.5		0.486917
235.625		0.486917
235.75		0.486917
235.875		0.486917
236		0.486917
236.125		0.490619
236.25		0.490619
236.375		0.490619
236.5		0.490619
236.625		0.490619
236.75		0.490619
236.875		0.490619
237		0.490619
237.125		0.490956
237.25		0.490956
237.375		0.490956
237.5		0.490956
237.625		0.490956
237.75		0.490956
237.875		0.490956
238		0.490956
238.125		0.494006
238.25		0.494006
238.375		0.494006
238.5		0.494006
238.625		0.494006
238.75		0.494006
238.875		0.494006
239		0.494006
239.125		0.495441
239.25		0.495441
239.375		0.495441
239.5		0.495441
239.625		0.495441
239.75		0.495441
239.875		0.495441
240		0.495441
240.125		0.498183
240.25		0.498183
240.375		0.498183
240.5		0.498183
240.625		0.498183
240.75		0.498183
240.875		0.498183
241		0.498183
241.125		0.501037
241.25		0.501037
241.375		0.501037
241.5		0.501037
241.625		0.501037
241.75		0.501037
241.875		0.501037
242		0.501037
242.125		0.503479
242.25		0.503479
242.375		0.503479
242.5		0.503479
242.625		0.503479
242.75		0.503479
242.875		0.503479
243		0.503479
243.125		0.505837
243.25		0.505837
243.375		0.505837
243.5		0.505837
243.625		0.505837
243.75		0.505837
243.875		0.505837
244		0.505837
244.125		0.507027
244.25		0.507027
244.375		0.507027
244.5		0.507027
244.625		0.507027
244.75		0.507027
244.875		0.507027
245		0.507027
245.125		0.507863
245.25		0.507863
245.375		0.507863
245.5		0.507863
245.625		0.507863
245.75		0.507863
245.875		0.507863
246		0.507863
246.125		0.511324
246.25		0.511324
246.375		0.511324
246.5		0.511324
246.625		0.511324
246.75		0.511324
246.875		0.511324
247		0.511324
247.125		0.515071
247.25		0.515071
247.375		0.515071
247.5		0.515071
247.625		0.515071
247.75		0.515071
247.875		0.515071
248		0.515071
248.125		0.517479
248.25		0.517479
248.375		0.517479
248.5		0.517479
248.625		0.517479
248.75		0.517479
248.875		0.517479
249		0.517479
249.125		0.51854
249.25		0.51854
249.375		0.51854
249.5		0.51854
249.625		0.51854
249.75		0.51854
249.875		0.51854
250		0.51854
250.125		0.522265
250.25		0.522265
250.375		0.522265
250.5		0.522265
250.625		0.522265
250.75		0.522265
250.875		0.522265
251		0.522265
251.125		0.522505
251.25		0.522505
251.375		0.522505
251.5		0.522505
251.625		0.522505
251.75		0.522505
251.875		0.522505
252		0.522505
252.125		0.523081
252.25		0.523081
252.375		0.523081
252.5		0.523081
252.625		0.523081
252.75		0.523081
252.875		0.523081
253		0.523081
253.125		0.528532
253.25		0.528532
253.375		0.528532
253.5		0.528532
253.625		0.528532
253.75		0.528532
253.875		0.528532
254		0.528532
254.125		0.53128
254.25		0.53128
254.375		0.53128
254.5		0.53128
254.625		0.53128
254.75		0.53128
254.875		0.53128
255		0.53128
255.125		0.531767
255.25		0.531767
255.375		0.531767
255.5		0.531767
255.625		0.531767
255.75		0.531767
255.875		0.531767
256		0.531767
256.125		0.534051
256.25		0.534051
256.375		0.534051
256.5		0.534051
256.625		0.534051
256.75		0.534051
256.875		0.534051
257		0.534051
257.125		0.535352
257.25		0.535352
257.375		0.535352
257.5		0.535352
257.625		0.535352
257.75		0.535352
257.875		0.535352
258		0.535352
258.125		0.538069
258.25		0.538069
258.375		0.538069
258.5		0.538069
258.625		0.538069
258.75		0.538069
258.875		0.538069
259		0.538069
259.125		0.539597
259.25		0.539597
259.375		0.539597
259.5		0.539597
259.625		0.539597
259.75		0.539597
259.875		0.539597
260		0.539597
260.125		0.541687
260.25		0.541687
260.375		0.541687
260.5		0.541687
260.625		0.541687
260.75		0.541687
260.875		0.541687
261		0.541687
261.125		0.54237
261.25		0.54237
261.375		0.54237
261.5		0.54237
261.625		0.54237
261.75		0.54237
261.875		0.54237
262		0.54237
262.125		0.548367
262.25		0.548367
262.375		0.548367
262.5		0.548367
262.625		0.548367
262.75		0.548367
262.875		0.548367
263		0.548367
263.125		0.54852
263.25		0.54852
263.375		0.54852
263.5		0.54852
263.625		0.54852
263.75		0.54852
263.875		0.54852
264		0.54852
264.125		0.549862
264.25		0.549862
264.375		0.549862
264.5		0.549862
264.625		0.549862
264.75		0.549862
264.875		0.549862
265		0.549862
265.125		0.549979
265.25		0.549979
265.375		0.549979
265.5		0.549979
265.625		0.549979
265.75		0.549979
265.875		0.549979
266		0.549979
266.125		0.552129
266.25		0.552129
266.375		0.552129
266.5		0.552129
266.625		0.552129
266.75		0.552129
266.875		0.552129
267		0.552129
267.125		0.556287
267.25		0.556287
267.375		0.556287
267.5		0.556287
267.625		0.556287
267.75		0.556287
267.875		0.556287
268		0.556287
268.125		0.556622
268.25		0.556622
268.375		0.556622
268.5		0.556622
268.625		0.556622
268.75		0.556622
268.875		0.556622
269		0.556622
269.125		0.562298
269.25		0.562298
269.375		0.562298
269.5		0.562298
269.625		0.562298
269.75		0.562298
269.875		0.562298
270		0.562298
270.125		0.563834
270.25		0.563834
270.375		0.563834
270.5		0.563834
270.625		0.563834
270.75		0.563834
270.875		0.563834
271		0.563834
271.125		0.56394
271.25		0.56394
271.375		0.56394
271.5		0.56394
271.625		0.56394
271.75		0.56394
271.875		0.56394
272		0.56394
272.125		0.568986
272.25		0.568986
272.375		0.568986
272.5		0.568986
272.625		0.568986
272.75		0.568986
272.875		0.568986
273		0.568986
273.125		0.570056
273.25		0.570056
273.375		0.570056
273.5		0.570056
273.625		0.570056
273.75		0.570056
273.875		0.570056
274		0.570056
274.125		0.572808
274.25		0.572808
274.375		0.572808
274.5		0.572808
274.625		0.572808
274.75		0.572808
274.875		0.572808
275		0.572808
275.125		0.574126
275.25		0.574126
275.375		0.574126
275.5		0.574126
275.625		0.574126
275.75		0.574126
275.875		0.574126
276		0.574126
276.125		0.578371
276.25		0.578371
276.375		0.578371
276.5		0.578371
276.625		0.578371
276.75		0.578371
276.875		0.578371
277		0.578371
277.125		0.578817
277.25		0.578817
277.375		0.578817
277.5		0.578817
277.625		0.578817
277.75		0.578817
277.875		0.578817
278		0.578817
278.125		0.579451
278.25		0.579451
278.375		0.579451
278.5		0.579451
278.625		0.579451
278.75		0.579451
278.875		0.579451
279		0.579451
279.125		0.581896
279.25		0.581896
279.375		0.581896
279.5		0.581896
279.625		0.581896
279.75		0.581896
279.875		0.581896
280		0.581896
280.125		0.588315
280.25		0.588315
280.375		0.588315
280.5		0.588315
280.625		0.588315
280.75		0.588315
280.875		0.588315
281		0.588315
281.125		0.589304
281.25		0.589304
281.375		0.589304
281.5		0.589304
281.625		0.589304
281.75		0.589304
281.875		0.589304
282		0.589304
282.125		0.589624
282.25		0.589624
282.375		0.589624
282.5		0.589624
282.625		0.589624
282.75		0.589624
282.875		0.589624
283		0.589624
283.125		0.596921
283.25		0.596921
283.375		0.596921
283.5		0.596921
283.625		0.596921
283.75		0.596921
283.875		0.596921
284		0.596921
284.125		0.598317
284.25		0.598317
284.375		0.598317
284.5		0.598317
284.625		0.598317
284.75		0.598317
284.875		0.598317
285		0.598317
285.125		0.600027
285.25		0.600027
285.375		0.600027
285.5		0.600027
285.625		0.600027
285.75		0.600027
285.875		0.600027
286		0.600027
286.125		0.601336
286.25		0.601336
286.375		0.601336
286.5		0.601336
286.625		0.601336
286.75		0.601336
286.875		0.601336
287		0.601336
287.125		0.60897
287.25		0.60897
287.375		0.60897
287.5		0.60897
287.625		0.60897
287.75		0.60897
287.875		0.60897
288		0.60897
288.125		0.609151
288.25		0.609151
288.375		0.609151
288.5		0.609151
288.625		0.609151
288.75		0.609151
288.875		0.609151
289		0.609151
289.125		0.60923
289.25		0.60923
289.375		0.60923
289.5		0.60923
289.625		0.60923
289.75		0.60923
289.875		0.60923
290		0.60923
290.125		0.610093
290.25		0.610093
290.375		0.610093
290.5		0.610093
290.625		0.610093
290.75		0.610093
290.875		0.610093
291		0.610093
291.125		0.611957
291.25		0.611957
291.375		0.611957
291.5		0.611957
291.625		0.611957
291.75		0.611957
291.875		0.611957
292		0.611957
292.125		0.61809
292.25		0.61809
292.375		0.61809
292.5		0.61809
292.625		0.61809
292.75		0.61809
292.875		0.61809
293		0.61809
293.125		0.618509
293.25		0.618509
293.375		0.618509
293.5		0.618509
293.625		0.618509
293.75		0.618509
293.875		0.618509
294		0.618509
294.125		0.620409
294.25		0.620409
294.375		0.620409
294.5		0.620409
294.625		0.620409
294.75		0.620409
294.875		0.620409
295		0.620409
295.125		0.622249
295.25		0.622249
295.375		0.622249
295.5		0.622249
295.625		0.622249
295.75		0.622249
295.875		0.622249
296		0.622249
296.125		0.62618
296.25		0.62618
296.375		0.62618
296.5		0.62618
296.625		0.62618
296.75		0.62618
296.875		0.62618
297		0.62618
297.125		0.626632
297.25		0.626632
297.375		0.626632
297.5		0.626632
297.625		0.626632
297.75		0.626632
297.875		0.626632
298		0.626632
298.125		0.631154
298.25		0.631154
298.375		0.631154
298.5		0.631154
298.625		0.631154
298.75		0.631154
298.875		0.631154
299		0.631154
299.125		0.631858
299.25		0.631858
299.375		0.631858
299.5		0.631858
299.625		0.631858
299.75		0.631858
299.875		0.631858
300		0.631858
300.125		0.637151
300.25		0.637151
300.375		0.637151
300.5		0.637151
300.625		0.637151
300.75		0.637151
300.875		0.637151
301		0.637151
301.125		0.637906
301.25		0.637906
301.375		0.637906
301.5		0.637906
301.625		0.637906
301.75		0.637906
301.875		0.637906
302		0.637906
302.125		0.638581
302.25		0.638581
302.375		0.638581
302.5		0.638581
302.625		0.638581
302.75		0.638581
302.875		0.638581
303		0.638581
303.125		0.639527
303.25		0.639527
303.375		0.639527
303.5		0.639527
303.625		0.639527
303.75		0.639527
303.875		0.639527
304		0.639527
304.125		0.64885
304.25		0.64885
304.375		0.64885
304.5		0.64885
304.625		0.64885
304.75		0.64885
304.875		0.64885
305		0.64885
305.125		0.649222
305.25		0.649222
305.375		0.649222
305.5		0.649222
305.625		0.649222
305.75		0.649222
305.875		0.649222
306		0.649222
306.125		0.650609
306.25		0.650609
306.375		0.650609
306.5		0.650609
306.625		0.650609
306.75		0.650609
306.875		0.650609
307		0.650609
307.125		0.655501
307.25		0.655501
307.375		0.655501
307.5		0.655501
307.625		0.655501
307.75		0.655501
307.875		0.655501
308		0.655501
308.125		0.659407
308.25		0.659407
308.375		0.659407
308.5		0.659407
308.625		0.659407
308.75		0.659407
308.875		0.659407
309		0.659407
309.125		0.662457
309.25		0.662457
309.375		0.662457
309.5		0.662457
309.625		0.662457
309.75		0.662457
309.875		0.662457
310		0.662457
310.125		0.667151
310.25		0.667151
310.375		0.667151
310.5		0.667151
310.625		0.667151
310.75		0.667151
310.875		0.667151
311		0.667151
311.125		0.668794
311.25		0.668794
311.375		0.668794
311.5		0.668794
311.625		0.668794
311.75		0.668794
311.875		0.668794
312		0.668794
312.125		0.66911
312.25		0.66911
312.375		0.66911
312.5		0.66911
312.625		0.66911
312.75		0.66911
312.875		0.66911
313		0.66911
313.125		0.670904
313.25		0.670904
313.375		0.670904
313.5		0.670904
313.625		0.670904
313.75		0.670904
313.875		0.670904
314		0.670904
314.125		0.674154
314.25		0.674154
314.375		0.674154
314.5		0.674154
314.625		0.674154
314.75		0.674154
314.875		0.674154
315		0.674154
315.125		0.675994
315.25		0.675994
315.375		0.675994
315.5		0.675994
315.625		0.675994
315.75		0.675994
315.875		0.675994
316		0.675994
316.125		0.678049
316.25		0.678049
316.375		0.678049
316.5		0.678049
316.625		0.678049
316.75		0.678049
316.875		0.678049
317		0.678049
317.125		0.68045
317.25		0.68045
317.375		0.68045
317.5		0.68045
317.625		0.68045
317.75		0.68045
317.875		0.68045
318		0.68045
318.125		0.680766
318.25		0.680766
318.375		0.680766
318.5		0.680766
318.625		0.680766
318.75		0.680766
318.875		0.680766
319		0.680766
319.125		0.686806
319.25		0.686806
319.375		0.686806
319.5		0.686806
319.625		0.686806
319.75		0.686806
319.875		0.686806
320		0.686806
320.125		0.687617
320.25		0.687617
320.375		0.687617
320.5		0.687617
320.625		0.687617
320.75		0.687617
320.875		0.687617
321		0.687617
321.125		0.688538
321.25		0.688538
321.375		0.688538
321.5		0.688538
321.625		0.688538
321.75		0.688538
321.875		0.688538
322		0.688538
322.125		0.689585
322.25		0.689585
322.375		0.689585
322.5		0.689585
322.625		0.689585
322.75		0.689585
322.875		0.689585
323		0.689585
323.125		0.693215
323.25		0.693215
323.375		0.693215
323.5		0.693215
323.625		0.693215
323.75		0.693215
323.875		0.693215
324		0.693215
324.125		0.694136
324.25		0.694136
324.375		0.694136
324.5		0.694136
324.625		0.694136
324.75		0.694136
324.875		0.694136
325		0.694136
325.125		0.69791
325.25		0.69791
325.375		0.69791
325.5		0.69791
325.625		0.69791
325.75		0.69791
325.875		0.69791
326		0.69791
326.125		0.700473
326.25		0.700473
326.375		0.700473
326.5		0.700473
326.625		0.700473
326.75		0.700473
326.875		0.700473
327		0.700473
327.125		0.702119
327.25		0.702119
327.375		0.702119
327.5		0.702119
327.625		0.702119
327.75		0.702119
327.875		0.702119
328		0.702119
328.125		0.706451
328.25		0.706451
328.375		0.706451
328.5		0.706451
328.625		0.706451
328.75		0.706451
328.875		0.706451
329		0.706451
329.125		0.708666
329.25		0.708666
329.375		0.708666
329.5		0.708666
329.625		0.708666
329.75		0.708666
329.875		0.708666
330		0.708666
330.125		0.709001
330.25		0.709001
330.375		0.709001
330.5		0.709001
330.625		0.709001
330.75		0.709001
330.875		0.709001
331		0.709001
331.125		0.711264
331.25		0.711264
331.375		0.711264
331.5		0.711264
331.625		0.711264
331.75		0.711264
331.875		0.711264
332		0.711264
332.125		0.715755
332.25		0.715755
332.375		0.715755
332.5		0.715755
332.625		0.715755
332.75		0.715755
332.875		0.715755
333		0.715755
333.125		0.716058
333.25		0.716058
333.375		0.716058
333.5		0.716058
333.625		0.716058
333.75		0.716058
333.875		0.716058
334		0.716058
334.125		0.719789
334.25		0.719789
334.375		0.719789
334.5		0.719789
334.625		0.719789
334.75		0.719789
334.875		0.719789
335		0.719789
335.125		0.72014
335.25		0.72014
335.375		0.72014
335.5		0.72014
335.625		0.72014
335.75		0.72014
335.875		0.72014
336		0.72014
336.125		0.723281
336.25		0.723281
336.375		0.723281
336.5		0.723281
336.625		0.723281
336.75		0.723281
336.875		0.723281
337		0.723281
337.125		0.724132
337.25		0.724132
337.375		0.724132
337.5		0.724132
337.625		0.724132
337.75		0.724132
337.875		0.724132
338		0.724132
338.125		0.726147
338.25		0.726147
338.375		0.726147
338.5		0.726147
338.625		0.726147
338.75		0.726147
338.875		0.726147
339		0.726147
339.125		0.726998
339.25		0.726998
339.375		0.726998
339.5		0.726998
339.625		0.726998
339.75		0.726998
339.875		0.726998
340		0.726998
340.125		0.73256
340.25		0.73256
340.375		0.73256
340.5		0.73256
340.625		0.73256
340.75		0.73256
340.875		0.73256
341		0.73256
341.125		0.734245
341.25		0.734245
341.375		0.734245
341.5		0.734245
341.625		0.734245
341.75		0.734245
341.875		0.734245
342		0.734245
342.125		0.73484
342.25		0.73484
342.375		0.73484
342.5		0.73484
342.625		0.73484
342.75		0.73484
342.875		0.73484
343		0.73484
343.125		0.741402
343.25		0.741402
343.375		0.741402
343.5		0.741402
343.625		0.741402
343.75		0.741402
343.875		0.741402
344		0.741402
344.125		0.744489
344.25		0.744489
344.375		0.744489
344.5		0.744489
344.625		0.744489
344.75		0.744489
344.875		0.744489
345		0.744489
345.125		0.746641
345.25		0.746641
345.375		0.746641
345.5		0.746641
345.625		0.746641
345.75		0.746641
345.875		0.746641
346		0.746641
346.125		0.749758
346.25		0.749758
346.375		0.749758
346.5		0.749758
346.625		0.749758
346.75		0.749758
346.875		0.749758
347		0.749758
347.125		0.750502
347.25		0.750502
347.375		0.750502
347.5		0.750502
347.625		0.750502
347.75		0.750502
347.875		0.750502
348		0.750502
348.125		0.751423
348.25		0.751423
348.375		0.751423
348.5		0.751423
348.625		0.751423
348.75		0.751423
348.875		0.751423
349		0.751423
349.125		0.754669
349.25		0.754669
349.375		0.754669
349.5		0.754669
349.625		0.754669
349.75		0.754669
349.875		0.754669
350		0.754669
350.125		0.758581
350.25		0.758581
350.375		0.758581
350.5		0.758581
350.625		0.758581
350.75		0.758581
350.875		0.758581
351		0.758581
351.125		0.759663
351.25		0.759663
351.375		0.759663
351.5		0.759663
351.625		0.759663
351.75		0.759663
351.875		0.759663
352		0.759663
352.125		0.762007
352.25		0.762007
352.375		0.762007
352.5		0.762007
352.625		0.762007
352.75		0.762007
352.875		0.762007
353		0.762007
353.125		0.76255
353.25		0.76255
353.375		0.76255
353.5		0.76255
353.625		0.76255
353.75		0.76255
353.875		0.76255
354		0.76255
354.125		0.764045
354.25		0.764045
354.375		0.764045
354.5		0.764045
354.625		0.764045
354.75		0.764045
354.875		0.764045
355		0.764045
355.125		0.765779
355.25		0.765779
355.375		0.765779
355.5		0.765779
355.625		0.765779
355.75		0.765779
355.875		0.765779
356		0.765779
356.125		0.769056
356.25		0.769056
356.375		0.769056
356.5		0.769056
356.625		0.769056
356.75		0.769056
356.875		0.769056
357		0.769056
357.125		0.770043
357.25		0.770043
357.375		0.770043
357.5		0.770043
357.625		0.770043
357.75		0.770043
357.875		0.770043
358		0.770043
358.125		0.772249
358.25		0.772249
358.375		0.772249
358.5		0.772249
358.625		0.772249
358.75		0.772249
358.875		0.772249
359		0.772249
359.125		0.774212
359.25		0.774212
359.375		0.774212
359.5		0.774212
359.625		0.774212
359.75		0.774212
359.875		0.774212
360		0.774212
360.125		0.778092
360.25		0.778092
360.375		0.778092
360.5		0.778092
360.625		0.778092
360.75		0.778092
360.875		0.778092
361		0.778092
361.125		0.779901
361.25		0.779901
361.375		0.779901
361.5		0.779901
361.625		0.779901
361.75		0.779901
361.875		0.779901
362		0.779901
362.125		0.78158
362.25		0.78158
362.375		0.78158
362.5		0.78158
362.625		0.78158
362.75		0.78158
362.875		0.78158
363		0.78158
363.125		0.782172
363.25		0.782172
363.375		0.782172
363.5		0.782172
363.625		0.782172
363.75		0.782172
363.875		0.782172
364		0.782172
364.125		0.786614
364.25		0.786614
364.375		0.786614
364.5		0.786614
364.625		0.786614
364.75		0.786614
364.875		0.786614
365		0.786614
365.125		0.788233
365.25		0.788233
365.375		0.788233
365.5		0.788233
365.625		0.788233
365.75		0.788233
365.875		0.788233
366		0.788233
366.125		0.792437
366.25		0.792437
366.375		0.792437
366.5		0.792437
366.625		0.792437
366.75		0.792437
366.875		0.792437
367		0.792437
367.125		0.793314
367.25		0.793314
367.375		0.793314
367.5		0.793314
367.625		0.793314
367.75		0.793314
367.875		0.793314
368		0.793314
368.125		0.795024
368.25		0.795024
368.375		0.795024
368.5		0.795024
368.625		0.795024
368.75		0.795024
368.875		0.795024
369		0.795024
369.125		0.797322
369.25		0.797322
369.375		0.797322
369.5		0.797322
369.625		0.797322
369.75		0.797322
369.875		0.797322
370		0.797322
370.125		0.799182
370.25		0.799182
370.375		0.799182
370.5		0.799182
370.625		0.799182
370.75		0.799182
370.875		0.799182
371		0.799182
371.125		0.801565
371.25		0.801565
371.375		0.801565
371.5		0.801565
371.625		0.801565
371.75		0.801565
371.875		0.801565
372		0.801565
372.125		0.805381
372.25		0.805381
372.375		0.805381
372.5		0.805381
372.625		0.805381
372.75		0.805381
372.875		0.805381
373		0.805381
373.125		0.808893
373.25		0.808893
373.375		0.808893
373.5		0.808893
373.625		0.808893
373.75		0.808893
373.875		0.808893
374		0.808893
374.125		0.810681
374.25		0.810681
374.375		0.810681
374.5		0.810681
374.625		0.810681
374.75		0.810681
374.875		0.810681
375		0.810681
375.125		0.81438
375.25		0.81438
375.375		0.81438
375.5		0.81438
375.625		0.81438
375.75		0.81438
375.875		0.81438
376		0.81438
376.125		0.818873
376.25		0.818873
376.375		0.818873
376.5		0.818873
376.625		0.818873
376.75		0.818873
376.875		0.818873
377		0.818873
377.125		0.819407
377.25		0.819407
377.375		0.819407
377.5		0.819407
377.625		0.819407
377.75		0.819407
377.875		0.819407
378		0.819407
378.125		0.819827
378.25		0.819827
378.375		0.819827
378.5		0.819827
378.625		0.819827
378.75		0.819827
378.875		0.819827
379		0.819827
379.125		0.821173
379.25		0.821173
379.375		0.821173
379.5		0.821173
379.625		0.821173
379.75		0.821173
379.875		0.821173
380		0.821173
380.125		0.825715
380.25		0.825715
380.375		0.825715
380.5		0.825715
380.625		0.825715
380.75		0.825715
380.875		0.825715
381		0.825715
381.125		0.827256
381.25		0.827256
381.375		0.827256
381.5		0.827256
381.625		0.827256
381.75		0.827256
381.875		0.827256
382		0.827256
382.125		0.828584
382.25		0.828584
382.375		0.828584
382.5		0.828584
382.625		0.828584
382.75		0.828584
382.875		0.828584
383		0.828584
383.125		0.831109
383.25		0.831109
383.375		0.831109
383.5		0.831109
383.625		0.831109
383.75		0.831109
383.875		0.831109
384		0.831109
384.125		0.834423
384.25		0.834423
384.375		0.834423
384.5		0.834423
384.625		0.834423
384.75		0.834423
384.875		0.834423
385		0.834423
385.125		0.836766
385.25		0.836766
385.375		0.836766
385.5		0.836766
385.625		0.836766
385.75		0.836766
385.875		0.836766
386		0.836766
386.125		0.837846
386.25		0.837846
386.375		0.837846
386.5		0.837846
386.625		0.837846
386.75		0.837846
386.875		0.837846
387		0.837846
387.125		0.839269
387.25		0.839269
387.375		0.839269
387.5		0.839269
387.625		0.839269
387.75		0.839269
387.875		0.839269
388		0.839269
388.125		0.84204
388.25		0.84204
388.375		0.84204
388.5		0.84204
388.625		0.84204
388.75		0.84204
388.875		0.84204
389		0.84204
389.125		0.844852
389.25		0.844852
389.375		0.844852
389.5		0.844852
389.625		0.844852
389.75		0.844852
389.875		0.844852
390		0.844852
390.125		0.845699
390.25		0.845699
390.375		0.845699
390.5		0.845699
390.625		0.845699
390.75		0.845699
390.875		0.845699
391		0.845699
391.125		0.848024
391.25		0.848024
391.375		0.848024
391.5		0.848024
391.625		0.848024
391.75		0.848024
391.875		0.848024
392		0.848024
392.125		0.849699
392.25		0.849699
392.375		0.849699
392.5		0.849699
392.625		0.849699
392.75		0.849699
392.875		0.849699
393		0.849699
393.125		0.851832
393.25		0.851832
393.375		0.851832
393.5		0.851832
393.625		0.851832
393.75		0.851832
393.875		0.851832
394		0.851832
394.125		0.85681
394.25		0.85681
394.375		0.85681
394.5		0.85681
394.625		0.85681
394.75		0.85681
394.875		0.85681
395		0.85681
395.125		0.857623
395.25		0.857623
395.375		0.857623
395.5		0.857623
395.625		0.857623
395.75		0.857623
395.875		0.857623
396		0.857623
396.125		0.857776
396.25		0.857776
396.375		0.857776
396.5		0.857776
396.625		0.857776
396.75		0.857776
396.875		0.857776
397		0.857776
397.125		0.861639
397.25		0.861639
397.375		0.861639
397.5		0.861639
397.625		0.861639
397.75		0.861639
397.875		0.861639
398		0.861639
398.125		0.866036
398.25		0.866036
398.375		0.866036
398.5		0.866036
398.625		0.866036
398.75		0.866036
398.875		0.866036
399		0.866036
399.125		0.866599
399.25		0.866599
399.375		0.866599
399.5		0.866599
399.625		0.866599
399.75		0.866599
399.875		0.866599
400		0.866599
400.125		0.86835
400.25		0.86835
400.375		0.86835
400.5		0.86835
400.625		0.86835
400.75		0.86835
400.875		0.86835
401		0.86835
401.125		0.870124
401.25		0.870124
401.375		0.870124
401.5		0.870124
401.625		0.870124
401.75		0.870124
401.875		0.870124
402		0.870124
402.125		0.874313
402.25		0.874313
402.375		0.874313
402.5		0.874313
402.625		0.874313
402.75		0.874313
402.875		0.874313
403		0.874313
403.125		0.874679
403.25		0.874679
403.375		0.874679
403.5		0.874679
403.625		0.874679
403.75		0.874679
403.875		0.874679
404		0.874679
404.125		0.877345
404.25		0.877345
404.375		0.877345
404.5		0.877345
404.625		0.877345
404.75		0.877345
404.875		0.877345
405		0.877345
405.125		0.878759
405.25		0.878759
405.375		0.878759
405.5		0.878759
405.625		0.878759
405.75		0.878759
405.875		0.878759
406		0.878759
406.125		0.881776
406.25		0.881776
406.375		0.881776
406.5		0.881776
406.625		0.881776
406.75		0.881776
406.875		0.881776
407		0.881776
407.125		0.88521
407.25		0.88521
407.375		0.88521
407.5		0.88521
407.625		0.88521
407.75		0.88521
407.875		0.88521
408		0.88521
408.125		0.886215
408.25		0.886215
408.375		0.886215
408.5		0.886215
408.625		0.886215
408.75		0.886215
408.875		0.886215
409		0.886215
409.125		0.886562
409.25		0.886562
409.375		0.886562
409.5		0.886562
409.625		0.886562
409.75		0.886562
409.875		0.886562
410		0.886562
410.125		0.890937
410.25		0.890937
410.375		0.890937
410.5		0.890937
410.625		0.890937
410.75		0.890937
410.875		0.890937
411		0.890937
411.125		0.892895
411.25		0.892895
411.375		0.892895
411.5		0.892895
411.625		0.892895
411.75		0.892895
411.875		0.892895
412		0.892895
412.125		0.89681
412.25		0.89681
412.375		0.89681
412.5		0.89681
412.625		0.89681
412.75		0.89681
412.875		0.89681
413		0.89681
413.125		0.897037
413.25		0.897037
413.375		0.897037
413.5		0.897037
413.625		0.897037
413.75		0.897037
413.875		0.897037
414		0.897037
414.125		0.897186
414.25		0.897186
414.375		0.897186
414.5		0.897186
414.625		0.897186
414.75		0.897186
414.875		0.897186
415		0.897186
415.125		0.902936
415.25		0.902936
415.375		0.902936
415.5		0.902936
415.625		0.902936
415.75		0.902936
415.875		0.902936
416		0.902936
416.125		0.904883
416.25		0.904883
416.375		0.904883
416.5		0.904883
416.625		0.904883
416.75		0.904883
416.875		0.904883
417		0.904883
417.125		0.906512
417.25		0.906512
417.375		0.906512
417.5		0.906512
417.625		0.906512
417.75		0.906512
417.875		0.906512
418		0.906512
418.125		0.9098
418.25		0.9098
418.375		0.9098
418.5		0.9098
418.625		0.9098
418.75		0.9098
418.875		0.9098
419		0.9098
419.125		0.910353
419.25		0.910353
419.375		0.910353
419.5		0.910353
419.625		0.910353
419.75		0.910353
419.875		0.910353
420		0.910353
420.125		0.914278
420.25		0.914278
420.375		0.914278
420.5		0.914278
420.625		0.914278
420.75		0.914278
420.875		0.914278
421		0.914278
421.125		0.915606
421.25		0.915606
421.375		0.915606
421.5		0.915606
421.625		0.915606
421.75		0.915606
421.875		0.915606
422		0.915606
422.125		0.916027
422.25		0.916027
422.375		0.916027
422.5		0.916027
422.625		0.916027
422.75		0.916027
422.875		0.916027
423		0.916027
423.125		0.918249
423.25		0.918249
423.375		0.918249
423.5		0.918249
423.625		0.918249
423.75		0.918249
423.875		0.918249
424		0.918249
424.125		0.922676
424.25		0.922676
424.375		0.922676
424.5		0.922676
424.625		0.922676
424.75		0.922676
424.875		0.922676
425		0.922676
425.125		0.92497
425.25		0.92497
425.375		0.92497
425.5		0.92497
425.625		0.92497
425.75		0.92497
425.875		0.92497
426		0.92497
426.125		0.927142
426.25		0.927142
426.375		0.927142
426.5		0.927142
426.625		0.927142
426.75		0.927142
426.875		0.927142
427		0.927142
427.125		0.927504
427.25		0.927504
427.375		0.927504
427.5		0.927504
427.625		0.927504
427.75		0.927504
427.875		0.927504
428		0.927504
428.125		0.930275
428.25		0.930275
428.375		0.930275
428.5		0.930275
428.625		0.930275
428.75		0.930275
428.875		0.930275
429		0.930275
429.125		0.932199
429.25		0.932199
429.375		0.932199
429.5		0.932199
429.625		0.932199
429.75		0.932199
429.875		0.932199
430		0.932199
430.125		0.934458
430.25		0.934458
430.375		0.934458
430.5		0.934458
430.625		0.934458
430.75		0.934458
430.875		0.934458
431		0.934458
431.125		0.934799
431.25		0.934799
431.375		0.934799
431.5		0.934799
431.625		0.934799
431.75		0.934799
431.875		0.934799
432		0.934799
432.125		0.940297
432.25		0.940297
432.375		0.940297
432.5		0.940297
432.625		0.940297
432.75		0.940297
432.875		0.940297
433		0.940297
433.125		0.941454
433.25		0.941454
433.375		0.941454
433.5		0.941454
433.625		0.941454
433.75		0.941454
433.875		0.941454
434		0.941454
434.125		0.94247
434.25		0.94247
434.375		0.94247
434.5		0.94247
434.625		0.94247
434.75		0.94247
434.875		0.94247
435		0.94247
435.125		0.944859
435.25		0.944859
435.375		0.944859
435.5		0.944859
435.625		0.944859
435.75		0.944859
435.875		0.944859
436		0.944859
436.125		0.947252
436.25		0.947252
436.375		0.947252
436.5		0.947252
436.625		0.947252
436.75		0.947252
436.875		0.947252
437		0.947252
437.125		0.953015
437.25		0.953015
437.375		0.953015
437.5		0.953015
437.625		0.953015
437.75		0.953015
437.875		0.953015
438		0.953015
438.125		0.954251
438.25		0.954251
438.375		0.954251
438.5		0.954251
438.625		0.954251
438.75		0.954251
438.875		0.954251
439		0.954251
439.125		0.95459
439.25		0.95459
439.375		0.95459
439.5		0.95459
439.625		0.95459
439.75		0.95459
439.875		0.95459
440		0.95459
440.125		0.956577
440.25		0.956577
440.375		0.956577
440.5		0.956577
440.625		0.956577
440.75		0.956577
440.875		0.956577
441		0.956577
441.125		0.959546
441.25		0.959546
441.375		0.959546
441.5		0.959546
441.625		0.959546
441.75		0.959546
441.875		0.959546
442		0.959546
442.125		0.96071
442.25		0.96071
442.375		0.96071
442.5		0.96071
442.625		0.96071
442.75		0.96071
442.875		0.96071
443		0.96071
443.125		0.965296
443.25		0.965296
443.375		0.965296
443.5		0.965296
443.625		0.965296
443.75		0.965296
443.875		0.965296
444		0.965296
444.125		0.965616
444.25		0.965616
444.375		0.965616
444.5		0.965616
444.625		0.965616
444.75		0.965616
444.875		0.965616
445		0.965616
445.125		0.968045
445.25		0.968045
445.375		0.968045
445.5		0.968045
445.625		0.968045
445.75		0.968045
445.875		0.968045
446		0.968045
446.125		0.971569
446.25		0.971569
446.375		0.971569
446.5		0.971569
446.625		0.971569
446.75		0.971569
446.875		0.971569
447		0.971569
447.125		0.971879
447.25		0.971879
447.375		0.971879
447.5		0.971879
447.625		0.971879
447.75		0.971879
447.875		0.971879
448		0.971879
448.125		0.972251
448.25		0.972251
448.375		0.972251
448.5		0.972251
448.625		0.972251
448.75		0.972251
448.875		0.972251
449		0.972251
449.125		0.9754
449.25		0.9754
449.375		0.9754
449.5		0.9754
449.625		0.9754
449.75		0.9754
449.875		0.9754
450		0.9754
450.125		0.977729
450.25		0.977729
450.375		0.977729
450.5		0.977729
450.625		0.977729
450.75		0.977729
450.875		0.977729
451		0.977729
451.125		0.979013
451.25		0.979013
451.375		0.979013
451.5		0.979013
451.625		0.979013
451.75		0.979013
451.875		0.979013
452		0.979013
452.125		0.981187
452.25		0.981187
452.375		0.981187
452.5		0.981187
452.625		0.981187
452.75		0.981187
452.875		0.981187
453		0.981187
453.125		0.981642
453.25		0.981642
453.375		0.981642
453.5		0.981642
453.625		0.981642
453.75		0.981642
453.875		0.981642
454		0.981642
454.125		0.985949
454.25		0.985949
454.375		0.985949
454.5		0.985949
454.625		0.985949
454.75		0.985949
454.875		0.985949
455		0.985949
455.125		0.988433
455.25		0.988433
455.375		0.988433
455.5		0.988433
455.625		0.988433
455.75		0.988433
455.875		0.988433
456		0.988433
456.125		0.990322
456.25		0.990322
456.375		0.990322
456.5		0.990322
456.625		0.990322
456.75		0.990322
456.875		0.990322
457		0.990322
457.125		0.992377
457.25		0.992377
457.375		0.992377
457.5		0.992377
457.625		0.992377
457.75		0.992377
457.875		0.992377
458		0.992377
458.125		0.993735
458.25		0.993735
458.375		0.993735
458.5		0.993735
458.625		0.993735
458.75		0.993735
458.875		0.993735
459		0.993735
459.125		0.996773
459.25		0.996773
459.375		0.996773
459.5		0.996773
459.625		0.996773
459.75		0.996773
459.875		0.996773
460		0.996773
460.125		0.997064
460.25		0.997064
460.375		0.997064
460.5		0.997064
460.625		0.997064
460.75		0.997064
460.875		0.997064
461		0.997064
461.125		0.99776
461.25		0.99776
461.375		0.99776
461.5		0.99776
461.625		0.99776
461.75		0.99776
461.875		0.99776
462		0.99776
462.125		0.99999
462.25		0.99999
462.375		0.99999
462.5		0.99999
462.625		0.99999
462.75		0.99999
462.875		0.99999
463		0.99999
463.125		1
463.25		1
463.375		1
463.5		1
463.625		1
463.75		1
463.875		1
464		1
464.125		1
464.25		1
464.375		1
464.5		1
464.625		1
464.75		1
464.875		1
465		1
465.125		1
465.25		1
465.375		1
465.5		1
465.625		1
465.75		1
465.875		1
466		1
466.125		1
466.25		1
466.375		1
466.5		1
466.625		1
466.75		1
466.875		1
467		1
467.125		1
467.25		1
467.375		1
467.5		1
467.625		1
467.75		1
467.875		1
468		1
468.125		1
468.25		1
468.375		1
468.5		1
468.625		1
468.75		1
468.875		1
469		1
469.125		1
469.25		1
469.375		1
469.5		1
469.625		1
469.75		1
469.875		1
470		1
470.125		1
470.25		1
470.375		1
470.5		1
470.625		1
470.75		1
470.875		1
471		1
471.125		1
471.25		1
471.375		1
471.5		1
471.625		1
471.75		1
471.875		1
472		1
472.125		1
472.25		1
472.375		1
472.5		1
472.625		1
472.75		1
472.875		1
473		1
473.125		1
473.25		1
473.375		1
473.5		1
473.625		1
473.75		1
473.875		1
474		1
474.125		1
474.25		1
474.375		1
474.5		1
474.625		1
474.75		1
474.875		1
475		1
475.125		1
475.25		1
475.375		1
475.5		1
475.625		1
475.75		1
475.875		1
476		1
476.125		1
476.25		1
476.375		1
476.5		1
476.625		1
476.75		1
476.875		1
477		1
477.125		1
477.25		1
477.375		1
477.5		1
477.625		1
477.75		1
477.875		1
478		1
478.125		1
478.25		1
478.375		1
478.5		1
478.625		1
478.75		1
478.875		1
479		1
479.125		1
479.25		1
479.375		1
479.5		1
479.625		1
479.75		1
479.875		1
480		1
480.125		1
480.25		1
480.375		1
480.5		1
480.625		1
480.75		1
480.875		1
481		1
481.125		1
481.25		1
481.375		1
481.5		1
481.625		1
481.75		1
481.875		1
482		1
482.125		1
482.25		1
482.375		1
482.5		1
482.625		1
482.75		1
482.875		1
483		1
483.125		1
483.25		1
483.375		1
483.5		1
483.625		1
483.75		1
483.875		1
484		1
484.125		1
484.25		1
484.375		1
484.5		1
484.625		1
484.75		1
484.875		1
485		1
485.125		1
485.25		1
485.375		1
485.5		1
485.625		1
485.75		1
485.875		1
486		1
486.125		1
486.25		1
486.375		1
486.5		1
486.625		1
486.75		1
486.875		1
487		1
487.125		1
487.25		1
487.375		1
487.5		1
487.625		1
487.75		1
487.875		1
488		1
488.125		1
488.25		1
488.375		1
488.5		1
488.625		1
488.75		1
488.875		1
489		1
489.125		1
489.25		1
489.375		1
489.5		1
489.625		1
489.75		1
489.875		1
490		1
490.125		1
490.25		1
490.375		1
490.5		1
490.625		1
490.75		1
490.875		1
491		1
491.125		1
491.25		1
491.375		1
491.5		1
491.625		1
491.75		1
491.875		1
492		1
492.125		1
492.25		1
492.375		1
492.5		1
492.625		1
492.75		1
492.875		1
493		1
493.125		1
493.25		1
493.375		1
493.5		1
493.625		1
493.75		1
493.875		1
494		1
494.125		1
494.25		1
494.375		1
494.5		1
494.625		1
494.75		1
494.875		1
495		1
495.125		1
495.25		1
495.375		1
495.5		1
495.625		1
495.75		1
495.875		1
496		1
496.125		1
496.25		1
496.375		1
496.5		1
496.625		1
496.75		1
496.875		1
497		1
497.125		1
497.25		1
497.375		1
497.5		1
497.625		1
497.75		1
497.875		1
498		1
498.125		1
498.25		1
498.375		1
498.5		1
498.625		1
498.75		1
498.875		1
499		1
499.125		1
499.25		1
499.375		1
499.5		1
499.625		1
499.75		1
499.875		1
500		1
