# Calibration file of tamex_id 0 @ channel 29
# fine_T bin		 Calibration value
0.125		0
0.25		0
0.375		0
0.5		0
0.625		0
0.75		0
0.875		0
1		0
1.125		0
1.25		0
1.375		0
1.5		0
1.625		0
1.75		0
1.875		0
2		0
2.125		0
2.25		0
2.375		0
2.5		0
2.625		0
2.75		0
2.875		0
3		0
3.125		0
3.25		0
3.375		0
3.5		0
3.625		0
3.75		0
3.875		0
4		0
4.125		0
4.25		0
4.375		0
4.5		0
4.625		0
4.75		0
4.875		0
5		0
5.125		0
5.25		0
5.375		0
5.5		0
5.625		0
5.75		0
5.875		0
6		0
6.125		0
6.25		0
6.375		0
6.5		0
6.625		0
6.75		0
6.875		0
7		0
7.125		0
7.25		0
7.375		0
7.5		0
7.625		0
7.75		0
7.875		0
8		0
8.125		0
8.25		0
8.375		0
8.5		0
8.625		0
8.75		0
8.875		0
9		0
9.125		0
9.25		0
9.375		0
9.5		0
9.625		0
9.75		0
9.875		0
10		0
10.125		0
10.25		0
10.375		0
10.5		0
10.625		0
10.75		0
10.875		0
11		0
11.125		0
11.25		0
11.375		0
11.5		0
11.625		0
11.75		0
11.875		0
12		0
12.125		0
12.25		0
12.375		0
12.5		0
12.625		0
12.75		0
12.875		0
13		0
13.125		0
13.25		0
13.375		0
13.5		0
13.625		0
13.75		0
13.875		0
14		0
14.125		0
14.25		0
14.375		0
14.5		0
14.625		0
14.75		0
14.875		0
15		0
15.125		0
15.25		0
15.375		0
15.5		0
15.625		0
15.75		0
15.875		0
16		0
16.125		0.0101404
16.25		0.0101404
16.375		0.0101404
16.5		0.0101404
16.625		0.0101404
16.75		0.0101404
16.875		0.0101404
17		0.0101404
17.125		0.0119343
17.25		0.0119343
17.375		0.0119343
17.5		0.0119343
17.625		0.0119343
17.75		0.0119343
17.875		0.0119343
18		0.0119343
18.125		0.0120915
18.25		0.0120915
18.375		0.0120915
18.5		0.0120915
18.625		0.0120915
18.75		0.0120915
18.875		0.0120915
19		0.0120915
19.125		0.0137239
19.25		0.0137239
19.375		0.0137239
19.5		0.0137239
19.625		0.0137239
19.75		0.0137239
19.875		0.0137239
20		0.0137239
20.125		0.0199599
20.25		0.0199599
20.375		0.0199599
20.5		0.0199599
20.625		0.0199599
20.75		0.0199599
20.875		0.0199599
21		0.0199599
21.125		0.0243425
21.25		0.0243425
21.375		0.0243425
21.5		0.0243425
21.625		0.0243425
21.75		0.0243425
21.875		0.0243425
22		0.0243425
22.125		0.0245997
22.25		0.0245997
22.375		0.0245997
22.5		0.0245997
22.625		0.0245997
22.75		0.0245997
22.875		0.0245997
23		0.0245997
23.125		0.025588
23.25		0.025588
23.375		0.025588
23.5		0.025588
23.625		0.025588
23.75		0.025588
23.875		0.025588
24		0.025588
24.125		0.0306465
24.25		0.0306465
24.375		0.0306465
24.5		0.0306465
24.625		0.0306465
24.75		0.0306465
24.875		0.0306465
25		0.0306465
25.125		0.0323426
25.25		0.0323426
25.375		0.0323426
25.5		0.0323426
25.625		0.0323426
25.75		0.0323426
25.875		0.0323426
26		0.0323426
26.125		0.0334329
26.25		0.0334329
26.375		0.0334329
26.5		0.0334329
26.625		0.0334329
26.75		0.0334329
26.875		0.0334329
27		0.0334329
27.125		0.0338665
27.25		0.0338665
27.375		0.0338665
27.5		0.0338665
27.625		0.0338665
27.75		0.0338665
27.875		0.0338665
28		0.0338665
28.125		0.0381259
28.25		0.0381259
28.375		0.0381259
28.5		0.0381259
28.625		0.0381259
28.75		0.0381259
28.875		0.0381259
29		0.0381259
29.125		0.0397943
29.25		0.0397943
29.375		0.0397943
29.5		0.0397943
29.625		0.0397943
29.75		0.0397943
29.875		0.0397943
30		0.0397943
30.125		0.0428316
30.25		0.0428316
30.375		0.0428316
30.5		0.0428316
30.625		0.0428316
30.75		0.0428316
30.875		0.0428316
31		0.0428316
31.125		0.0437774
31.25		0.0437774
31.375		0.0437774
31.5		0.0437774
31.625		0.0437774
31.75		0.0437774
31.875		0.0437774
32		0.0437774
32.125		0.0487849
32.25		0.0487849
32.375		0.0487849
32.5		0.0487849
32.625		0.0487849
32.75		0.0487849
32.875		0.0487849
33		0.0487849
33.125		0.049227
33.25		0.049227
33.375		0.049227
33.5		0.049227
33.625		0.049227
33.75		0.049227
33.875		0.049227
34		0.049227
34.125		0.049465
34.25		0.049465
34.375		0.049465
34.5		0.049465
34.625		0.049465
34.75		0.049465
34.875		0.049465
35		0.049465
35.125		0.0506638
35.25		0.0506638
35.375		0.0506638
35.5		0.0506638
35.625		0.0506638
35.75		0.0506638
35.875		0.0506638
36		0.0506638
36.125		0.0554332
36.25		0.0554332
36.375		0.0554332
36.5		0.0554332
36.625		0.0554332
36.75		0.0554332
36.875		0.0554332
37		0.0554332
37.125		0.0574885
37.25		0.0574885
37.375		0.0574885
37.5		0.0574885
37.625		0.0574885
37.75		0.0574885
37.875		0.0574885
38		0.0574885
38.125		0.0593058
38.25		0.0593058
38.375		0.0593058
38.5		0.0593058
38.625		0.0593058
38.75		0.0593058
38.875		0.0593058
39		0.0593058
39.125		0.0624344
39.25		0.0624344
39.375		0.0624344
39.5		0.0624344
39.625		0.0624344
39.75		0.0624344
39.875		0.0624344
40		0.0624344
40.125		0.0630295
40.25		0.0630295
40.375		0.0630295
40.5		0.0630295
40.625		0.0630295
40.75		0.0630295
40.875		0.0630295
41		0.0630295
41.125		0.0656884
41.25		0.0656884
41.375		0.0656884
41.5		0.0656884
41.625		0.0656884
41.75		0.0656884
41.875		0.0656884
42		0.0656884
42.125		0.0674546
42.25		0.0674546
42.375		0.0674546
42.5		0.0674546
42.625		0.0674546
42.75		0.0674546
42.875		0.0674546
43		0.0674546
43.125		0.0695524
43.25		0.0695524
43.375		0.0695524
43.5		0.0695524
43.625		0.0695524
43.75		0.0695524
43.875		0.0695524
44		0.0695524
44.125		0.072798
44.25		0.072798
44.375		0.072798
44.5		0.072798
44.625		0.072798
44.75		0.072798
44.875		0.072798
45		0.072798
45.125		0.075527
45.25		0.075527
45.375		0.075527
45.5		0.075527
45.625		0.075527
45.75		0.075527
45.875		0.075527
46		0.075527
46.125		0.0775483
46.25		0.0775483
46.375		0.0775483
46.5		0.0775483
46.625		0.0775483
46.75		0.0775483
46.875		0.0775483
47		0.0775483
47.125		0.0778586
47.25		0.0778586
47.375		0.0778586
47.5		0.0778586
47.625		0.0778586
47.75		0.0778586
47.875		0.0778586
48		0.0778586
48.125		0.0834485
48.25		0.0834485
48.375		0.0834485
48.5		0.0834485
48.625		0.0834485
48.75		0.0834485
48.875		0.0834485
49		0.0834485
49.125		0.0841328
49.25		0.0841328
49.375		0.0841328
49.5		0.0841328
49.625		0.0841328
49.75		0.0841328
49.875		0.0841328
50		0.0841328
50.125		0.0855803
50.25		0.0855803
50.375		0.0855803
50.5		0.0855803
50.625		0.0855803
50.75		0.0855803
50.875		0.0855803
51		0.0855803
51.125		0.0886983
51.25		0.0886983
51.375		0.0886983
51.5		0.0886983
51.625		0.0886983
51.75		0.0886983
51.875		0.0886983
52		0.0886983
52.125		0.0890957
52.25		0.0890957
52.375		0.0890957
52.5		0.0890957
52.625		0.0890957
52.75		0.0890957
52.875		0.0890957
53		0.0890957
53.125		0.0945007
53.25		0.0945007
53.375		0.0945007
53.5		0.0945007
53.625		0.0945007
53.75		0.0945007
53.875		0.0945007
54		0.0945007
54.125		0.0963009
54.25		0.0963009
54.375		0.0963009
54.5		0.0963009
54.625		0.0963009
54.75		0.0963009
54.875		0.0963009
55		0.0963009
55.125		0.0970469
55.25		0.0970469
55.375		0.0970469
55.5		0.0970469
55.625		0.0970469
55.75		0.0970469
55.875		0.0970469
56		0.0970469
56.125		0.0972744
56.25		0.0972744
56.375		0.0972744
56.5		0.0972744
56.625		0.0972744
56.75		0.0972744
56.875		0.0972744
57		0.0972744
57.125		0.0995889
57.25		0.0995889
57.375		0.0995889
57.5		0.0995889
57.625		0.0995889
57.75		0.0995889
57.875		0.0995889
58		0.0995889
58.125		0.106514
58.25		0.106514
58.375		0.106514
58.5		0.106514
58.625		0.106514
58.75		0.106514
58.875		0.106514
59		0.106514
59.125		0.108494
59.25		0.108494
59.375		0.108494
59.5		0.108494
59.625		0.108494
59.75		0.108494
59.875		0.108494
60		0.108494
60.125		0.109632
60.25		0.109632
60.375		0.109632
60.5		0.109632
60.625		0.109632
60.75		0.109632
60.875		0.109632
61		0.109632
61.125		0.110023
61.25		0.110023
61.375		0.110023
61.5		0.110023
61.625		0.110023
61.75		0.110023
61.875		0.110023
62		0.110023
62.125		0.114603
62.25		0.114603
62.375		0.114603
62.5		0.114603
62.625		0.114603
62.75		0.114603
62.875		0.114603
63		0.114603
63.125		0.115668
63.25		0.115668
63.375		0.115668
63.5		0.115668
63.625		0.115668
63.75		0.115668
63.875		0.115668
64		0.115668
64.125		0.117158
64.25		0.117158
64.375		0.117158
64.5		0.117158
64.625		0.117158
64.75		0.117158
64.875		0.117158
65		0.117158
65.125		0.121183
65.25		0.121183
65.375		0.121183
65.5		0.121183
65.625		0.121183
65.75		0.121183
65.875		0.121183
66		0.121183
66.125		0.125251
66.25		0.125251
66.375		0.125251
66.5		0.125251
66.625		0.125251
66.75		0.125251
66.875		0.125251
67		0.125251
67.125		0.1254
67.25		0.1254
67.375		0.1254
67.5		0.1254
67.625		0.1254
67.75		0.1254
67.875		0.1254
68		0.1254
68.125		0.126097
68.25		0.126097
68.375		0.126097
68.5		0.126097
68.625		0.126097
68.75		0.126097
68.875		0.126097
69		0.126097
69.125		0.128777
69.25		0.128777
69.375		0.128777
69.5		0.128777
69.625		0.128777
69.75		0.128777
69.875		0.128777
70		0.128777
70.125		0.133402
70.25		0.133402
70.375		0.133402
70.5		0.133402
70.625		0.133402
70.75		0.133402
70.875		0.133402
71		0.133402
71.125		0.136873
71.25		0.136873
71.375		0.136873
71.5		0.136873
71.625		0.136873
71.75		0.136873
71.875		0.136873
72		0.136873
72.125		0.138673
72.25		0.138673
72.375		0.138673
72.5		0.138673
72.625		0.138673
72.75		0.138673
72.875		0.138673
73		0.138673
73.125		0.139349
73.25		0.139349
73.375		0.139349
73.5		0.139349
73.625		0.139349
73.75		0.139349
73.875		0.139349
74		0.139349
74.125		0.140484
74.25		0.140484
74.375		0.140484
74.5		0.140484
74.625		0.140484
74.75		0.140484
74.875		0.140484
75		0.140484
75.125		0.145787
75.25		0.145787
75.375		0.145787
75.5		0.145787
75.625		0.145787
75.75		0.145787
75.875		0.145787
76		0.145787
76.125		0.146319
76.25		0.146319
76.375		0.146319
76.5		0.146319
76.625		0.146319
76.75		0.146319
76.875		0.146319
77		0.146319
77.125		0.150187
77.25		0.150187
77.375		0.150187
77.5		0.150187
77.625		0.150187
77.75		0.150187
77.875		0.150187
78		0.150187
78.125		0.151857
78.25		0.151857
78.375		0.151857
78.5		0.151857
78.625		0.151857
78.75		0.151857
78.875		0.151857
79		0.151857
79.125		0.152982
79.25		0.152982
79.375		0.152982
79.5		0.152982
79.625		0.152982
79.75		0.152982
79.875		0.152982
80		0.152982
80.125		0.156206
80.25		0.156206
80.375		0.156206
80.5		0.156206
80.625		0.156206
80.75		0.156206
80.875		0.156206
81		0.156206
81.125		0.158944
81.25		0.158944
81.375		0.158944
81.5		0.158944
81.625		0.158944
81.75		0.158944
81.875		0.158944
82		0.158944
82.125		0.160723
82.25		0.160723
82.375		0.160723
82.5		0.160723
82.625		0.160723
82.75		0.160723
82.875		0.160723
83		0.160723
83.125		0.167303
83.25		0.167303
83.375		0.167303
83.5		0.167303
83.625		0.167303
83.75		0.167303
83.875		0.167303
84		0.167303
84.125		0.168461
84.25		0.168461
84.375		0.168461
84.5		0.168461
84.625		0.168461
84.75		0.168461
84.875		0.168461
85		0.168461
85.125		0.169092
85.25		0.169092
85.375		0.169092
85.5		0.169092
85.625		0.169092
85.75		0.169092
85.875		0.169092
86		0.169092
86.125		0.16979
86.25		0.16979
86.375		0.16979
86.5		0.16979
86.625		0.16979
86.75		0.16979
86.875		0.16979
87		0.16979
87.125		0.176719
87.25		0.176719
87.375		0.176719
87.5		0.176719
87.625		0.176719
87.75		0.176719
87.875		0.176719
88		0.176719
88.125		0.179312
88.25		0.179312
88.375		0.179312
88.5		0.179312
88.625		0.179312
88.75		0.179312
88.875		0.179312
89		0.179312
89.125		0.180007
89.25		0.180007
89.375		0.180007
89.5		0.180007
89.625		0.180007
89.75		0.180007
89.875		0.180007
90		0.180007
90.125		0.181369
90.25		0.181369
90.375		0.181369
90.5		0.181369
90.625		0.181369
90.75		0.181369
90.875		0.181369
91		0.181369
91.125		0.181919
91.25		0.181919
91.375		0.181919
91.5		0.181919
91.625		0.181919
91.75		0.181919
91.875		0.181919
92		0.181919
92.125		0.186468
92.25		0.186468
92.375		0.186468
92.5		0.186468
92.625		0.186468
92.75		0.186468
92.875		0.186468
93		0.186468
93.125		0.188338
93.25		0.188338
93.375		0.188338
93.5		0.188338
93.625		0.188338
93.75		0.188338
93.875		0.188338
94		0.188338
94.125		0.188814
94.25		0.188814
94.375		0.188814
94.5		0.188814
94.625		0.188814
94.75		0.188814
94.875		0.188814
95		0.188814
95.125		0.190861
95.25		0.190861
95.375		0.190861
95.5		0.190861
95.625		0.190861
95.75		0.190861
95.875		0.190861
96		0.190861
96.125		0.195239
96.25		0.195239
96.375		0.195239
96.5		0.195239
96.625		0.195239
96.75		0.195239
96.875		0.195239
97		0.195239
97.125		0.197977
97.25		0.197977
97.375		0.197977
97.5		0.197977
97.625		0.197977
97.75		0.197977
97.875		0.197977
98		0.197977
98.125		0.200817
98.25		0.200817
98.375		0.200817
98.5		0.200817
98.625		0.200817
98.75		0.200817
98.875		0.200817
99		0.200817
99.125		0.201059
99.25		0.201059
99.375		0.201059
99.5		0.201059
99.625		0.201059
99.75		0.201059
99.875		0.201059
100		0.201059
100.125		0.204668
100.25		0.204668
100.375		0.204668
100.5		0.204668
100.625		0.204668
100.75		0.204668
100.875		0.204668
101		0.204668
101.125		0.207233
101.25		0.207233
101.375		0.207233
101.5		0.207233
101.625		0.207233
101.75		0.207233
101.875		0.207233
102		0.207233
102.125		0.207862
102.25		0.207862
102.375		0.207862
102.5		0.207862
102.625		0.207862
102.75		0.207862
102.875		0.207862
103		0.207862
103.125		0.210696
103.25		0.210696
103.375		0.210696
103.5		0.210696
103.625		0.210696
103.75		0.210696
103.875		0.210696
104		0.210696
104.125		0.21558
104.25		0.21558
104.375		0.21558
104.5		0.21558
104.625		0.21558
104.75		0.21558
104.875		0.21558
105		0.21558
105.125		0.216506
105.25		0.216506
105.375		0.216506
105.5		0.216506
105.625		0.216506
105.75		0.216506
105.875		0.216506
106		0.216506
106.125		0.217427
106.25		0.217427
106.375		0.217427
106.5		0.217427
106.625		0.217427
106.75		0.217427
106.875		0.217427
107		0.217427
107.125		0.219767
107.25		0.219767
107.375		0.219767
107.5		0.219767
107.625		0.219767
107.75		0.219767
107.875		0.219767
108		0.219767
108.125		0.224164
108.25		0.224164
108.375		0.224164
108.5		0.224164
108.625		0.224164
108.75		0.224164
108.875		0.224164
109		0.224164
109.125		0.227841
109.25		0.227841
109.375		0.227841
109.5		0.227841
109.625		0.227841
109.75		0.227841
109.875		0.227841
110		0.227841
110.125		0.229465
110.25		0.229465
110.375		0.229465
110.5		0.229465
110.625		0.229465
110.75		0.229465
110.875		0.229465
111		0.229465
111.125		0.231129
111.25		0.231129
111.375		0.231129
111.5		0.231129
111.625		0.231129
111.75		0.231129
111.875		0.231129
112		0.231129
112.125		0.234681
112.25		0.234681
112.375		0.234681
112.5		0.234681
112.625		0.234681
112.75		0.234681
112.875		0.234681
113		0.234681
113.125		0.240007
113.25		0.240007
113.375		0.240007
113.5		0.240007
113.625		0.240007
113.75		0.240007
113.875		0.240007
114		0.240007
114.125		0.24096
114.25		0.24096
114.375		0.24096
114.5		0.24096
114.625		0.24096
114.75		0.24096
114.875		0.24096
115		0.24096
115.125		0.242951
115.25		0.242951
115.375		0.242951
115.5		0.242951
115.625		0.242951
115.75		0.242951
115.875		0.242951
116		0.242951
116.125		0.244307
116.25		0.244307
116.375		0.244307
116.5		0.244307
116.625		0.244307
116.75		0.244307
116.875		0.244307
117		0.244307
117.125		0.249259
117.25		0.249259
117.375		0.249259
117.5		0.249259
117.625		0.249259
117.75		0.249259
117.875		0.249259
118		0.249259
118.125		0.250855
118.25		0.250855
118.375		0.250855
118.5		0.250855
118.625		0.250855
118.75		0.250855
118.875		0.250855
119		0.250855
119.125		0.252086
119.25		0.252086
119.375		0.252086
119.5		0.252086
119.625		0.252086
119.75		0.252086
119.875		0.252086
120		0.252086
120.125		0.252086
120.25		0.252086
120.375		0.252086
120.5		0.252086
120.625		0.252086
120.75		0.252086
120.875		0.252086
121		0.252086
121.125		0.253721
121.25		0.253721
121.375		0.253721
121.5		0.253721
121.625		0.253721
121.75		0.253721
121.875		0.253721
122		0.253721
122.125		0.255582
122.25		0.255582
122.375		0.255582
122.5		0.255582
122.625		0.255582
122.75		0.255582
122.875		0.255582
123		0.255582
123.125		0.259468
123.25		0.259468
123.375		0.259468
123.5		0.259468
123.625		0.259468
123.75		0.259468
123.875		0.259468
124		0.259468
124.125		0.261359
124.25		0.261359
124.375		0.261359
124.5		0.261359
124.625		0.261359
124.75		0.261359
124.875		0.261359
125		0.261359
125.125		0.265094
125.25		0.265094
125.375		0.265094
125.5		0.265094
125.625		0.265094
125.75		0.265094
125.875		0.265094
126		0.265094
126.125		0.267638
126.25		0.267638
126.375		0.267638
126.5		0.267638
126.625		0.267638
126.75		0.267638
126.875		0.267638
127		0.267638
127.125		0.268569
127.25		0.268569
127.375		0.268569
127.5		0.268569
127.625		0.268569
127.75		0.268569
127.875		0.268569
128		0.268569
128.125		0.269963
128.25		0.269963
128.375		0.269963
128.5		0.269963
128.625		0.269963
128.75		0.269963
128.875		0.269963
129		0.269963
129.125		0.270365
129.25		0.270365
129.375		0.270365
129.5		0.270365
129.625		0.270365
129.75		0.270365
129.875		0.270365
130		0.270365
130.125		0.273198
130.25		0.273198
130.375		0.273198
130.5		0.273198
130.625		0.273198
130.75		0.273198
130.875		0.273198
131		0.273198
131.125		0.277485
131.25		0.277485
131.375		0.277485
131.5		0.277485
131.625		0.277485
131.75		0.277485
131.875		0.277485
132		0.277485
132.125		0.278979
132.25		0.278979
132.375		0.278979
132.5		0.278979
132.625		0.278979
132.75		0.278979
132.875		0.278979
133		0.278979
133.125		0.280845
133.25		0.280845
133.375		0.280845
133.5		0.280845
133.625		0.280845
133.75		0.280845
133.875		0.280845
134		0.280845
134.125		0.283132
134.25		0.283132
134.375		0.283132
134.5		0.283132
134.625		0.283132
134.75		0.283132
134.875		0.283132
135		0.283132
135.125		0.283581
135.25		0.283581
135.375		0.283581
135.5		0.283581
135.625		0.283581
135.75		0.283581
135.875		0.283581
136		0.283581
136.125		0.29041
136.25		0.29041
136.375		0.29041
136.5		0.29041
136.625		0.29041
136.75		0.29041
136.875		0.29041
137		0.29041
137.125		0.292784
137.25		0.292784
137.375		0.292784
137.5		0.292784
137.625		0.292784
137.75		0.292784
137.875		0.292784
138		0.292784
138.125		0.295358
138.25		0.295358
138.375		0.295358
138.5		0.295358
138.625		0.295358
138.75		0.295358
138.875		0.295358
139		0.295358
139.125		0.295606
139.25		0.295606
139.375		0.295606
139.5		0.295606
139.625		0.295606
139.75		0.295606
139.875		0.295606
140		0.295606
140.125		0.297487
140.25		0.297487
140.375		0.297487
140.5		0.297487
140.625		0.297487
140.75		0.297487
140.875		0.297487
141		0.297487
141.125		0.301487
141.25		0.301487
141.375		0.301487
141.5		0.301487
141.625		0.301487
141.75		0.301487
141.875		0.301487
142		0.301487
142.125		0.301936
142.25		0.301936
142.375		0.301936
142.5		0.301936
142.625		0.301936
142.75		0.301936
142.875		0.301936
143		0.301936
143.125		0.307169
143.25		0.307169
143.375		0.307169
143.5		0.307169
143.625		0.307169
143.75		0.307169
143.875		0.307169
144		0.307169
144.125		0.308229
144.25		0.308229
144.375		0.308229
144.5		0.308229
144.625		0.308229
144.75		0.308229
144.875		0.308229
145		0.308229
145.125		0.309211
145.25		0.309211
145.375		0.309211
145.5		0.309211
145.625		0.309211
145.75		0.309211
145.875		0.309211
146		0.309211
146.125		0.312185
146.25		0.312185
146.375		0.312185
146.5		0.312185
146.625		0.312185
146.75		0.312185
146.875		0.312185
147		0.312185
147.125		0.312637
147.25		0.312637
147.375		0.312637
147.5		0.312637
147.625		0.312637
147.75		0.312637
147.875		0.312637
148		0.312637
148.125		0.314338
148.25		0.314338
148.375		0.314338
148.5		0.314338
148.625		0.314338
148.75		0.314338
148.875		0.314338
149		0.314338
149.125		0.319311
149.25		0.319311
149.375		0.319311
149.5		0.319311
149.625		0.319311
149.75		0.319311
149.875		0.319311
150		0.319311
150.125		0.32109
150.25		0.32109
150.375		0.32109
150.5		0.32109
150.625		0.32109
150.75		0.32109
150.875		0.32109
151		0.32109
151.125		0.321751
151.25		0.321751
151.375		0.321751
151.5		0.321751
151.625		0.321751
151.75		0.321751
151.875		0.321751
152		0.321751
152.125		0.324359
152.25		0.324359
152.375		0.324359
152.5		0.324359
152.625		0.324359
152.75		0.324359
152.875		0.324359
153		0.324359
153.125		0.325749
153.25		0.325749
153.375		0.325749
153.5		0.325749
153.625		0.325749
153.75		0.325749
153.875		0.325749
154		0.325749
154.125		0.329726
154.25		0.329726
154.375		0.329726
154.5		0.329726
154.625		0.329726
154.75		0.329726
154.875		0.329726
155		0.329726
155.125		0.330006
155.25		0.330006
155.375		0.330006
155.5		0.330006
155.625		0.330006
155.75		0.330006
155.875		0.330006
156		0.330006
156.125		0.331388
156.25		0.331388
156.375		0.331388
156.5		0.331388
156.625		0.331388
156.75		0.331388
156.875		0.331388
157		0.331388
157.125		0.333014
157.25		0.333014
157.375		0.333014
157.5		0.333014
157.625		0.333014
157.75		0.333014
157.875		0.333014
158		0.333014
158.125		0.337598
158.25		0.337598
158.375		0.337598
158.5		0.337598
158.625		0.337598
158.75		0.337598
158.875		0.337598
159		0.337598
159.125		0.339545
159.25		0.339545
159.375		0.339545
159.5		0.339545
159.625		0.339545
159.75		0.339545
159.875		0.339545
160		0.339545
160.125		0.339843
160.25		0.339843
160.375		0.339843
160.5		0.339843
160.625		0.339843
160.75		0.339843
160.875		0.339843
161		0.339843
161.125		0.34204
161.25		0.34204
161.375		0.34204
161.5		0.34204
161.625		0.34204
161.75		0.34204
161.875		0.34204
162		0.34204
162.125		0.343728
162.25		0.343728
162.375		0.343728
162.5		0.343728
162.625		0.343728
162.75		0.343728
162.875		0.343728
163		0.343728
163.125		0.34806
163.25		0.34806
163.375		0.34806
163.5		0.34806
163.625		0.34806
163.75		0.34806
163.875		0.34806
164		0.34806
164.125		0.350884
164.25		0.350884
164.375		0.350884
164.5		0.350884
164.625		0.350884
164.75		0.350884
164.875		0.350884
165		0.350884
165.125		0.351237
165.25		0.351237
165.375		0.351237
165.5		0.351237
165.625		0.351237
165.75		0.351237
165.875		0.351237
166		0.351237
166.125		0.353584
166.25		0.353584
166.375		0.353584
166.5		0.353584
166.625		0.353584
166.75		0.353584
166.875		0.353584
167		0.353584
167.125		0.357282
167.25		0.357282
167.375		0.357282
167.5		0.357282
167.625		0.357282
167.75		0.357282
167.875		0.357282
168		0.357282
168.125		0.358145
168.25		0.358145
168.375		0.358145
168.5		0.358145
168.625		0.358145
168.75		0.358145
168.875		0.358145
169		0.358145
169.125		0.362168
169.25		0.362168
169.375		0.362168
169.5		0.362168
169.625		0.362168
169.75		0.362168
169.875		0.362168
170		0.362168
170.125		0.3625
170.25		0.3625
170.375		0.3625
170.5		0.3625
170.625		0.3625
170.75		0.3625
170.875		0.3625
171		0.3625
171.125		0.364228
171.25		0.364228
171.375		0.364228
171.5		0.364228
171.625		0.364228
171.75		0.364228
171.875		0.364228
172		0.364228
172.125		0.369697
172.25		0.369697
172.375		0.369697
172.5		0.369697
172.625		0.369697
172.75		0.369697
172.875		0.369697
173		0.369697
173.125		0.370013
173.25		0.370013
173.375		0.370013
173.5		0.370013
173.625		0.370013
173.75		0.370013
173.875		0.370013
174		0.370013
174.125		0.370222
174.25		0.370222
174.375		0.370222
174.5		0.370222
174.625		0.370222
174.75		0.370222
174.875		0.370222
175		0.370222
175.125		0.375609
175.25		0.375609
175.375		0.375609
175.5		0.375609
175.625		0.375609
175.75		0.375609
175.875		0.375609
176		0.375609
176.125		0.377488
176.25		0.377488
176.375		0.377488
176.5		0.377488
176.625		0.377488
176.75		0.377488
176.875		0.377488
177		0.377488
177.125		0.378621
177.25		0.378621
177.375		0.378621
177.5		0.378621
177.625		0.378621
177.75		0.378621
177.875		0.378621
178		0.378621
178.125		0.382164
178.25		0.382164
178.375		0.382164
178.5		0.382164
178.625		0.382164
178.75		0.382164
178.875		0.382164
179		0.382164
179.125		0.383167
179.25		0.383167
179.375		0.383167
179.5		0.383167
179.625		0.383167
179.75		0.383167
179.875		0.383167
180		0.383167
180.125		0.384428
180.25		0.384428
180.375		0.384428
180.5		0.384428
180.625		0.384428
180.75		0.384428
180.875		0.384428
181		0.384428
181.125		0.387108
181.25		0.387108
181.375		0.387108
181.5		0.387108
181.625		0.387108
181.75		0.387108
181.875		0.387108
182		0.387108
182.125		0.387363
182.25		0.387363
182.375		0.387363
182.5		0.387363
182.625		0.387363
182.75		0.387363
182.875		0.387363
183		0.387363
183.125		0.390934
183.25		0.390934
183.375		0.390934
183.5		0.390934
183.625		0.390934
183.75		0.390934
183.875		0.390934
184		0.390934
184.125		0.39151
184.25		0.39151
184.375		0.39151
184.5		0.39151
184.625		0.39151
184.75		0.39151
184.875		0.39151
185		0.39151
185.125		0.397748
185.25		0.397748
185.375		0.397748
185.5		0.397748
185.625		0.397748
185.75		0.397748
185.875		0.397748
186		0.397748
186.125		0.397982
186.25		0.397982
186.375		0.397982
186.5		0.397982
186.625		0.397982
186.75		0.397982
186.875		0.397982
187		0.397982
187.125		0.398857
187.25		0.398857
187.375		0.398857
187.5		0.398857
187.625		0.398857
187.75		0.398857
187.875		0.398857
188		0.398857
188.125		0.402358
188.25		0.402358
188.375		0.402358
188.5		0.402358
188.625		0.402358
188.75		0.402358
188.875		0.402358
189		0.402358
189.125		0.403076
189.25		0.403076
189.375		0.403076
189.5		0.403076
189.625		0.403076
189.75		0.403076
189.875		0.403076
190		0.403076
190.125		0.406213
190.25		0.406213
190.375		0.406213
190.5		0.406213
190.625		0.406213
190.75		0.406213
190.875		0.406213
191		0.406213
191.125		0.40975
191.25		0.40975
191.375		0.40975
191.5		0.40975
191.625		0.40975
191.75		0.40975
191.875		0.40975
192		0.40975
192.125		0.409958
192.25		0.409958
192.375		0.409958
192.5		0.409958
192.625		0.409958
192.75		0.409958
192.875		0.409958
193		0.409958
193.125		0.41188
193.25		0.41188
193.375		0.41188
193.5		0.41188
193.625		0.41188
193.75		0.41188
193.875		0.41188
194		0.41188
194.125		0.413778
194.25		0.413778
194.375		0.413778
194.5		0.413778
194.625		0.413778
194.75		0.413778
194.875		0.413778
195		0.413778
195.125		0.416726
195.25		0.416726
195.375		0.416726
195.5		0.416726
195.625		0.416726
195.75		0.416726
195.875		0.416726
196		0.416726
196.125		0.417867
196.25		0.417867
196.375		0.417867
196.5		0.417867
196.625		0.417867
196.75		0.417867
196.875		0.417867
197		0.417867
197.125		0.421706
197.25		0.421706
197.375		0.421706
197.5		0.421706
197.625		0.421706
197.75		0.421706
197.875		0.421706
198		0.421706
198.125		0.422394
198.25		0.422394
198.375		0.422394
198.5		0.422394
198.625		0.422394
198.75		0.422394
198.875		0.422394
199		0.422394
199.125		0.423697
199.25		0.423697
199.375		0.423697
199.5		0.423697
199.625		0.423697
199.75		0.423697
199.875		0.423697
200		0.423697
200.125		0.426445
200.25		0.426445
200.375		0.426445
200.5		0.426445
200.625		0.426445
200.75		0.426445
200.875		0.426445
201		0.426445
201.125		0.427801
201.25		0.427801
201.375		0.427801
201.5		0.427801
201.625		0.427801
201.75		0.427801
201.875		0.427801
202		0.427801
202.125		0.434837
202.25		0.434837
202.375		0.434837
202.5		0.434837
202.625		0.434837
202.75		0.434837
202.875		0.434837
203		0.434837
203.125		0.43578
203.25		0.43578
203.375		0.43578
203.5		0.43578
203.625		0.43578
203.75		0.43578
203.875		0.43578
204		0.43578
204.125		0.436303
204.25		0.436303
204.375		0.436303
204.5		0.436303
204.625		0.436303
204.75		0.436303
204.875		0.436303
205		0.436303
205.125		0.43646
205.25		0.43646
205.375		0.43646
205.5		0.43646
205.625		0.43646
205.75		0.43646
205.875		0.43646
206		0.43646
206.125		0.444371
206.25		0.444371
206.375		0.444371
206.5		0.444371
206.625		0.444371
206.75		0.444371
206.875		0.444371
207		0.444371
207.125		0.445045
207.25		0.445045
207.375		0.445045
207.5		0.445045
207.625		0.445045
207.75		0.445045
207.875		0.445045
208		0.445045
208.125		0.446686
208.25		0.446686
208.375		0.446686
208.5		0.446686
208.625		0.446686
208.75		0.446686
208.875		0.446686
209		0.446686
209.125		0.447674
209.25		0.447674
209.375		0.447674
209.5		0.447674
209.625		0.447674
209.75		0.447674
209.875		0.447674
210		0.447674
210.125		0.451315
210.25		0.451315
210.375		0.451315
210.5		0.451315
210.625		0.451315
210.75		0.451315
210.875		0.451315
211		0.451315
211.125		0.453039
211.25		0.453039
211.375		0.453039
211.5		0.453039
211.625		0.453039
211.75		0.453039
211.875		0.453039
212		0.453039
212.125		0.454042
212.25		0.454042
212.375		0.454042
212.5		0.454042
212.625		0.454042
212.75		0.454042
212.875		0.454042
213		0.454042
213.125		0.454775
213.25		0.454775
213.375		0.454775
213.5		0.454775
213.625		0.454775
213.75		0.454775
213.875		0.454775
214		0.454775
214.125		0.459302
214.25		0.459302
214.375		0.459302
214.5		0.459302
214.625		0.459302
214.75		0.459302
214.875		0.459302
215		0.459302
215.125		0.462074
215.25		0.462074
215.375		0.462074
215.5		0.462074
215.625		0.462074
215.75		0.462074
215.875		0.462074
216		0.462074
216.125		0.463925
216.25		0.463925
216.375		0.463925
216.5		0.463925
216.625		0.463925
216.75		0.463925
216.875		0.463925
217		0.463925
217.125		0.46434
217.25		0.46434
217.375		0.46434
217.5		0.46434
217.625		0.46434
217.75		0.46434
217.875		0.46434
218		0.46434
218.125		0.466786
218.25		0.466786
218.375		0.466786
218.5		0.466786
218.625		0.466786
218.75		0.466786
218.875		0.466786
219		0.466786
219.125		0.471579
219.25		0.471579
219.375		0.471579
219.5		0.471579
219.625		0.471579
219.75		0.471579
219.875		0.471579
220		0.471579
220.125		0.474758
220.25		0.474758
220.375		0.474758
220.5		0.474758
220.625		0.474758
220.75		0.474758
220.875		0.474758
221		0.474758
221.125		0.477728
221.25		0.477728
221.375		0.477728
221.5		0.477728
221.625		0.477728
221.75		0.477728
221.875		0.477728
222		0.477728
222.125		0.478078
222.25		0.478078
222.375		0.478078
222.5		0.478078
222.625		0.478078
222.75		0.478078
222.875		0.478078
223		0.478078
223.125		0.478208
223.25		0.478208
223.375		0.478208
223.5		0.478208
223.625		0.478208
223.75		0.478208
223.875		0.478208
224		0.478208
224.125		0.48139
224.25		0.48139
224.375		0.48139
224.5		0.48139
224.625		0.48139
224.75		0.48139
224.875		0.48139
225		0.48139
225.125		0.486044
225.25		0.486044
225.375		0.486044
225.5		0.486044
225.625		0.486044
225.75		0.486044
225.875		0.486044
226		0.486044
226.125		0.486368
226.25		0.486368
226.375		0.486368
226.5		0.486368
226.625		0.486368
226.75		0.486368
226.875		0.486368
227		0.486368
227.125		0.489409
227.25		0.489409
227.375		0.489409
227.5		0.489409
227.625		0.489409
227.75		0.489409
227.875		0.489409
228		0.489409
228.125		0.49159
228.25		0.49159
228.375		0.49159
228.5		0.49159
228.625		0.49159
228.75		0.49159
228.875		0.49159
229		0.49159
229.125		0.492757
229.25		0.492757
229.375		0.492757
229.5		0.492757
229.625		0.492757
229.75		0.492757
229.875		0.492757
230		0.492757
230.125		0.493403
230.25		0.493403
230.375		0.493403
230.5		0.493403
230.625		0.493403
230.75		0.493403
230.875		0.493403
231		0.493403
231.125		0.497743
231.25		0.497743
231.375		0.497743
231.5		0.497743
231.625		0.497743
231.75		0.497743
231.875		0.497743
232		0.497743
232.125		0.499481
232.25		0.499481
232.375		0.499481
232.5		0.499481
232.625		0.499481
232.75		0.499481
232.875		0.499481
233		0.499481
233.125		0.502202
233.25		0.502202
233.375		0.502202
233.5		0.502202
233.625		0.502202
233.75		0.502202
233.875		0.502202
234		0.502202
234.125		0.50284
234.25		0.50284
234.375		0.50284
234.5		0.50284
234.625		0.50284
234.75		0.50284
234.875		0.50284
235		0.50284
235.125		0.504837
235.25		0.504837
235.375		0.504837
235.5		0.504837
235.625		0.504837
235.75		0.504837
235.875		0.504837
236		0.504837
236.125		0.510194
236.25		0.510194
236.375		0.510194
236.5		0.510194
236.625		0.510194
236.75		0.510194
236.875		0.510194
237		0.510194
237.125		0.510759
237.25		0.510759
237.375		0.510759
237.5		0.510759
237.625		0.510759
237.75		0.510759
237.875		0.510759
238		0.510759
238.125		0.512083
238.25		0.512083
238.375		0.512083
238.5		0.512083
238.625		0.512083
238.75		0.512083
238.875		0.512083
239		0.512083
239.125		0.513244
239.25		0.513244
239.375		0.513244
239.5		0.513244
239.625		0.513244
239.75		0.513244
239.875		0.513244
240		0.513244
240.125		0.518124
240.25		0.518124
240.375		0.518124
240.5		0.518124
240.625		0.518124
240.75		0.518124
240.875		0.518124
241		0.518124
241.125		0.521195
241.25		0.521195
241.375		0.521195
241.5		0.521195
241.625		0.521195
241.75		0.521195
241.875		0.521195
242		0.521195
242.125		0.522121
242.25		0.522121
242.375		0.522121
242.5		0.522121
242.625		0.522121
242.75		0.522121
242.875		0.522121
243		0.522121
243.125		0.522776
243.25		0.522776
243.375		0.522776
243.5		0.522776
243.625		0.522776
243.75		0.522776
243.875		0.522776
244		0.522776
244.125		0.525877
244.25		0.525877
244.375		0.525877
244.5		0.525877
244.625		0.525877
244.75		0.525877
244.875		0.525877
245		0.525877
245.125		0.529261
245.25		0.529261
245.375		0.529261
245.5		0.529261
245.625		0.529261
245.75		0.529261
245.875		0.529261
246		0.529261
246.125		0.529526
246.25		0.529526
246.375		0.529526
246.5		0.529526
246.625		0.529526
246.75		0.529526
246.875		0.529526
247		0.529526
247.125		0.532596
247.25		0.532596
247.375		0.532596
247.5		0.532596
247.625		0.532596
247.75		0.532596
247.875		0.532596
248		0.532596
248.125		0.534768
248.25		0.534768
248.375		0.534768
248.5		0.534768
248.625		0.534768
248.75		0.534768
248.875		0.534768
249		0.534768
249.125		0.537522
249.25		0.537522
249.375		0.537522
249.5		0.537522
249.625		0.537522
249.75		0.537522
249.875		0.537522
250		0.537522
250.125		0.537809
250.25		0.537809
250.375		0.537809
250.5		0.537809
250.625		0.537809
250.75		0.537809
250.875		0.537809
251		0.537809
251.125		0.541276
251.25		0.541276
251.375		0.541276
251.5		0.541276
251.625		0.541276
251.75		0.541276
251.875		0.541276
252		0.541276
252.125		0.542798
252.25		0.542798
252.375		0.542798
252.5		0.542798
252.625		0.542798
252.75		0.542798
252.875		0.542798
253		0.542798
253.125		0.54575
253.25		0.54575
253.375		0.54575
253.5		0.54575
253.625		0.54575
253.75		0.54575
253.875		0.54575
254		0.54575
254.125		0.549905
254.25		0.549905
254.375		0.549905
254.5		0.549905
254.625		0.549905
254.75		0.549905
254.875		0.549905
255		0.549905
255.125		0.550264
255.25		0.550264
255.375		0.550264
255.5		0.550264
255.625		0.550264
255.75		0.550264
255.875		0.550264
256		0.550264
256.125		0.55047
256.25		0.55047
256.375		0.55047
256.5		0.55047
256.625		0.55047
256.75		0.55047
256.875		0.55047
257		0.55047
257.125		0.554696
257.25		0.554696
257.375		0.554696
257.5		0.554696
257.625		0.554696
257.75		0.554696
257.875		0.554696
258		0.554696
258.125		0.558657
258.25		0.558657
258.375		0.558657
258.5		0.558657
258.625		0.558657
258.75		0.558657
258.875		0.558657
259		0.558657
259.125		0.559894
259.25		0.559894
259.375		0.559894
259.5		0.559894
259.625		0.559894
259.75		0.559894
259.875		0.559894
260		0.559894
260.125		0.560173
260.25		0.560173
260.375		0.560173
260.5		0.560173
260.625		0.560173
260.75		0.560173
260.875		0.560173
261		0.560173
261.125		0.56087
261.25		0.56087
261.375		0.56087
261.5		0.56087
261.625		0.56087
261.75		0.56087
261.875		0.56087
262		0.56087
262.125		0.565714
262.25		0.565714
262.375		0.565714
262.5		0.565714
262.625		0.565714
262.75		0.565714
262.875		0.565714
263		0.565714
263.125		0.566009
263.25		0.566009
263.375		0.566009
263.5		0.566009
263.625		0.566009
263.75		0.566009
263.875		0.566009
264		0.566009
264.125		0.568575
264.25		0.568575
264.375		0.568575
264.5		0.568575
264.625		0.568575
264.75		0.568575
264.875		0.568575
265		0.568575
265.125		0.569163
265.25		0.569163
265.375		0.569163
265.5		0.569163
265.625		0.569163
265.75		0.569163
265.875		0.569163
266		0.569163
266.125		0.576362
266.25		0.576362
266.375		0.576362
266.5		0.576362
266.625		0.576362
266.75		0.576362
266.875		0.576362
267		0.576362
267.125		0.57737
267.25		0.57737
267.375		0.57737
267.5		0.57737
267.625		0.57737
267.75		0.57737
267.875		0.57737
268		0.57737
268.125		0.577859
268.25		0.577859
268.375		0.577859
268.5		0.577859
268.625		0.577859
268.75		0.577859
268.875		0.577859
269		0.577859
269.125		0.578715
269.25		0.578715
269.375		0.578715
269.5		0.578715
269.625		0.578715
269.75		0.578715
269.875		0.578715
270		0.578715
270.125		0.581701
270.25		0.581701
270.375		0.581701
270.5		0.581701
270.625		0.581701
270.75		0.581701
270.875		0.581701
271		0.581701
271.125		0.584547
271.25		0.584547
271.375		0.584547
271.5		0.584547
271.625		0.584547
271.75		0.584547
271.875		0.584547
272		0.584547
272.125		0.58713
272.25		0.58713
272.375		0.58713
272.5		0.58713
272.625		0.58713
272.75		0.58713
272.875		0.58713
273		0.58713
273.125		0.588955
273.25		0.588955
273.375		0.588955
273.5		0.588955
273.625		0.588955
273.75		0.588955
273.875		0.588955
274		0.588955
274.125		0.589576
274.25		0.589576
274.375		0.589576
274.5		0.589576
274.625		0.589576
274.75		0.589576
274.875		0.589576
275		0.589576
275.125		0.591846
275.25		0.591846
275.375		0.591846
275.5		0.591846
275.625		0.591846
275.75		0.591846
275.875		0.591846
276		0.591846
276.125		0.595916
276.25		0.595916
276.375		0.595916
276.5		0.595916
276.625		0.595916
276.75		0.595916
276.875		0.595916
277		0.595916
277.125		0.596477
277.25		0.596477
277.375		0.596477
277.5		0.596477
277.625		0.596477
277.75		0.596477
277.875		0.596477
278		0.596477
278.125		0.601153
278.25		0.601153
278.375		0.601153
278.5		0.601153
278.625		0.601153
278.75		0.601153
278.875		0.601153
279		0.601153
279.125		0.601889
279.25		0.601889
279.375		0.601889
279.5		0.601889
279.625		0.601889
279.75		0.601889
279.875		0.601889
280		0.601889
280.125		0.60632
280.25		0.60632
280.375		0.60632
280.5		0.60632
280.625		0.60632
280.75		0.60632
280.875		0.60632
281		0.60632
281.125		0.608771
281.25		0.608771
281.375		0.608771
281.5		0.608771
281.625		0.608771
281.75		0.608771
281.875		0.608771
282		0.608771
282.125		0.612852
282.25		0.612852
282.375		0.612852
282.5		0.612852
282.625		0.612852
282.75		0.612852
282.875		0.612852
283		0.612852
283.125		0.613043
283.25		0.613043
283.375		0.613043
283.5		0.613043
283.625		0.613043
283.75		0.613043
283.875		0.613043
284		0.613043
284.125		0.613268
284.25		0.613268
284.375		0.613268
284.5		0.613268
284.625		0.613268
284.75		0.613268
284.875		0.613268
285		0.613268
285.125		0.61852
285.25		0.61852
285.375		0.61852
285.5		0.61852
285.625		0.61852
285.75		0.61852
285.875		0.61852
286		0.61852
286.125		0.619183
286.25		0.619183
286.375		0.619183
286.5		0.619183
286.625		0.619183
286.75		0.619183
286.875		0.619183
287		0.619183
287.125		0.624811
287.25		0.624811
287.375		0.624811
287.5		0.624811
287.625		0.624811
287.75		0.624811
287.875		0.624811
288		0.624811
288.125		0.625477
288.25		0.625477
288.375		0.625477
288.5		0.625477
288.625		0.625477
288.75		0.625477
288.875		0.625477
289		0.625477
289.125		0.625623
289.25		0.625623
289.375		0.625623
289.5		0.625623
289.625		0.625623
289.75		0.625623
289.875		0.625623
290		0.625623
290.125		0.626091
290.25		0.626091
290.375		0.626091
290.5		0.626091
290.625		0.626091
290.75		0.626091
290.875		0.626091
291		0.626091
291.125		0.629938
291.25		0.629938
291.375		0.629938
291.5		0.629938
291.625		0.629938
291.75		0.629938
291.875		0.629938
292		0.629938
292.125		0.634265
292.25		0.634265
292.375		0.634265
292.5		0.634265
292.625		0.634265
292.75		0.634265
292.875		0.634265
293		0.634265
293.125		0.635664
293.25		0.635664
293.375		0.635664
293.5		0.635664
293.625		0.635664
293.75		0.635664
293.875		0.635664
294		0.635664
294.125		0.637296
294.25		0.637296
294.375		0.637296
294.5		0.637296
294.625		0.637296
294.75		0.637296
294.875		0.637296
295		0.637296
295.125		0.637443
295.25		0.637443
295.375		0.637443
295.5		0.637443
295.625		0.637443
295.75		0.637443
295.875		0.637443
296		0.637443
296.125		0.642495
296.25		0.642495
296.375		0.642495
296.5		0.642495
296.625		0.642495
296.75		0.642495
296.875		0.642495
297		0.642495
297.125		0.643496
297.25		0.643496
297.375		0.643496
297.5		0.643496
297.625		0.643496
297.75		0.643496
297.875		0.643496
298		0.643496
298.125		0.644822
298.25		0.644822
298.375		0.644822
298.5		0.644822
298.625		0.644822
298.75		0.644822
298.875		0.644822
299		0.644822
299.125		0.648486
299.25		0.648486
299.375		0.648486
299.5		0.648486
299.625		0.648486
299.75		0.648486
299.875		0.648486
300		0.648486
300.125		0.650765
300.25		0.650765
300.375		0.650765
300.5		0.650765
300.625		0.650765
300.75		0.650765
300.875		0.650765
301		0.650765
301.125		0.652034
301.25		0.652034
301.375		0.652034
301.5		0.652034
301.625		0.652034
301.75		0.652034
301.875		0.652034
302		0.652034
302.125		0.653664
302.25		0.653664
302.375		0.653664
302.5		0.653664
302.625		0.653664
302.75		0.653664
302.875		0.653664
303		0.653664
303.125		0.65532
303.25		0.65532
303.375		0.65532
303.5		0.65532
303.625		0.65532
303.75		0.65532
303.875		0.65532
304		0.65532
304.125		0.658614
304.25		0.658614
304.375		0.658614
304.5		0.658614
304.625		0.658614
304.75		0.658614
304.875		0.658614
305		0.658614
305.125		0.660916
305.25		0.660916
305.375		0.660916
305.5		0.660916
305.625		0.660916
305.75		0.660916
305.875		0.660916
306		0.660916
306.125		0.663469
306.25		0.663469
306.375		0.663469
306.5		0.663469
306.625		0.663469
306.75		0.663469
306.875		0.663469
307		0.663469
307.125		0.664004
307.25		0.664004
307.375		0.664004
307.5		0.664004
307.625		0.664004
307.75		0.664004
307.875		0.664004
308		0.664004
308.125		0.665473
308.25		0.665473
308.375		0.665473
308.5		0.665473
308.625		0.665473
308.75		0.665473
308.875		0.665473
309		0.665473
309.125		0.669941
309.25		0.669941
309.375		0.669941
309.5		0.669941
309.625		0.669941
309.75		0.669941
309.875		0.669941
310		0.669941
310.125		0.673333
310.25		0.673333
310.375		0.673333
310.5		0.673333
310.625		0.673333
310.75		0.673333
310.875		0.673333
311		0.673333
311.125		0.674838
311.25		0.674838
311.375		0.674838
311.5		0.674838
311.625		0.674838
311.75		0.674838
311.875		0.674838
312		0.674838
312.125		0.675543
312.25		0.675543
312.375		0.675543
312.5		0.675543
312.625		0.675543
312.75		0.675543
312.875		0.675543
313		0.675543
313.125		0.676506
313.25		0.676506
313.375		0.676506
313.5		0.676506
313.625		0.676506
313.75		0.676506
313.875		0.676506
314		0.676506
314.125		0.681996
314.25		0.681996
314.375		0.681996
314.5		0.681996
314.625		0.681996
314.75		0.681996
314.875		0.681996
315		0.681996
315.125		0.682306
315.25		0.682306
315.375		0.682306
315.5		0.682306
315.625		0.682306
315.75		0.682306
315.875		0.682306
316		0.682306
316.125		0.685934
316.25		0.685934
316.375		0.685934
316.5		0.685934
316.625		0.685934
316.75		0.685934
316.875		0.685934
317		0.685934
317.125		0.68661
317.25		0.68661
317.375		0.68661
317.5		0.68661
317.625		0.68661
317.75		0.68661
317.875		0.68661
318		0.68661
318.125		0.690578
318.25		0.690578
318.375		0.690578
318.5		0.690578
318.625		0.690578
318.75		0.690578
318.875		0.690578
319		0.690578
319.125		0.692706
319.25		0.692706
319.375		0.692706
319.5		0.692706
319.625		0.692706
319.75		0.692706
319.875		0.692706
320		0.692706
320.125		0.693463
320.25		0.693463
320.375		0.693463
320.5		0.693463
320.625		0.693463
320.75		0.693463
320.875		0.693463
321		0.693463
321.125		0.694092
321.25		0.694092
321.375		0.694092
321.5		0.694092
321.625		0.694092
321.75		0.694092
321.875		0.694092
322		0.694092
322.125		0.701116
322.25		0.701116
322.375		0.701116
322.5		0.701116
322.625		0.701116
322.75		0.701116
322.875		0.701116
323		0.701116
323.125		0.702166
323.25		0.702166
323.375		0.702166
323.5		0.702166
323.625		0.702166
323.75		0.702166
323.875		0.702166
324		0.702166
324.125		0.70339
324.25		0.70339
324.375		0.70339
324.5		0.70339
324.625		0.70339
324.75		0.70339
324.875		0.70339
325		0.70339
325.125		0.705811
325.25		0.705811
325.375		0.705811
325.5		0.705811
325.625		0.705811
325.75		0.705811
325.875		0.705811
326		0.705811
326.125		0.709301
326.25		0.709301
326.375		0.709301
326.5		0.709301
326.625		0.709301
326.75		0.709301
326.875		0.709301
327		0.709301
327.125		0.712313
327.25		0.712313
327.375		0.712313
327.5		0.712313
327.625		0.712313
327.75		0.712313
327.875		0.712313
328		0.712313
328.125		0.712787
328.25		0.712787
328.375		0.712787
328.5		0.712787
328.625		0.712787
328.75		0.712787
328.875		0.712787
329		0.712787
329.125		0.713123
329.25		0.713123
329.375		0.713123
329.5		0.713123
329.625		0.713123
329.75		0.713123
329.875		0.713123
330		0.713123
330.125		0.714991
330.25		0.714991
330.375		0.714991
330.5		0.714991
330.625		0.714991
330.75		0.714991
330.875		0.714991
331		0.714991
331.125		0.719004
331.25		0.719004
331.375		0.719004
331.5		0.719004
331.625		0.719004
331.75		0.719004
331.875		0.719004
332		0.719004
332.125		0.721682
332.25		0.721682
332.375		0.721682
332.5		0.721682
332.625		0.721682
332.75		0.721682
332.875		0.721682
333		0.721682
333.125		0.722932
333.25		0.722932
333.375		0.722932
333.5		0.722932
333.625		0.722932
333.75		0.722932
333.875		0.722932
334		0.722932
334.125		0.723329
334.25		0.723329
334.375		0.723329
334.5		0.723329
334.625		0.723329
334.75		0.723329
334.875		0.723329
335		0.723329
335.125		0.725284
335.25		0.725284
335.375		0.725284
335.5		0.725284
335.625		0.725284
335.75		0.725284
335.875		0.725284
336		0.725284
336.125		0.730766
336.25		0.730766
336.375		0.730766
336.5		0.730766
336.625		0.730766
336.75		0.730766
336.875		0.730766
337		0.730766
337.125		0.731219
337.25		0.731219
337.375		0.731219
337.5		0.731219
337.625		0.731219
337.75		0.731219
337.875		0.731219
338		0.731219
338.125		0.732169
338.25		0.732169
338.375		0.732169
338.5		0.732169
338.625		0.732169
338.75		0.732169
338.875		0.732169
339		0.732169
339.125		0.734381
339.25		0.734381
339.375		0.734381
339.5		0.734381
339.625		0.734381
339.75		0.734381
339.875		0.734381
340		0.734381
340.125		0.73781
340.25		0.73781
340.375		0.73781
340.5		0.73781
340.625		0.73781
340.75		0.73781
340.875		0.73781
341		0.73781
341.125		0.741644
341.25		0.741644
341.375		0.741644
341.5		0.741644
341.625		0.741644
341.75		0.741644
341.875		0.741644
342		0.741644
342.125		0.742384
342.25		0.742384
342.375		0.742384
342.5		0.742384
342.625		0.742384
342.75		0.742384
342.875		0.742384
343		0.742384
343.125		0.743074
343.25		0.743074
343.375		0.743074
343.5		0.743074
343.625		0.743074
343.75		0.743074
343.875		0.743074
344		0.743074
344.125		0.750838
344.25		0.750838
344.375		0.750838
344.5		0.750838
344.625		0.750838
344.75		0.750838
344.875		0.750838
345		0.750838
345.125		0.751028
345.25		0.751028
345.375		0.751028
345.5		0.751028
345.625		0.751028
345.75		0.751028
345.875		0.751028
346		0.751028
346.125		0.754059
346.25		0.754059
346.375		0.754059
346.5		0.754059
346.625		0.754059
346.75		0.754059
346.875		0.754059
347		0.754059
347.125		0.757185
347.25		0.757185
347.375		0.757185
347.5		0.757185
347.625		0.757185
347.75		0.757185
347.875		0.757185
348		0.757185
348.125		0.75897
348.25		0.75897
348.375		0.75897
348.5		0.75897
348.625		0.75897
348.75		0.75897
348.875		0.75897
349		0.75897
349.125		0.76313
349.25		0.76313
349.375		0.76313
349.5		0.76313
349.625		0.76313
349.75		0.76313
349.875		0.76313
350		0.76313
350.125		0.763723
350.25		0.763723
350.375		0.763723
350.5		0.763723
350.625		0.763723
350.75		0.763723
350.875		0.763723
351		0.763723
351.125		0.764203
351.25		0.764203
351.375		0.764203
351.5		0.764203
351.625		0.764203
351.75		0.764203
351.875		0.764203
352		0.764203
352.125		0.768762
352.25		0.768762
352.375		0.768762
352.5		0.768762
352.625		0.768762
352.75		0.768762
352.875		0.768762
353		0.768762
353.125		0.769761
353.25		0.769761
353.375		0.769761
353.5		0.769761
353.625		0.769761
353.75		0.769761
353.875		0.769761
354		0.769761
354.125		0.772091
354.25		0.772091
354.375		0.772091
354.5		0.772091
354.625		0.772091
354.75		0.772091
354.875		0.772091
355		0.772091
355.125		0.772577
355.25		0.772577
355.375		0.772577
355.5		0.772577
355.625		0.772577
355.75		0.772577
355.875		0.772577
356		0.772577
356.125		0.774186
356.25		0.774186
356.375		0.774186
356.5		0.774186
356.625		0.774186
356.75		0.774186
356.875		0.774186
357		0.774186
357.125		0.777315
357.25		0.777315
357.375		0.777315
357.5		0.777315
357.625		0.777315
357.75		0.777315
357.875		0.777315
358		0.777315
358.125		0.780792
358.25		0.780792
358.375		0.780792
358.5		0.780792
358.625		0.780792
358.75		0.780792
358.875		0.780792
359		0.780792
359.125		0.781068
359.25		0.781068
359.375		0.781068
359.5		0.781068
359.625		0.781068
359.75		0.781068
359.875		0.781068
360		0.781068
360.125		0.782726
360.25		0.782726
360.375		0.782726
360.5		0.782726
360.625		0.782726
360.75		0.782726
360.875		0.782726
361		0.782726
361.125		0.783948
361.25		0.783948
361.375		0.783948
361.5		0.783948
361.625		0.783948
361.75		0.783948
361.875		0.783948
362		0.783948
362.125		0.7876
362.25		0.7876
362.375		0.7876
362.5		0.7876
362.625		0.7876
362.75		0.7876
362.875		0.7876
363		0.7876
363.125		0.78883
363.25		0.78883
363.375		0.78883
363.5		0.78883
363.625		0.78883
363.75		0.78883
363.875		0.78883
364		0.78883
364.125		0.792157
364.25		0.792157
364.375		0.792157
364.5		0.792157
364.625		0.792157
364.75		0.792157
364.875		0.792157
365		0.792157
365.125		0.792416
365.25		0.792416
365.375		0.792416
365.5		0.792416
365.625		0.792416
365.75		0.792416
365.875		0.792416
366		0.792416
366.125		0.795149
366.25		0.795149
366.375		0.795149
366.5		0.795149
366.625		0.795149
366.75		0.795149
366.875		0.795149
367		0.795149
367.125		0.797853
367.25		0.797853
367.375		0.797853
367.5		0.797853
367.625		0.797853
367.75		0.797853
367.875		0.797853
368		0.797853
368.125		0.798752
368.25		0.798752
368.375		0.798752
368.5		0.798752
368.625		0.798752
368.75		0.798752
368.875		0.798752
369		0.798752
369.125		0.799789
369.25		0.799789
369.375		0.799789
369.5		0.799789
369.625		0.799789
369.75		0.799789
369.875		0.799789
370		0.799789
370.125		0.806701
370.25		0.806701
370.375		0.806701
370.5		0.806701
370.625		0.806701
370.75		0.806701
370.875		0.806701
371		0.806701
371.125		0.80682
371.25		0.80682
371.375		0.80682
371.5		0.80682
371.625		0.80682
371.75		0.80682
371.875		0.80682
372		0.80682
372.125		0.808792
372.25		0.808792
372.375		0.808792
372.5		0.808792
372.625		0.808792
372.75		0.808792
372.875		0.808792
373		0.808792
373.125		0.810648
373.25		0.810648
373.375		0.810648
373.5		0.810648
373.625		0.810648
373.75		0.810648
373.875		0.810648
374		0.810648
374.125		0.812637
374.25		0.812637
374.375		0.812637
374.5		0.812637
374.625		0.812637
374.75		0.812637
374.875		0.812637
375		0.812637
375.125		0.815473
375.25		0.815473
375.375		0.815473
375.5		0.815473
375.625		0.815473
375.75		0.815473
375.875		0.815473
376		0.815473
376.125		0.81715
376.25		0.81715
376.375		0.81715
376.5		0.81715
376.625		0.81715
376.75		0.81715
376.875		0.81715
377		0.81715
377.125		0.820355
377.25		0.820355
377.375		0.820355
377.5		0.820355
377.625		0.820355
377.75		0.820355
377.875		0.820355
378		0.820355
378.125		0.82092
378.25		0.82092
378.375		0.82092
378.5		0.82092
378.625		0.82092
378.75		0.82092
378.875		0.82092
379		0.82092
379.125		0.823983
379.25		0.823983
379.375		0.823983
379.5		0.823983
379.625		0.823983
379.75		0.823983
379.875		0.823983
380		0.823983
380.125		0.828036
380.25		0.828036
380.375		0.828036
380.5		0.828036
380.625		0.828036
380.75		0.828036
380.875		0.828036
381		0.828036
381.125		0.829105
381.25		0.829105
381.375		0.829105
381.5		0.829105
381.625		0.829105
381.75		0.829105
381.875		0.829105
382		0.829105
382.125		0.832023
382.25		0.832023
382.375		0.832023
382.5		0.832023
382.625		0.832023
382.75		0.832023
382.875		0.832023
383		0.832023
383.125		0.832196
383.25		0.832196
383.375		0.832196
383.5		0.832196
383.625		0.832196
383.75		0.832196
383.875		0.832196
384		0.832196
384.125		0.836948
384.25		0.836948
384.375		0.836948
384.5		0.836948
384.625		0.836948
384.75		0.836948
384.875		0.836948
385		0.836948
385.125		0.837496
385.25		0.837496
385.375		0.837496
385.5		0.837496
385.625		0.837496
385.75		0.837496
385.875		0.837496
386		0.837496
386.125		0.83989
386.25		0.83989
386.375		0.83989
386.5		0.83989
386.625		0.83989
386.75		0.83989
386.875		0.83989
387		0.83989
387.125		0.842867
387.25		0.842867
387.375		0.842867
387.5		0.842867
387.625		0.842867
387.75		0.842867
387.875		0.842867
388		0.842867
388.125		0.846179
388.25		0.846179
388.375		0.846179
388.5		0.846179
388.625		0.846179
388.75		0.846179
388.875		0.846179
389		0.846179
389.125		0.847371
389.25		0.847371
389.375		0.847371
389.5		0.847371
389.625		0.847371
389.75		0.847371
389.875		0.847371
390		0.847371
390.125		0.849154
390.25		0.849154
390.375		0.849154
390.5		0.849154
390.625		0.849154
390.75		0.849154
390.875		0.849154
391		0.849154
391.125		0.849433
391.25		0.849433
391.375		0.849433
391.5		0.849433
391.625		0.849433
391.75		0.849433
391.875		0.849433
392		0.849433
392.125		0.856532
392.25		0.856532
392.375		0.856532
392.5		0.856532
392.625		0.856532
392.75		0.856532
392.875		0.856532
393		0.856532
393.125		0.857639
393.25		0.857639
393.375		0.857639
393.5		0.857639
393.625		0.857639
393.75		0.857639
393.875		0.857639
394		0.857639
394.125		0.857958
394.25		0.857958
394.375		0.857958
394.5		0.857958
394.625		0.857958
394.75		0.857958
394.875		0.857958
395		0.857958
395.125		0.859171
395.25		0.859171
395.375		0.859171
395.5		0.859171
395.625		0.859171
395.75		0.859171
395.875		0.859171
396		0.859171
396.125		0.863203
396.25		0.863203
396.375		0.863203
396.5		0.863203
396.625		0.863203
396.75		0.863203
396.875		0.863203
397		0.863203
397.125		0.866158
397.25		0.866158
397.375		0.866158
397.5		0.866158
397.625		0.866158
397.75		0.866158
397.875		0.866158
398		0.866158
398.125		0.867701
398.25		0.867701
398.375		0.867701
398.5		0.867701
398.625		0.867701
398.75		0.867701
398.875		0.867701
399		0.867701
399.125		0.869913
399.25		0.869913
399.375		0.869913
399.5		0.869913
399.625		0.869913
399.75		0.869913
399.875		0.869913
400		0.869913
400.125		0.871233
400.25		0.871233
400.375		0.871233
400.5		0.871233
400.625		0.871233
400.75		0.871233
400.875		0.871233
401		0.871233
401.125		0.874927
401.25		0.874927
401.375		0.874927
401.5		0.874927
401.625		0.874927
401.75		0.874927
401.875		0.874927
402		0.874927
402.125		0.875811
402.25		0.875811
402.375		0.875811
402.5		0.875811
402.625		0.875811
402.75		0.875811
402.875		0.875811
403		0.875811
403.125		0.879986
403.25		0.879986
403.375		0.879986
403.5		0.879986
403.625		0.879986
403.75		0.879986
403.875		0.879986
404		0.879986
404.125		0.880375
404.25		0.880375
404.375		0.880375
404.5		0.880375
404.625		0.880375
404.75		0.880375
404.875		0.880375
405		0.880375
405.125		0.881892
405.25		0.881892
405.375		0.881892
405.5		0.881892
405.625		0.881892
405.75		0.881892
405.875		0.881892
406		0.881892
406.125		0.885321
406.25		0.885321
406.375		0.885321
406.5		0.885321
406.625		0.885321
406.75		0.885321
406.875		0.885321
407		0.885321
407.125		0.886519
407.25		0.886519
407.375		0.886519
407.5		0.886519
407.625		0.886519
407.75		0.886519
407.875		0.886519
408		0.886519
408.125		0.886804
408.25		0.886804
408.375		0.886804
408.5		0.886804
408.625		0.886804
408.75		0.886804
408.875		0.886804
409		0.886804
409.125		0.891121
409.25		0.891121
409.375		0.891121
409.5		0.891121
409.625		0.891121
409.75		0.891121
409.875		0.891121
410		0.891121
410.125		0.895189
410.25		0.895189
410.375		0.895189
410.5		0.895189
410.625		0.895189
410.75		0.895189
410.875		0.895189
411		0.895189
411.125		0.897635
411.25		0.897635
411.375		0.897635
411.5		0.897635
411.625		0.897635
411.75		0.897635
411.875		0.897635
412		0.897635
412.125		0.897971
412.25		0.897971
412.375		0.897971
412.5		0.897971
412.625		0.897971
412.75		0.897971
412.875		0.897971
413		0.897971
413.125		0.899376
413.25		0.899376
413.375		0.899376
413.5		0.899376
413.625		0.899376
413.75		0.899376
413.875		0.899376
414		0.899376
414.125		0.9025
414.25		0.9025
414.375		0.9025
414.5		0.9025
414.625		0.9025
414.75		0.9025
414.875		0.9025
415		0.9025
415.125		0.907476
415.25		0.907476
415.375		0.907476
415.5		0.907476
415.625		0.907476
415.75		0.907476
415.875		0.907476
416		0.907476
416.125		0.907971
416.25		0.907971
416.375		0.907971
416.5		0.907971
416.625		0.907971
416.75		0.907971
416.875		0.907971
417		0.907971
417.125		0.909019
417.25		0.909019
417.375		0.909019
417.5		0.909019
417.625		0.909019
417.75		0.909019
417.875		0.909019
418		0.909019
418.125		0.914764
418.25		0.914764
418.375		0.914764
418.5		0.914764
418.625		0.914764
418.75		0.914764
418.875		0.914764
419		0.914764
419.125		0.915334
419.25		0.915334
419.375		0.915334
419.5		0.915334
419.625		0.915334
419.75		0.915334
419.875		0.915334
420		0.915334
420.125		0.9169
420.25		0.9169
420.375		0.9169
420.5		0.9169
420.625		0.9169
420.75		0.9169
420.875		0.9169
421		0.9169
421.125		0.918934
421.25		0.918934
421.375		0.918934
421.5		0.918934
421.625		0.918934
421.75		0.918934
421.875		0.918934
422		0.918934
422.125		0.922862
422.25		0.922862
422.375		0.922862
422.5		0.922862
422.625		0.922862
422.75		0.922862
422.875		0.922862
423		0.922862
423.125		0.926369
423.25		0.926369
423.375		0.926369
423.5		0.926369
423.625		0.926369
423.75		0.926369
423.875		0.926369
424		0.926369
424.125		0.926749
424.25		0.926749
424.375		0.926749
424.5		0.926749
424.625		0.926749
424.75		0.926749
424.875		0.926749
425		0.926749
425.125		0.930288
425.25		0.930288
425.375		0.930288
425.5		0.930288
425.625		0.930288
425.75		0.930288
425.875		0.930288
426		0.930288
426.125		0.931699
426.25		0.931699
426.375		0.931699
426.5		0.931699
426.625		0.931699
426.75		0.931699
426.875		0.931699
427		0.931699
427.125		0.933738
427.25		0.933738
427.375		0.933738
427.5		0.933738
427.625		0.933738
427.75		0.933738
427.875		0.933738
428		0.933738
428.125		0.934962
428.25		0.934962
428.375		0.934962
428.5		0.934962
428.625		0.934962
428.75		0.934962
428.875		0.934962
429		0.934962
429.125		0.936048
429.25		0.936048
429.375		0.936048
429.5		0.936048
429.625		0.936048
429.75		0.936048
429.875		0.936048
430		0.936048
430.125		0.942392
430.25		0.942392
430.375		0.942392
430.5		0.942392
430.625		0.942392
430.75		0.942392
430.875		0.942392
431		0.942392
431.125		0.942979
431.25		0.942979
431.375		0.942979
431.5		0.942979
431.625		0.942979
431.75		0.942979
431.875		0.942979
432		0.942979
432.125		0.944188
432.25		0.944188
432.375		0.944188
432.5		0.944188
432.625		0.944188
432.75		0.944188
432.875		0.944188
433		0.944188
433.125		0.946193
433.25		0.946193
433.375		0.946193
433.5		0.946193
433.625		0.946193
433.75		0.946193
433.875		0.946193
434		0.946193
434.125		0.949085
434.25		0.949085
434.375		0.949085
434.5		0.949085
434.625		0.949085
434.75		0.949085
434.875		0.949085
435		0.949085
435.125		0.954138
435.25		0.954138
435.375		0.954138
435.5		0.954138
435.625		0.954138
435.75		0.954138
435.875		0.954138
436		0.954138
436.125		0.95455
436.25		0.95455
436.375		0.95455
436.5		0.95455
436.625		0.95455
436.75		0.95455
436.875		0.95455
437		0.95455
437.125		0.956463
437.25		0.956463
437.375		0.956463
437.5		0.956463
437.625		0.956463
437.75		0.956463
437.875		0.956463
438		0.956463
438.125		0.957296
438.25		0.957296
438.375		0.957296
438.5		0.957296
438.625		0.957296
438.75		0.957296
438.875		0.957296
439		0.957296
439.125		0.961392
439.25		0.961392
439.375		0.961392
439.5		0.961392
439.625		0.961392
439.75		0.961392
439.875		0.961392
440		0.961392
440.125		0.961789
440.25		0.961789
440.375		0.961789
440.5		0.961789
440.625		0.961789
440.75		0.961789
440.875		0.961789
441		0.961789
441.125		0.963517
441.25		0.963517
441.375		0.963517
441.5		0.963517
441.625		0.963517
441.75		0.963517
441.875		0.963517
442		0.963517
442.125		0.965288
442.25		0.965288
442.375		0.965288
442.5		0.965288
442.625		0.965288
442.75		0.965288
442.875		0.965288
443		0.965288
443.125		0.969815
443.25		0.969815
443.375		0.969815
443.5		0.969815
443.625		0.969815
443.75		0.969815
443.875		0.969815
444		0.969815
444.125		0.972316
444.25		0.972316
444.375		0.972316
444.5		0.972316
444.625		0.972316
444.75		0.972316
444.875		0.972316
445		0.972316
445.125		0.973804
445.25		0.973804
445.375		0.973804
445.5		0.973804
445.625		0.973804
445.75		0.973804
445.875		0.973804
446		0.973804
446.125		0.975709
446.25		0.975709
446.375		0.975709
446.5		0.975709
446.625		0.975709
446.75		0.975709
446.875		0.975709
447		0.975709
447.125		0.977116
447.25		0.977116
447.375		0.977116
447.5		0.977116
447.625		0.977116
447.75		0.977116
447.875		0.977116
448		0.977116
448.125		0.983403
448.25		0.983403
448.375		0.983403
448.5		0.983403
448.625		0.983403
448.75		0.983403
448.875		0.983403
449		0.983403
449.125		0.984217
449.25		0.984217
449.375		0.984217
449.5		0.984217
449.625		0.984217
449.75		0.984217
449.875		0.984217
450		0.984217
450.125		0.984954
450.25		0.984954
450.375		0.984954
450.5		0.984954
450.625		0.984954
450.75		0.984954
450.875		0.984954
451		0.984954
451.125		0.985262
451.25		0.985262
451.375		0.985262
451.5		0.985262
451.625		0.985262
451.75		0.985262
451.875		0.985262
452		0.985262
452.125		0.988873
452.25		0.988873
452.375		0.988873
452.5		0.988873
452.625		0.988873
452.75		0.988873
452.875		0.988873
453		0.988873
453.125		0.992748
453.25		0.992748
453.375		0.992748
453.5		0.992748
453.625		0.992748
453.75		0.992748
453.875		0.992748
454		0.992748
454.125		0.994689
454.25		0.994689
454.375		0.994689
454.5		0.994689
454.625		0.994689
454.75		0.994689
454.875		0.994689
455		0.994689
455.125		0.997807
455.25		0.997807
455.375		0.997807
455.5		0.997807
455.625		0.997807
455.75		0.997807
455.875		0.997807
456		0.997807
456.125		0.9997
456.25		0.9997
456.375		0.9997
456.5		0.9997
456.625		0.9997
456.75		0.9997
456.875		0.9997
457		0.9997
457.125		0.999932
457.25		0.999932
457.375		0.999932
457.5		0.999932
457.625		0.999932
457.75		0.999932
457.875		0.999932
458		0.999932
458.125		1
458.25		1
458.375		1
458.5		1
458.625		1
458.75		1
458.875		1
459		1
459.125		1
459.25		1
459.375		1
459.5		1
459.625		1
459.75		1
459.875		1
460		1
460.125		1
460.25		1
460.375		1
460.5		1
460.625		1
460.75		1
460.875		1
461		1
461.125		1
461.25		1
461.375		1
461.5		1
461.625		1
461.75		1
461.875		1
462		1
462.125		1
462.25		1
462.375		1
462.5		1
462.625		1
462.75		1
462.875		1
463		1
463.125		1
463.25		1
463.375		1
463.5		1
463.625		1
463.75		1
463.875		1
464		1
464.125		1
464.25		1
464.375		1
464.5		1
464.625		1
464.75		1
464.875		1
465		1
465.125		1
465.25		1
465.375		1
465.5		1
465.625		1
465.75		1
465.875		1
466		1
466.125		1
466.25		1
466.375		1
466.5		1
466.625		1
466.75		1
466.875		1
467		1
467.125		1
467.25		1
467.375		1
467.5		1
467.625		1
467.75		1
467.875		1
468		1
468.125		1
468.25		1
468.375		1
468.5		1
468.625		1
468.75		1
468.875		1
469		1
469.125		1
469.25		1
469.375		1
469.5		1
469.625		1
469.75		1
469.875		1
470		1
470.125		1
470.25		1
470.375		1
470.5		1
470.625		1
470.75		1
470.875		1
471		1
471.125		1
471.25		1
471.375		1
471.5		1
471.625		1
471.75		1
471.875		1
472		1
472.125		1
472.25		1
472.375		1
472.5		1
472.625		1
472.75		1
472.875		1
473		1
473.125		1
473.25		1
473.375		1
473.5		1
473.625		1
473.75		1
473.875		1
474		1
474.125		1
474.25		1
474.375		1
474.5		1
474.625		1
474.75		1
474.875		1
475		1
475.125		1
475.25		1
475.375		1
475.5		1
475.625		1
475.75		1
475.875		1
476		1
476.125		1
476.25		1
476.375		1
476.5		1
476.625		1
476.75		1
476.875		1
477		1
477.125		1
477.25		1
477.375		1
477.5		1
477.625		1
477.75		1
477.875		1
478		1
478.125		1
478.25		1
478.375		1
478.5		1
478.625		1
478.75		1
478.875		1
479		1
479.125		1
479.25		1
479.375		1
479.5		1
479.625		1
479.75		1
479.875		1
480		1
480.125		1
480.25		1
480.375		1
480.5		1
480.625		1
480.75		1
480.875		1
481		1
481.125		1
481.25		1
481.375		1
481.5		1
481.625		1
481.75		1
481.875		1
482		1
482.125		1
482.25		1
482.375		1
482.5		1
482.625		1
482.75		1
482.875		1
483		1
483.125		1
483.25		1
483.375		1
483.5		1
483.625		1
483.75		1
483.875		1
484		1
484.125		1
484.25		1
484.375		1
484.5		1
484.625		1
484.75		1
484.875		1
485		1
485.125		1
485.25		1
485.375		1
485.5		1
485.625		1
485.75		1
485.875		1
486		1
486.125		1
486.25		1
486.375		1
486.5		1
486.625		1
486.75		1
486.875		1
487		1
487.125		1
487.25		1
487.375		1
487.5		1
487.625		1
487.75		1
487.875		1
488		1
488.125		1
488.25		1
488.375		1
488.5		1
488.625		1
488.75		1
488.875		1
489		1
489.125		1
489.25		1
489.375		1
489.5		1
489.625		1
489.75		1
489.875		1
490		1
490.125		1
490.25		1
490.375		1
490.5		1
490.625		1
490.75		1
490.875		1
491		1
491.125		1
491.25		1
491.375		1
491.5		1
491.625		1
491.75		1
491.875		1
492		1
492.125		1
492.25		1
492.375		1
492.5		1
492.625		1
492.75		1
492.875		1
493		1
493.125		1
493.25		1
493.375		1
493.5		1
493.625		1
493.75		1
493.875		1
494		1
494.125		1
494.25		1
494.375		1
494.5		1
494.625		1
494.75		1
494.875		1
495		1
495.125		1
495.25		1
495.375		1
495.5		1
495.625		1
495.75		1
495.875		1
496		1
496.125		1
496.25		1
496.375		1
496.5		1
496.625		1
496.75		1
496.875		1
497		1
497.125		1
497.25		1
497.375		1
497.5		1
497.625		1
497.75		1
497.875		1
498		1
498.125		1
498.25		1
498.375		1
498.5		1
498.625		1
498.75		1
498.875		1
499		1
499.125		1
499.25		1
499.375		1
499.5		1
499.625		1
499.75		1
499.875		1
500		1
