# Calibration file of tamex_id 0 @ channel 19
# fine_T bin		 Calibration value
0.125		0
0.25		0
0.375		0
0.5		0
0.625		0
0.75		0
0.875		0
1		0
1.125		0
1.25		0
1.375		0
1.5		0
1.625		0
1.75		0
1.875		0
2		0
2.125		0
2.25		0
2.375		0
2.5		0
2.625		0
2.75		0
2.875		0
3		0
3.125		0
3.25		0
3.375		0
3.5		0
3.625		0
3.75		0
3.875		0
4		0
4.125		0
4.25		0
4.375		0
4.5		0
4.625		0
4.75		0
4.875		0
5		0
5.125		0
5.25		0
5.375		0
5.5		0
5.625		0
5.75		0
5.875		0
6		0
6.125		0
6.25		0
6.375		0
6.5		0
6.625		0
6.75		0
6.875		0
7		0
7.125		0
7.25		0
7.375		0
7.5		0
7.625		0
7.75		0
7.875		0
8		0
8.125		0
8.25		0
8.375		0
8.5		0
8.625		0
8.75		0
8.875		0
9		0
9.125		0
9.25		0
9.375		0
9.5		0
9.625		0
9.75		0
9.875		0
10		0
10.125		0
10.25		0
10.375		0
10.5		0
10.625		0
10.75		0
10.875		0
11		0
11.125		0
11.25		0
11.375		0
11.5		0
11.625		0
11.75		0
11.875		0
12		0
12.125		0
12.25		0
12.375		0
12.5		0
12.625		0
12.75		0
12.875		0
13		0
13.125		0
13.25		0
13.375		0
13.5		0
13.625		0
13.75		0
13.875		0
14		0
14.125		0
14.25		0
14.375		0
14.5		0
14.625		0
14.75		0
14.875		0
15		0
15.125		0
15.25		0
15.375		0
15.5		0
15.625		0
15.75		0
15.875		0
16		0
16.125		0
16.25		0
16.375		0
16.5		0
16.625		0
16.75		0
16.875		0
17		0
17.125		0
17.25		0
17.375		0
17.5		0
17.625		0
17.75		0
17.875		0
18		0
18.125		0
18.25		0
18.375		0
18.5		0
18.625		0
18.75		0
18.875		0
19		0
19.125		0
19.25		0
19.375		0
19.5		0
19.625		0
19.75		0
19.875		0
20		0
20.125		0
20.25		0
20.375		0
20.5		0
20.625		0
20.75		0
20.875		0
21		0
21.125		0.000525126
21.25		0.000525126
21.375		0.000525126
21.5		0.000525126
21.625		0.000525126
21.75		0.000525126
21.875		0.000525126
22		0.000525126
22.125		0.00423308
22.25		0.00423308
22.375		0.00423308
22.5		0.00423308
22.625		0.00423308
22.75		0.00423308
22.875		0.00423308
23		0.00423308
23.125		0.00642377
23.25		0.00642377
23.375		0.00642377
23.5		0.00642377
23.625		0.00642377
23.75		0.00642377
23.875		0.00642377
24		0.00642377
24.125		0.0115828
24.25		0.0115828
24.375		0.0115828
24.5		0.0115828
24.625		0.0115828
24.75		0.0115828
24.875		0.0115828
25		0.0115828
25.125		0.0119396
25.25		0.0119396
25.375		0.0119396
25.5		0.0119396
25.625		0.0119396
25.75		0.0119396
25.875		0.0119396
26		0.0119396
26.125		0.0123725
26.25		0.0123725
26.375		0.0123725
26.5		0.0123725
26.625		0.0123725
26.75		0.0123725
26.875		0.0123725
27		0.0123725
27.125		0.0146654
27.25		0.0146654
27.375		0.0146654
27.5		0.0146654
27.625		0.0146654
27.75		0.0146654
27.875		0.0146654
28		0.0146654
28.125		0.0183714
28.25		0.0183714
28.375		0.0183714
28.5		0.0183714
28.625		0.0183714
28.75		0.0183714
28.875		0.0183714
29		0.0183714
29.125		0.0213558
29.25		0.0213558
29.375		0.0213558
29.5		0.0213558
29.625		0.0213558
29.75		0.0213558
29.875		0.0213558
30		0.0213558
30.125		0.0227087
30.25		0.0227087
30.375		0.0227087
30.5		0.0227087
30.625		0.0227087
30.75		0.0227087
30.875		0.0227087
31		0.0227087
31.125		0.0234142
31.25		0.0234142
31.375		0.0234142
31.5		0.0234142
31.625		0.0234142
31.75		0.0234142
31.875		0.0234142
32		0.0234142
32.125		0.0281043
32.25		0.0281043
32.375		0.0281043
32.5		0.0281043
32.625		0.0281043
32.75		0.0281043
32.875		0.0281043
33		0.0281043
33.125		0.0297578
33.25		0.0297578
33.375		0.0297578
33.5		0.0297578
33.625		0.0297578
33.75		0.0297578
33.875		0.0297578
34		0.0297578
34.125		0.0301847
34.25		0.0301847
34.375		0.0301847
34.5		0.0301847
34.625		0.0301847
34.75		0.0301847
34.875		0.0301847
35		0.0301847
35.125		0.0344699
35.25		0.0344699
35.375		0.0344699
35.5		0.0344699
35.625		0.0344699
35.75		0.0344699
35.875		0.0344699
36		0.0344699
36.125		0.0346864
36.25		0.0346864
36.375		0.0346864
36.5		0.0346864
36.625		0.0346864
36.75		0.0346864
36.875		0.0346864
37		0.0346864
37.125		0.0390016
37.25		0.0390016
37.375		0.0390016
37.5		0.0390016
37.625		0.0390016
37.75		0.0390016
37.875		0.0390016
38		0.0390016
38.125		0.039663
38.25		0.039663
38.375		0.039663
38.5		0.039663
38.625		0.039663
38.75		0.039663
38.875		0.039663
39		0.039663
39.125		0.0425452
39.25		0.0425452
39.375		0.0425452
39.5		0.0425452
39.625		0.0425452
39.75		0.0425452
39.875		0.0425452
40		0.0425452
40.125		0.0446317
40.25		0.0446317
40.375		0.0446317
40.5		0.0446317
40.625		0.0446317
40.75		0.0446317
40.875		0.0446317
41		0.0446317
41.125		0.0462973
41.25		0.0462973
41.375		0.0462973
41.5		0.0462973
41.625		0.0462973
41.75		0.0462973
41.875		0.0462973
42		0.0462973
42.125		0.0500092
42.25		0.0500092
42.375		0.0500092
42.5		0.0500092
42.625		0.0500092
42.75		0.0500092
42.875		0.0500092
43		0.0500092
43.125		0.0506807
43.25		0.0506807
43.375		0.0506807
43.5		0.0506807
43.625		0.0506807
43.75		0.0506807
43.875		0.0506807
44		0.0506807
44.125		0.0526288
44.25		0.0526288
44.375		0.0526288
44.5		0.0526288
44.625		0.0526288
44.75		0.0526288
44.875		0.0526288
45		0.0526288
45.125		0.0567256
45.25		0.0567256
45.375		0.0567256
45.5		0.0567256
45.625		0.0567256
45.75		0.0567256
45.875		0.0567256
46		0.0567256
46.125		0.05783
46.25		0.05783
46.375		0.05783
46.5		0.05783
46.625		0.05783
46.75		0.05783
46.875		0.05783
47		0.05783
47.125		0.0590145
47.25		0.0590145
47.375		0.0590145
47.5		0.0590145
47.625		0.0590145
47.75		0.0590145
47.875		0.0590145
48		0.0590145
48.125		0.0617484
48.25		0.0617484
48.375		0.0617484
48.5		0.0617484
48.625		0.0617484
48.75		0.0617484
48.875		0.0617484
49		0.0617484
49.125		0.0628327
49.25		0.0628327
49.375		0.0628327
49.5		0.0628327
49.625		0.0628327
49.75		0.0628327
49.875		0.0628327
50		0.0628327
50.125		0.0680339
50.25		0.0680339
50.375		0.0680339
50.5		0.0680339
50.625		0.0680339
50.75		0.0680339
50.875		0.0680339
51		0.0680339
51.125		0.0692264
51.25		0.0692264
51.375		0.0692264
51.5		0.0692264
51.625		0.0692264
51.75		0.0692264
51.875		0.0692264
52		0.0692264
52.125		0.0696634
52.25		0.0696634
52.375		0.0696634
52.5		0.0696634
52.625		0.0696634
52.75		0.0696634
52.875		0.0696634
53		0.0696634
53.125		0.0699339
53.25		0.0699339
53.375		0.0699339
53.5		0.0699339
53.625		0.0699339
53.75		0.0699339
53.875		0.0699339
54		0.0699339
54.125		0.0763557
54.25		0.0763557
54.375		0.0763557
54.5		0.0763557
54.625		0.0763557
54.75		0.0763557
54.875		0.0763557
55		0.0763557
55.125		0.0766283
55.25		0.0766283
55.375		0.0766283
55.5		0.0766283
55.625		0.0766283
55.75		0.0766283
55.875		0.0766283
56		0.0766283
56.125		0.0776665
56.25		0.0776665
56.375		0.0776665
56.5		0.0776665
56.625		0.0776665
56.75		0.0776665
56.875		0.0776665
57		0.0776665
57.125		0.0806629
57.25		0.0806629
57.375		0.0806629
57.5		0.0806629
57.625		0.0806629
57.75		0.0806629
57.875		0.0806629
58		0.0806629
58.125		0.0831162
58.25		0.0831162
58.375		0.0831162
58.5		0.0831162
58.625		0.0831162
58.75		0.0831162
58.875		0.0831162
59		0.0831162
59.125		0.0852107
59.25		0.0852107
59.375		0.0852107
59.5		0.0852107
59.625		0.0852107
59.75		0.0852107
59.875		0.0852107
60		0.0852107
60.125		0.0860124
60.25		0.0860124
60.375		0.0860124
60.5		0.0860124
60.625		0.0860124
60.75		0.0860124
60.875		0.0860124
61		0.0860124
61.125		0.0868562
61.25		0.0868562
61.375		0.0868562
61.5		0.0868562
61.625		0.0868562
61.75		0.0868562
61.875		0.0868562
62		0.0868562
62.125		0.091416
62.25		0.091416
62.375		0.091416
62.5		0.091416
62.625		0.091416
62.75		0.091416
62.875		0.091416
63		0.091416
63.125		0.0940055
63.25		0.0940055
63.375		0.0940055
63.5		0.0940055
63.625		0.0940055
63.75		0.0940055
63.875		0.0940055
64		0.0940055
64.125		0.0952723
64.25		0.0952723
64.375		0.0952723
64.5		0.0952723
64.625		0.0952723
64.75		0.0952723
64.875		0.0952723
65		0.0952723
65.125		0.0971022
65.25		0.0971022
65.375		0.0971022
65.5		0.0971022
65.625		0.0971022
65.75		0.0971022
65.875		0.0971022
66		0.0971022
66.125		0.0990183
66.25		0.0990183
66.375		0.0990183
66.5		0.0990183
66.625		0.0990183
66.75		0.0990183
66.875		0.0990183
67		0.0990183
67.125		0.102319
67.25		0.102319
67.375		0.102319
67.5		0.102319
67.625		0.102319
67.75		0.102319
67.875		0.102319
68		0.102319
68.125		0.102969
68.25		0.102969
68.375		0.102969
68.5		0.102969
68.625		0.102969
68.75		0.102969
68.875		0.102969
69		0.102969
69.125		0.107729
69.25		0.107729
69.375		0.107729
69.5		0.107729
69.625		0.107729
69.75		0.107729
69.875		0.107729
70		0.107729
70.125		0.108597
70.25		0.108597
70.375		0.108597
70.5		0.108597
70.625		0.108597
70.75		0.108597
70.875		0.108597
71		0.108597
71.125		0.110846
71.25		0.110846
71.375		0.110846
71.5		0.110846
71.625		0.110846
71.75		0.110846
71.875		0.110846
72		0.110846
72.125		0.114626
72.25		0.114626
72.375		0.114626
72.5		0.114626
72.625		0.114626
72.75		0.114626
72.875		0.114626
73		0.114626
73.125		0.114948
73.25		0.114948
73.375		0.114948
73.5		0.114948
73.625		0.114948
73.75		0.114948
73.875		0.114948
74		0.114948
74.125		0.115373
74.25		0.115373
74.375		0.115373
74.5		0.115373
74.625		0.115373
74.75		0.115373
74.875		0.115373
75		0.115373
75.125		0.120144
75.25		0.120144
75.375		0.120144
75.5		0.120144
75.625		0.120144
75.75		0.120144
75.875		0.120144
76		0.120144
76.125		0.121779
76.25		0.121779
76.375		0.121779
76.5		0.121779
76.625		0.121779
76.75		0.121779
76.875		0.121779
77		0.121779
77.125		0.122655
77.25		0.122655
77.375		0.122655
77.5		0.122655
77.625		0.122655
77.75		0.122655
77.875		0.122655
78		0.122655
78.125		0.126152
78.25		0.126152
78.375		0.126152
78.5		0.126152
78.625		0.126152
78.75		0.126152
78.875		0.126152
79		0.126152
79.125		0.126736
79.25		0.126736
79.375		0.126736
79.5		0.126736
79.625		0.126736
79.75		0.126736
79.875		0.126736
80		0.126736
80.125		0.131895
80.25		0.131895
80.375		0.131895
80.5		0.131895
80.625		0.131895
80.75		0.131895
80.875		0.131895
81		0.131895
81.125		0.132408
81.25		0.132408
81.375		0.132408
81.5		0.132408
81.625		0.132408
81.75		0.132408
81.875		0.132408
82		0.132408
82.125		0.133993
82.25		0.133993
82.375		0.133993
82.5		0.133993
82.625		0.133993
82.75		0.133993
82.875		0.133993
83		0.133993
83.125		0.134432
83.25		0.134432
83.375		0.134432
83.5		0.134432
83.625		0.134432
83.75		0.134432
83.875		0.134432
84		0.134432
84.125		0.139696
84.25		0.139696
84.375		0.139696
84.5		0.139696
84.625		0.139696
84.75		0.139696
84.875		0.139696
85		0.139696
85.125		0.142672
85.25		0.142672
85.375		0.142672
85.5		0.142672
85.625		0.142672
85.75		0.142672
85.875		0.142672
86		0.142672
86.125		0.142983
86.25		0.142983
86.375		0.142983
86.5		0.142983
86.625		0.142983
86.75		0.142983
86.875		0.142983
87		0.142983
87.125		0.145546
87.25		0.145546
87.375		0.145546
87.5		0.145546
87.625		0.145546
87.75		0.145546
87.875		0.145546
88		0.145546
88.125		0.14917
88.25		0.14917
88.375		0.14917
88.5		0.14917
88.625		0.14917
88.75		0.14917
88.875		0.14917
89		0.14917
89.125		0.15037
89.25		0.15037
89.375		0.15037
89.5		0.15037
89.625		0.15037
89.75		0.15037
89.875		0.15037
90		0.15037
90.125		0.151571
90.25		0.151571
90.375		0.151571
90.5		0.151571
90.625		0.151571
90.75		0.151571
90.875		0.151571
91		0.151571
91.125		0.15473
91.25		0.15473
91.375		0.15473
91.5		0.15473
91.625		0.15473
91.75		0.15473
91.875		0.15473
92		0.15473
92.125		0.156782
92.25		0.156782
92.375		0.156782
92.5		0.156782
92.625		0.156782
92.75		0.156782
92.875		0.156782
93		0.156782
93.125		0.159863
93.25		0.159863
93.375		0.159863
93.5		0.159863
93.625		0.159863
93.75		0.159863
93.875		0.159863
94		0.159863
94.125		0.160167
94.25		0.160167
94.375		0.160167
94.5		0.160167
94.625		0.160167
94.75		0.160167
94.875		0.160167
95		0.160167
95.125		0.163024
95.25		0.163024
95.375		0.163024
95.5		0.163024
95.625		0.163024
95.75		0.163024
95.875		0.163024
96		0.163024
96.125		0.164
96.25		0.164
96.375		0.164
96.5		0.164
96.625		0.164
96.75		0.164
96.875		0.164
97		0.164
97.125		0.16684
97.25		0.16684
97.375		0.16684
97.5		0.16684
97.625		0.16684
97.75		0.16684
97.875		0.16684
98		0.16684
98.125		0.170782
98.25		0.170782
98.375		0.170782
98.5		0.170782
98.625		0.170782
98.75		0.170782
98.875		0.170782
99		0.170782
99.125		0.171161
99.25		0.171161
99.375		0.171161
99.5		0.171161
99.625		0.171161
99.75		0.171161
99.875		0.171161
100		0.171161
100.125		0.173418
100.25		0.173418
100.375		0.173418
100.5		0.173418
100.625		0.173418
100.75		0.173418
100.875		0.173418
101		0.173418
101.125		0.173753
101.25		0.173753
101.375		0.173753
101.5		0.173753
101.625		0.173753
101.75		0.173753
101.875		0.173753
102		0.173753
102.125		0.179683
102.25		0.179683
102.375		0.179683
102.5		0.179683
102.625		0.179683
102.75		0.179683
102.875		0.179683
103		0.179683
103.125		0.179916
103.25		0.179916
103.375		0.179916
103.5		0.179916
103.625		0.179916
103.75		0.179916
103.875		0.179916
104		0.179916
104.125		0.182583
104.25		0.182583
104.375		0.182583
104.5		0.182583
104.625		0.182583
104.75		0.182583
104.875		0.182583
105		0.182583
105.125		0.183018
105.25		0.183018
105.375		0.183018
105.5		0.183018
105.625		0.183018
105.75		0.183018
105.875		0.183018
106		0.183018
106.125		0.187502
106.25		0.187502
106.375		0.187502
106.5		0.187502
106.625		0.187502
106.75		0.187502
106.875		0.187502
107		0.187502
107.125		0.189566
107.25		0.189566
107.375		0.189566
107.5		0.189566
107.625		0.189566
107.75		0.189566
107.875		0.189566
108		0.189566
108.125		0.190555
108.25		0.190555
108.375		0.190555
108.5		0.190555
108.625		0.190555
108.75		0.190555
108.875		0.190555
109		0.190555
109.125		0.19216
109.25		0.19216
109.375		0.19216
109.5		0.19216
109.625		0.19216
109.75		0.19216
109.875		0.19216
110		0.19216
110.125		0.194487
110.25		0.194487
110.375		0.194487
110.5		0.194487
110.625		0.194487
110.75		0.194487
110.875		0.194487
111		0.194487
111.125		0.198385
111.25		0.198385
111.375		0.198385
111.5		0.198385
111.625		0.198385
111.75		0.198385
111.875		0.198385
112		0.198385
112.125		0.198808
112.25		0.198808
112.375		0.198808
112.5		0.198808
112.625		0.198808
112.75		0.198808
112.875		0.198808
113		0.198808
113.125		0.200819
113.25		0.200819
113.375		0.200819
113.5		0.200819
113.625		0.200819
113.75		0.200819
113.875		0.200819
114		0.200819
114.125		0.203695
114.25		0.203695
114.375		0.203695
114.5		0.203695
114.625		0.203695
114.75		0.203695
114.875		0.203695
115		0.203695
115.125		0.205763
115.25		0.205763
115.375		0.205763
115.5		0.205763
115.625		0.205763
115.75		0.205763
115.875		0.205763
116		0.205763
116.125		0.207864
116.25		0.207864
116.375		0.207864
116.5		0.207864
116.625		0.207864
116.75		0.207864
116.875		0.207864
117		0.207864
117.125		0.209613
117.25		0.209613
117.375		0.209613
117.5		0.209613
117.625		0.209613
117.75		0.209613
117.875		0.209613
118		0.209613
118.125		0.212129
118.25		0.212129
118.375		0.212129
118.5		0.212129
118.625		0.212129
118.75		0.212129
118.875		0.212129
119		0.212129
119.125		0.214027
119.25		0.214027
119.375		0.214027
119.5		0.214027
119.625		0.214027
119.75		0.214027
119.875		0.214027
120		0.214027
120.125		0.217452
120.25		0.217452
120.375		0.217452
120.5		0.217452
120.625		0.217452
120.75		0.217452
120.875		0.217452
121		0.217452
121.125		0.219216
121.25		0.219216
121.375		0.219216
121.5		0.219216
121.625		0.219216
121.75		0.219216
121.875		0.219216
122		0.219216
122.125		0.219406
122.25		0.219406
122.375		0.219406
122.5		0.219406
122.625		0.219406
122.75		0.219406
122.875		0.219406
123		0.219406
123.125		0.223056
123.25		0.223056
123.375		0.223056
123.5		0.223056
123.625		0.223056
123.75		0.223056
123.875		0.223056
124		0.223056
124.125		0.226925
124.25		0.226925
124.375		0.226925
124.5		0.226925
124.625		0.226925
124.75		0.226925
124.875		0.226925
125		0.226925
125.125		0.228316
125.25		0.228316
125.375		0.228316
125.5		0.228316
125.625		0.228316
125.75		0.228316
125.875		0.228316
126		0.228316
126.125		0.228614
126.25		0.228614
126.375		0.228614
126.5		0.228614
126.625		0.228614
126.75		0.228614
126.875		0.228614
127		0.228614
127.125		0.229925
127.25		0.229925
127.375		0.229925
127.5		0.229925
127.625		0.229925
127.75		0.229925
127.875		0.229925
128		0.229925
128.125		0.236126
128.25		0.236126
128.375		0.236126
128.5		0.236126
128.625		0.236126
128.75		0.236126
128.875		0.236126
129		0.236126
129.125		0.236874
129.25		0.236874
129.375		0.236874
129.5		0.236874
129.625		0.236874
129.75		0.236874
129.875		0.236874
130		0.236874
130.125		0.237968
130.25		0.237968
130.375		0.237968
130.5		0.237968
130.625		0.237968
130.75		0.237968
130.875		0.237968
131		0.237968
131.125		0.238235
131.25		0.238235
131.375		0.238235
131.5		0.238235
131.625		0.238235
131.75		0.238235
131.875		0.238235
132		0.238235
132.125		0.243203
132.25		0.243203
132.375		0.243203
132.5		0.243203
132.625		0.243203
132.75		0.243203
132.875		0.243203
133		0.243203
133.125		0.245767
133.25		0.245767
133.375		0.245767
133.5		0.245767
133.625		0.245767
133.75		0.245767
133.875		0.245767
134		0.245767
134.125		0.246575
134.25		0.246575
134.375		0.246575
134.5		0.246575
134.625		0.246575
134.75		0.246575
134.875		0.246575
135		0.246575
135.125		0.246819
135.25		0.246819
135.375		0.246819
135.5		0.246819
135.625		0.246819
135.75		0.246819
135.875		0.246819
136		0.246819
136.125		0.251185
136.25		0.251185
136.375		0.251185
136.5		0.251185
136.625		0.251185
136.75		0.251185
136.875		0.251185
137		0.251185
137.125		0.253552
137.25		0.253552
137.375		0.253552
137.5		0.253552
137.625		0.253552
137.75		0.253552
137.875		0.253552
138		0.253552
138.125		0.255079
138.25		0.255079
138.375		0.255079
138.5		0.255079
138.625		0.255079
138.75		0.255079
138.875		0.255079
139		0.255079
139.125		0.258332
139.25		0.258332
139.375		0.258332
139.5		0.258332
139.625		0.258332
139.75		0.258332
139.875		0.258332
140		0.258332
140.125		0.260972
140.25		0.260972
140.375		0.260972
140.5		0.260972
140.625		0.260972
140.75		0.260972
140.875		0.260972
141		0.260972
141.125		0.262595
141.25		0.262595
141.375		0.262595
141.5		0.262595
141.625		0.262595
141.75		0.262595
141.875		0.262595
142		0.262595
142.125		0.264804
142.25		0.264804
142.375		0.264804
142.5		0.264804
142.625		0.264804
142.75		0.264804
142.875		0.264804
143		0.264804
143.125		0.265551
143.25		0.265551
143.375		0.265551
143.5		0.265551
143.625		0.265551
143.75		0.265551
143.875		0.265551
144		0.265551
144.125		0.269967
144.25		0.269967
144.375		0.269967
144.5		0.269967
144.625		0.269967
144.75		0.269967
144.875		0.269967
145		0.269967
145.125		0.27233
145.25		0.27233
145.375		0.27233
145.5		0.27233
145.625		0.27233
145.75		0.27233
145.875		0.27233
146		0.27233
146.125		0.273542
146.25		0.273542
146.375		0.273542
146.5		0.273542
146.625		0.273542
146.75		0.273542
146.875		0.273542
147		0.273542
147.125		0.277272
147.25		0.277272
147.375		0.277272
147.5		0.277272
147.625		0.277272
147.75		0.277272
147.875		0.277272
148		0.277272
148.125		0.277926
148.25		0.277926
148.375		0.277926
148.5		0.277926
148.625		0.277926
148.75		0.277926
148.875		0.277926
149		0.277926
149.125		0.281397
149.25		0.281397
149.375		0.281397
149.5		0.281397
149.625		0.281397
149.75		0.281397
149.875		0.281397
150		0.281397
150.125		0.282939
150.25		0.282939
150.375		0.282939
150.5		0.282939
150.625		0.282939
150.75		0.282939
150.875		0.282939
151		0.282939
151.125		0.284111
151.25		0.284111
151.375		0.284111
151.5		0.284111
151.625		0.284111
151.75		0.284111
151.875		0.284111
152		0.284111
152.125		0.285785
152.25		0.285785
152.375		0.285785
152.5		0.285785
152.625		0.285785
152.75		0.285785
152.875		0.285785
153		0.285785
153.125		0.289607
153.25		0.289607
153.375		0.289607
153.5		0.289607
153.625		0.289607
153.75		0.289607
153.875		0.289607
154		0.289607
154.125		0.291671
154.25		0.291671
154.375		0.291671
154.5		0.291671
154.625		0.291671
154.75		0.291671
154.875		0.291671
155		0.291671
155.125		0.291998
155.25		0.291998
155.375		0.291998
155.5		0.291998
155.625		0.291998
155.75		0.291998
155.875		0.291998
156		0.291998
156.125		0.294345
156.25		0.294345
156.375		0.294345
156.5		0.294345
156.625		0.294345
156.75		0.294345
156.875		0.294345
157		0.294345
157.125		0.295427
157.25		0.295427
157.375		0.295427
157.5		0.295427
157.625		0.295427
157.75		0.295427
157.875		0.295427
158		0.295427
158.125		0.303088
158.25		0.303088
158.375		0.303088
158.5		0.303088
158.625		0.303088
158.75		0.303088
158.875		0.303088
159		0.303088
159.125		0.303242
159.25		0.303242
159.375		0.303242
159.5		0.303242
159.625		0.303242
159.75		0.303242
159.875		0.303242
160		0.303242
160.125		0.303409
160.25		0.303409
160.375		0.303409
160.5		0.303409
160.625		0.303409
160.75		0.303409
160.875		0.303409
161		0.303409
161.125		0.305329
161.25		0.305329
161.375		0.305329
161.5		0.305329
161.625		0.305329
161.75		0.305329
161.875		0.305329
162		0.305329
162.125		0.309015
162.25		0.309015
162.375		0.309015
162.5		0.309015
162.625		0.309015
162.75		0.309015
162.875		0.309015
163		0.309015
163.125		0.311201
163.25		0.311201
163.375		0.311201
163.5		0.311201
163.625		0.311201
163.75		0.311201
163.875		0.311201
164		0.311201
164.125		0.313743
164.25		0.313743
164.375		0.313743
164.5		0.313743
164.625		0.313743
164.75		0.313743
164.875		0.313743
165		0.313743
165.125		0.314811
165.25		0.314811
165.375		0.314811
165.5		0.314811
165.625		0.314811
165.75		0.314811
165.875		0.314811
166		0.314811
166.125		0.319277
166.25		0.319277
166.375		0.319277
166.5		0.319277
166.625		0.319277
166.75		0.319277
166.875		0.319277
167		0.319277
167.125		0.319892
167.25		0.319892
167.375		0.319892
167.5		0.319892
167.625		0.319892
167.75		0.319892
167.875		0.319892
168		0.319892
168.125		0.321377
168.25		0.321377
168.375		0.321377
168.5		0.321377
168.625		0.321377
168.75		0.321377
168.875		0.321377
169		0.321377
169.125		0.322171
169.25		0.322171
169.375		0.322171
169.5		0.322171
169.625		0.322171
169.75		0.322171
169.875		0.322171
170		0.322171
170.125		0.325756
170.25		0.325756
170.375		0.325756
170.5		0.325756
170.625		0.325756
170.75		0.325756
170.875		0.325756
171		0.325756
171.125		0.328103
171.25		0.328103
171.375		0.328103
171.5		0.328103
171.625		0.328103
171.75		0.328103
171.875		0.328103
172		0.328103
172.125		0.330314
172.25		0.330314
172.375		0.330314
172.5		0.330314
172.625		0.330314
172.75		0.330314
172.875		0.330314
173		0.330314
173.125		0.332158
173.25		0.332158
173.375		0.332158
173.5		0.332158
173.625		0.332158
173.75		0.332158
173.875		0.332158
174		0.332158
174.125		0.333022
174.25		0.333022
174.375		0.333022
174.5		0.333022
174.625		0.333022
174.75		0.333022
174.875		0.333022
175		0.333022
175.125		0.336273
175.25		0.336273
175.375		0.336273
175.5		0.336273
175.625		0.336273
175.75		0.336273
175.875		0.336273
176		0.336273
176.125		0.340634
176.25		0.340634
176.375		0.340634
176.5		0.340634
176.625		0.340634
176.75		0.340634
176.875		0.340634
177		0.340634
177.125		0.342111
177.25		0.342111
177.375		0.342111
177.5		0.342111
177.625		0.342111
177.75		0.342111
177.875		0.342111
178		0.342111
178.125		0.342721
178.25		0.342721
178.375		0.342721
178.5		0.342721
178.625		0.342721
178.75		0.342721
178.875		0.342721
179		0.342721
179.125		0.34334
179.25		0.34334
179.375		0.34334
179.5		0.34334
179.625		0.34334
179.75		0.34334
179.875		0.34334
180		0.34334
180.125		0.349569
180.25		0.349569
180.375		0.349569
180.5		0.349569
180.625		0.349569
180.75		0.349569
180.875		0.349569
181		0.349569
181.125		0.351313
181.25		0.351313
181.375		0.351313
181.5		0.351313
181.625		0.351313
181.75		0.351313
181.875		0.351313
182		0.351313
182.125		0.351882
182.25		0.351882
182.375		0.351882
182.5		0.351882
182.625		0.351882
182.75		0.351882
182.875		0.351882
183		0.351882
183.125		0.3536
183.25		0.3536
183.375		0.3536
183.5		0.3536
183.625		0.3536
183.75		0.3536
183.875		0.3536
184		0.3536
184.125		0.358829
184.25		0.358829
184.375		0.358829
184.5		0.358829
184.625		0.358829
184.75		0.358829
184.875		0.358829
185		0.358829
185.125		0.359425
185.25		0.359425
185.375		0.359425
185.5		0.359425
185.625		0.359425
185.75		0.359425
185.875		0.359425
186		0.359425
186.125		0.359635
186.25		0.359635
186.375		0.359635
186.5		0.359635
186.625		0.359635
186.75		0.359635
186.875		0.359635
187		0.359635
187.125		0.362303
187.25		0.362303
187.375		0.362303
187.5		0.362303
187.625		0.362303
187.75		0.362303
187.875		0.362303
188		0.362303
188.125		0.366434
188.25		0.366434
188.375		0.366434
188.5		0.366434
188.625		0.366434
188.75		0.366434
188.875		0.366434
189		0.366434
189.125		0.367093
189.25		0.367093
189.375		0.367093
189.5		0.367093
189.625		0.367093
189.75		0.367093
189.875		0.367093
190		0.367093
190.125		0.37036
190.25		0.37036
190.375		0.37036
190.5		0.37036
190.625		0.37036
190.75		0.37036
190.875		0.37036
191		0.37036
191.125		0.370943
191.25		0.370943
191.375		0.370943
191.5		0.370943
191.625		0.370943
191.75		0.370943
191.875		0.370943
192		0.370943
192.125		0.373894
192.25		0.373894
192.375		0.373894
192.5		0.373894
192.625		0.373894
192.75		0.373894
192.875		0.373894
193		0.373894
193.125		0.375724
193.25		0.375724
193.375		0.375724
193.5		0.375724
193.625		0.375724
193.75		0.375724
193.875		0.375724
194		0.375724
194.125		0.376309
194.25		0.376309
194.375		0.376309
194.5		0.376309
194.625		0.376309
194.75		0.376309
194.875		0.376309
195		0.376309
195.125		0.379295
195.25		0.379295
195.375		0.379295
195.5		0.379295
195.625		0.379295
195.75		0.379295
195.875		0.379295
196		0.379295
196.125		0.381043
196.25		0.381043
196.375		0.381043
196.5		0.381043
196.625		0.381043
196.75		0.381043
196.875		0.381043
197		0.381043
197.125		0.384877
197.25		0.384877
197.375		0.384877
197.5		0.384877
197.625		0.384877
197.75		0.384877
197.875		0.384877
198		0.384877
198.125		0.38712
198.25		0.38712
198.375		0.38712
198.5		0.38712
198.625		0.38712
198.75		0.38712
198.875		0.38712
199		0.38712
199.125		0.388419
199.25		0.388419
199.375		0.388419
199.5		0.388419
199.625		0.388419
199.75		0.388419
199.875		0.388419
200		0.388419
200.125		0.39
200.25		0.39
200.375		0.39
200.5		0.39
200.625		0.39
200.75		0.39
200.875		0.39
201		0.39
201.125		0.392981
201.25		0.392981
201.375		0.392981
201.5		0.392981
201.625		0.392981
201.75		0.392981
201.875		0.392981
202		0.392981
202.125		0.399234
202.25		0.399234
202.375		0.399234
202.5		0.399234
202.625		0.399234
202.75		0.399234
202.875		0.399234
203		0.399234
203.125		0.399362
203.25		0.399362
203.375		0.399362
203.5		0.399362
203.625		0.399362
203.75		0.399362
203.875		0.399362
204		0.399362
204.125		0.399699
204.25		0.399699
204.375		0.399699
204.5		0.399699
204.625		0.399699
204.75		0.399699
204.875		0.399699
205		0.399699
205.125		0.402758
205.25		0.402758
205.375		0.402758
205.5		0.402758
205.625		0.402758
205.75		0.402758
205.875		0.402758
206		0.402758
206.125		0.406714
206.25		0.406714
206.375		0.406714
206.5		0.406714
206.625		0.406714
206.75		0.406714
206.875		0.406714
207		0.406714
207.125		0.406965
207.25		0.406965
207.375		0.406965
207.5		0.406965
207.625		0.406965
207.75		0.406965
207.875		0.406965
208		0.406965
208.125		0.409115
208.25		0.409115
208.375		0.409115
208.5		0.409115
208.625		0.409115
208.75		0.409115
208.875		0.409115
209		0.409115
209.125		0.409438
209.25		0.409438
209.375		0.409438
209.5		0.409438
209.625		0.409438
209.75		0.409438
209.875		0.409438
210		0.409438
210.125		0.414016
210.25		0.414016
210.375		0.414016
210.5		0.414016
210.625		0.414016
210.75		0.414016
210.875		0.414016
211		0.414016
211.125		0.414322
211.25		0.414322
211.375		0.414322
211.5		0.414322
211.625		0.414322
211.75		0.414322
211.875		0.414322
212		0.414322
212.125		0.416816
212.25		0.416816
212.375		0.416816
212.5		0.416816
212.625		0.416816
212.75		0.416816
212.875		0.416816
213		0.416816
213.125		0.418369
213.25		0.418369
213.375		0.418369
213.5		0.418369
213.625		0.418369
213.75		0.418369
213.875		0.418369
214		0.418369
214.125		0.420313
214.25		0.420313
214.375		0.420313
214.5		0.420313
214.625		0.420313
214.75		0.420313
214.875		0.420313
215		0.420313
215.125		0.424033
215.25		0.424033
215.375		0.424033
215.5		0.424033
215.625		0.424033
215.75		0.424033
215.875		0.424033
216		0.424033
216.125		0.424406
216.25		0.424406
216.375		0.424406
216.5		0.424406
216.625		0.424406
216.75		0.424406
216.875		0.424406
217		0.424406
217.125		0.425995
217.25		0.425995
217.375		0.425995
217.5		0.425995
217.625		0.425995
217.75		0.425995
217.875		0.425995
218		0.425995
218.125		0.43092
218.25		0.43092
218.375		0.43092
218.5		0.43092
218.625		0.43092
218.75		0.43092
218.875		0.43092
219		0.43092
219.125		0.433002
219.25		0.433002
219.375		0.433002
219.5		0.433002
219.625		0.433002
219.75		0.433002
219.875		0.433002
220		0.433002
220.125		0.434017
220.25		0.434017
220.375		0.434017
220.5		0.434017
220.625		0.434017
220.75		0.434017
220.875		0.434017
221		0.434017
221.125		0.435131
221.25		0.435131
221.375		0.435131
221.5		0.435131
221.625		0.435131
221.75		0.435131
221.875		0.435131
222		0.435131
222.125		0.436137
222.25		0.436137
222.375		0.436137
222.5		0.436137
222.625		0.436137
222.75		0.436137
222.875		0.436137
223		0.436137
223.125		0.441964
223.25		0.441964
223.375		0.441964
223.5		0.441964
223.625		0.441964
223.75		0.441964
223.875		0.441964
224		0.441964
224.125		0.442575
224.25		0.442575
224.375		0.442575
224.5		0.442575
224.625		0.442575
224.75		0.442575
224.875		0.442575
225		0.442575
225.125		0.44587
225.25		0.44587
225.375		0.44587
225.5		0.44587
225.625		0.44587
225.75		0.44587
225.875		0.44587
226		0.44587
226.125		0.447664
226.25		0.447664
226.375		0.447664
226.5		0.447664
226.625		0.447664
226.75		0.447664
226.875		0.447664
227		0.447664
227.125		0.44854
227.25		0.44854
227.375		0.44854
227.5		0.44854
227.625		0.44854
227.75		0.44854
227.875		0.44854
228		0.44854
228.125		0.454204
228.25		0.454204
228.375		0.454204
228.5		0.454204
228.625		0.454204
228.75		0.454204
228.875		0.454204
229		0.454204
229.125		0.455428
229.25		0.455428
229.375		0.455428
229.5		0.455428
229.625		0.455428
229.75		0.455428
229.875		0.455428
230		0.455428
230.125		0.456214
230.25		0.456214
230.375		0.456214
230.5		0.456214
230.625		0.456214
230.75		0.456214
230.875		0.456214
231		0.456214
231.125		0.457984
231.25		0.457984
231.375		0.457984
231.5		0.457984
231.625		0.457984
231.75		0.457984
231.875		0.457984
232		0.457984
232.125		0.460748
232.25		0.460748
232.375		0.460748
232.5		0.460748
232.625		0.460748
232.75		0.460748
232.875		0.460748
233		0.460748
233.125		0.461375
233.25		0.461375
233.375		0.461375
233.5		0.461375
233.625		0.461375
233.75		0.461375
233.875		0.461375
234		0.461375
234.125		0.465648
234.25		0.465648
234.375		0.465648
234.5		0.465648
234.625		0.465648
234.75		0.465648
234.875		0.465648
235		0.465648
235.125		0.46624
235.25		0.46624
235.375		0.46624
235.5		0.46624
235.625		0.46624
235.75		0.46624
235.875		0.46624
236		0.46624
236.125		0.469491
236.25		0.469491
236.375		0.469491
236.5		0.469491
236.625		0.469491
236.75		0.469491
236.875		0.469491
237		0.469491
237.125		0.470535
237.25		0.470535
237.375		0.470535
237.5		0.470535
237.625		0.470535
237.75		0.470535
237.875		0.470535
238		0.470535
238.125		0.471347
238.25		0.471347
238.375		0.471347
238.5		0.471347
238.625		0.471347
238.75		0.471347
238.875		0.471347
239		0.471347
239.125		0.474417
239.25		0.474417
239.375		0.474417
239.5		0.474417
239.625		0.474417
239.75		0.474417
239.875		0.474417
240		0.474417
240.125		0.474892
240.25		0.474892
240.375		0.474892
240.5		0.474892
240.625		0.474892
240.75		0.474892
240.875		0.474892
241		0.474892
241.125		0.480204
241.25		0.480204
241.375		0.480204
241.5		0.480204
241.625		0.480204
241.75		0.480204
241.875		0.480204
242		0.480204
242.125		0.480953
242.25		0.480953
242.375		0.480953
242.5		0.480953
242.625		0.480953
242.75		0.480953
242.875		0.480953
243		0.480953
243.125		0.481599
243.25		0.481599
243.375		0.481599
243.5		0.481599
243.625		0.481599
243.75		0.481599
243.875		0.481599
244		0.481599
244.125		0.485483
244.25		0.485483
244.375		0.485483
244.5		0.485483
244.625		0.485483
244.75		0.485483
244.875		0.485483
245		0.485483
245.125		0.486944
245.25		0.486944
245.375		0.486944
245.5		0.486944
245.625		0.486944
245.75		0.486944
245.875		0.486944
246		0.486944
246.125		0.491979
246.25		0.491979
246.375		0.491979
246.5		0.491979
246.625		0.491979
246.75		0.491979
246.875		0.491979
247		0.491979
247.125		0.49365
247.25		0.49365
247.375		0.49365
247.5		0.49365
247.625		0.49365
247.75		0.49365
247.875		0.49365
248		0.49365
248.125		0.494095
248.25		0.494095
248.375		0.494095
248.5		0.494095
248.625		0.494095
248.75		0.494095
248.875		0.494095
249		0.494095
249.125		0.496803
249.25		0.496803
249.375		0.496803
249.5		0.496803
249.625		0.496803
249.75		0.496803
249.875		0.496803
250		0.496803
250.125		0.50002
250.25		0.50002
250.375		0.50002
250.5		0.50002
250.625		0.50002
250.75		0.50002
250.875		0.50002
251		0.50002
251.125		0.501359
251.25		0.501359
251.375		0.501359
251.5		0.501359
251.625		0.501359
251.75		0.501359
251.875		0.501359
252		0.501359
252.125		0.50296
252.25		0.50296
252.375		0.50296
252.5		0.50296
252.625		0.50296
252.75		0.50296
252.875		0.50296
253		0.50296
253.125		0.50366
253.25		0.50366
253.375		0.50366
253.5		0.50366
253.625		0.50366
253.75		0.50366
253.875		0.50366
254		0.50366
254.125		0.507332
254.25		0.507332
254.375		0.507332
254.5		0.507332
254.625		0.507332
254.75		0.507332
254.875		0.507332
255		0.507332
255.125		0.509027
255.25		0.509027
255.375		0.509027
255.5		0.509027
255.625		0.509027
255.75		0.509027
255.875		0.509027
256		0.509027
256.125		0.510172
256.25		0.510172
256.375		0.510172
256.5		0.510172
256.625		0.510172
256.75		0.510172
256.875		0.510172
257		0.510172
257.125		0.513447
257.25		0.513447
257.375		0.513447
257.5		0.513447
257.625		0.513447
257.75		0.513447
257.875		0.513447
258		0.513447
258.125		0.515786
258.25		0.515786
258.375		0.515786
258.5		0.515786
258.625		0.515786
258.75		0.515786
258.875		0.515786
259		0.515786
259.125		0.517965
259.25		0.517965
259.375		0.517965
259.5		0.517965
259.625		0.517965
259.75		0.517965
259.875		0.517965
260		0.517965
260.125		0.518101
260.25		0.518101
260.375		0.518101
260.5		0.518101
260.625		0.518101
260.75		0.518101
260.875		0.518101
261		0.518101
261.125		0.518893
261.25		0.518893
261.375		0.518893
261.5		0.518893
261.625		0.518893
261.75		0.518893
261.875		0.518893
262		0.518893
262.125		0.524236
262.25		0.524236
262.375		0.524236
262.5		0.524236
262.625		0.524236
262.75		0.524236
262.875		0.524236
263		0.524236
263.125		0.527754
263.25		0.527754
263.375		0.527754
263.5		0.527754
263.625		0.527754
263.75		0.527754
263.875		0.527754
264		0.527754
264.125		0.528675
264.25		0.528675
264.375		0.528675
264.5		0.528675
264.625		0.528675
264.75		0.528675
264.875		0.528675
265		0.528675
265.125		0.529297
265.25		0.529297
265.375		0.529297
265.5		0.529297
265.625		0.529297
265.75		0.529297
265.875		0.529297
266		0.529297
266.125		0.533971
266.25		0.533971
266.375		0.533971
266.5		0.533971
266.625		0.533971
266.75		0.533971
266.875		0.533971
267		0.533971
267.125		0.536398
267.25		0.536398
267.375		0.536398
267.5		0.536398
267.625		0.536398
267.75		0.536398
267.875		0.536398
268		0.536398
268.125		0.536961
268.25		0.536961
268.375		0.536961
268.5		0.536961
268.625		0.536961
268.75		0.536961
268.875		0.536961
269		0.536961
269.125		0.539577
269.25		0.539577
269.375		0.539577
269.5		0.539577
269.625		0.539577
269.75		0.539577
269.875		0.539577
270		0.539577
270.125		0.542924
270.25		0.542924
270.375		0.542924
270.5		0.542924
270.625		0.542924
270.75		0.542924
270.875		0.542924
271		0.542924
271.125		0.543636
271.25		0.543636
271.375		0.543636
271.5		0.543636
271.625		0.543636
271.75		0.543636
271.875		0.543636
272		0.543636
272.125		0.547103
272.25		0.547103
272.375		0.547103
272.5		0.547103
272.625		0.547103
272.75		0.547103
272.875		0.547103
273		0.547103
273.125		0.54934
273.25		0.54934
273.375		0.54934
273.5		0.54934
273.625		0.54934
273.75		0.54934
273.875		0.54934
274		0.54934
274.125		0.55215
274.25		0.55215
274.375		0.55215
274.5		0.55215
274.625		0.55215
274.75		0.55215
274.875		0.55215
275		0.55215
275.125		0.556106
275.25		0.556106
275.375		0.556106
275.5		0.556106
275.625		0.556106
275.75		0.556106
275.875		0.556106
276		0.556106
276.125		0.558239
276.25		0.558239
276.375		0.558239
276.5		0.558239
276.625		0.558239
276.75		0.558239
276.875		0.558239
277		0.558239
277.125		0.559385
277.25		0.559385
277.375		0.559385
277.5		0.559385
277.625		0.559385
277.75		0.559385
277.875		0.559385
278		0.559385
278.125		0.561321
278.25		0.561321
278.375		0.561321
278.5		0.561321
278.625		0.561321
278.75		0.561321
278.875		0.561321
279		0.561321
279.125		0.564855
279.25		0.564855
279.375		0.564855
279.5		0.564855
279.625		0.564855
279.75		0.564855
279.875		0.564855
280		0.564855
280.125		0.567823
280.25		0.567823
280.375		0.567823
280.5		0.567823
280.625		0.567823
280.75		0.567823
280.875		0.567823
281		0.567823
281.125		0.57068
281.25		0.57068
281.375		0.57068
281.5		0.57068
281.625		0.57068
281.75		0.57068
281.875		0.57068
282		0.57068
282.125		0.57068
282.25		0.57068
282.375		0.57068
282.5		0.57068
282.625		0.57068
282.75		0.57068
282.875		0.57068
283		0.57068
283.125		0.57355
283.25		0.57355
283.375		0.57355
283.5		0.57355
283.625		0.57355
283.75		0.57355
283.875		0.57355
284		0.57355
284.125		0.573953
284.25		0.573953
284.375		0.573953
284.5		0.573953
284.625		0.573953
284.75		0.573953
284.875		0.573953
285		0.573953
285.125		0.5774
285.25		0.5774
285.375		0.5774
285.5		0.5774
285.625		0.5774
285.75		0.5774
285.875		0.5774
286		0.5774
286.125		0.581571
286.25		0.581571
286.375		0.581571
286.5		0.581571
286.625		0.581571
286.75		0.581571
286.875		0.581571
287		0.581571
287.125		0.582866
287.25		0.582866
287.375		0.582866
287.5		0.582866
287.625		0.582866
287.75		0.582866
287.875		0.582866
288		0.582866
288.125		0.586337
288.25		0.586337
288.375		0.586337
288.5		0.586337
288.625		0.586337
288.75		0.586337
288.875		0.586337
289		0.586337
289.125		0.587241
289.25		0.587241
289.375		0.587241
289.5		0.587241
289.625		0.587241
289.75		0.587241
289.875		0.587241
290		0.587241
290.125		0.589237
290.25		0.589237
290.375		0.589237
290.5		0.589237
290.625		0.589237
290.75		0.589237
290.875		0.589237
291		0.589237
291.125		0.589807
291.25		0.589807
291.375		0.589807
291.5		0.589807
291.625		0.589807
291.75		0.589807
291.875		0.589807
292		0.589807
292.125		0.594064
292.25		0.594064
292.375		0.594064
292.5		0.594064
292.625		0.594064
292.75		0.594064
292.875		0.594064
293		0.594064
293.125		0.596098
293.25		0.596098
293.375		0.596098
293.5		0.596098
293.625		0.596098
293.75		0.596098
293.875		0.596098
294		0.596098
294.125		0.598962
294.25		0.598962
294.375		0.598962
294.5		0.598962
294.625		0.598962
294.75		0.598962
294.875		0.598962
295		0.598962
295.125		0.600499
295.25		0.600499
295.375		0.600499
295.5		0.600499
295.625		0.600499
295.75		0.600499
295.875		0.600499
296		0.600499
296.125		0.604143
296.25		0.604143
296.375		0.604143
296.5		0.604143
296.625		0.604143
296.75		0.604143
296.875		0.604143
297		0.604143
297.125		0.605564
297.25		0.605564
297.375		0.605564
297.5		0.605564
297.625		0.605564
297.75		0.605564
297.875		0.605564
298		0.605564
298.125		0.608132
298.25		0.608132
298.375		0.608132
298.5		0.608132
298.625		0.608132
298.75		0.608132
298.875		0.608132
299		0.608132
299.125		0.615173
299.25		0.615173
299.375		0.615173
299.5		0.615173
299.625		0.615173
299.75		0.615173
299.875		0.615173
300		0.615173
300.125		0.616462
300.25		0.616462
300.375		0.616462
300.5		0.616462
300.625		0.616462
300.75		0.616462
300.875		0.616462
301		0.616462
301.125		0.621216
301.25		0.621216
301.375		0.621216
301.5		0.621216
301.625		0.621216
301.75		0.621216
301.875		0.621216
302		0.621216
302.125		0.622889
302.25		0.622889
302.375		0.622889
302.5		0.622889
302.625		0.622889
302.75		0.622889
302.875		0.622889
303		0.622889
303.125		0.626008
303.25		0.626008
303.375		0.626008
303.5		0.626008
303.625		0.626008
303.75		0.626008
303.875		0.626008
304		0.626008
304.125		0.628724
304.25		0.628724
304.375		0.628724
304.5		0.628724
304.625		0.628724
304.75		0.628724
304.875		0.628724
305		0.628724
305.125		0.630929
305.25		0.630929
305.375		0.630929
305.5		0.630929
305.625		0.630929
305.75		0.630929
305.875		0.630929
306		0.630929
306.125		0.631787
306.25		0.631787
306.375		0.631787
306.5		0.631787
306.625		0.631787
306.75		0.631787
306.875		0.631787
307		0.631787
307.125		0.633336
307.25		0.633336
307.375		0.633336
307.5		0.633336
307.625		0.633336
307.75		0.633336
307.875		0.633336
308		0.633336
308.125		0.634795
308.25		0.634795
308.375		0.634795
308.5		0.634795
308.625		0.634795
308.75		0.634795
308.875		0.634795
309		0.634795
309.125		0.637367
309.25		0.637367
309.375		0.637367
309.5		0.637367
309.625		0.637367
309.75		0.637367
309.875		0.637367
310		0.637367
310.125		0.640004
310.25		0.640004
310.375		0.640004
310.5		0.640004
310.625		0.640004
310.75		0.640004
310.875		0.640004
311		0.640004
311.125		0.642744
311.25		0.642744
311.375		0.642744
311.5		0.642744
311.625		0.642744
311.75		0.642744
311.875		0.642744
312		0.642744
312.125		0.644488
312.25		0.644488
312.375		0.644488
312.5		0.644488
312.625		0.644488
312.75		0.644488
312.875		0.644488
313		0.644488
313.125		0.646654
313.25		0.646654
313.375		0.646654
313.5		0.646654
313.625		0.646654
313.75		0.646654
313.875		0.646654
314		0.646654
314.125		0.649701
314.25		0.649701
314.375		0.649701
314.5		0.649701
314.625		0.649701
314.75		0.649701
314.875		0.649701
315		0.649701
315.125		0.651114
315.25		0.651114
315.375		0.651114
315.5		0.651114
315.625		0.651114
315.75		0.651114
315.875		0.651114
316		0.651114
316.125		0.651535
316.25		0.651535
316.375		0.651535
316.5		0.651535
316.625		0.651535
316.75		0.651535
316.875		0.651535
317		0.651535
317.125		0.654094
317.25		0.654094
317.375		0.654094
317.5		0.654094
317.625		0.654094
317.75		0.654094
317.875		0.654094
318		0.654094
318.125		0.6596
318.25		0.6596
318.375		0.6596
318.5		0.6596
318.625		0.6596
318.75		0.6596
318.875		0.6596
319		0.6596
319.125		0.660368
319.25		0.660368
319.375		0.660368
319.5		0.660368
319.625		0.660368
319.75		0.660368
319.875		0.660368
320		0.660368
320.125		0.660697
320.25		0.660697
320.375		0.660697
320.5		0.660697
320.625		0.660697
320.75		0.660697
320.875		0.660697
321		0.660697
321.125		0.661631
321.25		0.661631
321.375		0.661631
321.5		0.661631
321.625		0.661631
321.75		0.661631
321.875		0.661631
322		0.661631
322.125		0.667832
322.25		0.667832
322.375		0.667832
322.5		0.667832
322.625		0.667832
322.75		0.667832
322.875		0.667832
323		0.667832
323.125		0.668305
323.25		0.668305
323.375		0.668305
323.5		0.668305
323.625		0.668305
323.75		0.668305
323.875		0.668305
324		0.668305
324.125		0.671792
324.25		0.671792
324.375		0.671792
324.5		0.671792
324.625		0.671792
324.75		0.671792
324.875		0.671792
325		0.671792
325.125		0.672356
325.25		0.672356
325.375		0.672356
325.5		0.672356
325.625		0.672356
325.75		0.672356
325.875		0.672356
326		0.672356
326.125		0.674751
326.25		0.674751
326.375		0.674751
326.5		0.674751
326.625		0.674751
326.75		0.674751
326.875		0.674751
327		0.674751
327.125		0.678098
327.25		0.678098
327.375		0.678098
327.5		0.678098
327.625		0.678098
327.75		0.678098
327.875		0.678098
328		0.678098
328.125		0.678306
328.25		0.678306
328.375		0.678306
328.5		0.678306
328.625		0.678306
328.75		0.678306
328.875		0.678306
329		0.678306
329.125		0.679745
329.25		0.679745
329.375		0.679745
329.5		0.679745
329.625		0.679745
329.75		0.679745
329.875		0.679745
330		0.679745
330.125		0.683461
330.25		0.683461
330.375		0.683461
330.5		0.683461
330.625		0.683461
330.75		0.683461
330.875		0.683461
331		0.683461
331.125		0.685634
331.25		0.685634
331.375		0.685634
331.5		0.685634
331.625		0.685634
331.75		0.685634
331.875		0.685634
332		0.685634
332.125		0.686514
332.25		0.686514
332.375		0.686514
332.5		0.686514
332.625		0.686514
332.75		0.686514
332.875		0.686514
333		0.686514
333.125		0.6892
333.25		0.6892
333.375		0.6892
333.5		0.6892
333.625		0.6892
333.75		0.6892
333.875		0.6892
334		0.6892
334.125		0.69143
334.25		0.69143
334.375		0.69143
334.5		0.69143
334.625		0.69143
334.75		0.69143
334.875		0.69143
335		0.69143
335.125		0.695048
335.25		0.695048
335.375		0.695048
335.5		0.695048
335.625		0.695048
335.75		0.695048
335.875		0.695048
336		0.695048
336.125		0.697846
336.25		0.697846
336.375		0.697846
336.5		0.697846
336.625		0.697846
336.75		0.697846
336.875		0.697846
337		0.697846
337.125		0.700243
337.25		0.700243
337.375		0.700243
337.5		0.700243
337.625		0.700243
337.75		0.700243
337.875		0.700243
338		0.700243
338.125		0.700853
338.25		0.700853
338.375		0.700853
338.5		0.700853
338.625		0.700853
338.75		0.700853
338.875		0.700853
339		0.700853
339.125		0.701328
339.25		0.701328
339.375		0.701328
339.5		0.701328
339.625		0.701328
339.75		0.701328
339.875		0.701328
340		0.701328
340.125		0.705322
340.25		0.705322
340.375		0.705322
340.5		0.705322
340.625		0.705322
340.75		0.705322
340.875		0.705322
341		0.705322
341.125		0.705988
341.25		0.705988
341.375		0.705988
341.5		0.705988
341.625		0.705988
341.75		0.705988
341.875		0.705988
342		0.705988
342.125		0.709032
342.25		0.709032
342.375		0.709032
342.5		0.709032
342.625		0.709032
342.75		0.709032
342.875		0.709032
343		0.709032
343.125		0.71176
343.25		0.71176
343.375		0.71176
343.5		0.71176
343.625		0.71176
343.75		0.71176
343.875		0.71176
344		0.71176
344.125		0.7136
344.25		0.7136
344.375		0.7136
344.5		0.7136
344.625		0.7136
344.75		0.7136
344.875		0.7136
345		0.7136
345.125		0.71628
345.25		0.71628
345.375		0.71628
345.5		0.71628
345.625		0.71628
345.75		0.71628
345.875		0.71628
346		0.71628
346.125		0.716827
346.25		0.716827
346.375		0.716827
346.5		0.716827
346.625		0.716827
346.75		0.716827
346.875		0.716827
347		0.716827
347.125		0.718921
347.25		0.718921
347.375		0.718921
347.5		0.718921
347.625		0.718921
347.75		0.718921
347.875		0.718921
348		0.718921
348.125		0.722912
348.25		0.722912
348.375		0.722912
348.5		0.722912
348.625		0.722912
348.75		0.722912
348.875		0.722912
349		0.722912
349.125		0.724832
349.25		0.724832
349.375		0.724832
349.5		0.724832
349.625		0.724832
349.75		0.724832
349.875		0.724832
350		0.724832
350.125		0.728021
350.25		0.728021
350.375		0.728021
350.5		0.728021
350.625		0.728021
350.75		0.728021
350.875		0.728021
351		0.728021
351.125		0.731827
351.25		0.731827
351.375		0.731827
351.5		0.731827
351.625		0.731827
351.75		0.731827
351.875		0.731827
352		0.731827
352.125		0.733901
352.25		0.733901
352.375		0.733901
352.5		0.733901
352.625		0.733901
352.75		0.733901
352.875		0.733901
353		0.733901
353.125		0.739624
353.25		0.739624
353.375		0.739624
353.5		0.739624
353.625		0.739624
353.75		0.739624
353.875		0.739624
354		0.739624
354.125		0.740053
354.25		0.740053
354.375		0.740053
354.5		0.740053
354.625		0.740053
354.75		0.740053
354.875		0.740053
355		0.740053
355.125		0.741642
355.25		0.741642
355.375		0.741642
355.5		0.741642
355.625		0.741642
355.75		0.741642
355.875		0.741642
356		0.741642
356.125		0.744204
356.25		0.744204
356.375		0.744204
356.5		0.744204
356.625		0.744204
356.75		0.744204
356.875		0.744204
357		0.744204
357.125		0.748675
357.25		0.748675
357.375		0.748675
357.5		0.748675
357.625		0.748675
357.75		0.748675
357.875		0.748675
358		0.748675
358.125		0.751287
358.25		0.751287
358.375		0.751287
358.5		0.751287
358.625		0.751287
358.75		0.751287
358.875		0.751287
359		0.751287
359.125		0.751812
359.25		0.751812
359.375		0.751812
359.5		0.751812
359.625		0.751812
359.75		0.751812
359.875		0.751812
360		0.751812
360.125		0.751902
360.25		0.751902
360.375		0.751902
360.5		0.751902
360.625		0.751902
360.75		0.751902
360.875		0.751902
361		0.751902
361.125		0.752541
361.25		0.752541
361.375		0.752541
361.5		0.752541
361.625		0.752541
361.75		0.752541
361.875		0.752541
362		0.752541
362.125		0.753622
362.25		0.753622
362.375		0.753622
362.5		0.753622
362.625		0.753622
362.75		0.753622
362.875		0.753622
363		0.753622
363.125		0.758606
363.25		0.758606
363.375		0.758606
363.5		0.758606
363.625		0.758606
363.75		0.758606
363.875		0.758606
364		0.758606
364.125		0.760727
364.25		0.760727
364.375		0.760727
364.5		0.760727
364.625		0.760727
364.75		0.760727
364.875		0.760727
365		0.760727
365.125		0.761292
365.25		0.761292
365.375		0.761292
365.5		0.761292
365.625		0.761292
365.75		0.761292
365.875		0.761292
366		0.761292
366.125		0.763555
366.25		0.763555
366.375		0.763555
366.5		0.763555
366.625		0.763555
366.75		0.763555
366.875		0.763555
367		0.763555
367.125		0.766113
367.25		0.766113
367.375		0.766113
367.5		0.766113
367.625		0.766113
367.75		0.766113
367.875		0.766113
368		0.766113
368.125		0.771408
368.25		0.771408
368.375		0.771408
368.5		0.771408
368.625		0.771408
368.75		0.771408
368.875		0.771408
369		0.771408
369.125		0.771967
369.25		0.771967
369.375		0.771967
369.5		0.771967
369.625		0.771967
369.75		0.771967
369.875		0.771967
370		0.771967
370.125		0.772149
370.25		0.772149
370.375		0.772149
370.5		0.772149
370.625		0.772149
370.75		0.772149
370.875		0.772149
371		0.772149
371.125		0.774891
371.25		0.774891
371.375		0.774891
371.5		0.774891
371.625		0.774891
371.75		0.774891
371.875		0.774891
372		0.774891
372.125		0.778341
372.25		0.778341
372.375		0.778341
372.5		0.778341
372.625		0.778341
372.75		0.778341
372.875		0.778341
373		0.778341
373.125		0.778906
373.25		0.778906
373.375		0.778906
373.5		0.778906
373.625		0.778906
373.75		0.778906
373.875		0.778906
374		0.778906
374.125		0.782289
374.25		0.782289
374.375		0.782289
374.5		0.782289
374.625		0.782289
374.75		0.782289
374.875		0.782289
375		0.782289
375.125		0.783642
375.25		0.783642
375.375		0.783642
375.5		0.783642
375.625		0.783642
375.75		0.783642
375.875		0.783642
376		0.783642
376.125		0.785574
376.25		0.785574
376.375		0.785574
376.5		0.785574
376.625		0.785574
376.75		0.785574
376.875		0.785574
377		0.785574
377.125		0.789024
377.25		0.789024
377.375		0.789024
377.5		0.789024
377.625		0.789024
377.75		0.789024
377.875		0.789024
378		0.789024
378.125		0.793205
378.25		0.793205
378.375		0.793205
378.5		0.793205
378.625		0.793205
378.75		0.793205
378.875		0.793205
379		0.793205
379.125		0.795496
379.25		0.795496
379.375		0.795496
379.5		0.795496
379.625		0.795496
379.75		0.795496
379.875		0.795496
380		0.795496
380.125		0.796953
380.25		0.796953
380.375		0.796953
380.5		0.796953
380.625		0.796953
380.75		0.796953
380.875		0.796953
381		0.796953
381.125		0.802424
381.25		0.802424
381.375		0.802424
381.5		0.802424
381.625		0.802424
381.75		0.802424
381.875		0.802424
382		0.802424
382.125		0.805912
382.25		0.805912
382.375		0.805912
382.5		0.805912
382.625		0.805912
382.75		0.805912
382.875		0.805912
383		0.805912
383.125		0.807477
383.25		0.807477
383.375		0.807477
383.5		0.807477
383.625		0.807477
383.75		0.807477
383.875		0.807477
384		0.807477
384.125		0.810804
384.25		0.810804
384.375		0.810804
384.5		0.810804
384.625		0.810804
384.75		0.810804
384.875		0.810804
385		0.810804
385.125		0.813157
385.25		0.813157
385.375		0.813157
385.5		0.813157
385.625		0.813157
385.75		0.813157
385.875		0.813157
386		0.813157
386.125		0.813656
386.25		0.813656
386.375		0.813656
386.5		0.813656
386.625		0.813656
386.75		0.813656
386.875		0.813656
387		0.813656
387.125		0.817336
387.25		0.817336
387.375		0.817336
387.5		0.817336
387.625		0.817336
387.75		0.817336
387.875		0.817336
388		0.817336
388.125		0.817695
388.25		0.817695
388.375		0.817695
388.5		0.817695
388.625		0.817695
388.75		0.817695
388.875		0.817695
389		0.817695
389.125		0.820064
389.25		0.820064
389.375		0.820064
389.5		0.820064
389.625		0.820064
389.75		0.820064
389.875		0.820064
390		0.820064
390.125		0.823133
390.25		0.823133
390.375		0.823133
390.5		0.823133
390.625		0.823133
390.75		0.823133
390.875		0.823133
391		0.823133
391.125		0.824329
391.25		0.824329
391.375		0.824329
391.5		0.824329
391.625		0.824329
391.75		0.824329
391.875		0.824329
392		0.824329
392.125		0.825215
392.25		0.825215
392.375		0.825215
392.5		0.825215
392.625		0.825215
392.75		0.825215
392.875		0.825215
393		0.825215
393.125		0.828765
393.25		0.828765
393.375		0.828765
393.5		0.828765
393.625		0.828765
393.75		0.828765
393.875		0.828765
394		0.828765
394.125		0.831513
394.25		0.831513
394.375		0.831513
394.5		0.831513
394.625		0.831513
394.75		0.831513
394.875		0.831513
395		0.831513
395.125		0.834726
395.25		0.834726
395.375		0.834726
395.5		0.834726
395.625		0.834726
395.75		0.834726
395.875		0.834726
396		0.834726
396.125		0.835399
396.25		0.835399
396.375		0.835399
396.5		0.835399
396.625		0.835399
396.75		0.835399
396.875		0.835399
397		0.835399
397.125		0.836279
397.25		0.836279
397.375		0.836279
397.5		0.836279
397.625		0.836279
397.75		0.836279
397.875		0.836279
398		0.836279
398.125		0.842192
398.25		0.842192
398.375		0.842192
398.5		0.842192
398.625		0.842192
398.75		0.842192
398.875		0.842192
399		0.842192
399.125		0.843611
399.25		0.843611
399.375		0.843611
399.5		0.843611
399.625		0.843611
399.75		0.843611
399.875		0.843611
400		0.843611
400.125		0.844296
400.25		0.844296
400.375		0.844296
400.5		0.844296
400.625		0.844296
400.75		0.844296
400.875		0.844296
401		0.844296
401.125		0.846886
401.25		0.846886
401.375		0.846886
401.5		0.846886
401.625		0.846886
401.75		0.846886
401.875		0.846886
402		0.846886
402.125		0.849612
402.25		0.849612
402.375		0.849612
402.5		0.849612
402.625		0.849612
402.75		0.849612
402.875		0.849612
403		0.849612
403.125		0.851417
403.25		0.851417
403.375		0.851417
403.5		0.851417
403.625		0.851417
403.75		0.851417
403.875		0.851417
404		0.851417
404.125		0.853316
404.25		0.853316
404.375		0.853316
404.5		0.853316
404.625		0.853316
404.75		0.853316
404.875		0.853316
405		0.853316
405.125		0.854759
405.25		0.854759
405.375		0.854759
405.5		0.854759
405.625		0.854759
405.75		0.854759
405.875		0.854759
406		0.854759
406.125		0.858809
406.25		0.858809
406.375		0.858809
406.5		0.858809
406.625		0.858809
406.75		0.858809
406.875		0.858809
407		0.858809
407.125		0.862024
407.25		0.862024
407.375		0.862024
407.5		0.862024
407.625		0.862024
407.75		0.862024
407.875		0.862024
408		0.862024
408.125		0.86283
408.25		0.86283
408.375		0.86283
408.5		0.86283
408.625		0.86283
408.75		0.86283
408.875		0.86283
409		0.86283
409.125		0.864217
409.25		0.864217
409.375		0.864217
409.5		0.864217
409.625		0.864217
409.75		0.864217
409.875		0.864217
410		0.864217
410.125		0.867494
410.25		0.867494
410.375		0.867494
410.5		0.867494
410.625		0.867494
410.75		0.867494
410.875		0.867494
411		0.867494
411.125		0.870043
411.25		0.870043
411.375		0.870043
411.5		0.870043
411.625		0.870043
411.75		0.870043
411.875		0.870043
412		0.870043
412.125		0.870839
412.25		0.870839
412.375		0.870839
412.5		0.870839
412.625		0.870839
412.75		0.870839
412.875		0.870839
413		0.870839
413.125		0.874938
413.25		0.874938
413.375		0.874938
413.5		0.874938
413.625		0.874938
413.75		0.874938
413.875		0.874938
414		0.874938
414.125		0.875367
414.25		0.875367
414.375		0.875367
414.5		0.875367
414.625		0.875367
414.75		0.875367
414.875		0.875367
415		0.875367
415.125		0.878173
415.25		0.878173
415.375		0.878173
415.5		0.878173
415.625		0.878173
415.75		0.878173
415.875		0.878173
416		0.878173
416.125		0.880814
416.25		0.880814
416.375		0.880814
416.5		0.880814
416.625		0.880814
416.75		0.880814
416.875		0.880814
417		0.880814
417.125		0.881071
417.25		0.881071
417.375		0.881071
417.5		0.881071
417.625		0.881071
417.75		0.881071
417.875		0.881071
418		0.881071
418.125		0.882939
418.25		0.882939
418.375		0.882939
418.5		0.882939
418.625		0.882939
418.75		0.882939
418.875		0.882939
419		0.882939
419.125		0.886236
419.25		0.886236
419.375		0.886236
419.5		0.886236
419.625		0.886236
419.75		0.886236
419.875		0.886236
420		0.886236
420.125		0.890303
420.25		0.890303
420.375		0.890303
420.5		0.890303
420.625		0.890303
420.75		0.890303
420.875		0.890303
421		0.890303
421.125		0.892079
421.25		0.892079
421.375		0.892079
421.5		0.892079
421.625		0.892079
421.75		0.892079
421.875		0.892079
422		0.892079
422.125		0.893209
422.25		0.893209
422.375		0.893209
422.5		0.893209
422.625		0.893209
422.75		0.893209
422.875		0.893209
423		0.893209
423.125		0.895294
423.25		0.895294
423.375		0.895294
423.5		0.895294
423.625		0.895294
423.75		0.895294
423.875		0.895294
424		0.895294
424.125		0.899685
424.25		0.899685
424.375		0.899685
424.5		0.899685
424.625		0.899685
424.75		0.899685
424.875		0.899685
425		0.899685
425.125		0.901801
425.25		0.901801
425.375		0.901801
425.5		0.901801
425.625		0.901801
425.75		0.901801
425.875		0.901801
426		0.901801
426.125		0.902295
426.25		0.902295
426.375		0.902295
426.5		0.902295
426.625		0.902295
426.75		0.902295
426.875		0.902295
427		0.902295
427.125		0.902691
427.25		0.902691
427.375		0.902691
427.5		0.902691
427.625		0.902691
427.75		0.902691
427.875		0.902691
428		0.902691
428.125		0.907923
428.25		0.907923
428.375		0.907923
428.5		0.907923
428.625		0.907923
428.75		0.907923
428.875		0.907923
429		0.907923
429.125		0.908227
429.25		0.908227
429.375		0.908227
429.5		0.908227
429.625		0.908227
429.75		0.908227
429.875		0.908227
430		0.908227
430.125		0.911306
430.25		0.911306
430.375		0.911306
430.5		0.911306
430.625		0.911306
430.75		0.911306
430.875		0.911306
431		0.911306
431.125		0.912092
431.25		0.912092
431.375		0.912092
431.5		0.912092
431.625		0.912092
431.75		0.912092
431.875		0.912092
432		0.912092
432.125		0.914845
432.25		0.914845
432.375		0.914845
432.5		0.914845
432.625		0.914845
432.75		0.914845
432.875		0.914845
433		0.914845
433.125		0.916164
433.25		0.916164
433.375		0.916164
433.5		0.916164
433.625		0.916164
433.75		0.916164
433.875		0.916164
434		0.916164
434.125		0.916473
434.25		0.916473
434.375		0.916473
434.5		0.916473
434.625		0.916473
434.75		0.916473
434.875		0.916473
435		0.916473
435.125		0.918032
435.25		0.918032
435.375		0.918032
435.5		0.918032
435.625		0.918032
435.75		0.918032
435.875		0.918032
436		0.918032
436.125		0.920768
436.25		0.920768
436.375		0.920768
436.5		0.920768
436.625		0.920768
436.75		0.920768
436.875		0.920768
437		0.920768
437.125		0.923173
437.25		0.923173
437.375		0.923173
437.5		0.923173
437.625		0.923173
437.75		0.923173
437.875		0.923173
438		0.923173
438.125		0.925863
438.25		0.925863
438.375		0.925863
438.5		0.925863
438.625		0.925863
438.75		0.925863
438.875		0.925863
439		0.925863
439.125		0.928443
439.25		0.928443
439.375		0.928443
439.5		0.928443
439.625		0.928443
439.75		0.928443
439.875		0.928443
440		0.928443
440.125		0.930906
440.25		0.930906
440.375		0.930906
440.5		0.930906
440.625		0.930906
440.75		0.930906
440.875		0.930906
441		0.930906
441.125		0.932507
441.25		0.932507
441.375		0.932507
441.5		0.932507
441.625		0.932507
441.75		0.932507
441.875		0.932507
442		0.932507
442.125		0.935806
442.25		0.935806
442.375		0.935806
442.5		0.935806
442.625		0.935806
442.75		0.935806
442.875		0.935806
443		0.935806
443.125		0.937209
443.25		0.937209
443.375		0.937209
443.5		0.937209
443.625		0.937209
443.75		0.937209
443.875		0.937209
444		0.937209
444.125		0.939975
444.25		0.939975
444.375		0.939975
444.5		0.939975
444.625		0.939975
444.75		0.939975
444.875		0.939975
445		0.939975
445.125		0.941454
445.25		0.941454
445.375		0.941454
445.5		0.941454
445.625		0.941454
445.75		0.941454
445.875		0.941454
446		0.941454
446.125		0.94574
446.25		0.94574
446.375		0.94574
446.5		0.94574
446.625		0.94574
446.75		0.94574
446.875		0.94574
447		0.94574
447.125		0.949001
447.25		0.949001
447.375		0.949001
447.5		0.949001
447.625		0.949001
447.75		0.949001
447.875		0.949001
448		0.949001
448.125		0.949891
448.25		0.949891
448.375		0.949891
448.5		0.949891
448.625		0.949891
448.75		0.949891
448.875		0.949891
449		0.949891
449.125		0.950803
449.25		0.950803
449.375		0.950803
449.5		0.950803
449.625		0.950803
449.75		0.950803
449.875		0.950803
450		0.950803
450.125		0.953458
450.25		0.953458
450.375		0.953458
450.5		0.953458
450.625		0.953458
450.75		0.953458
450.875		0.953458
451		0.953458
451.125		0.956765
451.25		0.956765
451.375		0.956765
451.5		0.956765
451.625		0.956765
451.75		0.956765
451.875		0.956765
452		0.956765
452.125		0.95712
452.25		0.95712
452.375		0.95712
452.5		0.95712
452.625		0.95712
452.75		0.95712
452.875		0.95712
453		0.95712
453.125		0.959908
453.25		0.959908
453.375		0.959908
453.5		0.959908
453.625		0.959908
453.75		0.959908
453.875		0.959908
454		0.959908
454.125		0.961067
454.25		0.961067
454.375		0.961067
454.5		0.961067
454.625		0.961067
454.75		0.961067
454.875		0.961067
455		0.961067
455.125		0.9646
455.25		0.9646
455.375		0.9646
455.5		0.9646
455.625		0.9646
455.75		0.9646
455.875		0.9646
456		0.9646
456.125		0.965149
456.25		0.965149
456.375		0.965149
456.5		0.965149
456.625		0.965149
456.75		0.965149
456.875		0.965149
457		0.965149
457.125		0.966957
457.25		0.966957
457.375		0.966957
457.5		0.966957
457.625		0.966957
457.75		0.966957
457.875		0.966957
458		0.966957
458.125		0.969811
458.25		0.969811
458.375		0.969811
458.5		0.969811
458.625		0.969811
458.75		0.969811
458.875		0.969811
459		0.969811
459.125		0.97198
459.25		0.97198
459.375		0.97198
459.5		0.97198
459.625		0.97198
459.75		0.97198
459.875		0.97198
460		0.97198
460.125		0.973812
460.25		0.973812
460.375		0.973812
460.5		0.973812
460.625		0.973812
460.75		0.973812
460.875		0.973812
461		0.973812
461.125		0.975036
461.25		0.975036
461.375		0.975036
461.5		0.975036
461.625		0.975036
461.75		0.975036
461.875		0.975036
462		0.975036
462.125		0.980073
462.25		0.980073
462.375		0.980073
462.5		0.980073
462.625		0.980073
462.75		0.980073
462.875		0.980073
463		0.980073
463.125		0.981384
463.25		0.981384
463.375		0.981384
463.5		0.981384
463.625		0.981384
463.75		0.981384
463.875		0.981384
464		0.981384
464.125		0.9825
464.25		0.9825
464.375		0.9825
464.5		0.9825
464.625		0.9825
464.75		0.9825
464.875		0.9825
465		0.9825
465.125		0.983042
465.25		0.983042
465.375		0.983042
465.5		0.983042
465.625		0.983042
465.75		0.983042
465.875		0.983042
466		0.983042
466.125		0.987822
466.25		0.987822
466.375		0.987822
466.5		0.987822
466.625		0.987822
466.75		0.987822
466.875		0.987822
467		0.987822
467.125		0.988724
467.25		0.988724
467.375		0.988724
467.5		0.988724
467.625		0.988724
467.75		0.988724
467.875		0.988724
468		0.988724
468.125		0.990925
468.25		0.990925
468.375		0.990925
468.5		0.990925
468.625		0.990925
468.75		0.990925
468.875		0.990925
469		0.990925
469.125		0.994382
469.25		0.994382
469.375		0.994382
469.5		0.994382
469.625		0.994382
469.75		0.994382
469.875		0.994382
470		0.994382
470.125		0.996915
470.25		0.996915
470.375		0.996915
470.5		0.996915
470.625		0.996915
470.75		0.996915
470.875		0.996915
471		0.996915
471.125		0.998545
471.25		0.998545
471.375		0.998545
471.5		0.998545
471.625		0.998545
471.75		0.998545
471.875		0.998545
472		0.998545
472.125		0.998833
472.25		0.998833
472.375		0.998833
472.5		0.998833
472.625		0.998833
472.75		0.998833
472.875		0.998833
473		0.998833
473.125		0.999765
473.25		0.999765
473.375		0.999765
473.5		0.999765
473.625		0.999765
473.75		0.999765
473.875		0.999765
474		0.999765
474.125		1
474.25		1
474.375		1
474.5		1
474.625		1
474.75		1
474.875		1
475		1
475.125		1
475.25		1
475.375		1
475.5		1
475.625		1
475.75		1
475.875		1
476		1
476.125		1
476.25		1
476.375		1
476.5		1
476.625		1
476.75		1
476.875		1
477		1
477.125		1
477.25		1
477.375		1
477.5		1
477.625		1
477.75		1
477.875		1
478		1
478.125		1
478.25		1
478.375		1
478.5		1
478.625		1
478.75		1
478.875		1
479		1
479.125		1
479.25		1
479.375		1
479.5		1
479.625		1
479.75		1
479.875		1
480		1
480.125		1
480.25		1
480.375		1
480.5		1
480.625		1
480.75		1
480.875		1
481		1
481.125		1
481.25		1
481.375		1
481.5		1
481.625		1
481.75		1
481.875		1
482		1
482.125		1
482.25		1
482.375		1
482.5		1
482.625		1
482.75		1
482.875		1
483		1
483.125		1
483.25		1
483.375		1
483.5		1
483.625		1
483.75		1
483.875		1
484		1
484.125		1
484.25		1
484.375		1
484.5		1
484.625		1
484.75		1
484.875		1
485		1
485.125		1
485.25		1
485.375		1
485.5		1
485.625		1
485.75		1
485.875		1
486		1
486.125		1
486.25		1
486.375		1
486.5		1
486.625		1
486.75		1
486.875		1
487		1
487.125		1
487.25		1
487.375		1
487.5		1
487.625		1
487.75		1
487.875		1
488		1
488.125		1
488.25		1
488.375		1
488.5		1
488.625		1
488.75		1
488.875		1
489		1
489.125		1
489.25		1
489.375		1
489.5		1
489.625		1
489.75		1
489.875		1
490		1
490.125		1
490.25		1
490.375		1
490.5		1
490.625		1
490.75		1
490.875		1
491		1
491.125		1
491.25		1
491.375		1
491.5		1
491.625		1
491.75		1
491.875		1
492		1
492.125		1
492.25		1
492.375		1
492.5		1
492.625		1
492.75		1
492.875		1
493		1
493.125		1
493.25		1
493.375		1
493.5		1
493.625		1
493.75		1
493.875		1
494		1
494.125		1
494.25		1
494.375		1
494.5		1
494.625		1
494.75		1
494.875		1
495		1
495.125		1
495.25		1
495.375		1
495.5		1
495.625		1
495.75		1
495.875		1
496		1
496.125		1
496.25		1
496.375		1
496.5		1
496.625		1
496.75		1
496.875		1
497		1
497.125		1
497.25		1
497.375		1
497.5		1
497.625		1
497.75		1
497.875		1
498		1
498.125		1
498.25		1
498.375		1
498.5		1
498.625		1
498.75		1
498.875		1
499		1
499.125		1
499.25		1
499.375		1
499.5		1
499.625		1
499.75		1
499.875		1
500		1
