# Calibration file of tamex_id 0 @ channel 2
# fine_T bin		 Calibration value
1		0
2		0
3		0
4		0
5		0
6		0
7		0
8		0
9		0
10		0
11		0
12		0
13		0
14		0
15		0
16		0
17		0
18		0.00451333
19		0.0103303
20		0.0110894
21		0.0143812
22		0.0152544
23		0.0193783
24		0.0203579
25		0.0213619
26		0.02572
27		0.0277006
28		0.0282878
29		0.029955
30		0.0303657
31		0.0351179
32		0.037424
33		0.0386485
34		0.0389041
35		0.0441141
36		0.044858
37		0.0461373
38		0.0495386
39		0.0501182
40		0.0519238
41		0.0550209
42		0.0559489
43		0.0596712
44		0.0614646
45		0.0632155
46		0.0636871
47		0.0680589
48		0.0688591
49		0.0695649
50		0.0742441
51		0.0753393
52		0.078374
53		0.0794936
54		0.0819336
55		0.0831642
56		0.0844816
57		0.0884594
58		0.0911991
59		0.0926046
60		0.0939874
61		0.0973553
62		0.0981889
63		0.099345
64		0.102145
65		0.105013
66		0.106755
67		0.106904
68		0.109047
69		0.113528
70		0.115339
71		0.116527
72		0.118052
73		0.121175
74		0.123386
75		0.124329
76		0.126154
77		0.130059
78		0.130613
79		0.134041
80		0.136199
81		0.138485
82		0.140391
83		0.141784
84		0.143172
85		0.144319
86		0.147467
87		0.151753
88		0.153243
89		0.153683
90		0.154151
91		0.158511
92		0.159894
93		0.16262
94		0.164117
95		0.16823
96		0.168952
97		0.170597
98		0.170833
99		0.176038
100		0.177891
101		0.17921
102		0.180897
103		0.183965
104		0.184773
105		0.187196
106		0.188556
107		0.191359
108		0.194187
109		0.194881
110		0.195508
111		0.200295
112		0.201005
113		0.204455
114		0.205735
115		0.207736
116		0.210995
117		0.212081
118		0.215052
119		0.215616
120		0.217454
121		0.221015
122		0.222846
123		0.223514
124		0.224949
125		0.229358
126		0.231535
127		0.232173
128		0.234644
129		0.238025
130		0.240618
131		0.241671
132		0.241926
133		0.246709
134		0.248667
135		0.249236
136		0.25168
137		0.255977
138		0.256516
139		0.258857
140		0.259942
141		0.263159
142		0.2656
143		0.266253
144		0.269572
145		0.271744
146		0.273809
147		0.27545
148		0.277295
149		0.28043
150		0.282061
151		0.283572
152		0.28659
153		0.288068
154		0.29079
155		0.292191
156		0.294801
157		0.295467
158		0.297353
159		0.301581
160		0.301865
161		0.302366
162		0.305918
163		0.307999
164		0.311745
165		0.312994
166		0.313519
167		0.317746
168		0.318644
169		0.31893
170		0.322489
171		0.326784
172		0.327489
173		0.328279
174		0.330526
175		0.332964
176		0.33691
177		0.337552
178		0.339408
179		0.341921
180		0.343533
181		0.345964
182		0.346881
183		0.348631
184		0.351424
185		0.355507
186		0.355748
187		0.35744
188		0.358899
189		0.364104
190		0.364787
191		0.365717
192		0.366652
193		0.370667
194		0.373552
195		0.374765
196		0.375845
197		0.379333
198		0.380941
199		0.38252
200		0.384508
201		0.387996
202		0.389585
203		0.390615
204		0.39304
205		0.394934
206		0.396711
207		0.398416
208		0.402305
209		0.402836
210		0.405711
211		0.408071
212		0.409149
213		0.412379
214		0.413267
215		0.418006
216		0.418578
217		0.419034
218		0.421139
219		0.425374
220		0.42766
221		0.429726
222		0.430534
223		0.434268
224		0.435482
225		0.43654
226		0.437837
227		0.442901
228		0.443396
229		0.445633
230		0.446112
231		0.448589
232		0.45299
233		0.453986
234		0.455997
235		0.457129
236		0.458391
237		0.462781
238		0.464462
239		0.466992
240		0.468728
241		0.472089
242		0.472663
243		0.473583
244		0.476735
245		0.479525
246		0.480953
247		0.482975
248		0.484052
249		0.488331
250		0.488577
251		0.489581
252		0.491202
253		0.496235
254		0.497893
255		0.499647
256		0.500414
257		0.504831
258		0.506428
259		0.506937
260		0.508449
261		0.51256
262		0.514812
263		0.516006
264		0.51687
265		0.51938
266		0.522983
267		0.525083
268		0.526263
269		0.528371
270		0.529984
271		0.533896
272		0.53639
273		0.536742
274		0.538942
275		0.542473
276		0.543554
277		0.544505
278		0.54616
279		0.551147
280		0.552228
281		0.553968
282		0.555777
283		0.560202
284		0.562689
285		0.566154
286		0.568462
287		0.570079
288		0.571069
289		0.573906
290		0.579332
291		0.580794
292		0.580972
293		0.581721
294		0.583465
295		0.586596
296		0.590076
297		0.591794
298		0.595912
299		0.597472
300		0.602727
301		0.60584
302		0.608098
303		0.611122
304		0.613639
305		0.615386
306		0.617671
307		0.619072
308		0.621323
309		0.624785
310		0.626763
311		0.628215
312		0.629076
313		0.634098
314		0.634496
315		0.635217
316		0.638593
317		0.640532
318		0.642665
319		0.644662
320		0.645006
321		0.649936
322		0.650352
323		0.650574
324		0.652506
325		0.658751
326		0.660711
327		0.661042
328		0.662586
329		0.666996
330		0.667664
331		0.66863
332		0.670302
333		0.67449
334		0.676345
335		0.677184
336		0.678335
337		0.68184
338		0.684141
339		0.68855
340		0.690149
341		0.691186
342		0.69709
343		0.698824
344		0.700514
345		0.702303
346		0.703702
347		0.706384
348		0.709833
349		0.710157
350		0.711894
351		0.71219
352		0.71378
353		0.720078
354		0.720517
355		0.722697
356		0.725481
357		0.730318
358		0.733902
359		0.735664
360		0.736406
361		0.74096
362		0.74262
363		0.745436
364		0.746412
365		0.74924
366		0.752015
367		0.752918
368		0.754315
369		0.75829
370		0.759615
371		0.761782
372		0.763574
373		0.764717
374		0.767342
375		0.77022
376		0.772141
377		0.773523
378		0.77529
379		0.778071
380		0.780268
381		0.7816
382		0.782948
383		0.787542
384		0.788626
385		0.789425
386		0.791179
387		0.79376
388		0.795954
389		0.797726
390		0.799698
391		0.801903
392		0.803441
393		0.805588
394		0.808206
395		0.810747
396		0.812266
397		0.814518
398		0.815877
399		0.817476
400		0.820054
401		0.822546
402		0.824652
403		0.825618
404		0.827223
405		0.83113
406		0.832525
407		0.833456
408		0.835234
409		0.839307
410		0.840398
411		0.842122
412		0.842925
413		0.847645
414		0.850106
415		0.85061
416		0.852025
417		0.854968
418		0.857353
419		0.858231
420		0.860342
421		0.863265
422		0.863952
423		0.867185
424		0.869116
425		0.872127
426		0.873338
427		0.875627
428		0.876715
429		0.879164
430		0.882669
431		0.883613
432		0.884985
433		0.885738
434		0.889093
435		0.890527
436		0.893043
437		0.894847
438		0.89665
439		0.900661
440		0.902082
441		0.903033
442		0.905903
443		0.907826
444		0.909884
445		0.910381
446		0.91186
447		0.917017
448		0.917998
449		0.919054
450		0.920943
451		0.925146
452		0.928194
453		0.928804
454		0.93065
455		0.9318
456		0.936155
457		0.937606
458		0.939576
459		0.94129
460		0.942959
461		0.944418
462		0.948394
463		0.948977
464		0.951064
465		0.953295
466		0.95569
467		0.956478
468		0.959458
469		0.961837
470		0.962182
471		0.965681
472		0.966688
473		0.970807
474		0.972029
475		0.972316
476		0.974683
477		0.977045
478		0.980158
479		0.981852
480		0.982657
481		0.98639
482		0.987202
483		0.98737
484		0.989772
485		0.994037
486		0.997078
487		0.997937
488		0.998385
489		0.999994
490		1
491		1
492		1
493		1
494		1
495		1
496		1
497		1
498		1
499		1
500		1
501		1
502		1
503		1
504		1
505		1
506		1
507		1
508		1
509		1
510		1
511		1
512		1
513		1
514		1
515		1
516		1
517		1
518		1
519		1
520		1
521		1
522		1
523		1
524		1
525		1
526		1
527		1
528		1
529		1
530		1
531		1
532		1
533		1
534		1
535		1
536		1
537		1
538		1
539		1
540		1
541		1
542		1
543		1
544		1
545		1
546		1
547		1
548		1
549		1
550		1
551		1
552		1
553		1
554		1
555		1
556		1
557		1
558		1
559		1
560		1
561		1
562		1
563		1
564		1
565		1
566		1
567		1
568		1
569		1
570		1
571		1
572		1
573		1
574		1
575		1
576		1
577		1
578		1
579		1
580		1
581		1
582		1
583		1
584		1
585		1
586		1
587		1
588		1
589		1
590		1
591		1
592		1
593		1
594		1
595		1
596		1
597		1
598		1
599		1
600		1
