# Calibration file of tamex_id 1 @ channel 19
# fine_T bin		 Calibration value
0.125		0
0.25		0
0.375		0
0.5		0
0.625		0
0.75		0
0.875		0
1		0
1.125		0
1.25		0
1.375		0
1.5		0
1.625		0
1.75		0
1.875		0
2		0
2.125		0
2.25		0
2.375		0
2.5		0
2.625		0
2.75		0
2.875		0
3		0
3.125		0
3.25		0
3.375		0
3.5		0
3.625		0
3.75		0
3.875		0
4		0
4.125		0
4.25		0
4.375		0
4.5		0
4.625		0
4.75		0
4.875		0
5		0
5.125		0
5.25		0
5.375		0
5.5		0
5.625		0
5.75		0
5.875		0
6		0
6.125		0
6.25		0
6.375		0
6.5		0
6.625		0
6.75		0
6.875		0
7		0
7.125		0
7.25		0
7.375		0
7.5		0
7.625		0
7.75		0
7.875		0
8		0
8.125		0
8.25		0
8.375		0
8.5		0
8.625		0
8.75		0
8.875		0
9		0
9.125		0
9.25		0
9.375		0
9.5		0
9.625		0
9.75		0
9.875		0
10		0
10.125		0
10.25		0
10.375		0
10.5		0
10.625		0
10.75		0
10.875		0
11		0
11.125		0
11.25		0
11.375		0
11.5		0
11.625		0
11.75		0
11.875		0
12		0
12.125		0
12.25		0
12.375		0
12.5		0
12.625		0
12.75		0
12.875		0
13		0
13.125		0
13.25		0
13.375		0
13.5		0
13.625		0
13.75		0
13.875		0
14		0
14.125		0
14.25		0
14.375		0
14.5		0
14.625		0
14.75		0
14.875		0
15		0
15.125		0
15.25		0
15.375		0
15.5		0
15.625		0
15.75		0
15.875		0
16		0
16.125		0
16.25		0
16.375		0
16.5		0
16.625		0
16.75		0
16.875		0
17		0
17.125		0
17.25		0
17.375		0
17.5		0
17.625		0
17.75		0
17.875		0
18		0
18.125		0
18.25		0
18.375		0
18.5		0
18.625		0
18.75		0
18.875		0
19		0
19.125		0
19.25		0
19.375		0
19.5		0
19.625		0
19.75		0
19.875		0
20		0
20.125		0
20.25		0
20.375		0
20.5		0
20.625		0
20.75		0
20.875		0
21		0
21.125		0
21.25		0
21.375		0
21.5		0
21.625		0
21.75		0
21.875		0
22		0
22.125		2.82011e-05
22.25		2.82011e-05
22.375		2.82011e-05
22.5		2.82011e-05
22.625		2.82011e-05
22.75		2.82011e-05
22.875		2.82011e-05
23		2.82011e-05
23.125		0.00214328
23.25		0.00214328
23.375		0.00214328
23.5		0.00214328
23.625		0.00214328
23.75		0.00214328
23.875		0.00214328
24		0.00214328
24.125		0.00882693
24.25		0.00882693
24.375		0.00882693
24.5		0.00882693
24.625		0.00882693
24.75		0.00882693
24.875		0.00882693
25		0.00882693
25.125		0.0103028
25.25		0.0103028
25.375		0.0103028
25.5		0.0103028
25.625		0.0103028
25.75		0.0103028
25.875		0.0103028
26		0.0103028
26.125		0.0105566
26.25		0.0105566
26.375		0.0105566
26.5		0.0105566
26.625		0.0105566
26.75		0.0105566
26.875		0.0105566
27		0.0105566
27.125		0.0109702
27.25		0.0109702
27.375		0.0109702
27.5		0.0109702
27.625		0.0109702
27.75		0.0109702
27.875		0.0109702
28		0.0109702
28.125		0.015473
28.25		0.015473
28.375		0.015473
28.5		0.015473
28.625		0.015473
28.75		0.015473
28.875		0.015473
29		0.015473
29.125		0.0192049
29.25		0.0192049
29.375		0.0192049
29.5		0.0192049
29.625		0.0192049
29.75		0.0192049
29.875		0.0192049
30		0.0192049
30.125		0.020756
30.25		0.020756
30.375		0.020756
30.5		0.020756
30.625		0.020756
30.75		0.020756
30.875		0.020756
31		0.020756
31.125		0.0219028
31.25		0.0219028
31.375		0.0219028
31.5		0.0219028
31.625		0.0219028
31.75		0.0219028
31.875		0.0219028
32		0.0219028
32.125		0.0222224
32.25		0.0222224
32.375		0.0222224
32.5		0.0222224
32.625		0.0222224
32.75		0.0222224
32.875		0.0222224
33		0.0222224
33.125		0.0261706
33.25		0.0261706
33.375		0.0261706
33.5		0.0261706
33.625		0.0261706
33.75		0.0261706
33.875		0.0261706
34		0.0261706
34.125		0.027026
34.25		0.027026
34.375		0.027026
34.5		0.027026
34.625		0.027026
34.75		0.027026
34.875		0.027026
35		0.027026
35.125		0.0303819
35.25		0.0303819
35.375		0.0303819
35.5		0.0303819
35.625		0.0303819
35.75		0.0303819
35.875		0.0303819
36		0.0303819
36.125		0.0333148
36.25		0.0333148
36.375		0.0333148
36.5		0.0333148
36.625		0.0333148
36.75		0.0333148
36.875		0.0333148
37		0.0333148
37.125		0.0354299
37.25		0.0354299
37.375		0.0354299
37.5		0.0354299
37.625		0.0354299
37.75		0.0354299
37.875		0.0354299
38		0.0354299
38.125		0.0363606
38.25		0.0363606
38.375		0.0363606
38.5		0.0363606
38.625		0.0363606
38.75		0.0363606
38.875		0.0363606
39		0.0363606
39.125		0.0386636
39.25		0.0386636
39.375		0.0386636
39.5		0.0386636
39.625		0.0386636
39.75		0.0386636
39.875		0.0386636
40		0.0386636
40.125		0.0392935
40.25		0.0392935
40.375		0.0392935
40.5		0.0392935
40.625		0.0392935
40.75		0.0392935
40.875		0.0392935
41		0.0392935
41.125		0.0442287
41.25		0.0442287
41.375		0.0442287
41.5		0.0442287
41.625		0.0442287
41.75		0.0442287
41.875		0.0442287
42		0.0442287
42.125		0.0458925
42.25		0.0458925
42.375		0.0458925
42.5		0.0458925
42.625		0.0458925
42.75		0.0458925
42.875		0.0458925
43		0.0458925
43.125		0.046936
43.25		0.046936
43.375		0.046936
43.5		0.046936
43.625		0.046936
43.75		0.046936
43.875		0.046936
44		0.046936
44.125		0.0497373
44.25		0.0497373
44.375		0.0497373
44.5		0.0497373
44.625		0.0497373
44.75		0.0497373
44.875		0.0497373
45		0.0497373
45.125		0.0505833
45.25		0.0505833
45.375		0.0505833
45.5		0.0505833
45.625		0.0505833
45.75		0.0505833
45.875		0.0505833
46		0.0505833
46.125		0.0535256
46.25		0.0535256
46.375		0.0535256
46.5		0.0535256
46.625		0.0535256
46.75		0.0535256
46.875		0.0535256
47		0.0535256
47.125		0.0558663
47.25		0.0558663
47.375		0.0558663
47.5		0.0558663
47.625		0.0558663
47.75		0.0558663
47.875		0.0558663
48		0.0558663
48.125		0.0565619
48.25		0.0565619
48.375		0.0565619
48.5		0.0565619
48.625		0.0565619
48.75		0.0565619
48.875		0.0565619
49		0.0565619
49.125		0.0568063
49.25		0.0568063
49.375		0.0568063
49.5		0.0568063
49.625		0.0568063
49.75		0.0568063
49.875		0.0568063
50		0.0568063
50.125		0.0622867
50.25		0.0622867
50.375		0.0622867
50.5		0.0622867
50.625		0.0622867
50.75		0.0622867
50.875		0.0622867
51		0.0622867
51.125		0.06443
51.25		0.06443
51.375		0.06443
51.5		0.06443
51.625		0.06443
51.75		0.06443
51.875		0.06443
52		0.06443
52.125		0.0647872
52.25		0.0647872
52.375		0.0647872
52.5		0.0647872
52.625		0.0647872
52.75		0.0647872
52.875		0.0647872
53		0.0647872
53.125		0.0650974
53.25		0.0650974
53.375		0.0650974
53.5		0.0650974
53.625		0.0650974
53.75		0.0650974
53.875		0.0650974
54		0.0650974
54.125		0.0691114
54.25		0.0691114
54.375		0.0691114
54.5		0.0691114
54.625		0.0691114
54.75		0.0691114
54.875		0.0691114
55		0.0691114
55.125		0.0702112
55.25		0.0702112
55.375		0.0702112
55.5		0.0702112
55.625		0.0702112
55.75		0.0702112
55.875		0.0702112
56		0.0702112
56.125		0.0728621
56.25		0.0728621
56.375		0.0728621
56.5		0.0728621
56.625		0.0728621
56.75		0.0728621
56.875		0.0728621
57		0.0728621
57.125		0.0752968
57.25		0.0752968
57.375		0.0752968
57.5		0.0752968
57.625		0.0752968
57.75		0.0752968
57.875		0.0752968
58		0.0752968
58.125		0.0762557
58.25		0.0762557
58.375		0.0762557
58.5		0.0762557
58.625		0.0762557
58.75		0.0762557
58.875		0.0762557
59		0.0762557
59.125		0.0802226
59.25		0.0802226
59.375		0.0802226
59.5		0.0802226
59.625		0.0802226
59.75		0.0802226
59.875		0.0802226
60		0.0802226
60.125		0.08042
60.25		0.08042
60.375		0.08042
60.5		0.08042
60.625		0.08042
60.75		0.08042
60.875		0.08042
61		0.08042
61.125		0.0825163
61.25		0.0825163
61.375		0.0825163
61.5		0.0825163
61.625		0.0825163
61.75		0.0825163
61.875		0.0825163
62		0.0825163
62.125		0.0863704
62.25		0.0863704
62.375		0.0863704
62.5		0.0863704
62.625		0.0863704
62.75		0.0863704
62.875		0.0863704
63		0.0863704
63.125		0.08669
63.25		0.08669
63.375		0.08669
63.5		0.08669
63.625		0.08669
63.75		0.08669
63.875		0.08669
64		0.08669
64.125		0.0902904
64.25		0.0902904
64.375		0.0902904
64.5		0.0902904
64.625		0.0902904
64.75		0.0902904
64.875		0.0902904
65		0.0902904
65.125		0.0941633
65.25		0.0941633
65.375		0.0941633
65.5		0.0941633
65.625		0.0941633
65.75		0.0941633
65.875		0.0941633
66		0.0941633
66.125		0.0947931
66.25		0.0947931
66.375		0.0947931
66.5		0.0947931
66.625		0.0947931
66.75		0.0947931
66.875		0.0947931
67		0.0947931
67.125		0.0978765
67.25		0.0978765
67.375		0.0978765
67.5		0.0978765
67.625		0.0978765
67.75		0.0978765
67.875		0.0978765
68		0.0978765
68.125		0.0997001
68.25		0.0997001
68.375		0.0997001
68.5		0.0997001
68.625		0.0997001
68.75		0.0997001
68.875		0.0997001
69		0.0997001
69.125		0.101571
69.25		0.101571
69.375		0.101571
69.5		0.101571
69.625		0.101571
69.75		0.101571
69.875		0.101571
70		0.101571
70.125		0.104382
70.25		0.104382
70.375		0.104382
70.5		0.104382
70.625		0.104382
70.75		0.104382
70.875		0.104382
71		0.104382
71.125		0.105904
71.25		0.105904
71.375		0.105904
71.5		0.105904
71.625		0.105904
71.75		0.105904
71.875		0.105904
72		0.105904
72.125		0.110078
72.25		0.110078
72.375		0.110078
72.5		0.110078
72.625		0.110078
72.75		0.110078
72.875		0.110078
73		0.110078
73.125		0.110454
73.25		0.110454
73.375		0.110454
73.5		0.110454
73.625		0.110454
73.75		0.110454
73.875		0.110454
74		0.110454
74.125		0.110689
74.25		0.110689
74.375		0.110689
74.5		0.110689
74.625		0.110689
74.75		0.110689
74.875		0.110689
75		0.110689
75.125		0.113331
75.25		0.113331
75.375		0.113331
75.5		0.113331
75.625		0.113331
75.75		0.113331
75.875		0.113331
76		0.113331
76.125		0.119779
76.25		0.119779
76.375		0.119779
76.5		0.119779
76.625		0.119779
76.75		0.119779
76.875		0.119779
77		0.119779
77.125		0.122176
77.25		0.122176
77.375		0.122176
77.5		0.122176
77.625		0.122176
77.75		0.122176
77.875		0.122176
78		0.122176
78.125		0.122346
78.25		0.122346
78.375		0.122346
78.5		0.122346
78.625		0.122346
78.75		0.122346
78.875		0.122346
79		0.122346
79.125		0.122693
79.25		0.122693
79.375		0.122693
79.5		0.122693
79.625		0.122693
79.75		0.122693
79.875		0.122693
80		0.122693
80.125		0.126679
80.25		0.126679
80.375		0.126679
80.5		0.126679
80.625		0.126679
80.75		0.126679
80.875		0.126679
81		0.126679
81.125		0.128888
81.25		0.128888
81.375		0.128888
81.5		0.128888
81.625		0.128888
81.75		0.128888
81.875		0.128888
82		0.128888
82.125		0.131765
82.25		0.131765
82.375		0.131765
82.5		0.131765
82.625		0.131765
82.75		0.131765
82.875		0.131765
83		0.131765
83.125		0.13434
83.25		0.13434
83.375		0.13434
83.5		0.13434
83.625		0.13434
83.75		0.13434
83.875		0.13434
84		0.13434
84.125		0.13639
84.25		0.13639
84.375		0.13639
84.5		0.13639
84.625		0.13639
84.75		0.13639
84.875		0.13639
85		0.13639
85.125		0.138223
85.25		0.138223
85.375		0.138223
85.5		0.138223
85.625		0.138223
85.75		0.138223
85.875		0.138223
86		0.138223
86.125		0.13999
86.25		0.13999
86.375		0.13999
86.5		0.13999
86.625		0.13999
86.75		0.13999
86.875		0.13999
87		0.13999
87.125		0.14172
87.25		0.14172
87.375		0.14172
87.5		0.14172
87.625		0.14172
87.75		0.14172
87.875		0.14172
88		0.14172
88.125		0.143562
88.25		0.143562
88.375		0.143562
88.5		0.143562
88.625		0.143562
88.75		0.143562
88.875		0.143562
89		0.143562
89.125		0.148046
89.25		0.148046
89.375		0.148046
89.5		0.148046
89.625		0.148046
89.75		0.148046
89.875		0.148046
90		0.148046
90.125		0.148845
90.25		0.148845
90.375		0.148845
90.5		0.148845
90.625		0.148845
90.75		0.148845
90.875		0.148845
91		0.148845
91.125		0.151252
91.25		0.151252
91.375		0.151252
91.5		0.151252
91.625		0.151252
91.75		0.151252
91.875		0.151252
92		0.151252
92.125		0.152267
92.25		0.152267
92.375		0.152267
92.5		0.152267
92.625		0.152267
92.75		0.152267
92.875		0.152267
93		0.152267
93.125		0.153517
93.25		0.153517
93.375		0.153517
93.5		0.153517
93.625		0.153517
93.75		0.153517
93.875		0.153517
94		0.153517
94.125		0.158471
94.25		0.158471
94.375		0.158471
94.5		0.158471
94.625		0.158471
94.75		0.158471
94.875		0.158471
95		0.158471
95.125		0.158678
95.25		0.158678
95.375		0.158678
95.5		0.158678
95.625		0.158678
95.75		0.158678
95.875		0.158678
96		0.158678
96.125		0.160755
96.25		0.160755
96.375		0.160755
96.5		0.160755
96.625		0.160755
96.75		0.160755
96.875		0.160755
97		0.160755
97.125		0.161827
97.25		0.161827
97.375		0.161827
97.5		0.161827
97.625		0.161827
97.75		0.161827
97.875		0.161827
98		0.161827
98.125		0.16727
98.25		0.16727
98.375		0.16727
98.5		0.16727
98.625		0.16727
98.75		0.16727
98.875		0.16727
99		0.16727
99.125		0.169338
99.25		0.169338
99.375		0.169338
99.5		0.169338
99.625		0.169338
99.75		0.169338
99.875		0.169338
100		0.169338
100.125		0.170917
100.25		0.170917
100.375		0.170917
100.5		0.170917
100.625		0.170917
100.75		0.170917
100.875		0.170917
101		0.170917
101.125		0.171284
101.25		0.171284
101.375		0.171284
101.5		0.171284
101.625		0.171284
101.75		0.171284
101.875		0.171284
102		0.171284
102.125		0.176116
102.25		0.176116
102.375		0.176116
102.5		0.176116
102.625		0.176116
102.75		0.176116
102.875		0.176116
103		0.176116
103.125		0.17761
103.25		0.17761
103.375		0.17761
103.5		0.17761
103.625		0.17761
103.75		0.17761
103.875		0.17761
104		0.17761
104.125		0.17902
104.25		0.17902
104.375		0.17902
104.5		0.17902
104.625		0.17902
104.75		0.17902
104.875		0.17902
105		0.17902
105.125		0.181502
105.25		0.181502
105.375		0.181502
105.5		0.181502
105.625		0.181502
105.75		0.181502
105.875		0.181502
106		0.181502
106.125		0.185084
106.25		0.185084
106.375		0.185084
106.5		0.185084
106.625		0.185084
106.75		0.185084
106.875		0.185084
107		0.185084
107.125		0.187095
107.25		0.187095
107.375		0.187095
107.5		0.187095
107.625		0.187095
107.75		0.187095
107.875		0.187095
108		0.187095
108.125		0.189455
108.25		0.189455
108.375		0.189455
108.5		0.189455
108.625		0.189455
108.75		0.189455
108.875		0.189455
109		0.189455
109.125		0.18969
109.25		0.18969
109.375		0.18969
109.5		0.18969
109.625		0.18969
109.75		0.18969
109.875		0.18969
110		0.18969
110.125		0.193694
110.25		0.193694
110.375		0.193694
110.5		0.193694
110.625		0.193694
110.75		0.193694
110.875		0.193694
111		0.193694
111.125		0.196749
111.25		0.196749
111.375		0.196749
111.5		0.196749
111.625		0.196749
111.75		0.196749
111.875		0.196749
112		0.196749
112.125		0.197548
112.25		0.197548
112.375		0.197548
112.5		0.197548
112.625		0.197548
112.75		0.197548
112.875		0.197548
113		0.197548
113.125		0.200989
113.25		0.200989
113.375		0.200989
113.5		0.200989
113.625		0.200989
113.75		0.200989
113.875		0.200989
114		0.200989
114.125		0.201938
114.25		0.201938
114.375		0.201938
114.5		0.201938
114.625		0.201938
114.75		0.201938
114.875		0.201938
115		0.201938
115.125		0.205228
115.25		0.205228
115.375		0.205228
115.5		0.205228
115.625		0.205228
115.75		0.205228
115.875		0.205228
116		0.205228
116.125		0.205623
116.25		0.205623
116.375		0.205623
116.5		0.205623
116.625		0.205623
116.75		0.205623
116.875		0.205623
117		0.205623
117.125		0.207268
117.25		0.207268
117.375		0.207268
117.5		0.207268
117.625		0.207268
117.75		0.207268
117.875		0.207268
118		0.207268
118.125		0.210427
118.25		0.210427
118.375		0.210427
118.5		0.210427
118.625		0.210427
118.75		0.210427
118.875		0.210427
119		0.210427
119.125		0.213849
119.25		0.213849
119.375		0.213849
119.5		0.213849
119.625		0.213849
119.75		0.213849
119.875		0.213849
120		0.213849
120.125		0.214121
120.25		0.214121
120.375		0.214121
120.5		0.214121
120.625		0.214121
120.75		0.214121
120.875		0.214121
121		0.214121
121.125		0.217317
121.25		0.217317
121.375		0.217317
121.5		0.217317
121.625		0.217317
121.75		0.217317
121.875		0.217317
122		0.217317
122.125		0.21885
122.25		0.21885
122.375		0.21885
122.5		0.21885
122.625		0.21885
122.75		0.21885
122.875		0.21885
123		0.21885
123.125		0.221265
123.25		0.221265
123.375		0.221265
123.5		0.221265
123.625		0.221265
123.75		0.221265
123.875		0.221265
124		0.221265
124.125		0.224377
124.25		0.224377
124.375		0.224377
124.5		0.224377
124.625		0.224377
124.75		0.224377
124.875		0.224377
125		0.224377
125.125		0.225195
125.25		0.225195
125.375		0.225195
125.5		0.225195
125.625		0.225195
125.75		0.225195
125.875		0.225195
126		0.225195
126.125		0.22778
126.25		0.22778
126.375		0.22778
126.5		0.22778
126.625		0.22778
126.75		0.22778
126.875		0.22778
127		0.22778
127.125		0.227846
127.25		0.227846
127.375		0.227846
127.5		0.227846
127.625		0.227846
127.75		0.227846
127.875		0.227846
128		0.227846
128.125		0.232254
128.25		0.232254
128.375		0.232254
128.5		0.232254
128.625		0.232254
128.75		0.232254
128.875		0.232254
129		0.232254
129.125		0.233674
129.25		0.233674
129.375		0.233674
129.5		0.233674
129.625		0.233674
129.75		0.233674
129.875		0.233674
130		0.233674
130.125		0.236776
130.25		0.236776
130.375		0.236776
130.5		0.236776
130.625		0.236776
130.75		0.236776
130.875		0.236776
131		0.236776
131.125		0.239051
131.25		0.239051
131.375		0.239051
131.5		0.239051
131.625		0.239051
131.75		0.239051
131.875		0.239051
132		0.239051
132.125		0.241965
132.25		0.241965
132.375		0.241965
132.5		0.241965
132.625		0.241965
132.75		0.241965
132.875		0.241965
133		0.241965
133.125		0.24361
133.25		0.24361
133.375		0.24361
133.5		0.24361
133.625		0.24361
133.75		0.24361
133.875		0.24361
134		0.24361
134.125		0.246787
134.25		0.246787
134.375		0.246787
134.5		0.246787
134.625		0.246787
134.75		0.246787
134.875		0.246787
135		0.246787
135.125		0.247257
135.25		0.247257
135.375		0.247257
135.5		0.247257
135.625		0.247257
135.75		0.247257
135.875		0.247257
136		0.247257
136.125		0.247652
136.25		0.247652
136.375		0.247652
136.5		0.247652
136.625		0.247652
136.75		0.247652
136.875		0.247652
137		0.247652
137.125		0.249185
137.25		0.249185
137.375		0.249185
137.5		0.249185
137.625		0.249185
137.75		0.249185
137.875		0.249185
138		0.249185
138.125		0.255041
138.25		0.255041
138.375		0.255041
138.5		0.255041
138.625		0.255041
138.75		0.255041
138.875		0.255041
139		0.255041
139.125		0.255718
139.25		0.255718
139.375		0.255718
139.5		0.255718
139.625		0.255718
139.75		0.255718
139.875		0.255718
140		0.255718
140.125		0.257955
140.25		0.257955
140.375		0.257955
140.5		0.257955
140.625		0.257955
140.75		0.257955
140.875		0.257955
141		0.257955
141.125		0.261499
141.25		0.261499
141.375		0.261499
141.5		0.261499
141.625		0.261499
141.75		0.261499
141.875		0.261499
142		0.261499
142.125		0.263276
142.25		0.263276
142.375		0.263276
142.5		0.263276
142.625		0.263276
142.75		0.263276
142.875		0.263276
143		0.263276
143.125		0.264366
143.25		0.264366
143.375		0.264366
143.5		0.264366
143.625		0.264366
143.75		0.264366
143.875		0.264366
144		0.264366
144.125		0.265814
144.25		0.265814
144.375		0.265814
144.5		0.265814
144.625		0.265814
144.75		0.265814
144.875		0.265814
145		0.265814
145.125		0.26791
145.25		0.26791
145.375		0.26791
145.5		0.26791
145.625		0.26791
145.75		0.26791
145.875		0.26791
146		0.26791
146.125		0.271398
146.25		0.271398
146.375		0.271398
146.5		0.271398
146.625		0.271398
146.75		0.271398
146.875		0.271398
147		0.271398
147.125		0.273061
147.25		0.273061
147.375		0.273061
147.5		0.273061
147.625		0.273061
147.75		0.273061
147.875		0.273061
148		0.273061
148.125		0.273701
148.25		0.273701
148.375		0.273701
148.5		0.273701
148.625		0.273701
148.75		0.273701
148.875		0.273701
149		0.273701
149.125		0.273917
149.25		0.273917
149.375		0.273917
149.5		0.273917
149.625		0.273917
149.75		0.273917
149.875		0.273917
150		0.273917
150.125		0.279557
150.25		0.279557
150.375		0.279557
150.5		0.279557
150.625		0.279557
150.75		0.279557
150.875		0.279557
151		0.279557
151.125		0.283214
151.25		0.283214
151.375		0.283214
151.5		0.283214
151.625		0.283214
151.75		0.283214
151.875		0.283214
152		0.283214
152.125		0.283383
152.25		0.283383
152.375		0.283383
152.5		0.283383
152.625		0.283383
152.75		0.283383
152.875		0.283383
153		0.283383
153.125		0.28531
153.25		0.28531
153.375		0.28531
153.5		0.28531
153.625		0.28531
153.75		0.28531
153.875		0.28531
154		0.28531
154.125		0.28672
154.25		0.28672
154.375		0.28672
154.5		0.28672
154.625		0.28672
154.75		0.28672
154.875		0.28672
155		0.28672
155.125		0.290978
155.25		0.290978
155.375		0.290978
155.5		0.290978
155.625		0.290978
155.75		0.290978
155.875		0.290978
156		0.290978
156.125		0.293272
156.25		0.293272
156.375		0.293272
156.5		0.293272
156.625		0.293272
156.75		0.293272
156.875		0.293272
157		0.293272
157.125		0.29425
157.25		0.29425
157.375		0.29425
157.5		0.29425
157.625		0.29425
157.75		0.29425
157.875		0.29425
158		0.29425
158.125		0.297446
158.25		0.297446
158.375		0.297446
158.5		0.297446
158.625		0.297446
158.75		0.297446
158.875		0.297446
159		0.297446
159.125		0.299006
159.25		0.299006
159.375		0.299006
159.5		0.299006
159.625		0.299006
159.75		0.299006
159.875		0.299006
160		0.299006
160.125		0.302353
160.25		0.302353
160.375		0.302353
160.5		0.302353
160.625		0.302353
160.75		0.302353
160.875		0.302353
161		0.302353
161.125		0.303801
161.25		0.303801
161.375		0.303801
161.5		0.303801
161.625		0.303801
161.75		0.303801
161.875		0.303801
162		0.303801
162.125		0.304365
162.25		0.304365
162.375		0.304365
162.5		0.304365
162.625		0.304365
162.75		0.304365
162.875		0.304365
163		0.304365
163.125		0.307805
163.25		0.307805
163.375		0.307805
163.5		0.307805
163.625		0.307805
163.75		0.307805
163.875		0.307805
164		0.307805
164.125		0.311659
164.25		0.311659
164.375		0.311659
164.5		0.311659
164.625		0.311659
164.75		0.311659
164.875		0.311659
165		0.311659
165.125		0.313154
165.25		0.313154
165.375		0.313154
165.5		0.313154
165.625		0.313154
165.75		0.313154
165.875		0.313154
166		0.313154
166.125		0.313897
166.25		0.313897
166.375		0.313897
166.5		0.313897
166.625		0.313897
166.75		0.313897
166.875		0.313897
167		0.313897
167.125		0.317854
167.25		0.317854
167.375		0.317854
167.5		0.317854
167.625		0.317854
167.75		0.317854
167.875		0.317854
168		0.317854
168.125		0.319264
168.25		0.319264
168.375		0.319264
168.5		0.319264
168.625		0.319264
168.75		0.319264
168.875		0.319264
169		0.319264
169.125		0.321257
169.25		0.321257
169.375		0.321257
169.5		0.321257
169.625		0.321257
169.75		0.321257
169.875		0.321257
170		0.321257
170.125		0.322488
170.25		0.322488
170.375		0.322488
170.5		0.322488
170.625		0.322488
170.75		0.322488
170.875		0.322488
171		0.322488
171.125		0.323617
171.25		0.323617
171.375		0.323617
171.5		0.323617
171.625		0.323617
171.75		0.323617
171.875		0.323617
172		0.323617
172.125		0.327555
172.25		0.327555
172.375		0.327555
172.5		0.327555
172.625		0.327555
172.75		0.327555
172.875		0.327555
173		0.327555
173.125		0.331259
173.25		0.331259
173.375		0.331259
173.5		0.331259
173.625		0.331259
173.75		0.331259
173.875		0.331259
174		0.331259
174.125		0.331955
174.25		0.331955
174.375		0.331955
174.5		0.331955
174.625		0.331955
174.75		0.331955
174.875		0.331955
175		0.331955
175.125		0.332443
175.25		0.332443
175.375		0.332443
175.5		0.332443
175.625		0.332443
175.75		0.332443
175.875		0.332443
176		0.332443
176.125		0.335282
176.25		0.335282
176.375		0.335282
176.5		0.335282
176.625		0.335282
176.75		0.335282
176.875		0.335282
177		0.335282
177.125		0.337783
177.25		0.337783
177.375		0.337783
177.5		0.337783
177.625		0.337783
177.75		0.337783
177.875		0.337783
178		0.337783
178.125		0.341487
178.25		0.341487
178.375		0.341487
178.5		0.341487
178.625		0.341487
178.75		0.341487
178.875		0.341487
179		0.341487
179.125		0.342944
179.25		0.342944
179.375		0.342944
179.5		0.342944
179.625		0.342944
179.75		0.342944
179.875		0.342944
180		0.342944
180.125		0.346873
180.25		0.346873
180.375		0.346873
180.5		0.346873
180.625		0.346873
180.75		0.346873
180.875		0.346873
181		0.346873
181.125		0.347089
181.25		0.347089
181.375		0.347089
181.5		0.347089
181.625		0.347089
181.75		0.347089
181.875		0.347089
182		0.347089
182.125		0.348706
182.25		0.348706
182.375		0.348706
182.5		0.348706
182.625		0.348706
182.75		0.348706
182.875		0.348706
183		0.348706
183.125		0.35099
183.25		0.35099
183.375		0.35099
183.5		0.35099
183.625		0.35099
183.75		0.35099
183.875		0.35099
184		0.35099
184.125		0.353698
184.25		0.353698
184.375		0.353698
184.5		0.353698
184.625		0.353698
184.75		0.353698
184.875		0.353698
185		0.353698
185.125		0.358417
185.25		0.358417
185.375		0.358417
185.5		0.358417
185.625		0.358417
185.75		0.358417
185.875		0.358417
186		0.358417
186.125		0.359479
186.25		0.359479
186.375		0.359479
186.5		0.359479
186.625		0.359479
186.75		0.359479
186.875		0.359479
187		0.359479
187.125		0.362778
187.25		0.362778
187.375		0.362778
187.5		0.362778
187.625		0.362778
187.75		0.362778
187.875		0.362778
188		0.362778
188.125		0.363897
188.25		0.363897
188.375		0.363897
188.5		0.363897
188.625		0.363897
188.75		0.363897
188.875		0.363897
189		0.363897
189.125		0.366031
189.25		0.366031
189.375		0.366031
189.5		0.366031
189.625		0.366031
189.75		0.366031
189.875		0.366031
190		0.366031
190.125		0.367911
190.25		0.367911
190.375		0.367911
190.5		0.367911
190.625		0.367911
190.75		0.367911
190.875		0.367911
191		0.367911
191.125		0.370834
191.25		0.370834
191.375		0.370834
191.5		0.370834
191.625		0.370834
191.75		0.370834
191.875		0.370834
192		0.370834
192.125		0.373138
192.25		0.373138
192.375		0.373138
192.5		0.373138
192.625		0.373138
192.75		0.373138
192.875		0.373138
193		0.373138
193.125		0.376569
193.25		0.376569
193.375		0.376569
193.5		0.376569
193.625		0.376569
193.75		0.376569
193.875		0.376569
194		0.376569
194.125		0.376616
194.25		0.376616
194.375		0.376616
194.5		0.376616
194.625		0.376616
194.75		0.376616
194.875		0.376616
195		0.376616
195.125		0.377123
195.25		0.377123
195.375		0.377123
195.5		0.377123
195.625		0.377123
195.75		0.377123
195.875		0.377123
196		0.377123
196.125		0.37922
196.25		0.37922
196.375		0.37922
196.5		0.37922
196.625		0.37922
196.75		0.37922
196.875		0.37922
197		0.37922
197.125		0.384286
197.25		0.384286
197.375		0.384286
197.5		0.384286
197.625		0.384286
197.75		0.384286
197.875		0.384286
198		0.384286
198.125		0.386467
198.25		0.386467
198.375		0.386467
198.5		0.386467
198.625		0.386467
198.75		0.386467
198.875		0.386467
199		0.386467
199.125		0.387022
199.25		0.387022
199.375		0.387022
199.5		0.387022
199.625		0.387022
199.75		0.387022
199.875		0.387022
200		0.387022
200.125		0.388235
200.25		0.388235
200.375		0.388235
200.5		0.388235
200.625		0.388235
200.75		0.388235
200.875		0.388235
201		0.388235
201.125		0.389419
201.25		0.389419
201.375		0.389419
201.5		0.389419
201.625		0.389419
201.75		0.389419
201.875		0.389419
202		0.389419
202.125		0.394664
202.25		0.394664
202.375		0.394664
202.5		0.394664
202.625		0.394664
202.75		0.394664
202.875		0.394664
203		0.394664
203.125		0.397588
203.25		0.397588
203.375		0.397588
203.5		0.397588
203.625		0.397588
203.75		0.397588
203.875		0.397588
204		0.397588
204.125		0.398998
204.25		0.398998
204.375		0.398998
204.5		0.398998
204.625		0.398998
204.75		0.398998
204.875		0.398998
205		0.398998
205.125		0.400164
205.25		0.400164
205.375		0.400164
205.5		0.400164
205.625		0.400164
205.75		0.400164
205.875		0.400164
206		0.400164
206.125		0.404723
206.25		0.404723
206.375		0.404723
206.5		0.404723
206.625		0.404723
206.75		0.404723
206.875		0.404723
207		0.404723
207.125		0.40555
207.25		0.40555
207.375		0.40555
207.5		0.40555
207.625		0.40555
207.75		0.40555
207.875		0.40555
208		0.40555
208.125		0.406612
208.25		0.406612
208.375		0.406612
208.5		0.406612
208.625		0.406612
208.75		0.406612
208.875		0.406612
209		0.406612
209.125		0.408173
209.25		0.408173
209.375		0.408173
209.5		0.408173
209.625		0.408173
209.75		0.408173
209.875		0.408173
210		0.408173
210.125		0.416313
210.25		0.416313
210.375		0.416313
210.5		0.416313
210.625		0.416313
210.75		0.416313
210.875		0.416313
211		0.416313
211.125		0.417018
211.25		0.417018
211.375		0.417018
211.5		0.417018
211.625		0.417018
211.75		0.417018
211.875		0.417018
212		0.417018
212.125		0.417648
212.25		0.417648
212.375		0.417648
212.5		0.417648
212.625		0.417648
212.75		0.417648
212.875		0.417648
213		0.417648
213.125		0.419801
213.25		0.419801
213.375		0.419801
213.5		0.419801
213.625		0.419801
213.75		0.419801
213.875		0.419801
214		0.419801
214.125		0.421568
214.25		0.421568
214.375		0.421568
214.5		0.421568
214.625		0.421568
214.75		0.421568
214.875		0.421568
215		0.421568
215.125		0.425516
215.25		0.425516
215.375		0.425516
215.5		0.425516
215.625		0.425516
215.75		0.425516
215.875		0.425516
216		0.425516
216.125		0.426475
216.25		0.426475
216.375		0.426475
216.5		0.426475
216.625		0.426475
216.75		0.426475
216.875		0.426475
217		0.426475
217.125		0.429474
217.25		0.429474
217.375		0.429474
217.5		0.429474
217.625		0.429474
217.75		0.429474
217.875		0.429474
218		0.429474
218.125		0.431157
218.25		0.431157
218.375		0.431157
218.5		0.431157
218.625		0.431157
218.75		0.431157
218.875		0.431157
219		0.431157
219.125		0.434071
219.25		0.434071
219.375		0.434071
219.5		0.434071
219.625		0.434071
219.75		0.434071
219.875		0.434071
220		0.434071
220.125		0.436139
220.25		0.436139
220.375		0.436139
220.5		0.436139
220.625		0.436139
220.75		0.436139
220.875		0.436139
221		0.436139
221.125		0.437915
221.25		0.437915
221.375		0.437915
221.5		0.437915
221.625		0.437915
221.75		0.437915
221.875		0.437915
222		0.437915
222.125		0.438235
222.25		0.438235
222.375		0.438235
222.5		0.438235
222.625		0.438235
222.75		0.438235
222.875		0.438235
223		0.438235
223.125		0.441638
223.25		0.441638
223.375		0.441638
223.5		0.441638
223.625		0.441638
223.75		0.441638
223.875		0.441638
224		0.441638
224.125		0.445473
224.25		0.445473
224.375		0.445473
224.5		0.445473
224.625		0.445473
224.75		0.445473
224.875		0.445473
225		0.445473
225.125		0.447513
225.25		0.447513
225.375		0.447513
225.5		0.447513
225.625		0.447513
225.75		0.447513
225.875		0.447513
226		0.447513
226.125		0.448021
226.25		0.448021
226.375		0.448021
226.5		0.448021
226.625		0.448021
226.75		0.448021
226.875		0.448021
227		0.448021
227.125		0.448369
227.25		0.448369
227.375		0.448369
227.5		0.448369
227.625		0.448369
227.75		0.448369
227.875		0.448369
228		0.448369
228.125		0.453125
228.25		0.453125
228.375		0.453125
228.5		0.453125
228.625		0.453125
228.75		0.453125
228.875		0.453125
229		0.453125
229.125		0.454714
229.25		0.454714
229.375		0.454714
229.5		0.454714
229.625		0.454714
229.75		0.454714
229.875		0.454714
230		0.454714
230.125		0.456622
230.25		0.456622
230.375		0.456622
230.5		0.456622
230.625		0.456622
230.75		0.456622
230.875		0.456622
231		0.456622
231.125		0.456848
231.25		0.456848
231.375		0.456848
231.5		0.456848
231.625		0.456848
231.75		0.456848
231.875		0.456848
232		0.456848
232.125		0.461059
232.25		0.461059
232.375		0.461059
232.5		0.461059
232.625		0.461059
232.75		0.461059
232.875		0.461059
233		0.461059
233.125		0.463588
233.25		0.463588
233.375		0.463588
233.5		0.463588
233.625		0.463588
233.75		0.463588
233.875		0.463588
234		0.463588
234.125		0.463983
234.25		0.463983
234.375		0.463983
234.5		0.463983
234.625		0.463983
234.75		0.463983
234.875		0.463983
235		0.463983
235.125		0.465759
235.25		0.465759
235.375		0.465759
235.5		0.465759
235.625		0.465759
235.75		0.465759
235.875		0.465759
236		0.465759
236.125		0.47124
236.25		0.47124
236.375		0.47124
236.5		0.47124
236.625		0.47124
236.75		0.47124
236.875		0.47124
237		0.47124
237.125		0.472725
237.25		0.472725
237.375		0.472725
237.5		0.472725
237.625		0.472725
237.75		0.472725
237.875		0.472725
238		0.472725
238.125		0.473515
238.25		0.473515
238.375		0.473515
238.5		0.473515
238.625		0.473515
238.75		0.473515
238.875		0.473515
239		0.473515
239.125		0.474032
239.25		0.474032
239.375		0.474032
239.5		0.474032
239.625		0.474032
239.75		0.474032
239.875		0.474032
240		0.474032
240.125		0.477275
240.25		0.477275
240.375		0.477275
240.5		0.477275
240.625		0.477275
240.75		0.477275
240.875		0.477275
241		0.477275
241.125		0.478967
241.25		0.478967
241.375		0.478967
241.5		0.478967
241.625		0.478967
241.75		0.478967
241.875		0.478967
242		0.478967
242.125		0.480443
242.25		0.480443
242.375		0.480443
242.5		0.480443
242.625		0.480443
242.75		0.480443
242.875		0.480443
243		0.480443
243.125		0.48189
243.25		0.48189
243.375		0.48189
243.5		0.48189
243.625		0.48189
243.75		0.48189
243.875		0.48189
244		0.48189
244.125		0.4822
244.25		0.4822
244.375		0.4822
244.5		0.4822
244.625		0.4822
244.75		0.4822
244.875		0.4822
245		0.4822
245.125		0.488292
245.25		0.488292
245.375		0.488292
245.5		0.488292
245.625		0.488292
245.75		0.488292
245.875		0.488292
246		0.488292
246.125		0.48895
246.25		0.48895
246.375		0.48895
246.5		0.48895
246.625		0.48895
246.75		0.48895
246.875		0.48895
247		0.48895
247.125		0.492447
247.25		0.492447
247.375		0.492447
247.5		0.492447
247.625		0.492447
247.75		0.492447
247.875		0.492447
248		0.492447
248.125		0.492597
248.25		0.492597
248.375		0.492597
248.5		0.492597
248.625		0.492597
248.75		0.492597
248.875		0.492597
249		0.492597
249.125		0.492766
249.25		0.492766
249.375		0.492766
249.5		0.492766
249.625		0.492766
249.75		0.492766
249.875		0.492766
250		0.492766
250.125		0.497438
250.25		0.497438
250.375		0.497438
250.5		0.497438
250.625		0.497438
250.75		0.497438
250.875		0.497438
251		0.497438
251.125		0.49788
251.25		0.49788
251.375		0.49788
251.5		0.49788
251.625		0.49788
251.75		0.49788
251.875		0.49788
252		0.49788
252.125		0.501499
252.25		0.501499
252.375		0.501499
252.5		0.501499
252.625		0.501499
252.75		0.501499
252.875		0.501499
253		0.501499
253.125		0.502176
253.25		0.502176
253.375		0.502176
253.5		0.502176
253.625		0.502176
253.75		0.502176
253.875		0.502176
254		0.502176
254.125		0.505015
254.25		0.505015
254.375		0.505015
254.5		0.505015
254.625		0.505015
254.75		0.505015
254.875		0.505015
255		0.505015
255.125		0.507666
255.25		0.507666
255.375		0.507666
255.5		0.507666
255.625		0.507666
255.75		0.507666
255.875		0.507666
256		0.507666
256.125		0.508644
256.25		0.508644
256.375		0.508644
256.5		0.508644
256.625		0.508644
256.75		0.508644
256.875		0.508644
257		0.508644
257.125		0.508982
257.25		0.508982
257.375		0.508982
257.5		0.508982
257.625		0.508982
257.75		0.508982
257.875		0.508982
258		0.508982
258.125		0.513118
258.25		0.513118
258.375		0.513118
258.5		0.513118
258.625		0.513118
258.75		0.513118
258.875		0.513118
259		0.513118
259.125		0.514425
259.25		0.514425
259.375		0.514425
259.5		0.514425
259.625		0.514425
259.75		0.514425
259.875		0.514425
260		0.514425
260.125		0.51639
260.25		0.51639
260.375		0.51639
260.5		0.51639
260.625		0.51639
260.75		0.51639
260.875		0.51639
261		0.51639
261.125		0.518006
261.25		0.518006
261.375		0.518006
261.5		0.518006
261.625		0.518006
261.75		0.518006
261.875		0.518006
262		0.518006
262.125		0.520855
262.25		0.520855
262.375		0.520855
262.5		0.520855
262.625		0.520855
262.75		0.520855
262.875		0.520855
263		0.520855
263.125		0.522077
263.25		0.522077
263.375		0.522077
263.5		0.522077
263.625		0.522077
263.75		0.522077
263.875		0.522077
264		0.522077
264.125		0.522462
264.25		0.522462
264.375		0.522462
264.5		0.522462
264.625		0.522462
264.75		0.522462
264.875		0.522462
265		0.522462
265.125		0.527604
265.25		0.527604
265.375		0.527604
265.5		0.527604
265.625		0.527604
265.75		0.527604
265.875		0.527604
266		0.527604
266.125		0.528676
266.25		0.528676
266.375		0.528676
266.5		0.528676
266.625		0.528676
266.75		0.528676
266.875		0.528676
267		0.528676
267.125		0.531665
267.25		0.531665
267.375		0.531665
267.5		0.531665
267.625		0.531665
267.75		0.531665
267.875		0.531665
268		0.531665
268.125		0.533348
268.25		0.533348
268.375		0.533348
268.5		0.533348
268.625		0.533348
268.75		0.533348
268.875		0.533348
269		0.533348
269.125		0.533724
269.25		0.533724
269.375		0.533724
269.5		0.533724
269.625		0.533724
269.75		0.533724
269.875		0.533724
270		0.533724
270.125		0.537569
270.25		0.537569
270.375		0.537569
270.5		0.537569
270.625		0.537569
270.75		0.537569
270.875		0.537569
271		0.537569
271.125		0.537907
271.25		0.537907
271.375		0.537907
271.5		0.537907
271.625		0.537907
271.75		0.537907
271.875		0.537907
272		0.537907
272.125		0.541028
272.25		0.541028
272.375		0.541028
272.5		0.541028
272.625		0.541028
272.75		0.541028
272.875		0.541028
273		0.541028
273.125		0.544807
273.25		0.544807
273.375		0.544807
273.5		0.544807
273.625		0.544807
273.75		0.544807
273.875		0.544807
274		0.544807
274.125		0.546969
274.25		0.546969
274.375		0.546969
274.5		0.546969
274.625		0.546969
274.75		0.546969
274.875		0.546969
275		0.546969
275.125		0.552261
275.25		0.552261
275.375		0.552261
275.5		0.552261
275.625		0.552261
275.75		0.552261
275.875		0.552261
276		0.552261
276.125		0.55338
276.25		0.55338
276.375		0.55338
276.5		0.55338
276.625		0.55338
276.75		0.55338
276.875		0.55338
277		0.55338
277.125		0.55385
277.25		0.55385
277.375		0.55385
277.5		0.55385
277.625		0.55385
277.75		0.55385
277.875		0.55385
278		0.55385
278.125		0.557347
278.25		0.557347
278.375		0.557347
278.5		0.557347
278.625		0.557347
278.75		0.557347
278.875		0.557347
279		0.557347
279.125		0.563918
279.25		0.563918
279.375		0.563918
279.5		0.563918
279.625		0.563918
279.75		0.563918
279.875		0.563918
280		0.563918
280.125		0.565365
280.25		0.565365
280.375		0.565365
280.5		0.565365
280.625		0.565365
280.75		0.565365
280.875		0.565365
281		0.565365
281.125		0.565582
281.25		0.565582
281.375		0.565582
281.5		0.565582
281.625		0.565582
281.75		0.565582
281.875		0.565582
282		0.565582
282.125		0.56608
282.25		0.56608
282.375		0.56608
282.5		0.56608
282.625		0.56608
282.75		0.56608
282.875		0.56608
283		0.56608
283.125		0.566785
283.25		0.566785
283.375		0.566785
283.5		0.566785
283.625		0.566785
283.75		0.566785
283.875		0.566785
284		0.566785
284.125		0.571269
284.25		0.571269
284.375		0.571269
284.5		0.571269
284.625		0.571269
284.75		0.571269
284.875		0.571269
285		0.571269
285.125		0.571513
285.25		0.571513
285.375		0.571513
285.5		0.571513
285.625		0.571513
285.75		0.571513
285.875		0.571513
286		0.571513
286.125		0.575311
286.25		0.575311
286.375		0.575311
286.5		0.575311
286.625		0.575311
286.75		0.575311
286.875		0.575311
287		0.575311
287.125		0.577238
287.25		0.577238
287.375		0.577238
287.5		0.577238
287.625		0.577238
287.75		0.577238
287.875		0.577238
288		0.577238
288.125		0.581816
288.25		0.581816
288.375		0.581816
288.5		0.581816
288.625		0.581816
288.75		0.581816
288.875		0.581816
289		0.581816
289.125		0.582446
289.25		0.582446
289.375		0.582446
289.5		0.582446
289.625		0.582446
289.75		0.582446
289.875		0.582446
290		0.582446
290.125		0.583658
290.25		0.583658
290.375		0.583658
290.5		0.583658
290.625		0.583658
290.75		0.583658
290.875		0.583658
291		0.583658
291.125		0.583997
291.25		0.583997
291.375		0.583997
291.5		0.583997
291.625		0.583997
291.75		0.583997
291.875		0.583997
292		0.583997
292.125		0.592006
292.25		0.592006
292.375		0.592006
292.5		0.592006
292.625		0.592006
292.75		0.592006
292.875		0.592006
293		0.592006
293.125		0.592269
293.25		0.592269
293.375		0.592269
293.5		0.592269
293.625		0.592269
293.75		0.592269
293.875		0.592269
294		0.592269
294.125		0.593096
294.25		0.593096
294.375		0.593096
294.5		0.593096
294.625		0.593096
294.75		0.593096
294.875		0.593096
295		0.593096
295.125		0.593999
295.25		0.593999
295.375		0.593999
295.5		0.593999
295.625		0.593999
295.75		0.593999
295.875		0.593999
296		0.593999
296.125		0.601425
296.25		0.601425
296.375		0.601425
296.5		0.601425
296.625		0.601425
296.75		0.601425
296.875		0.601425
297		0.601425
297.125		0.601528
297.25		0.601528
297.375		0.601528
297.5		0.601528
297.625		0.601528
297.75		0.601528
297.875		0.601528
298		0.601528
298.125		0.602845
298.25		0.602845
298.375		0.602845
298.5		0.602845
298.625		0.602845
298.75		0.602845
298.875		0.602845
299		0.602845
299.125		0.610995
299.25		0.610995
299.375		0.610995
299.5		0.610995
299.625		0.610995
299.75		0.610995
299.875		0.610995
300		0.610995
300.125		0.612724
300.25		0.612724
300.375		0.612724
300.5		0.612724
300.625		0.612724
300.75		0.612724
300.875		0.612724
301		0.612724
301.125		0.613176
301.25		0.613176
301.375		0.613176
301.5		0.613176
301.625		0.613176
301.75		0.613176
301.875		0.613176
302		0.613176
302.125		0.620555
302.25		0.620555
302.375		0.620555
302.5		0.620555
302.625		0.620555
302.75		0.620555
302.875		0.620555
303		0.620555
303.125		0.621833
303.25		0.621833
303.375		0.621833
303.5		0.621833
303.625		0.621833
303.75		0.621833
303.875		0.621833
304		0.621833
304.125		0.623384
304.25		0.623384
304.375		0.623384
304.5		0.623384
304.625		0.623384
304.75		0.623384
304.875		0.623384
305		0.623384
305.125		0.623845
305.25		0.623845
305.375		0.623845
305.5		0.623845
305.625		0.623845
305.75		0.623845
305.875		0.623845
306		0.623845
306.125		0.629542
306.25		0.629542
306.375		0.629542
306.5		0.629542
306.625		0.629542
306.75		0.629542
306.875		0.629542
307		0.629542
307.125		0.629927
307.25		0.629927
307.375		0.629927
307.5		0.629927
307.625		0.629927
307.75		0.629927
307.875		0.629927
308		0.629927
308.125		0.630265
308.25		0.630265
308.375		0.630265
308.5		0.630265
308.625		0.630265
308.75		0.630265
308.875		0.630265
309		0.630265
309.125		0.634063
309.25		0.634063
309.375		0.634063
309.5		0.634063
309.625		0.634063
309.75		0.634063
309.875		0.634063
310		0.634063
310.125		0.638744
310.25		0.638744
310.375		0.638744
310.5		0.638744
310.625		0.638744
310.75		0.638744
310.875		0.638744
311		0.638744
311.125		0.640155
311.25		0.640155
311.375		0.640155
311.5		0.640155
311.625		0.640155
311.75		0.640155
311.875		0.640155
312		0.640155
312.125		0.640935
312.25		0.640935
312.375		0.640935
312.5		0.640935
312.625		0.640935
312.75		0.640935
312.875		0.640935
313		0.640935
313.125		0.643134
313.25		0.643134
313.375		0.643134
313.5		0.643134
313.625		0.643134
313.75		0.643134
313.875		0.643134
314		0.643134
314.125		0.646002
314.25		0.646002
314.375		0.646002
314.5		0.646002
314.625		0.646002
314.75		0.646002
314.875		0.646002
315		0.646002
315.125		0.648201
315.25		0.648201
315.375		0.648201
315.5		0.648201
315.625		0.648201
315.75		0.648201
315.875		0.648201
316		0.648201
316.125		0.650815
316.25		0.650815
316.375		0.650815
316.5		0.650815
316.625		0.650815
316.75		0.650815
316.875		0.650815
317		0.650815
317.125		0.652187
317.25		0.652187
317.375		0.652187
317.5		0.652187
317.625		0.652187
317.75		0.652187
317.875		0.652187
318		0.652187
318.125		0.657338
318.25		0.657338
318.375		0.657338
318.5		0.657338
318.625		0.657338
318.75		0.657338
318.875		0.657338
319		0.657338
319.125		0.657733
319.25		0.657733
319.375		0.657733
319.5		0.657733
319.625		0.657733
319.75		0.657733
319.875		0.657733
320		0.657733
320.125		0.659359
320.25		0.659359
320.375		0.659359
320.5		0.659359
320.625		0.659359
320.75		0.659359
320.875		0.659359
321		0.659359
321.125		0.660779
321.25		0.660779
321.375		0.660779
321.5		0.660779
321.625		0.660779
321.75		0.660779
321.875		0.660779
322		0.660779
322.125		0.661418
322.25		0.661418
322.375		0.661418
322.5		0.661418
322.625		0.661418
322.75		0.661418
322.875		0.661418
323		0.661418
323.125		0.668628
323.25		0.668628
323.375		0.668628
323.5		0.668628
323.625		0.668628
323.75		0.668628
323.875		0.668628
324		0.668628
324.125		0.66939
324.25		0.66939
324.375		0.66939
324.5		0.66939
324.625		0.66939
324.75		0.66939
324.875		0.66939
325		0.66939
325.125		0.672069
325.25		0.672069
325.375		0.672069
325.5		0.672069
325.625		0.672069
325.75		0.672069
325.875		0.672069
326		0.672069
326.125		0.673056
326.25		0.673056
326.375		0.673056
326.5		0.673056
326.625		0.673056
326.75		0.673056
326.875		0.673056
327		0.673056
327.125		0.676101
327.25		0.676101
327.375		0.676101
327.5		0.676101
327.625		0.676101
327.75		0.676101
327.875		0.676101
328		0.676101
328.125		0.676854
328.25		0.676854
328.375		0.676854
328.5		0.676854
328.625		0.676854
328.75		0.676854
328.875		0.676854
329		0.676854
329.125		0.678367
329.25		0.678367
329.375		0.678367
329.5		0.678367
329.625		0.678367
329.75		0.678367
329.875		0.678367
330		0.678367
330.125		0.681911
330.25		0.681911
330.375		0.681911
330.5		0.681911
330.625		0.681911
330.75		0.681911
330.875		0.681911
331		0.681911
331.125		0.683161
331.25		0.683161
331.375		0.683161
331.5		0.683161
331.625		0.683161
331.75		0.683161
331.875		0.683161
332		0.683161
332.125		0.686263
332.25		0.686263
332.375		0.686263
332.5		0.686263
332.625		0.686263
332.75		0.686263
332.875		0.686263
333		0.686263
333.125		0.687899
333.25		0.687899
333.375		0.687899
333.5		0.687899
333.625		0.687899
333.75		0.687899
333.875		0.687899
334		0.687899
334.125		0.689149
334.25		0.689149
334.375		0.689149
334.5		0.689149
334.625		0.689149
334.75		0.689149
334.875		0.689149
335		0.689149
335.125		0.69118
335.25		0.69118
335.375		0.69118
335.5		0.69118
335.625		0.69118
335.75		0.69118
335.875		0.69118
336		0.69118
336.125		0.696716
336.25		0.696716
336.375		0.696716
336.5		0.696716
336.625		0.696716
336.75		0.696716
336.875		0.696716
337		0.696716
337.125		0.697412
337.25		0.697412
337.375		0.697412
337.5		0.697412
337.625		0.697412
337.75		0.697412
337.875		0.697412
338		0.697412
338.125		0.69775
338.25		0.69775
338.375		0.69775
338.5		0.69775
338.625		0.69775
338.75		0.69775
338.875		0.69775
339		0.69775
339.125		0.698023
339.25		0.698023
339.375		0.698023
339.5		0.698023
339.625		0.698023
339.75		0.698023
339.875		0.698023
340		0.698023
340.125		0.705243
340.25		0.705243
340.375		0.705243
340.5		0.705243
340.625		0.705243
340.75		0.705243
340.875		0.705243
341		0.705243
341.125		0.706559
341.25		0.706559
341.375		0.706559
341.5		0.706559
341.625		0.706559
341.75		0.706559
341.875		0.706559
342		0.706559
342.125		0.707198
342.25		0.707198
342.375		0.707198
342.5		0.707198
342.625		0.707198
342.75		0.707198
342.875		0.707198
343		0.707198
343.125		0.710422
343.25		0.710422
343.375		0.710422
343.5		0.710422
343.625		0.710422
343.75		0.710422
343.875		0.710422
344		0.710422
344.125		0.711108
344.25		0.711108
344.375		0.711108
344.5		0.711108
344.625		0.711108
344.75		0.711108
344.875		0.711108
345		0.711108
345.125		0.715884
345.25		0.715884
345.375		0.715884
345.5		0.715884
345.625		0.715884
345.75		0.715884
345.875		0.715884
346		0.715884
346.125		0.716335
346.25		0.716335
346.375		0.716335
346.5		0.716335
346.625		0.716335
346.75		0.716335
346.875		0.716335
347		0.716335
347.125		0.717801
347.25		0.717801
347.375		0.717801
347.5		0.717801
347.625		0.717801
347.75		0.717801
347.875		0.717801
348		0.717801
348.125		0.718375
348.25		0.718375
348.375		0.718375
348.5		0.718375
348.625		0.718375
348.75		0.718375
348.875		0.718375
349		0.718375
349.125		0.723009
349.25		0.723009
349.375		0.723009
349.5		0.723009
349.625		0.723009
349.75		0.723009
349.875		0.723009
350		0.723009
350.125		0.726976
350.25		0.726976
350.375		0.726976
350.5		0.726976
350.625		0.726976
350.75		0.726976
350.875		0.726976
351		0.726976
351.125		0.727399
351.25		0.727399
351.375		0.727399
351.5		0.727399
351.625		0.727399
351.75		0.727399
351.875		0.727399
352		0.727399
352.125		0.728678
352.25		0.728678
352.375		0.728678
352.5		0.728678
352.625		0.728678
352.75		0.728678
352.875		0.728678
353		0.728678
353.125		0.734882
353.25		0.734882
353.375		0.734882
353.5		0.734882
353.625		0.734882
353.75		0.734882
353.875		0.734882
354		0.734882
354.125		0.737674
354.25		0.737674
354.375		0.737674
354.5		0.737674
354.625		0.737674
354.75		0.737674
354.875		0.737674
355		0.737674
355.125		0.738087
355.25		0.738087
355.375		0.738087
355.5		0.738087
355.625		0.738087
355.75		0.738087
355.875		0.738087
356		0.738087
356.125		0.740024
356.25		0.740024
356.375		0.740024
356.5		0.740024
356.625		0.740024
356.75		0.740024
356.875		0.740024
357		0.740024
357.125		0.743812
357.25		0.743812
357.375		0.743812
357.5		0.743812
357.625		0.743812
357.75		0.743812
357.875		0.743812
358		0.743812
358.125		0.745457
358.25		0.745457
358.375		0.745457
358.5		0.745457
358.625		0.745457
358.75		0.745457
358.875		0.745457
359		0.745457
359.125		0.748428
359.25		0.748428
359.375		0.748428
359.5		0.748428
359.625		0.748428
359.75		0.748428
359.875		0.748428
360		0.748428
360.125		0.750176
360.25		0.750176
360.375		0.750176
360.5		0.750176
360.625		0.750176
360.75		0.750176
360.875		0.750176
361		0.750176
361.125		0.751191
361.25		0.751191
361.375		0.751191
361.5		0.751191
361.625		0.751191
361.75		0.751191
361.875		0.751191
362		0.751191
362.125		0.751549
362.25		0.751549
362.375		0.751549
362.5		0.751549
362.625		0.751549
362.75		0.751549
362.875		0.751549
363		0.751549
363.125		0.752197
363.25		0.752197
363.375		0.752197
363.5		0.752197
363.625		0.752197
363.75		0.752197
363.875		0.752197
364		0.752197
364.125		0.75718
364.25		0.75718
364.375		0.75718
364.5		0.75718
364.625		0.75718
364.75		0.75718
364.875		0.75718
365		0.75718
365.125		0.757574
365.25		0.757574
365.375		0.757574
365.5		0.757574
365.625		0.757574
365.75		0.757574
365.875		0.757574
366		0.757574
366.125		0.760282
366.25		0.760282
366.375		0.760282
366.5		0.760282
366.625		0.760282
366.75		0.760282
366.875		0.760282
367		0.760282
367.125		0.762011
367.25		0.762011
367.375		0.762011
367.5		0.762011
367.625		0.762011
367.75		0.762011
367.875		0.762011
368		0.762011
368.125		0.766194
368.25		0.766194
368.375		0.766194
368.5		0.766194
368.625		0.766194
368.75		0.766194
368.875		0.766194
369		0.766194
369.125		0.767059
369.25		0.767059
369.375		0.767059
369.5		0.767059
369.625		0.767059
369.75		0.767059
369.875		0.767059
370		0.767059
370.125		0.76768
370.25		0.76768
370.375		0.76768
370.5		0.76768
370.625		0.76768
370.75		0.76768
370.875		0.76768
371		0.76768
371.125		0.77002
371.25		0.77002
371.375		0.77002
371.5		0.77002
371.625		0.77002
371.75		0.77002
371.875		0.77002
372		0.77002
372.125		0.7752
372.25		0.7752
372.375		0.7752
372.5		0.7752
372.625		0.7752
372.75		0.7752
372.875		0.7752
373		0.7752
373.125		0.777052
373.25		0.777052
373.375		0.777052
373.5		0.777052
373.625		0.777052
373.75		0.777052
373.875		0.777052
374		0.777052
374.125		0.778039
374.25		0.778039
374.375		0.778039
374.5		0.778039
374.625		0.778039
374.75		0.778039
374.875		0.778039
375		0.778039
375.125		0.778575
375.25		0.778575
375.375		0.778575
375.5		0.778575
375.625		0.778575
375.75		0.778575
375.875		0.778575
376		0.778575
376.125		0.779233
376.25		0.779233
376.375		0.779233
376.5		0.779233
376.625		0.779233
376.75		0.779233
376.875		0.779233
377		0.779233
377.125		0.78476
377.25		0.78476
377.375		0.78476
377.5		0.78476
377.625		0.78476
377.75		0.78476
377.875		0.78476
378		0.78476
378.125		0.787637
378.25		0.787637
378.375		0.787637
378.5		0.787637
378.625		0.787637
378.75		0.787637
378.875		0.787637
379		0.787637
379.125		0.789056
379.25		0.789056
379.375		0.789056
379.5		0.789056
379.625		0.789056
379.75		0.789056
379.875		0.789056
380		0.789056
380.125		0.790419
380.25		0.790419
380.375		0.790419
380.5		0.790419
380.625		0.790419
380.75		0.790419
380.875		0.790419
381		0.790419
381.125		0.794113
381.25		0.794113
381.375		0.794113
381.5		0.794113
381.625		0.794113
381.75		0.794113
381.875		0.794113
382		0.794113
382.125		0.798381
382.25		0.798381
382.375		0.798381
382.5		0.798381
382.625		0.798381
382.75		0.798381
382.875		0.798381
383		0.798381
383.125		0.798701
383.25		0.798701
383.375		0.798701
383.5		0.798701
383.625		0.798701
383.75		0.798701
383.875		0.798701
384		0.798701
384.125		0.802781
384.25		0.802781
384.375		0.802781
384.5		0.802781
384.625		0.802781
384.75		0.802781
384.875		0.802781
385		0.802781
385.125		0.806578
385.25		0.806578
385.375		0.806578
385.5		0.806578
385.625		0.806578
385.75		0.806578
385.875		0.806578
386		0.806578
386.125		0.808383
386.25		0.808383
386.375		0.808383
386.5		0.808383
386.625		0.808383
386.75		0.808383
386.875		0.808383
387		0.808383
387.125		0.808543
387.25		0.808543
387.375		0.808543
387.5		0.808543
387.625		0.808543
387.75		0.808543
387.875		0.808543
388		0.808543
388.125		0.811391
388.25		0.811391
388.375		0.811391
388.5		0.811391
388.625		0.811391
388.75		0.811391
388.875		0.811391
389		0.811391
389.125		0.815697
389.25		0.815697
389.375		0.815697
389.5		0.815697
389.625		0.815697
389.75		0.815697
389.875		0.815697
390		0.815697
390.125		0.816176
390.25		0.816176
390.375		0.816176
390.5		0.816176
390.625		0.816176
390.75		0.816176
390.875		0.816176
391		0.816176
391.125		0.817351
391.25		0.817351
391.375		0.817351
391.5		0.817351
391.625		0.817351
391.75		0.817351
391.875		0.817351
392		0.817351
392.125		0.822211
392.25		0.822211
392.375		0.822211
392.5		0.822211
392.625		0.822211
392.75		0.822211
392.875		0.822211
393		0.822211
393.125		0.822343
393.25		0.822343
393.375		0.822343
393.5		0.822343
393.625		0.822343
393.75		0.822343
393.875		0.822343
394		0.822343
394.125		0.826705
394.25		0.826705
394.375		0.826705
394.5		0.826705
394.625		0.826705
394.75		0.826705
394.875		0.826705
395		0.826705
395.125		0.827278
395.25		0.827278
395.375		0.827278
395.5		0.827278
395.625		0.827278
395.75		0.827278
395.875		0.827278
396		0.827278
396.125		0.831612
396.25		0.831612
396.375		0.831612
396.5		0.831612
396.625		0.831612
396.75		0.831612
396.875		0.831612
397		0.831612
397.125		0.832768
397.25		0.832768
397.375		0.832768
397.5		0.832768
397.625		0.832768
397.75		0.832768
397.875		0.832768
398		0.832768
398.125		0.839066
398.25		0.839066
398.375		0.839066
398.5		0.839066
398.625		0.839066
398.75		0.839066
398.875		0.839066
399		0.839066
399.125		0.839677
399.25		0.839677
399.375		0.839677
399.5		0.839677
399.625		0.839677
399.75		0.839677
399.875		0.839677
400		0.839677
400.125		0.839809
400.25		0.839809
400.375		0.839809
400.5		0.839809
400.625		0.839809
400.75		0.839809
400.875		0.839809
401		0.839809
401.125		0.840448
401.25		0.840448
401.375		0.840448
401.5		0.840448
401.625		0.840448
401.75		0.840448
401.875		0.840448
402		0.840448
402.125		0.845909
402.25		0.845909
402.375		0.845909
402.5		0.845909
402.625		0.845909
402.75		0.845909
402.875		0.845909
403		0.845909
403.125		0.848965
403.25		0.848965
403.375		0.848965
403.5		0.848965
403.625		0.848965
403.75		0.848965
403.875		0.848965
404		0.848965
404.125		0.849312
404.25		0.849312
404.375		0.849312
404.5		0.849312
404.625		0.849312
404.75		0.849312
404.875		0.849312
405		0.849312
405.125		0.849792
405.25		0.849792
405.375		0.849792
405.5		0.849792
405.625		0.849792
405.75		0.849792
405.875		0.849792
406		0.849792
406.125		0.8539
406.25		0.8539
406.375		0.8539
406.5		0.8539
406.625		0.8539
406.75		0.8539
406.875		0.8539
407		0.8539
407.125		0.856927
407.25		0.856927
407.375		0.856927
407.5		0.856927
407.625		0.856927
407.75		0.856927
407.875		0.856927
408		0.856927
408.125		0.859296
408.25		0.859296
408.375		0.859296
408.5		0.859296
408.625		0.859296
408.75		0.859296
408.875		0.859296
409		0.859296
409.125		0.861486
409.25		0.861486
409.375		0.861486
409.5		0.861486
409.625		0.861486
409.75		0.861486
409.875		0.861486
410		0.861486
410.125		0.863939
410.25		0.863939
410.375		0.863939
410.5		0.863939
410.625		0.863939
410.75		0.863939
410.875		0.863939
411		0.863939
411.125		0.865049
411.25		0.865049
411.375		0.865049
411.5		0.865049
411.625		0.865049
411.75		0.865049
411.875		0.865049
412		0.865049
412.125		0.866985
412.25		0.866985
412.375		0.866985
412.5		0.866985
412.625		0.866985
412.75		0.866985
412.875		0.866985
413		0.866985
413.125		0.870397
413.25		0.870397
413.375		0.870397
413.5		0.870397
413.625		0.870397
413.75		0.870397
413.875		0.870397
414		0.870397
414.125		0.871883
414.25		0.871883
414.375		0.871883
414.5		0.871883
414.625		0.871883
414.75		0.871883
414.875		0.871883
415		0.871883
415.125		0.874938
415.25		0.874938
415.375		0.874938
415.5		0.874938
415.625		0.874938
415.75		0.874938
415.875		0.874938
416		0.874938
416.125		0.875323
416.25		0.875323
416.375		0.875323
416.5		0.875323
416.625		0.875323
416.75		0.875323
416.875		0.875323
417		0.875323
417.125		0.878839
417.25		0.878839
417.375		0.878839
417.5		0.878839
417.625		0.878839
417.75		0.878839
417.875		0.878839
418		0.878839
418.125		0.880935
418.25		0.880935
418.375		0.880935
418.5		0.880935
418.625		0.880935
418.75		0.880935
418.875		0.880935
419		0.880935
419.125		0.884667
419.25		0.884667
419.375		0.884667
419.5		0.884667
419.625		0.884667
419.75		0.884667
419.875		0.884667
420		0.884667
420.125		0.886792
420.25		0.886792
420.375		0.886792
420.5		0.886792
420.625		0.886792
420.75		0.886792
420.875		0.886792
421		0.886792
421.125		0.888296
421.25		0.888296
421.375		0.888296
421.5		0.888296
421.625		0.888296
421.75		0.888296
421.875		0.888296
422		0.888296
422.125		0.888737
422.25		0.888737
422.375		0.888737
422.5		0.888737
422.625		0.888737
422.75		0.888737
422.875		0.888737
423		0.888737
423.125		0.892968
423.25		0.892968
423.375		0.892968
423.5		0.892968
423.625		0.892968
423.75		0.892968
423.875		0.892968
424		0.892968
424.125		0.897696
424.25		0.897696
424.375		0.897696
424.5		0.897696
424.625		0.897696
424.75		0.897696
424.875		0.897696
425		0.897696
425.125		0.898251
425.25		0.898251
425.375		0.898251
425.5		0.898251
425.625		0.898251
425.75		0.898251
425.875		0.898251
426		0.898251
426.125		0.89841
426.25		0.89841
426.375		0.89841
426.5		0.89841
426.625		0.89841
426.75		0.89841
426.875		0.89841
427		0.89841
427.125		0.89967
427.25		0.89967
427.375		0.89967
427.5		0.89967
427.625		0.89967
427.75		0.89967
427.875		0.89967
428		0.89967
428.125		0.90626
428.25		0.90626
428.375		0.90626
428.5		0.90626
428.625		0.90626
428.75		0.90626
428.875		0.90626
429		0.90626
429.125		0.906523
429.25		0.906523
429.375		0.906523
429.5		0.906523
429.625		0.906523
429.75		0.906523
429.875		0.906523
430		0.906523
430.125		0.908206
430.25		0.908206
430.375		0.908206
430.5		0.908206
430.625		0.908206
430.75		0.908206
430.875		0.908206
431		0.908206
431.125		0.909851
431.25		0.909851
431.375		0.909851
431.5		0.909851
431.625		0.909851
431.75		0.909851
431.875		0.909851
432		0.909851
432.125		0.91346
432.25		0.91346
432.375		0.91346
432.5		0.91346
432.625		0.91346
432.75		0.91346
432.875		0.91346
433		0.91346
433.125		0.914447
433.25		0.914447
433.375		0.914447
433.5		0.914447
433.625		0.914447
433.75		0.914447
433.875		0.914447
434		0.914447
434.125		0.915707
434.25		0.915707
434.375		0.915707
434.5		0.915707
434.625		0.915707
434.75		0.915707
434.875		0.915707
435		0.915707
435.125		0.919195
435.25		0.919195
435.375		0.919195
435.5		0.919195
435.625		0.919195
435.75		0.919195
435.875		0.919195
436		0.919195
436.125		0.921375
436.25		0.921375
436.375		0.921375
436.5		0.921375
436.625		0.921375
436.75		0.921375
436.875		0.921375
437		0.921375
437.125		0.924412
437.25		0.924412
437.375		0.924412
437.5		0.924412
437.625		0.924412
437.75		0.924412
437.875		0.924412
438		0.924412
438.125		0.924957
438.25		0.924957
438.375		0.924957
438.5		0.924957
438.625		0.924957
438.75		0.924957
438.875		0.924957
439		0.924957
439.125		0.92711
439.25		0.92711
439.375		0.92711
439.5		0.92711
439.625		0.92711
439.75		0.92711
439.875		0.92711
440		0.92711
440.125		0.929563
440.25		0.929563
440.375		0.929563
440.5		0.929563
440.625		0.929563
440.75		0.929563
440.875		0.929563
441		0.929563
441.125		0.933681
441.25		0.933681
441.375		0.933681
441.5		0.933681
441.625		0.933681
441.75		0.933681
441.875		0.933681
442		0.933681
442.125		0.934122
442.25		0.934122
442.375		0.934122
442.5		0.934122
442.625		0.934122
442.75		0.934122
442.875		0.934122
443		0.934122
443.125		0.934752
443.25		0.934752
443.375		0.934752
443.5		0.934752
443.625		0.934752
443.75		0.934752
443.875		0.934752
444		0.934752
444.125		0.938964
444.25		0.938964
444.375		0.938964
444.5		0.938964
444.625		0.938964
444.75		0.938964
444.875		0.938964
445		0.938964
445.125		0.941398
445.25		0.941398
445.375		0.941398
445.5		0.941398
445.625		0.941398
445.75		0.941398
445.875		0.941398
446		0.941398
446.125		0.944115
446.25		0.944115
446.375		0.944115
446.5		0.944115
446.625		0.944115
446.75		0.944115
446.875		0.944115
447		0.944115
447.125		0.945976
447.25		0.945976
447.375		0.945976
447.5		0.945976
447.625		0.945976
447.75		0.945976
447.875		0.945976
448		0.945976
448.125		0.947001
448.25		0.947001
448.375		0.947001
448.5		0.947001
448.625		0.947001
448.75		0.947001
448.875		0.947001
449		0.947001
449.125		0.949887
449.25		0.949887
449.375		0.949887
449.5		0.949887
449.625		0.949887
449.75		0.949887
449.875		0.949887
450		0.949887
450.125		0.952387
450.25		0.952387
450.375		0.952387
450.5		0.952387
450.625		0.952387
450.75		0.952387
450.875		0.952387
451		0.952387
451.125		0.953985
451.25		0.953985
451.375		0.953985
451.5		0.953985
451.625		0.953985
451.75		0.953985
451.875		0.953985
452		0.953985
452.125		0.954963
452.25		0.954963
452.375		0.954963
452.5		0.954963
452.625		0.954963
452.75		0.954963
452.875		0.954963
453		0.954963
453.125		0.958516
453.25		0.958516
453.375		0.958516
453.5		0.958516
453.625		0.958516
453.75		0.958516
453.875		0.958516
454		0.958516
454.125		0.961515
454.25		0.961515
454.375		0.961515
454.5		0.961515
454.625		0.961515
454.75		0.961515
454.875		0.961515
455		0.961515
455.125		0.961797
455.25		0.961797
455.375		0.961797
455.5		0.961797
455.625		0.961797
455.75		0.961797
455.875		0.961797
456		0.961797
456.125		0.962549
456.25		0.962549
456.375		0.962549
456.5		0.962549
456.625		0.962549
456.75		0.962549
456.875		0.962549
457		0.962549
457.125		0.966065
457.25		0.966065
457.375		0.966065
457.5		0.966065
457.625		0.966065
457.75		0.966065
457.875		0.966065
458		0.966065
458.125		0.969928
458.25		0.969928
458.375		0.969928
458.5		0.969928
458.625		0.969928
458.75		0.969928
458.875		0.969928
459		0.969928
459.125		0.971423
459.25		0.971423
459.375		0.971423
459.5		0.971423
459.625		0.971423
459.75		0.971423
459.875		0.971423
460		0.971423
460.125		0.97304
460.25		0.97304
460.375		0.97304
460.5		0.97304
460.625		0.97304
460.75		0.97304
460.875		0.97304
461		0.97304
461.125		0.973472
461.25		0.973472
461.375		0.973472
461.5		0.973472
461.625		0.973472
461.75		0.973472
461.875		0.973472
462		0.973472
462.125		0.976979
462.25		0.976979
462.375		0.976979
462.5		0.976979
462.625		0.976979
462.75		0.976979
462.875		0.976979
463		0.976979
463.125		0.981519
463.25		0.981519
463.375		0.981519
463.5		0.981519
463.625		0.981519
463.75		0.981519
463.875		0.981519
464		0.981519
464.125		0.982468
464.25		0.982468
464.375		0.982468
464.5		0.982468
464.625		0.982468
464.75		0.982468
464.875		0.982468
465		0.982468
465.125		0.982929
465.25		0.982929
465.375		0.982929
465.5		0.982929
465.625		0.982929
465.75		0.982929
465.875		0.982929
466		0.982929
466.125		0.983775
466.25		0.983775
466.375		0.983775
466.5		0.983775
466.625		0.983775
466.75		0.983775
466.875		0.983775
467		0.983775
467.125		0.988052
467.25		0.988052
467.375		0.988052
467.5		0.988052
467.625		0.988052
467.75		0.988052
467.875		0.988052
468		0.988052
468.125		0.989584
468.25		0.989584
468.375		0.989584
468.5		0.989584
468.625		0.989584
468.75		0.989584
468.875		0.989584
469		0.989584
469.125		0.991784
469.25		0.991784
469.375		0.991784
469.5		0.991784
469.625		0.991784
469.75		0.991784
469.875		0.991784
470		0.991784
470.125		0.994717
470.25		0.994717
470.375		0.994717
470.5		0.994717
470.625		0.994717
470.75		0.994717
470.875		0.994717
471		0.994717
471.125		0.995544
471.25		0.995544
471.375		0.995544
471.5		0.995544
471.625		0.995544
471.75		0.995544
471.875		0.995544
472		0.995544
472.125		0.996071
472.25		0.996071
472.375		0.996071
472.5		0.996071
472.625		0.996071
472.75		0.996071
472.875		0.996071
473		0.996071
473.125		0.99968
473.25		0.99968
473.375		0.99968
473.5		0.99968
473.625		0.99968
473.75		0.99968
473.875		0.99968
474		0.99968
474.125		0.999906
474.25		0.999906
474.375		0.999906
474.5		0.999906
474.625		0.999906
474.75		0.999906
474.875		0.999906
475		0.999906
475.125		1
475.25		1
475.375		1
475.5		1
475.625		1
475.75		1
475.875		1
476		1
476.125		1
476.25		1
476.375		1
476.5		1
476.625		1
476.75		1
476.875		1
477		1
477.125		1
477.25		1
477.375		1
477.5		1
477.625		1
477.75		1
477.875		1
478		1
478.125		1
478.25		1
478.375		1
478.5		1
478.625		1
478.75		1
478.875		1
479		1
479.125		1
479.25		1
479.375		1
479.5		1
479.625		1
479.75		1
479.875		1
480		1
480.125		1
480.25		1
480.375		1
480.5		1
480.625		1
480.75		1
480.875		1
481		1
481.125		1
481.25		1
481.375		1
481.5		1
481.625		1
481.75		1
481.875		1
482		1
482.125		1
482.25		1
482.375		1
482.5		1
482.625		1
482.75		1
482.875		1
483		1
483.125		1
483.25		1
483.375		1
483.5		1
483.625		1
483.75		1
483.875		1
484		1
484.125		1
484.25		1
484.375		1
484.5		1
484.625		1
484.75		1
484.875		1
485		1
485.125		1
485.25		1
485.375		1
485.5		1
485.625		1
485.75		1
485.875		1
486		1
486.125		1
486.25		1
486.375		1
486.5		1
486.625		1
486.75		1
486.875		1
487		1
487.125		1
487.25		1
487.375		1
487.5		1
487.625		1
487.75		1
487.875		1
488		1
488.125		1
488.25		1
488.375		1
488.5		1
488.625		1
488.75		1
488.875		1
489		1
489.125		1
489.25		1
489.375		1
489.5		1
489.625		1
489.75		1
489.875		1
490		1
490.125		1
490.25		1
490.375		1
490.5		1
490.625		1
490.75		1
490.875		1
491		1
491.125		1
491.25		1
491.375		1
491.5		1
491.625		1
491.75		1
491.875		1
492		1
492.125		1
492.25		1
492.375		1
492.5		1
492.625		1
492.75		1
492.875		1
493		1
493.125		1
493.25		1
493.375		1
493.5		1
493.625		1
493.75		1
493.875		1
494		1
494.125		1
494.25		1
494.375		1
494.5		1
494.625		1
494.75		1
494.875		1
495		1
495.125		1
495.25		1
495.375		1
495.5		1
495.625		1
495.75		1
495.875		1
496		1
496.125		1
496.25		1
496.375		1
496.5		1
496.625		1
496.75		1
496.875		1
497		1
497.125		1
497.25		1
497.375		1
497.5		1
497.625		1
497.75		1
497.875		1
498		1
498.125		1
498.25		1
498.375		1
498.5		1
498.625		1
498.75		1
498.875		1
499		1
499.125		1
499.25		1
499.375		1
499.5		1
499.625		1
499.75		1
499.875		1
500		1
